$SPEC_ID:
Sample title.

$MEAS_TIM:
70204.95000 74733.25000
$DATE_MEA:
10/21/2018 3:07:38 PM
$DATA:
0 16383
0
0
0
0
0
0
0
0
0
0
0
0
0
0
0
0
0
0
0
0
0
0
0
0
0
0
0
0
0
0
0
0
0
90607
91243
92315
92162
91549
91095
91208
91732
92147
91867
92737
92958
92681
92816
92939
92647
92735
93221
93122
94045
94005
93890
94162
94562
94545
94127
94891
94840
95232
95546
95608
95838
96671
97158
97653
98906
98421
98752
98203
98916
99265
99942
101419
102395
105261
107423
111325
118402
127509
133611
134121
124880
113939
111945
112125
111591
111010
112575
114498
116454
121360
124093
120453
118647
117659
115675
115527
115608
115233
117711
129225
144533
149901
169731
202300
189833
168371
175228
162178
129040
112802
110051
109104
109214
109566
110703
116079
126885
134793
131414
130394
142203
139286
124809
118207
119261
115362
110680
111602
120050
124046
117776
110351
109071
108777
110065
112245
112476
113026
114039
112475
110719
109355
108772
110077
111319
111827
110679
110875
110444
110996
111614
111688
111355
111630
111665
112128
113686
116984
121470
121565
117717
114320
113971
114379
116354
117276
117740
120667
130328
140901
135789
123546
120542
122548
124967
121684
118388
116510
116810
116832
117668
117768
117112
118553
122247
129312
130716
123725
119587
119307
118257
116295
116352
117967
119046
117478
117194
116460
114726
113977
114432
114191
114649
115861
115795
114426
112817
111076
111143
111265
110916
111457
112309
113409
114763
114264
116023
117331
118273
127414
139363
135978
127367
122763
118323
114429
111952
111709
112944
112750
115819
121330
122487
117096
113371
111930
110723
112472
114271
121037
131937
135242
124149
116880
113726
114043
113819
113976
114462
114942
113845
113766
113811
113986
114610
114222
113627
114078
114660
115868
119071
120616
117659
116793
117718
117872
116629
115922
116942
117936
117125
116906
116901
115647
117074
119544
119809
119294
119230
120013
121387
122197
122973
122019
122728
122988
122743
122592
122137
122489
122126
122829
123405
124103
126453
136846
166223
194890
192403
167320
144227
135015
134503
136511
139767
144540
142160
136779
134778
133595
132143
131010
132104
130740
128380
125814
124531
125031
125639
131258
136403
133577
128398
125118
125579
125061
126709
127386
127663
127108
128840
129923
130301
129145
128876
128843
130230
130689
131067
132297
133023
133922
134477
133628
133238
133157
132663
132830
131345
129899
130127
130648
131656
130265
128399
127574
132525
152652
191315
198689
162431
133455
125462
125323
125196
123976
123494
123854
128811
170764
373799
729680
791621
456987
200037
146885
158599
160798
141887
131434
130699
130382
128638
127427
129402
131808
134228
132015
129189
129504
128956
128411
127081
127439
126906
127499
127868
127533
126143
124063
122407
120179
119871
119508
119501
117640
116881
116564
115879
116058
116105
117696
122162
126509
125337
119725
114968
113115
113322
113110
112790
113048
114867
116848
116823
113622
111963
110859
110187
110349
110730
110343
110801
110425
110670
111622
114030
115071
114697
112285
111117
111219
110355
109859
109568
109935
110310
110161
109973
110497
109559
109649
111065
115837
117228
114310
110540
108323
107743
107640
108474
111416
117561
119309
113215
109239
107837
107227
108457
108541
109029
108482
109275
109909
108724
109429
111124
109055
107976
107196
107432
107896
109249
108129
107366
107255
107270
107808
110173
117729
141414
162189
149824
122628
110643
110895
111677
111614
109071
106750
105767
106808
108264
108574
107157
105575
107291
108052
108191
108925
113221
117110
114619
109737
106857
107312
107145
106691
107182
107265
108686
108926
107937
107394
108428
109842
115802
124570
134564
140136
129549
115173
109429
109812
110138
107847
105017
102329
102187
102265
101605
100877
99741
98584
99253
98083
99869
99818
98336
98071
104819
116572
123875
115042
104099
99671
96960
95881
95854
96978
102072
113827
129829
138766
127234
106654
96986
95750
97132
96551
94742
94927
95458
99385
102196
100000
96610
93469
93018
93701
94863
94982
94716
94066
93473
95055
97712
97785
94756
92078
93426
94415
94065
92804
91901
92011
92365
92959
91853
91885
93971
101745
110349
107587
97588
92320
90919
91459
91235
91704
91397
91748
92809
93909
93018
93930
96501
95453
92999
91681
92091
92263
99313
149891
307828
480164
427378
231558
118421
92683
89275
89648
90400
90470
90422
90883
90955
90624
90454
90739
92110
93062
91914
90964
91701
97393
103420
101439
96582
95735
98474
99392
95054
90879
91171
92899
96897
103563
110913
116943
122012
125216
126472
127091
127928
130427
133060
133521
131980
129727
127817
125868
122602
120018
115322
110525
104257
97377
92943
90259
89132
90212
90104
91334
96992
131215
217172
281019
230986
140778
98444
90275
90123
92626
94978
97286
96971
93788
91566
90428
89305
89403
89826
89937
90519
90627
90974
93642
99579
115681
155467
223395
299345
336937
309339
235755
162332
118085
98347
93559
92638
91378
90798
89766
89636
88517
88745
88761
89310
90116
89815
89573
89924
89623
89713
89614
90342
92725
94672
94241
92025
90750
89806
91084
91178
91134
90408
90334
90309
90359
90790
90483
90471
90028
90747
90976
92121
91946
91880
92002
92328
94313
95422
94227
93036
92943
92703
93611
94173
94619
95513
95814
96323
96332
97117
98680
100424
100723
99102
103713
170813
504896
1236166
1696199
1214906
486771
169978
117004
109548
99246
93135
91867
92411
95765
100441
101441
98068
94618
93211
92299
93071
93842
94824
94508
94556
92958
93454
94285
96667
99320
100236
97477
100908
114589
136872
140466
118677
99561
94182
93471
96279
97353
96075
96376
96480
96205
95103
94582
94678
96453
96626
97501
97041
96795
96554
96474
96516
96845
97978
97161
96344
96772
97801
97460
99340
100110
99514
98780
97967
97802
97135
96783
96172
97377
97733
98505
99153
98150
98421
98680
100364
99892
99111
98357
97972
98715
99696
101478
104439
105011
102733
102484
102057
101552
100833
100238
99947
101041
101653
104195
104751
105918
108857
108879
106186
102751
101556
101891
102060
102184
101942
102134
102459
103804
103148
103014
103529
104160
103386
103935
104397
105444
105433
105116
104021
103171
103092
103511
104862
105323
106853
107176
106068
106450
111117
123324
131660
126349
118701
114623
111045
108055
106270
107953
108086
107382
108316
112983
121715
125638
118418
111033
107771
107240
107623
109673
109583
108836
108002
107709
107564
109327
110535
110671
111309
110339
110022
111499
118206
129609
134683
126525
116836
113516
112541
112320
111203
111333
111776
112793
113244
113775
113928
114564
117398
124678
132273
130137
122200
117259
115669
114891
114951
114776
116269
118480
127181
140145
142410
131938
121381
118682
121365
123576
123869
122554
121673
121684
121316
121011
119973
119097
118451
118352
118723
118903
117830
118187
117862
118443
119801
124653
131554
131989
124949
119896
117566
117938
118073
118102
118398
118004
118806
118580
118319
118026
117530
117705
117406
117511
117196
115943
113941
113726
114982
115017
111527
106047
103243
101573
103017
101379
98827
96883
95379
94317
95018
97409
101135
99976
95799
92894
92011
92786
102807
130373
156290
147992
115557
96439
91360
89955
89470
89014
87279
87054
88112
87051
85393
83930
84434
84290
84550
83749
83332
83132
82879
82530
82270
81931
81612
81269
81070
80398
80452
79765
79684
79487
79071
79041
78443
78996
78655
78201
78736
78406
78446
83996
98357
113083
110205
91927
79237
76261
77769
82208
83680
80350
75750
74730
73683
73442
74892
78866
83213
82352
78704
75268
72572
70664
68684
68485
68654
68753
69818
69345
69369
67951
68116
67665
67096
67328
66744
66644
66752
66514
67091
67482
68202
68867
69251
69725
70406
69788
69071
68778
69096
67216
64371
63503
63027
64399
67345
71763
71102
67635
65225
64942
65280
65794
65577
63515
62974
62611
62963
63053
63056
61511
60577
60477
60433
60448
61174
68673
100036
166713
218482
185789
117141
80973
73443
71075
69347
67567
65364
68497
89017
151350
276828
385500
336256
189169
94114
66907
61201
59366
59185
61919
67899
75649
74763
68564
64378
67305
69693
66278
60963
58963
58322
57791
55873
55253
55713
56239
57101
57453
58565
59517
59357
58993
59681
60732
59839
58142
57662
57385
56828
56835
57692
57868
57937
57165
56659
57308
60183
65694
68419
65264
60495
57432
57014
56494
56452
56244
55347
55829
56038
56045
56820
57578
58341
59299
59445
60271
60568
59013
58183
58668
59677
60038
60479
61832
62699
64433
65232
64919
62895
62202
67287
91639
153665
215368
199449
128770
78345
63177
60309
60044
60005
60993
61673
63642
80864
161803
343509
489349
416406
220697
99843
65655
60912
60789
61163
61073
61202
62731
64458
64477
61910
60443
60364
61228
63575
65104
65465
62699
60150
58573
58355
61182
65938
80533
176471
722466
2310974
4283889
4401127
2505940
804172
176645
62554
50753
49564
49545
49562
48708
48761
48338
48321
48651
50448
60618
81140
97224
87256
65458
52977
50815
50246
51286
64927
103832
147179
145526
100634
63626
50357
48094
48229
48819
49516
49491
49085
48752
49702
49675
48270
46922
46843
47253
48297
49762
49936
49649
49232
50477
62874
96495
135138
134409
96735
62723
49049
46160
45690
45968
46319
46264
47210
46758
46604
46743
49480
53742
57194
55095
50142
47709
48117
49683
52358
61907
91029
143318
174328
143478
87457
56020
49167
54571
64184
66923
60517
51908
48279
47868
46992
46771
47446
48185
49992
50400
49764
49165
48182
46884
45706
45490
45307
45162
45265
45123
44867
44987
45132
45518
45992
46025
46320
46700
47415
47798
49327
50663
51493
49161
47248
46480
47105
47608
47865
47000
45599
45117
45861
45897
45798
44368
43912
44631
46244
48058
48925
48527
48363
48756
48357
48057
46805
45593
45032
44178
43804
44007
44807
45322
45777
45349
45604
45969
46488
47043
47922
49135
50701
50621
48773
48476
48559
47888
46245
44589
45121
45901
47049
50256
55581
60222
61348
57931
52225
48704
49090
49911
49482
48732
48749
48226
47530
47600
49765
56831
64722
66145
58081
49789
46442
45099
44844
45034
45207
45619
45293
45149
45353
46586
47299
47386
46887
46895
47531
47494
47728
48595
47717
47160
46612
47269
49436
51032
50827
49246
47691
46974
46597
47841
48082
47235
47532
48196
48719
48633
47773
48915
49814
50905
49844
49250
49047
50709
55972
62854
65328
58902
50616
47359
47508
47756
47405
47279
46557
46718
47117
49052
51110
51590
50081
48310
47352
47193
46773
46587
46286
46058
46136
46048
46444
46680
47563
48278
49451
49643
49527
49419
48750
47111
46772
46324
49115
69454
143965
278064
361347
290743
154737
74295
50592
46474
45653
45318
46702
47660
48154
48294
48326
48442
49175
48665
48365
48519
47716
47704
47871
47834
48754
49634
51518
55649
58396
55782
51136
47780
46844
48516
49997
49523
48761
51043
56156
60329
59367
56733
54627
52007
49942
49035
48686
47872
47243
47607
48915
50089
49798
50159
53726
66031
83395
87127
73211
59052
53655
51953
50665
49249
48130
47579
47626
47624
47834
47798
48095
47871
49424
51461
52620
51564
49005
47728
48243
48903
49505
48508
46487
44738
44612
45721
47306
46912
46083
44602
43949
44311
44921
45618
46190
47149
46905
46658
46329
48906
58086
75821
98911
115565
107083
79166
56692
50596
58154
71222
77698
68678
54241
45175
41969
40820
41009
41263
41710
41670
42562
42813
42600
42119
42099
43018
46026
52934
59624
58828
51210
44586
41476
40799
41076
43064
48651
61099
71337
70409
57933
47284
42240
40718
40383
40020
39951
41268
42156
43339
43816
42919
41698
40996
41105
40639
40169
39474
39447
40354
40515
42166
47861
59714
68189
64954
54773
49148
47795
47135
44759
42243
40408
38449
37659
37305
37508
36959
37731
38749
40935
44020
45872
45107
42907
40622
38769
38194
37641
37310
37095
37193
37494
38753
38990
38457
38311
38562
38793
38661
38197
37664
37133
37134
37468
37959
37570
37310
37880
38271
38309
37686
36819
36419
36290
36972
36780
36436
36728
37055
37807
38535
38439
37478
38307
44318
60394
82748
90619
73799
52258
41569
38056
35715
35828
36633
39333
42035
42820
40331
37207
35960
35821
36281
36634
36924
36537
36425
38199
41071
41797
40244
38202
36169
35366
34995
35171
35362
36156
37444
38280
38950
39168
38804
37198
36603
38461
43858
56677
77013
87967
75431
54168
40779
36261
36132
36823
36996
37301
36132
35685
36026
37649
38727
37883
36933
36267
36247
36471
36409
36125
36438
37711
39664
40007
38098
36161
34751
34236
33820
33967
33690
34166
34241
34946
35376
35607
36178
37215
38487
37835
36055
34573
34281
35044
36535
37906
39114
40404
40091
38358
36579
35013
34047
34707
36858
38578
38912
37242
35800
36087
41303
55308
75585
83707
69078
50013
40083
37021
36332
35715
35740
37282
42814
47346
46740
41447
36842
36386
37562
40149
41745
41186
39004
37429
36099
37122
39204
42885
44313
43105
39960
36417
35407
35070
35403
35644
36660
37398
37418
36709
36495
37134
39012
39983
38935
37603
36023
35328
36897
47195
103778
284821
588923
776851
629832
323753
120236
52064
37858
35618
33856
33519
34461
40029
50842
60757
60493
50786
41479
36482
35526
36291
35847
35752
35407
34290
33540
34128
36995
49483
73260
94204
89172
65113
45275
37006
34496
33497
32485
32144
32163
34148
38056
41517
42273
40348
38437
36038
33477
32555
32450
32938
34597
36589
38592
38888
39457
41831
43391
41603
39323
37104
35504
36076
38932
43438
48568
48249
41744
35914
33142
33104
33302
33546
33115
32849
32847
32063
31862
32252
32861
35005
39686
48692
61656
71616
71295
72254
81863
82681
65291
46014
38807
40941
44923
45179
43836
41662
38526
35848
34357
33722
33416
33830
33954
33573
32870
32196
31363
30736
30962
31137
31760
33108
35744
37645
36212
33875
32555
33563
36037
39659
43342
44491
41585
36255
33266
32106
32284
32481
33606
33888
34208
34960
35969
35391
33258
32288
31285
31537
32784
33890
34522
34103
33369
32697
33120
33112
33200
33333
33104
32624
31954
31829
31737
31536
31815
32465
32569
32587
33253
34002
34283
34430
33640
33692
34347
35547
35113
33247
32076
31473
32032
32528
32930
33008
33242
34213
34626
35125
35433
35296
34532
33672
32192
31213
31095
31139
31779
31462
31342
31566
32181
33933
36135
37566
36373
34274
32406
31353
31353
32893
33445
34005
33232
32184
32314
33275
35059
36073
35214
34188
33838
34100
34336
34280
33544
32445
32161
32560
32903
33089
31877
31702
30799
30665
30693
30582
30468
30340
30695
31139
31407
31599
31460
31571
32303
32970
32721
32702
31923
31212
31163
31413
31498
31533
31516
31787
31775
32088
32556
33137
33485
33515
32299
32404
32538
32743
34187
34991
35492
35003
34254
34099
34537
34493
34400
34007
33703
33219
32782
32056
32152
32459
32530
32177
31775
32383
33250
34663
37354
44062
52848
54306
46748
38435
33860
32104
31126
31505
31792
33110
36748
41734
43433
40132
36464
35104
36129
39414
43496
43567
39139
34534
33290
34006
34736
34251
33820
33823
32905
32741
33207
33684
33993
33134
32386
32612
33563
36291
44432
63604
87777
93444
74708
51280
39306
35906
34370
33212
31453
30926
31215
33389
37430
42090
44341
42723
38655
34948
33086
32292
31650
31087
31259
32342
34377
37912
42782
45714
44931
39653
35239
33387
32555
31634
30428
30189
30231
30717
31915
32992
32815
32351
32152
33057
34712
34751
34791
35291
34889
33184
32103
31341
31681
33302
34433
34795
35208
34182
33315
32252
31979
32570
33082
32728
32098
32391
32772
33074
32773
32531
32637
32825
33973
34352
34736
33481
32102
30513
29796
30120
32010
34301
35441
35012
35504
38947
46626
52799
50847
42485
35218
31462
30382
29711
29996
30713
32019
33311
32763
31607
30629
30395
30660
31474
33971
35574
35080
32222
31149
30806
30643
30630
30599
29870
30098
30348
30482
31226
30448
30451
31321
32981
35145
37097
37298
36883
36821
38770
42548
44226
42241
37278
34352
32699
31665
31457
31074
30965
31186
31386
31291
30150
29754
29438
29183
29020
29499
30656
32929
36819
41148
46278
48147
43926
38419
34286
32727
32019
31129
30215
29540
28948
28665
28603
29005
29459
31037
32696
33009
32321
30928
30999
31510
32058
31942
31138
30576
29774
29594
30007
30831
32358
34639
34713
32867
30061
28226
28283
28213
28743
29412
30226
30744
30351
29486
29412
30094
30138
29660
28757
28620
28767
29488
30245
30791
33103
35250
36661
36115
36048
38643
44136
47270
44096
37412
32307
30238
30072
29595
28773
28582
28917
30598
32937
34721
34556
32617
30559
28878
28367
28160
29322
30592
30917
30856
30716
31300
31356
29937
28587
28369
28453
28874
29161
29062
29158
29582
30150
30790
31147
30919
32332
35023
36827
36178
33137
31821
30816
30577
29906
29386
28517
28724
29419
30619
30978
30255
28514
27809
28385
31570
35766
39463
39203
35824
32986
32926
33217
33113
32840
33382
33004
30795
29634
29588
29932
29622
29036
28225
28772
30076
31393
33871
35561
37028
37170
38869
51657
86413
130737
144008
113368
67930
40567
31960
31012
31831
31486
30581
29246
28384
28038
27994
28584
28870
29729
31897
32862
31760
29569
28555
27865
27806
27385
27862
29182
32686
35171
34969
32689
30678
29185
28101
28284
29516
29727
29287
28368
27557
27229
27600
28090
29716
31488
32424
31894
30546
30588
32000
32773
33736
37584
43414
44748
40576
34728
30974
29678
28567
27806
28123
29169
32174
35017
34898
31842
29118
27760
27783
28819
30334
32067
33956
33080
31130
30250
31194
31873
32051
31163
29321
27628
26750
26547
26279
26637
27242
27270
27443
27265
27092
26378
26545
26841
27406
28250
30639
34278
37368
37759
34898
30916
28435
26617
26593
26666
28018
29451
30467
30385
30409
30621
31498
32709
34217
36209
36577
33863
29770
28034
27867
27941
28048
27610
27420
28175
29686
31646
34870
37885
38996
36300
33333
30404
29023
27276
26407
26299
26906
27361
27220
27043
27257
27709
28735
29804
30633
30042
29068
28586
29776
33333
37228
38428
36135
32787
30399
29362
28188
27260
27239
27475
28025
28519
28889
30157
32390
36213
39229
38328
34703
30712
28211
26920
26349
27850
35274
47589
58413
58040
47106
36400
30824
28130
27387
26697
25615
25344
25143
25642
26330
26845
28245
30665
34066
43322
61391
79577
82098
64523
44382
33130
29784
28988
28763
29510
29562
29010
29041
29995
30419
29252
28500
28024
28193
28334
27723
27399
27847
28725
29098
29050
28877
28618
28301
28546
28765
28574
28645
28067
28400
29180
28589
27352
26571
26870
27732
27767
27519
26449
26162
25781
25245
25178
25459
26707
28297
28750
28531
26863
25982
25412
25407
25706
26728
27469
27266
26253
25433
24958
25826
27654
29269
29146
28379
26807
25088
24659
25037
26861
32164
39085
43559
42060
35491
30019
27493
26738
26635
26835
27385
27430
28004
28590
29309
29463
28576
26806
25814
25565
25706
26055
26032
25904
25528
25134
25415
25457
24892
24738
25250
25557
25689
25682
26103
27210
27608
28163
28033
27002
27255
26774
26566
25848
25328
25432
25742
26207
27167
28486
29346
29584
27934
26189
25271
25264
25578
25577
25189
24620
24433
25101
25013
24809
24239
24151
25411
27440
30265
31085
30749
30171
30577
31003
30945
29843
27961
25849
25529
25778
26201
26402
26616
27556
27994
27826
27714
30051
37333
50166
66226
72528
61875
45209
33202
27902
25681
24486
25048
26525
28477
29554
28419
27264
26409
27108
29454
30679
30457
28278
26585
25849
26309
27189
29912
32819
33698
31725
28558
26887
26504
27101
27274
27032
26579
27284
28606
32165
38775
44051
44942
38744
31338
27209
25840
25351
25219
24426
24384
24441
24917
25733
26855
27195
26388
25252
24287
24123
23668
23939
24591
25349
26241
26544
26756
26203
26026
28188
30562
31251
29578
27185
25925
25625
25439
24772
24723
24457
24199
24592
25883
27214
28376
29029
28859
27138
25381
23861
23486
23182
22645
22625
22712
23226
23269
24037
24519
25536
27749
29720
30012
28546
26456
24876
24855
25833
27303
28757
30543
31529
31167
29710
26711
24948
23483
23423
24419
28020
36568
49187
58825
57112
46251
35635
29637
27694
26475
25633
24786
24728
24580
25105
25345
25696
25888
26044
25881
25746
25374
24797
23903
23679
23809
24908
25458
26378
26112
26093
25862
25620
24471
23958
24243
25036
25173
24184
23138
23110
22844
22886
22836
22981
23979
27880
35176
44299
48795
45941
37810
30721
26066
24116
23481
24154
25175
26249
26469
25601
25001
25500
25831
25959
25125
25137
25288
27248
29965
32836
33495
31614
28152
25772
25631
27109
28680
29228
28093
26449
25324
25135
26293
27356
27777
27925
27795
28426
30070
31724
31235
29375
28325
27186
26109
24703
23915
23101
23242
23120
23536
23028
23208
23966
25135
26429
26487
25602
24809
23936
23911
23696
24104
24365
23868
23648
23641
23580
23759
23866
24573
25035
25829
25285
24272
23355
23213
23031
22974
22742
22676
22560
22869
22685
23186
23512
23645
23863
23610
23725
24175
25310
25808
25507
26206
27424
29519
30073
30718
31480
31740
30574
27651
24712
23337
23133
22916
22800
23544
24719
27135
29834
31425
29982
26991
24455
23294
23241
23621
24068
24363
24775
24132
23593
23613
23204
22774
22838
22694
22639
22711
23481
24877
27478
30033
29895
27995
24914
23526
23015
23184
24254
27063
34071
43113
47206
42893
35299
29059
26507
27084
27978
28496
26652
25022
23696
22976
23208
23768
24966
25722
26778
28402
29339
28750
26720
25064
24242
23676
23170
22495
22581
23804
25062
26484
26304
25394
24782
24997
27213
30974
34898
36364
34572
31155
27443
25237
24740
26277
29146
29560
28869
26798
25533
25018
25029
24673
24286
23465
23159
22681
22482
22902
23771
24326
25065
24714
24432
23046
22182
22448
23486
24543
25841
25626
24148
23128
22717
22807
22940
23812
24824
25746
25089
24062
24091
23866
24434
24373
24403
24162
24202
24948
25279
24784
23777
23314
23123
22860
22584
21914
22259
22392
23144
23452
23720
23787
23857
24439
24061
23334
22618
21556
21838
21607
21411
21579
21754
21875
22042
21669
21770
21902
21897
22367
23258
24793
26778
26780
25592
23818
22511
21725
21859
22395
22873
23623
25015
26100
26466
26299
25376
24150
23486
22982
22743
22583
22646
23487
23832
23275
22708
22672
23704
27735
34554
41984
44188
39426
32087
26145
23337
22845
24269
25656
26348
25692
24073
22588
22539
23714
25427
26331
26125
25237
25153
24220
23778
23964
24139
23755
23673
23185
22545
22037
21665
21517
21410
21795
22916
24204
25943
26646
26156
24803
23634
23202
23360
22997
23157
23516
24119
24547
24252
23835
25012
28545
33383
35997
35651
33201
32183
31278
30023
27860
25480
23118
22513
22010
21900
21541
21670
22044
22585
22749
22360
22459
23804
25614
25856
24354
22776
21774
21114
21137
21393
21773
22924
23522
23645
23541
23158
22719
22336
22496
22108
21708
21407
21651
21495
21823
21527
21436
21558
22075
22973
23945
25767
27349
27763
25297
23374
22361
21758
21967
22104
22853
25553
30675
36601
38428
34593
28340
24044
23110
23142
22146
21368
20732
20852
20757
21396
21843
22473
23866
25609
27147
28076
28814
27572
25907
24809
25158
26364
26912
26974
26593
26745
26929
25585
23599
21766
21481
22616
23422
23796
23058
22324
22463
23325
23546
22953
21947
20835
20463
20362
20500
20224
19988
19766
19992
20147
20418
21264
23122
25696
26957
26997
25432
25069
25407
26631
26683
26006
23985
22516
22595
22163
21817
20596
19857
19758
19481
19137
19709
19648
19963
20218
20249
20588
21901
22556
24275
26036
26527
24680
22526
20509
20216
21250
22338
23717
24576
24313
23636
23266
22761
21870
21979
21693
22183
22024
20761
20100
19781
19823
20406
20077
20155
20218
20271
20287
20256
20175
20841
20753
21307
21436
21233
20724
20734
21179
21360
21367
21298
21623
22103
22669
22786
24129
26540
27932
27659
26111
25499
26180
25568
24417
22567
20932
20596
20506
21423
22259
21762
21301
21424
21209
20930
20399
19850
19903
19969
20132
20402
20575
20870
20871
21289
21157
21136
21907
23614
27015
28690
28336
26377
24659
24389
24855
25327
25286
23843
22256
20355
19892
19485
19933
19597
19440
19403
19061
19213
19214
19571
20101
20996
21276
21578
21421
22275
22460
22318
22061
22636
23409
23533
22322
21037
20238
20429
21047
21890
21897
21706
21417
20890
20257
19930
19693
19781
20540
20832
21349
21711
21757
21422
21188
21161
21582
22582
23886
24236
24470
23088
21617
20299
19551
19590
19653
19334
19510
19954
20123
19908
19801
19294
18847
18792
19029
18851
19627
21635
28000
41865
63936
82028
83344
66440
46559
31852
24793
21294
20597
21403
22553
23450
22472
21062
21029
23433
29264
37041
41714
39811
33582
26689
23185
21857
22788
25260
26699
28649
30179
30371
29412
26159
23249
20585
19149
19216
19493
20199
21509
21901
21874
21242
20430
19536
19421
19151
19473
19087
18642
18626
19074
19348
19449
19187
19925
20615
21040
20952
20477
20235
19826
19644
20266
21143
21967
22427
22989
23020
22754
23001
22547
21507
20034
18969
18751
19883
20797
21827
21845
21355
21355
21674
22174
21452
20818
19667
19296
18700
19227
19941
20212
20060
19502
19678
20624
22075
23649
24592
24023
22137
20458
20004
19654
19227
18955
18505
18278
18384
18515
18791
18701
18708
19628
20984
23322
25051
24589
22617
20319
18684
18424
18520
19088
19353
19381
19031
18962
19285
19725
20363
20620
20294
20488
20420
20335
19835
18971
19235
19687
20218
19947
19596
19184
19778
20977
22487
22506
21099
19636
18585
18056
18057
18378
18034
18013
17833
17803
17750
17854
18360
18960
19443
20577
21276
21161
20783
20347
19189
18361
17929
17627
17673
17690
17517
17515
17665
18462
19500
19783
19673
19749
19278
18491
18401
18406
18844
19234
19890
20054
20052
19946
19586
19499
19139
19307
19472
18973
18574
18533
18348
18445
18876
19641
20818
22718
23411
23002
21721
19722
18404
18334
18749
19011
20023
20883
20766
20348
19431
18918
18654
18605
18218
17997
18513
18418
18880
19221
19279
19532
19414
19455
19545
19816
20907
21185
20952
20611
19933
19390
20116
20972
21635
20960
19910
18778
18926
20540
23484
25928
26096
24183
22989
23150
24274
25314
25354
24813
23453
21792
19961
18665
18547
18148
17663
17896
18119
18155
18206
18717
19014
19528
20788
21313
21265
20615
19221
18372
17861
18108
19005
20034
21314
22861
24091
24886
23476
21132
19000
18032
17659
17983
18875
19865
19975
19702
19055
18121
17530
17276
16816
16828
17108
17343
18152
18529
19411
20042
19890
19298
18232
17585
17005
16803
16838
16899
16813
17214
17251
17255
16937
17280
17055
17771
18298
19215
20377
21151
21454
20807
19925
19341
19304
19681
20179
19994
19421
19295
19793
20675
22968
25259
26051
25263
22631
19746
18524
18370
18641
18918
18681
17874
17436
17576
17978
18782
19328
18878
18377
18326
17667
17284
17047
16877
17126
17688
17701
17980
17802
17310
17291
17670
19166
21405
24744
26761
27205
25690
24334
23092
21984
20416
19496
18683
18393
17990
17309
17002
16673
16760
16535
16667
17102
18096
19363
20375
20419
19850
18879
18469
18094
17822
17365
17153
16940
16596
16120
16154
16101
16318
16887
18056
19485
20738
21281
20915
20688
19417
18281
17919
17271
17008
17305
18071
19487
20223
20029
19617
19109
18438
17797
17328
17118
16795
17079
17465
17742
18356
19291
21349
23483
24797
25269
23754
22527
21236
20161
18995
18234
19722
22673
25965
26644
24867
22101
20167
19099
18479
18107
17555
17443
17470
17505
17506
17689
17737
17755
17342
17468
17704
18053
18660
18619
19045
19511
19949
20057
18880
17697
17239
17374
18395
19474
20423
21310
21219
20552
19333
17934
16897
16567
17287
19125
23282
28024
31573
30285
26475
21683
18669
17907
17345
16885
16576
16475
16030
16066
15851
15900
16398
17297
18655
19266
18559
17907
16866
16369
15944
15757
15569
15747
16640
17277
18647
19782
21418
22675
23181
23761
23623
22074
19900
18406
17639
17237
17278
16968
16421
15860
15835
15349
15338
15694
16691
18006
19919
20619
21127
20450
19060
17462
16664
16179
16182
16146
16028
16187
16082
16434
16799
17342
16876
17387
17672
18655
20545
22897
24354
25753
25485
24081
21186
18558
16681
15710
15676
15797
15591
15510
15412
15474
15770
16125
17484
19705
21870
22668
21366
18937
17225
16610
16083
16365
16361
16174
16345
15869
15999
16150
16268
16608
16848
17330
18229
19147
20312
20287
19585
18672
18223
17869
18107
17849
17800
16633
16248
16217
16330
16551
16730
17104
17703
17599
17258
16798
16315
15715
15165
15138
14908
14887
15262
15906
18160
21603
24629
26047
25558
23339
21398
19593
17752
16735
16078
15824
15591
15468
15223
15295
14941
14811
15421
15832
16399
16958
17834
18172
17588
16944
16041
15608
15142
15640
15691
16231
16550
17236
17812
18335
18514
18247
17797
17596
18595
20327
22558
24297
23981
21951
19633
18479
18256
18680
19190
19740
20020
19811
19528
18608
18141
17512
16786
16618
15927
15488
15529
16162
16620
17277
16986
17136
18083
19517
21630
21936
20286
18337
16983
15748
15452
15161
15227
14943
14839
15263
15577
15833
16103
15879
15762
15851
15975
16197
17105
17930
18057
18337
18096
17601
17424
18085
18632
17905
16553
15647
15336
15144
15338
15988
16244
15761
15915
15318
15492
15877
16214
16822
16563
16403
16157
16273
16184
16408
16083
16580
16874
17700
18278
17878
16713
15516
14763
14335
14279
14661
14844
15122
15498
15942
15533
15032
14477
14621
14521
14523
14527
14162
14216
14040
14359
15043
16632
17839
18630
18377
18287
18998
20272
20805
20330
19374
18909
18739
18338
16974
16963
18698
22144
25819
27061
24523
20682
18548
17948
20172
22507
23487
22364
20189
17714
16806
17910
19550
20849
20090
18209
16812
15756
15586
15820
15922
15964
15430
15319
14906
14585
14396
14480
14526
14872
15788
17099
18847
19032
18396
16917
15649
14640
14578
14494
14826
15424
16035
16684
16920
17183
16872
16661
16301
15609
15469
15585
15998
15630
15026
14526
13766
13620
13524
13281
13344
13591
13692
13873
14058
14512
13885
14306
14342
14557
14893
15043
14808
14562
13843
13484
13285
13414
13452
13868
14276
14569
14559
14480
14235
13736
13322
13518
13586
14044
14410
14544
14302
14511
14832
15305
16010
16486
16880
16783
16316
15893
15907
16146
16162
15995
16592
18250
20482
23029
24229
22928
20424
17552
15283
13935
13790
13896
14149
14449
14525
14592
14262
13881
13722
13296
13150
13274
13105
13422
13132
13177
13035
12910
13125
13230
13078
13083
13016
12992
13058
13378
14021
14893
15984
16589
16350
17387
20067
24779
29336
30018
26988
22142
18624
16950
16214
15302
14133
13653
13521
13450
13807
14049
13847
13723
13532
13474
13721
14189
14186
14022
13893
13757
13599
13308
12927
13324
13995
14640
15101
15083
14769
14192
13884
14115
14163
14778
15460
15653
14935
13899
13168
12631
12862
13015
13234
13536
13805
13580
13365
13312
13460
13691
14630
14914
15355
15608
16165
16058
15573
14666
13832
13151
12749
12987
13000
13926
15268
16516
16784
16210
15094
13858
13030
12617
12874
12927
13269
13460
13642
13696
13949
14033
13932
13475
13215
12860
13245
14575
17627
21846
26464
27756
24966
20406
16457
14067
13235
13596
14751
17003
19807
20494
19075
16508
14741
13826
14207
14345
14469
14300
13951
13497
13585
13166
13422
13546
14774
17094
19415
20353
19417
17078
15555
14208
13594
12863
12858
12754
12812
13402
14156
14551
14881
14808
14948
15083
16001
17818
20424
23547
25547
25088
24003
22475
22156
22021
20469
17922
15536
13557
12676
12385
11925
11944
11836
11897
11998
12161
12527
13292
14336
15365
15531
14829
13877
12922
12297
11858
11665
11867
11983
11954
11952
11916
12327
12986
14488
16993
19788
21213
20629
19217
17748
16455
15817
15703
16259
17604
19135
19674
19350
17961
16666
15257
14432
13594
13219
13041
12930
12810
13314
14338
15394
16292
16541
16219
14834
13437
12357
11645
11580
11921
12320
12465
12719
13101
14778
17758
21866
24250
23508
20023
16196
13589
12942
13947
15714
17533
17888
16723
14758
13142
12468
11982
12498
12436
12261
12761
12578
12108
11741
11345
11293
11369
11672
12015
12078
12078
12186
12182
12327
13243
13542
13556
13311
12630
12144
12004
12133
12086
12143
12622
12985
13338
12962
12289
11690
11456
11075
11115
11120
11204
11449
11453
11797
11660
11956
11653
11153
11282
11185
11280
11629
12287
12614
13016
13472
15164
17931
20786
21873
21656
20287
19324
18326
16907
15579
14299
13377
12973
12510
12464
12399
12273
12330
12498
13009
14493
15949
16707
16577
15533
13687
12636
11551
11325
11324
11171
11287
11549
11936
12399
12927
13707
14104
14408
14329
15089
17102
20065
22185
22044
19541
16520
14183
12795
12109
11789
11648
11836
11862
11601
11821
11837
11296
11218
10972
10731
10806
10703
10596
10673
10542
10553
10650
10590
10479
10381
10754
11002
11896
13171
14699
15718
15490
14397
13816
13354
14330
16449
19487
22126
22540
20381
16712
13816
12289
11422
10941
10832
10646
10465
10651
10840
11262
11715
12252
12844
12356
12073
11457
11246
11283
11430
11616
11480
11317
11274
11495
11623
11793
11876
12034
12611
12699
12915
12860
12582
12251
11596
11165
10879
10597
10760
10986
11612
12138
13206
14621
15739
16003
15072
13737
12669
12093
12442
13259
14574
15271
15153
14727
13672
12806
12367
12512
12642
13159
13356
13463
13830
13883
13466
13611
13793
14436
14643
15179
16507
18679
21394
22130
20862
18573
16395
14893
13985
12744
12106
12429
13763
15383
15951
15350
13879
12567
11775
11583
11398
11514
11811
11302
11360
11133
11021
11087
11370
11594
12114
12399
12429
12947
13741
15013
16612
16972
16375
15001
13688
12642
11894
11284
10862
10325
10231
10183
10386
10869
11630
12441
13024
12694
11887
11366
10581
10145
10178
10184
10061
10225
10313
10473
10471
11274
11794
13018
14127
15064
14796
13780
12649
11739
11414
11303
10985
11002
11030
11225
11686
12143
12667
13711
13857
13545
12852
12079
11877
11917
11758
11576
11372
11139
10704
10553
10265
10287
10542
10942
11226
11983
13096
13883
14474
14031
12977
11770
10930
10563
10624
11279
12223
13291
13571
13302
12835
12066
11522
11155
10834
10837
10779
11111
11238
11699
11669
11470
11481
11009
10816
10454
10310
10394
10397
10298
10256
10287
10508
10373
10302
10253
10390
10332
10480
11189
11887
12277
12604
13016
12755
12072
11331
10831
10369
10420
10645
10912
11287
11791
12491
12693
13155
13037
13050
13058
13357
13330
12964
12436
11631
11262
11091
11137
11240
10866
11053
10914
10657
10380
10121
10115
10069
10131
10380
10427
10522
10402
10473
10505
10614
10658
10811
10939
11506
12501
14392
15944
15998
14571
12636
11329
10588
10452
10667
10774
11314
11813
12785
13297
12892
12011
11479
10648
10321
10292
10397
10348
10465
10594
10967
11203
11621
11900
12062
11640
11701
12410
13304
13767
13765
13383
12746
12601
12768
12801
12383
11720
10708
10223
9835
9722
9683
9547
9646
9478
9765
9581
9591
9934
10176
10418
10715
10631
11067
11005
11073
10543
10130
9809
9602
9545
9608
9886
9821
10063
10120
10828
11739
12240
12493
12095
11281
10279
9885
9992
10327
10512
10422
10423
10278
10179
10534
11051
11537
11915
12179
11568
11217
10786
10634
10476
10443
10481
10644
11044
11339
11590
11134
10554
9860
9580
9310
9243
9171
9135
9164
9283
9712
9821
10705
11247
11957
12007
11772
11032
10722
10652
11072
11290
11248
11242
11074
10791
10483
10717
10947
11376
12049
11761
11483
10862
10410
10026
10162
10237
10133
10206
10207
9884
9472
9703
10289
11299
11428
11739
11481
11328
11257
11498
11416
11215
10662
10260
10054
10001
10686
11844
12573
12555
11676
10709
9836
9402
9355
9511
9446
9229
9296
9220
9198
9611
10118
11202
12170
12398
12154
11820
11597
12561
13507
13719
12869
11570
10428
9517
9280
9112
9128
9240
9646
10020
10799
10749
10897
10566
10483
10742
11205
11835
12250
11740
10945
10425
10447
11397
12738
14192
15234
15927
15082
13187
11512
10060
9269
9393
9491
9697
9964
9767
9811
9512
9326
9255
9263
9714
10067
11606
12720
13382
13034
11835
10425
9897
9773
9424
9557
9427
9280
9179
8769
8702
8705
8729
9023
9389
9558
9890
10491
11335
11601
12076
11450
11272
11079
12047
13320
14620
15645
16274
15770
14877
13209
11639
10591
10153
10600
11673
13669
15742
17326
16692
14588
12061
9813
8965
8577
8588
8588
8566
8815
9086
9419
9824
10109
10374
10385
10364
10121
9788
9499
9441
9412
9577
9863
10436
10865
10821
10124
9749
9575
10015
10453
10873
10789
10906
10361
9656
9253
9068
8900
9024
9082
8878
8791
8582
8542
8732
8746
8766
8746
8509
8456
8556
8276
8412
8110
8437
8572
8831
8767
8791
8757
8535
8422
8186
8476
8569
8758
8471
8824
8454
8448
8264
8177
8242
8329
8604
8712
8802
8419
8332
8060
8365
8838
9955
11626
14610
18395
21337
22485
20893
17267
14170
12393
11521
10545
9973
9506
9094
8430
8484
8884
10146
13326
17927
22999
26121
25208
20906
15577
11897
9666
8625
8445
8697
9246
9760
10015
9866
9341
8946
8547
8467
8953
9085
9861
11062
12933
15095
16532
16143
14060
11495
9658
8759
8248
8352
8245
8402
8599
8740
8626
8795
8982
8842
8547
8448
8238
8089
7883
8001
7930
7969
8139
8641
9297
10220
10955
11604
12410
12396
12414
11603
10645
9684
8883
8535
8320
8519
8958
9222
9686
9977
10319
10000
9317
8647
8438
8275
8256
8352
8684
9263
9541
10650
10561
10729
10209
9450
9091
9251
9586
9641
10051
9825
9639
9300
9119
8963
9029
9179
9077
8801
8765
8517
8208
8099
7984
8221
8341
8988
9892
10873
12175
13030
12946
12116
10754
9601
9267
9491
9935
10435
10196
9776
8829
8402
8065
8465
8939
9798
10049
10177
9876
9505
8908
8539
8345
8269
8434
8826
9983
11029
12859
13683
13612
12688
10927
9549
8574
8004
7750
7774
7846
7719
7724
7767
7731
7768
7746
7716
7931
8029
8523
9154
9784
9818
9457
8517
8069
7745
8024
8756
10115
11876
13099
13689
12698
11296
10372
9964
9377
9068
8503
8235
7886
7616
7415
7493
7623
7673
7755
7895
8179
9191
10955
13269
15449
15983
14769
12595
10448
9026
8410
8361
8119
8135
8093
8263
8558
9107
9318
9210
9031
8638
8318
8280
8500
8881
8743
8447
8436
8617
9338
10498
12390
14654
16082
16623
15421
13022
10764
9215
8134
8067
7981
8052
8120
8090
8216
8145
7976
8141
8468
9620
11397
14409
17857
19235
18404
15091
11740
9139
8084
7577
7694
7509
7677
8036
8442
9576
10584
11260
11393
10882
10211
9639
9613
9606
9988
10310
10724
10751
10304
10230
9316
8951
8416
8078
8051
7987
8086
7918
7895
8086
8082
8480
8247
8289
8152
8345
8828
9209
9980
10013
9426
9015
8480
8102
8191
8488
8685
8416
8898
8961
9366
9475
10057
9746
10019
10118
10567
11007
11273
11211
10731
10439
9445
8663
8189
7831
7569
7467
7494
7543
7606
7804
7744
8098
8276
8281
8724
8850
8940
8852
8893
8467
8094
7621
7671
7433
7381
7845
7362
7638
7897
8194
8637
9043
9429
9321
9000
8546
8188
7806
7753
7839
7500
7687
8027
8504
9033
9283
9095
8718
8267
8124
8345
8756
9015
8963
8726
8152
7742
7386
7326
7217
7128
7017
7179
7152
7062
7295
7235
7340
7106
7275
7178
7281
7459
7154
7530
7342
7235
7179
7270
7354
7232
7413
7359
7400
7333
7361
7188
7164
7018
7215
7377
7511
7317
7211
7376
7212
7255
7336
7461
7648
7782
7711
7712
7668
7368
7422
7546
8074
8122
8664
9498
10131
10362
9941
9373
8845
8629
8145
7841
7428
7150
7230
7364
7093
7299
7065
7194
7084
7110
7398
7230
7315
7238
7445
7444
7428
7672
7894
8114
8222
8124
8056
7828
7876
8195
9299
10634
11927
12451
12050
10947
9937
9315
9669
10192
10857
10471
9518
8884
8641
8845
9025
8990
8810
8530
8119
7843
7794
8323
9013
9930
10218
10004
9121
8181
7652
7372
7142
6969
7031
7005
6718
6960
6695
6840
7011
7038
7131
7367
7521
7502
7368
7147
7223
7088
7080
7154
6975
6962
6958
6994
6980
7230
7140
7583
7853
8352
8581
8466
8033
7828
7524
7224
7143
7331
7436
8091
8691
9632
10346
10517
10527
10082
9492
8789
8100
7703
7461
7273
7418
7602
8176
9072
10595
12348
14117
15384
14656
13074
11207
9402
8223
7519
7398
7318
7105
7192
7075
7220
7339
7698
7833
7779
7421
7253
7053
6805
7007
7211
7309
7345
7168
7056
6981
6763
6825
6670
6629
6505
6810
6950
7042
7434
7483
7550
7734
8220
8238
8613
8845
10142
11430
13724
16985
20755
24108
24386
21426
16366
11914
9090
7563
7069
6641
6842
6598
6603
6411
6543
6592
6729
6815
6844
6791
6651
6539
6633
6682
6835
6689
7112
7742
8500
9415
10065
10335
9570
8937
8408
8229
7892
8220
8101
7905
7787
7363
6867
6786
6832
7424
8621
9776
10639
11231
9928
8785
7521
6984
6777
6920
7007
7407
7608
7767
7648
7591
7305
7040
6899
6617
6504
6594
6708
6590
6468
6485
6365
6235
6421
6397
6307
6341
6342
6478
6387
6827
6813
7194
7255
7123
6863
6826
6646
6593
6560
6777
6961
6934
6818
6719
6587
6542
6583
6782
6946
6907
7154
7114
7755
8528
9717
11351
11835
11559
10063
8424
7313
6711
6426
6468
6411
6517
6768
7106
7815
8588
8679
8492
8021
7296
6863
6844
7077
7638
8111
8868
8896
8878
8481
7839
7590
7425
7794
8061
8437
8158
7764
7228
6828
6442
6433
6719
6903
7234
7499
7422
7371
7365
7765
7934
8084
7703
7317
7020
6750
6705
6436
6493
6523
6627
7001
7253
8190
8633
10000
11359
13389
16174
18194
18426
16365
12991
9710
7672
6927
6585
6573
6970
6875
6725
6664
6586
6258
6400
6535
6693
7052
7367
7787
8563
9275
10081
10768
10808
9967
8891
7965
7221
6799
6651
6468
6384
6356
6261
6342
6258
6224
6225
6174
6337
6379
6384
6231
6200
6187
6018
5995
6025
6094
6091
6122
6025
6169
6287
6264
6391
6390
6628
6593
6488
6258
6230
6203
6301
6218
6485
6821
6832
6903
6748
6338
6192
6281
6184
6138
6240
6143
6327
6184
6301
6184
6366
6137
6172
6333
6151
6362
6307
6357
6415
6373
6467
6255
6162
6168
6137
6449
6408
6460
6502
6367
6107
6259
6060
6215
6276
6241
6151
6016
6248
6053
6371
6474
6877
7283
7709
8004
8389
8593
8563
7935
7293
6605
6196
6058
5929
6040
6238
6549
6682
7377
8449
10502
13420
16692
19417
20200
18879
15959
12519
9917
8366
7519
7115
6906
6715
6643
6810
6885
6915
6832
6583
6400
6370
6061
6303
6297
6516
6319
6349
6418
6238
6261
6417
6616
6951
7048
6965
6721
6526
6339
6081
6052
6371
6248
6099
6277
6285
6229
6419
6470
6239
6488
6425
6508
6765
6627
6626
6428
6186
6302
6301
6654
6726
6743
6745
7356
7814
8758
10027
10455
10109
9765
8897
8412
8413
9213
10520
11481
11141
10196
8602
7304
6526
6532
6607
6740
6722
6733
6510
6366
6317
6328
6570
6729
6884
6863
6675
6329
6288
6299
6297
6404
6373
6274
6674
6724
6940
7010
6934
6934
6840
6803
7106
7243
7076
6745
6698
6665
7112
7665
8252
8714
8797
8245
7431
6838
6371
6066
6241
5841
6052
6132
6261
6290
6518
6925
7434
7854
8056
8066
7831
7448
6968
6568
6388
6072
5980
5882
5969
5912
5862
6093
6310
7096
8025
8946
9156
8970
8104
7349
6514
6162
5978
5822
5813
6057
5972
6071
5998
6171
6102
6174
6011
6091
5987
5693
5597
5677
5719
5672
5845
5879
5958
6010
5772
5866
5840
5701
5659
5704
5587
5740
5471
5460
5927
5850
5928
5942
6154
6023
6112
6142
6171
6118
5865
5905
6004
6198
6496
6639
6730
6555
6189
5870
5828
5827
5701
5498
5586
5793
5836
6059
6285
6208
6346
6282
6084
5936
6089
6000
6311
6526
6809
6628
6517
6197
5813
5809
5550
5498
5623
5637
5597
5443
5633
5744
5978
5850
6064
5957
6048
5900
5654
5997
5844
5980
6301
6265
6242
6397
6337
6268
6623
6741
6904
6882
6411
6135
5843
5630
5825
6092
6539
7217
7800
7951
7805
7247
6619
6386
6072
5888
5812
5989
5737
5593
5561
5748
5440
5480
5428
5415
5537
5388
5674
5850
5831
5821
5936
6089
6042
6101
5882
5879
5893
5816
5835
5764
5787
5605
5693
5741
5897
5886
5790
5792
5791
5916
6045
5985
6115
6073
5973
5877
5668
5929
6022
6445
7033
8228
8748
9526
9078
7991
7407
6382
6174
6012
6087
6267
7255
8771
10861
12924
14266
13960
13211
11686
9745
7974
6887
6004
5864
5637
5724
6422
8364
11562
16716
21551
24631
23032
18864
13345
9112
6775
5989
5759
5825
5893
5827
5951
5597
5639
5568
5328
5400
5225
5400
5102
5225
5258
5545
5528
5785
5831
5911
5863
5725
5500
5474
5375
5261
5435
5406
5697
5968
6186
6311
6364
6167
5777
5384
5317
5310
5332
5486
5621
5693
5569
5532
5548
5567
5492
5514
5427
5468
5353
5426
5209
5106
5261
5032
5265
5217
5332
5390
5318
5275
5303
5260
5438
5410
5378
5206
5178
5051
5132
4949
5131
5224
5566
5611
5917
5923
6006
5882
5854
5642
5435
5359
5182
5030
5131
4859
4936
5030
5069
5196
5275
5141
5274
5241
5384
5437
5666
6010
6299
6608
6483
6418
6042
5730
5248
5208
5151
5307
4973
5189
5184
4954
4998
4916
4837
4831
4840
4900
5041
5159
5336
5328
5442
5306
5137
5150
5202
5107
5079
5363
5628
5850
6128
5814
5697
5373
5267
5044
5008
4987
5183
5344
5334
5354
5385
5199
5115
4909
4993
4832
4769
4839
4925
4901
4923
4930
4982
4906
4956
5264
5569
5721
5706
5643
5370
5169
5290
5894
7327
8948
9884
10437
9567
8332
7162
6424
5802
5526
5167
4916
4771
4753
4729
4740
4663
4638
4663
4654
4736
4703
4860
4915
4821
5235
5481
5696
5905
5788
5445
5184
4995
4836
4625
4834
4995
5324
6105
7351
8836
10300
10418
9451
7916
6310
5271
4730
4490
4510
4511
4545
4782
5054
5078
5116
4935
4755
4682
4505
4449
4448
4390
4367
4731
5222
6421
8346
10677
12754
13083
11853
9274
6940
5558
4778
4452
4395
4401
4664
4622
4699
4629
4403
4408
4342
4418
4382
4353
4362
4325
4303
4182
4330
4153
4139
4209
4159
4147
4181
4072
4208
4178
4213
4186
4317
4389
4422
4495
4626
4862
5178
5540
6016
6064
6010
5723
5280
4832
4686
4495
4366
4692
4625
4735
4785
4732
4673
4560
4465
4561
4810
4578
4750
4595
4480
4453
4233
4142
4234
4127
4134
4091
4045
4065
4008
4182
4190
4097
4094
4119
4174
4244
4282
4142
4267
4172
4202
4170
4209
4280
4142
4031
4200
4032
4169
4105
4199
4225
4295
4369
4256
4268
4414
4487
4708
4857
5438
7171
10254
16202
23587
30122
31914
28631
21501
14106
8712
6045
5242
5646
7368
10856
18481
29565
41093
48391
46762
37824
26013
15683
9587
6952
5961
5895
5965
5818
5842
5621
5308
5340
5459
5303
5240
5191
5245
5167
5164
5240
5343
5459
5536
5573
5510
5491
5430
5440
5343
5481
5609
5749
5751
5624
5493
5294
5403
5718
5853
6058
6350
6456
6459
6510
6951
8313
10661
12857
14121
13705
11677
9308
7215
6449
5934
5886
5796
5755
5604
5572
5230
5240
5082
5084
5107
5216
5180
5178
5129
5108
5100
5198
5130
5157
5004
5121
5052
5259
5182
5455
5578
5762
5833
5792
5523
5382
5263
5236
5002
5101
5032
5159
5110
5154
5360
5494
5832
6213
6961
7700
7950
8190
8210
7587
7023
6294
5769
5469
5132
5143
4995
5105
5187
5505
6031
7142
8188
9028
9016
8711
7936
7033
6286
5942
5464
5361
5207
5189
5190
5165
5156
5566
6017
6915
8002
8842
8729
8379
7286
6341
5634
5284
5190
5111
5150
4995
4980
5026
5149
5225
5111
5181
5202
5254
5250
5136
5090
4944
5019
5084
5027
5115
5011
5125
5351
5395
5502
5187
5152
5167
5146
5074
5055
5075
5025
5038
5163
5285
5483
5449
5671
5803
5614
5546
5949
6093
6577
6955
7233
7041
6726
6387
6076
5465
5224
5176
5070
5038
4960
4918
5106
5248
5574
5649
5785
5792
5622
5599
5451
5480
5275
5214
5084
5172
5107
5137
5047
5088
5074
4991
5024
5096
5201
5206
5158
5286
5318
5472
5507
5453
5441
5251
5420
5513
5888
6242
6504
6695
6634
6360
6192
5972
5661
5642
5486
5609
5422
5493
5591
5470
5583
5464
5697
5809
5880
5531
5656
5442
5377
5234
5219
5289
5384
5292
5190
5286
5186
5279
5370
5214
5109
5228
5195
5350
5351
5428
5730
5834
5995
6084
6131
5987
5967
5827
5814
5635
5665
5484
5438
5289
5402
5347
5240
5496
5472
5632
5829
6133
6156
6302
6245
6230
5978
5806
5745
5642
5595
5422
5555
5488
5392
5103
5217
5164
5169
5298
5414
5470
5573
5649
5730
6104
6775
7432
8143
8573
8417
7952
7189
6482
5811
5529
5498
5244
5256
5257
5423
5355
5498
5313
5274
5248
5200
5230
5303
5491
5722
5942
6056
6194
6133
5889
5760
5442
5222
5218
5290
5148
5210
5297
5295
5449
5605
5803
5887
5915
5738
5690
5500
5429
5451
5352
5262
5400
5491
5802
5918
5930
5912
5926
6041
5659
5517
5547
5692
5618
5654
5744
5626
5514
5520
5365
5403
5444
5389
5355
5582
5346
5307
5465
5412
5381
5522
5528
5557
5504
5480
5393
5536
5612
5481
5549
5501
5389
5356
5342
5283
5414
5500
5699
6084
6512
6702
6979
6859
6567
6210
5800
5695
5535
5417
5591
5498
5405
5376
5416
5306
5555
5492
5242
5433
5500
5607
5854
6452
6800
7556
8196
8163
7623
7031
6266
5826
5658
5602
5541
5606
5559
5505
5704
5445
5600
5476
5295
5499
5491
5461
5445
5420
5351
5398
5392
5353
5270
5082
5301
5560
5782
6230
6589
6912
6765
6634
6038
5784
5758
6090
6014
5909
5824
5763
5743
5617
5539
5531
5235
5196
4977
4915
4888
4931
4875
4939
4974
4897
4971
4874
4730
4889
4819
4837
4624
4632
4777
4814
4810
4728
4779
4693
4687
4813
4991
4938
4855
4876
4841
4693
4570
4589
4570
4566
4531
4594
4559
4628
4690
4643
4685
4639
4609
4556
4450
4417
4416
4401
4301
4455
4406
4478
4429
4455
4274
4357
4427
4486
4455
4510
4436
4428
4421
4259
4464
4422
4433
4348
4214
4238
4283
4289
4248
4176
4185
4187
4069
4315
4182
4122
4143
4234
4173
4107
4271
4191
4164
4226
4206
4367
4360
4274
4246
4159
4133
4016
4136
4077
4040
4129
4076
4109
4222
4190
4162
4310
4323
4322
4369
4211
4112
4249
4200
4346
4557
4541
4618
4512
4299
4209
4065
4023
4071
4068
3993
4095
4135
4242
4506
4892
5541
6463
7168
7501
7290
6694
5820
4986
4622
4385
4170
4286
4181
4126
4155
4109
4170
4148
4031
4145
4210
4094
4021
4039
4089
4074
4087
4067
3945
3981
4006
4102
4013
3901
3880
3997
3997
3982
3795
4019
3939
4044
3968
3920
4062
4018
4116
4078
3979
4090
4016
3985
3905
3927
4112
4065
4062
4161
3977
4023
4096
4135
4254
4516
4717
5049
5245
5124
4809
4523
4249
4257
3999
4000
3992
4202
4336
5048
6377
9280
15315
25906
41176
59523
75435
84817
82127
69889
51597
34046
21094
12935
8369
6273
5453
5174
4941
4801
4890
4661
4650
4663
4585
4596
4609
4620
4683
4698
4598
4767
4506
4745
4585
4685
4628
4536
4553
4702
4632
4663
4682
4727
4754
4931
5020
5253
5712
6208
6589
6696
6558
5969
5408
5164
4718
4628
4546
4531
4608
4662
4757
4735
4707
4775
4590
4659
4505
4498
4539
4578
4414
4595
4480
4453
4563
4544
4556
4510
4515
4537
4382
4549
4370
4613
4514
4547
4677
4576
4498
4573
4671
4654
4516
4483
4522
4401
4532
4479
4517
4662
4616
4586
4688
4615
4646
4793
4797
4992
5037
5513
5563
5756
5569
5370
4947
4853
4660
4446
4443
4728
4545
4649
4637
4591
4665
4735
4776
4573
4596
4681
4716
4651
4582
4548
4596
4536
4473
4544
4540
4326
4443
4545
4387
4249
4344
4512
4362
4432
4397
4353
4434
4518
4610
4462
4583
4436
4604
4623
4752
4805
4749
4550
4661
4608
4399
4393
4309
4457
4418
4334
4493
4425
4480
4494
4489
4617
4599
4604
4577
4482
4571
4430
4499
4421
4394
4483
4436
4345
4486
4281
4387
4596
4799
5382
6201
6963
7365
7231
6832
5925
5294
4997
4565
4578
4460
4401
4422
4429
4444
4382
4405
4305
4341
4334
4320
4378
4480
4516
4444
4456
4385
4260
4363
4489
4382
4357
4407
4410
4480
4403
4369
4512
4584
4524
4630
4637
4617
4715
4812
4623
4552
4617
4826
4936
5234
5658
5993
5967
5993
5786
5465
4967
4824
4723
4738
4586
4665
4625
4585
4792
4659
4613
4608
4617
4481
4636
4441
4625
4645
4544
4545
4645
4756
4801
4863
4657
4738
4635
4609
4709
4478
4613
4545
4456
4859
4668
4609
4730
4618
4784
4749
4918
4960
5022
4997
4818
4748
4798
4630
4909
4688
4810
4897
4975
5325
5491
5533
5379
5093
5012
4692
4634
4657
4599
4707
4675
4717
4785
4708
4644
4492
4533
4602
4640
4626
4738
4717
4865
5204
5635
6296
7276
7909
7999
7903
7103
6216
5586
4908
4743
4512
4601
4668
4761
4783
4779
4729
4773
4571
4588
4603
4548
4692
4602
4713
4735
4561
4609
4559
4701
4726
4726
4560
4601
4717
4574
4647
4680
4690
4603
4630
4523
4579
4623
4439
4489
4439
4384
4159
4203
4245
4152
4310
4436
4642
4751
4874
4986
4945
4758
4664
4393
4332
4291
4203
4213
4074
4074
4078
3990
3978
4005
4077
4122
3942
3953
3976
3966
3884
3970
3867
3934
4010
4133
4244
4404
4318
4094
3916
3801
3865
3766
3782
3777
3801
3876
3760
3806
3939
4112
4203
4429
4400
4434
4421
4189
4143
4152
3960
3788
3792
3663
3639
3589
3577
3701
3665
3545
3676
3663
3689
3603
3627
3610
3663
3865
3738
3759
3762
3717
3683
3832
3644
3731
3686
3840
3743
3720
3711
3678
3599
3525
3603
3612
3548
3531
3385
3363
3274
3179
3248
3255
3125
3121
3145
3065
3226
3081
3014
3401
3329
3569
3940
4270
4592
4723
4590
4480
4008
3782
3343
3187
3111
2792
2912
2830
2904
2902
2920
2932
2867
2932
2844
2849
2858
2744
2703
2582
2672
2607
2587
2447
2616
2514
2633
2544
2593
2768
2808
2726
2829
2687
2617
2499
2389
2359
2380
2309
2326
2303
2322
2310
2377
2316
2302
2438
2405
2328
2399
2373
2317
2194
2172
2107
2174
2078
2139
1999
2096
2152
1957
1904
1915
1972
1965
1925
1953
1918
1836
1895
1796
1922
1855
1836
1864
1865
1898
1831
1863
1876
1841
1880
1863
1823
1834
1751
1597
1689
1717
1727
1702
1617
1749
1626
1701
1700
1704
1660
1674
1626
1586
1679
1714
1671
1566
1654
1516
1589
1513
1529
1517
1537
1474
1507
1654
1641
1870
1999
2259
2489
2687
2584
2375
2166
1949
1883
1789
1745
1867
1747
1767
1776
1785
1688
1912
2152
2499
2865
3003
2893
2616
2326
1934
1943
1712
1693
1706
1567
1580
1544
1607
1572
1553
1600
1691
1685
1649
1717
1616
1628
1586
1484
1550
1607
1662
1745
1915
1977
1849
1794
1684
1510
1494
1451
1371
1468
1425
1459
1539
1572
1699
1747
1682
1739
1637
1619
1529
1529
1473
1504
1530
1498
1479
1519
1585
1516
1493
1582
1660
1680
1751
1869
1911
1877
1778
1643
1607
1607
1521
1539
1502
1547
1815
2797
5341
11882
26046
48849
79214
106649
122366
115970
91144
60199
33041
15672
6584
2823
1592
1303
1164
1162
1181
1160
1154
1099
1051
1126
1035
1055
1099
1094
1048
1093
1027
1160
1111
1088
1134
1156
1076
1090
1167
1162
1144
1174
1153
1171
1168
1198
1201
1238
1389
1339
1373
1306
1257
1216
1166
1113
1109
1068
1115
1054
1051
1077
1172
1096
1233
1249
1322
1303
1409
1457
1409
1302
1262
1238
1158
1107
1084
1089
1109
1050
1066
1082
1123
1155
1141
1295
1398
1450
1543
1514
1404
1365
1238
1209
1153
1101
1065
1100
1104
1091
1090
1148
1159
1121
1211
1156
1157
1139
1125
1155
1334
1336
1373
1394
1382
1260
1211
1203
1195
1099
1177
1247
1364
1468
1485
1426
1446
1420
1350
1217
1115
1091
1067
1057
1088
1037
1064
1059
1027
1060
1121
1048
1032
1056
1019
1121
1037
1076
1038
1104
1090
1085
1076
1028
1036
1077
1035
1011
1050
1114
1107
1144
1088
1125
1037
1051
1072
1055
1103
1080
1122
1070
1047
1075
1095
1114
1153
1179
1210
1247
1252
1240
1134
1078
1120
1064
1113
1014
1072
1023
1040
1011
1024
1086
1058
1107
1090
1183
1120
1126
1129
1089
1095
1117
1096
1081
1059
1030
1098
1116
1062
1101
1038
1018
1067
1041
1049
937
1011
990
992
1021
961
1093
1063
1054
1047
1003
977
1043
979
1021
1030
1033
1081
1135
1210
1312
1311
1312
1277
1260
1233
1347
1561
1916
2445
2902
2989
2851
2477
1968
1521
1258
1086
1053
1028
1039
980
1017
979
1021
1001
962
959
930
1002
1018
1030
986
1023
959
1056
1140
1104
1108
1089
1080
1121
999
964
955
946
1025
941
945
954
983
934
1012
997
940
1050
1046
1090
1043
998
1005
1109
1155
1135
1113
1077
1073
1037
1013
1014
975
947
907
992
934
946
947
976
1075
1045
1051
1113
1041
998
1031
942
899
946
880
885
919
862
897
964
941
894
924
889
903
969
877
872
927
904
916
962
962
923
959
928
901
934
902
931
926
922
961
971
905
964
978
984
1046
947
916
929
906
992
923
898
927
915
953
941
939
894
950
911
932
960
878
871
891
940
879
939
1056
1159
1462
1765
2016
2229
2143
1873
1603
1323
1036
1030
915
927
854
898
874
873
903
884
912
962
1004
1006
1013
1019
989
1010
1136
1234
1456
1637
1791
1820
1902
1725
1446
1335
1129
1053
982
982
871
925
902
922
1047
1206
1491
1668
1780
1887
1683
1483
1243
1102
1030
1036
1266
1614
2069
2659
3215
3405
3133
2621
2022
1556
1253
1027
1022
933
977
966
901
978
966
1140
1153
1462
1950
2406
2899
3258
3226
2930
2342
1943
1542
1430
1356
1297
1268
1297
1240
1129
1099
1014
1036
991
1004
1037
1035
1053
1051
1025
1116
1186
1314
1682
2122
2477
2813
2716
2553
2066
1618
1345
1221
1122
1072
1099
1062
1103
1040
999
1044
962
1020
960
1049
1042
951
957
991
995
968
989
1042
986
961
993
1018
1008
984
1013
1054
1036
993
942
1004
968
1069
1059
1048
1210
1471
1768
2062
2216
2143
1990
1734
1589
1470
1462
1430
1367
1338
1231
1180
1134
971
1051
1012
980
1016
1040
1055
1026
1028
1030
1079
1048
976
1058
1083
1105
1053
1056
1041
1117
1062
1064
1064
1066
1060
1127
1062
1053
1046
1033
1076
1060
1057
1029
1001
1053
1037
1006
1026
1083
1027
995
1056
987
1005
993
1053
1007
1021
1012
992
1012
983
978
1009
979
980
996
1038
1044
1146
1291
1379
1616
1904
2402
2581
2564
2304
1973
1674
1437
1327
1248
1395
1312
1272
1285
1162
1121
1035
992
1014
1077
1074
1022
1034
1038
953
1067
1000
984
1008
955
983
975
1039
1071
1068
1164
1182
1300
1241
1255
1208
1170
1101
1115
1261
1433
1560
1843
1900
2028
1897
1784
1525
1371
1256
1100
999
997
1042
1021
1027
998
947
944
1010
1043
1000
1076
1024
1046
1015
1074
1107
1132
1195
1144
1128
1122
1104
1102
1044
1003
1031
1013
1028
988
957
1028
1003
1047
1064
1024
1045
1053
1054
983
1026
1106
993
1009
1043
1091
1056
972
1033
977
1019
921
975
979
1001
992
975
1001
1007
1040
998
1036
1062
960
1022
975
981
987
999
1011
1033
1060
1066
1056
1092
1079
1083
1051
1110
1080
1139
1092
999
977
963
1072
984
971
1114
1079
1032
1095
1069
1129
1131
1150
1079
1020
1000
1000
1022
996
1041
1037
1107
1157
1297
1492
1595
1685
1671
1637
1428
1332
1273
1057
1101
1091
1062
1101
1075
1040
1126
1221
1312
1403
1496
1628
1594
1450
1319
1207
1161
1086
1112
998
990
993
1063
1065
1067
1069
1103
1099
1098
1091
1089
1017
1097
1097
1026
1033
1020
1088
987
1020
963
1008
1086
1133
1209
1305
1492
1307
1365
1243
1205
1191
1121
1110
1028
1094
1037
1032
1056
983
1025
979
950
1041
1081
1063
1027
1033
1060
1052
1041
1037
1063
1007
1042
1057
1037
1058
1046
1104
1201
1334
1623
1906
2234
2656
2662
2418
2042
1657
1436
1218
1112
1079
1078
1113
1089
1038
1118
1067
1092
1165
1094
1048
1074
1075
1076
1085
1091
1060
1111
1028
1093
1116
1124
1147
1134
1098
1165
1099
1181
1200
1179
1121
1104
1118
1093
1065
1117
1070
1096
1114
1068
1116
1094
1099
1119
1044
1041
1063
1060
1032
1097
1058
1091
1074
1062
1144
1078
1059
1088
1056
994
1021
1001
967
1063
962
1006
1041
1005
953
945
992
995
1024
1039
967
1038
1017
1032
949
978
1081
972
1013
988
1018
963
1079
976
1043
1102
1062
981
986
954
1033
969
1012
976
1016
983
981
980
1043
982
1031
1031
959
987
1013
949
928
963
958
944
922
951
957
941
920
1008
940
1033
875
948
963
979
883
947
893
928
954
983
996
973
995
966
1008
950
902
958
904
951
886
974
938
941
919
948
977
898
907
875
911
880
866
882
895
832
900
911
912
922
900
874
908
856
865
885
906
844
944
889
919
890
869
907
837
906
878
904
923
931
986
895
846
886
989
860
874
911
954
956
968
881
870
881
804
858
877
850
819
878
861
846
810
847
854
882
869
852
895
847
820
835
811
809
853
891
819
834
843
810
878
851
800
857
840
899
850
809
890
807
885
916
877
878
947
923
890
958
901
895
1015
1123
1350
1671
1944
2112
2080
1879
1519
1281
1066
944
910
815
877
865
863
761
807
834
803
781
841
807
812
815
919
942
1125
1465
1830
2592
3520
4445
4986
5297
5011
4215
3261
2428
1730
1297
1047
993
998
885
899
1029
1008
1325
1603
2219
3038
3950
4595
4704
4599
3885
3214
2464
1855
1400
1207
1074
1028
1019
865
890
867
852
849
928
901
865
957
961
997
1019
959
894
936
894
929
865
898
891
915
920
907
897
856
936
937
975
919
986
924
932
949
900
890
953
855
898
871
858
858
893
866
917
922
916
901
861
893
835
908
864
903
853
867
888
888
911
972
1161
1272
1614
2151
2518
2964
3172
3020
2832
2422
1894
1760
1634
1473
1435
1290
1173
1040
987
922
901
905
897
896
961
884
862
817
927
821
830
884
904
857
903
859
902
868
925
945
926
925
944
1001
931
907
875
877
848
888
938
893
938
916
834
849
906
869
878
927
907
857
969
941
901
936
831
878
880
811
868
843
865
847
808
891
857
817
905
867
938
878
902
957
866
947
889
963
970
907
1022
1100
1147
1202
1295
1291
1237
1062
952
898
860
805
835
852
865
889
818
817
944
835
873
876
840
835
831
834
919
833
882
831
858
828
854
837
786
865
962
1047
1128
1432
1734
1925
1968
1884
1674
1369
1102
978
931
850
823
905
855
834
841
857
816
858
830
888
863
861
851
829
806
858
843
801
837
796
823
837
806
802
818
800
841
820
857
843
826
888
891
881
873
868
860
846
843
860
869
817
823
834
796
765
826
791
829
792
790
837
855
760
801
803
847
789
810
828
792
825
785
808
789
777
783
816
788
785
819
840
801
818
854
785
792
849
838
813
819
815
804
847
778
805
786
899
824
830
842
817
779
872
792
842
781
839
846
759
803
765
802
910
962
1080
1302
1454
1529
1584
1522
1321
1149
993
878
892
892
836
859
821
851
923
1027
1134
1272
1414
1564
1427
1402
1176
1040
906
824
799
773
852
807
761
741
802
819
843
783
824
805
818
773
791
788
754
772
735
719
765
770
743
829
789
793
774
725
794
790
749
821
800
733
828
806
773
775
812
733
729
783
814
773
801
735
762
774
779
837
799
813
817
789
750
743
801
831
760
874
898
1068
1274
1660
2207
2829
3375
3662
3604
3229
2558
2126
1589
1182
1027
898
793
816
838
742
725
748
770
782
778
742
786
730
784
781
702
764
764
752
791
735
794
797
789
848
813
822
826
775
786
785
757
768
716
752
822
859
1000
1139
1219
1305
1201
1168
1006
883
837
778
764
695
738
755
708
733
728
735
670
708
745
745
730
688
703
700
657
727
746
725
688
704
683
634
704
704
762
827
891
1002
1253
1360
1481
1435
1320
1134
967
844
840
670
694
713
697
711
683
680
683
694
661
652
685
669
667
698
701
678
681
688
676
651
734
659
655
671
637
676
686
649
613
655
677
687
714
679
688
647
654
699
664
646
629
629
610
575
581
645
575
601
630
623
584
629
611
629
578
623
645
592
581
645
609
617
661
572
594
607
588
586
624
553
572
591
563
574
556
603
584
572
589
595
644
550
610
553
546
593
602
616
561
603
533
601
530
584
614
562
571
596
550
559
580
574
549
549
553
585
557
549
551
507
566
513
562
541
613
537
565
509
573
527
552
574
577
559
553
576
582
544
531
552
528
572
537
546
548
589
569
495
535
544
571
556
547
574
546
561
557
550
550
552
580
554
602
561
587
602
607
576
741
928
1231
1583
2048
2303
2368
2285
1758
1412
1026
861
705
649
588
616
580
636
588
624
568
610
661
659
705
794
962
1513
2318
3260
4618
5487
5580
5045
3972
2893
1887
1241
857
679
651
623
617
606
640
702
912
1320
1970
2873
3779
4611
4799
4727
3834
2711
1820
1140
838
693
585
611
607
567
563
597
593
547
562
571
579
614
557
564
551
555
603
564
599
577
592
554
580
622
609
564
615
599
547
556
565
610
540
610
595
595
579
552
565
622
615
604
570
607
590
625
580
599
599
603
589
629
600
582
651
595
598
574
583
651
594
647
743
956
1270
1703
2377
2917
3079
2950
2592
1898
1402
1022
752
679
645
553
536
549
577
575
601
569
566
619
583
559
574
565
582
546
552
551
576
537
540
556
555
566
626
615
611
577
623
594
577
570
582
599
586
577
555
539
562
576
533
592
560
585
618
614
603
608
589
548
567
574
527
576
607
551
569
574
539
562
558
520
572
555
569
563
587
581
553
570
582
576
573
587
580
566
551
563
592
559
523
573
606
579
521
586
543
556
558
531
568
533
565
528
518
576
521
564
574
537
523
566
523
552
553
547
551
549
572
541
551
538
530
575
573
548
552
573
536
536
598
531
594
567
558
516
567
532
542
531
577
596
595
527
550
551
540
552
540
587
517
509
524
542
533
581
553
504
507
544
524
539
548
540
554
568
529
519
551
536
574
522
512
549
525
536
578
541
521
521
488
501
523
513
522
485
515
510
480
482
514
459
517
513
521
535
490
514
486
506
474
485
509
508
463
483
477
468
480
480
499
484
464
476
452
512
469
509
545
491
549
556
754
990
1369
1915
2503
3032
3124
2847
2440
1884
1432
967
716
683
595
578
597
589
556
582
588
600
622
573
582
548
557
582
580
554
539
577
553
553
574
549
554
575
562
545
578
535
584
611
592
552
551
546
564
569
581
576
537
576
578
607
533
602
571
576
571
568
543
541
578
558
580
563
570
587
526
571
561
529
595
548
551
555
581
599
599
599
582
597
608
605
566
552
566
591
584
556
573
562
576
527
584
556
543
573
578
571
596
543
552
591
618
655
770
975
1290
1941
2542
3265
3655
3520
3070
2478
1856
1214
905
653
570
532
577
529
545
547
542
525
555
551
526
525
546
501
493
541
527
538
522
556
506
494
477
536
549
556
503
484
467
519
485
550
571
598
709
757
930
1173
1352
1555
1557
1495
1367
1175
1014
830
688
637
589
611
549
520
469
518
518
549
499
525
530
525
533
511
506
547
556
517
479
590
544
567
521
595
641
684
850
1030
1299
1590
1874
1991
1836
1701
1482
1209
922
734
636
555
531
534
558
496
514
527
487
502
525
534
471
506
547
532
526
523
516
556
552
521
563
601
607
569
552
519
545
571
516
521
499
543
560
539
530
524
512
491
525
547
547
512
536
536
523
518
485
519
528
569
547
516
530
536
511
522
505
471
526
513
528
523
481
462
520
496
487
510
537
490
539
552
533
563
501
534
495
490
536
506
540
504
550
512
499
556
489
498
513
543
477
491
506
479
563
513
503
529
515
505
528
501
456
502
543
526
529
514
509
532
485
505
515
477
498
488
490
489
470
488
503
544
498
515
474
525
502
522
484
495
504
504
524
482
537
503
481
521
539
481
516
499
509
517
497
516
498
503
515
505
526
535
555
578
586
641
890
1145
1563
2189
2809
3499
3923
4086
3715
3118
2428
1731
1242
947
736
607
583
511
544
582
511
542
592
534
504
502
547
536
517
527
537
529
526
555
565
551
543
526
574
523
568
571
581
573
560
558
530
568
527
544
545
594
560
563
561
577
553
530
558
560
558
580
505
570
532
559
577
564
540
573
570
575
592
555
572
544
555
559
573
609
519
576
546
598
586
568
556
542
598
552
567
568
564
573
549
587
588
543
536
612
540
581
580
557
576
576
550
592
566
540
539
526
568
581
602
579
545
531
507
547
569
546
546
536
522
517
533
540
543
544
565
572
533
569
483
482
490
494
587
510
517
512
485
505
493
494
515
504
488
504
500
512
500
495
486
453
502
452
516
508
521
507
519
492
465
492
492
517
478
503
492
497
506
489
471
469
505
508
509
479
455
485
496
448
447
446
466
476
448
434
471
491
498
453
481
465
483
456
482
401
484
455
512
466
439
467
442
464
436
458
442
431
473
485
451
482
583
600
675
683
685
621
611
515
527
436
474
437
427
474
450
432
451
440
458
448
422
466
451
470
437
460
442
412
406
430
447
432
444
409
472
461
409
484
409
464
416
466
445
477
484
492
471
441
438
440
446
435
405
439
414
475
448
442
423
417
471
422
443
427
399
447
405
425
385
419
450
446
410
416
403
392
396
423
402
420
400
407
404
398
383
420
411
426
412
412
382
408
411
404
440
421
415
388
400
410
400
410
411
398
421
382
414
386
420
368
412
397
388
401
393
414
405
398
391
405
413
415
422
395
371
413
401
405
431
448
500
637
840
1269
1732
2728
3749
4628
5198
5538
5035
4221
3393
2482
1669
1093
816
604
507
527
452
485
472
469
424
429
449
470
398
458
436
428
432
418
384
451
391
419
413
386
377
430
427
398
402
389
419
413
388
422
399
409
408
394
428
354
405
369
430
396
358
423
418
380
400
412
406
407
380
377
428
397
380
396
379
368
380
403
401
448
405
406
393
424
401
426
385
377
414
359
383
408
402
406
398
405
410
379
386
373
388
375
372
382
381
386
397
403
372
346
386
426
376
397
410
378
390
377
395
395
400
351
382
366
396
387
395
347
394
352
343
385
369
395
379
401
354
339
379
373
366
362
378
337
335
369
388
349
368
356
329
378
341
348
336
365
375
375
371
450
531
704
957
1152
1320
1364
1343
1136
977
776
625
545
430
423
419
349
350
356
342
351
347
331
310
314
334
321
330
322
337
316
345
324
329
322
333
335
376
369
425
555
783
1045
1306
1551
1773
1675
1494
1194
836
591
467
352
324
313
290
294
278
345
273
297
316
259
271
325
287
281
300
330
324
313
288
291
314
353
363
323
346
325
268
302
324
285
295
261
320
290
278
286
299
305
290
318
306
288
302
339
310
328
305
290
311
298
306
292
307
293
322
306
291
310
308
260
309
314
304
264
298
269
290
321
279
306
325
269
306
295
280
265
279
305
295
263
293
278
261
313
283
294
290
278
297
286
291
271
296
314
272
277
292
280
259
289
264
247
279
303
303
275
317
287
283
244
297
268
276
291
274
287
268
304
284
273
294
269
254
293
287
272
315
287
280
258
295
281
298
300
278
297
303
266
290
259
280
302
277
294
296
291
282
290
303
283
276
284
302
302
277
317
345
462
638
1143
1700
2383
3035
3510
3632
3253
2553
1726
1142
692
464
324
269
274
260
265
235
233
266
247
248
221
251
252
236
241
240
229
236
240
262
224
223
210
243
212
233
222
226
239
248
226
212
236
247
231
227
226
245
229
229
241
227
236
241
217
223
217
238
227
213
211
252
265
224
222
202
230
233
199
224
222
253
245
213
201
209
229
215
198
235
224
241
276
306
395
557
710
858
993
1041
970
803
653
487
329
293
264
257
252
234
256
248
244
259
223
244
252
227
233
231
242
240
211
238
226
218
237
222
222
223
195
197
214
223
213
208
227
225
203
201
200
209
188
183
182
191
199
194
200
178
177
202
174
166
185
201
215
212
186
193
185
192
161
200
169
183
170
172
207
172
177
176
201
182
210
176
180
186
168
174
190
178
177
153
154
174
174
199
163
180
179
138
155
169
160
173
156
153
152
158
169
157
159
157
144
165
156
150
144
157
146
138
162
146
136
132
148
176
204
200
289
364
431
497
577
663
575
519
443
364
260
210
172
171
156
152
151
145
118
127
142
145
146
141
140
162
133
117
144
150
136
143
143
123
118
131
123
162
148
160
156
182
185
194
197
218
225
217
155
163
152
153
142
159
129
137
149
125
133
140
139
133
145
127
145
110
131
137
122
135
134
125
169
133
140
145
158
151
126
135
119
125
133
153
139
149
129
132
146
156
121
127
146
116
132
127
137
131
115
117
129
118
149
126
132
124
128
133
165
135
131
138
139
120
127
127
121
115
148
110
138
119
139
128
136
140
124
136
145
126
112
158
181
228
393
713
1215
1987
2982
4004
4546
4720
4362
3513
2458
1650
927
499
293
185
148
127
125
123
117
116
121
99
120
99
126
107
110
123
112
109
126
120
131
117
127
95
96
116
107
119
114
111
119
108
132
122
93
97
120
116
114
115
102
103
120
122
91
105
113
114
114
107
103
115
105
96
104
108
121
97
108
120
120
108
123
119
99
121
97
98
111
96
115
109
117
110
102
121
102
115
113
106
128
120
115
121
124
121
106
126
106
92
92
118
114
115
112
109
136
105
117
121
106
119
101
110
115
111
97
108
101
117
106
133
114
93
95
110
104
115
121
129
106
107
112
102
129
107
112
104
114
126
109
121
124
110
119
136
131
108
116
119
123
100
113
106
106
112
109
109
125
120
164
166
200
197
195
226
179
177
178
135
105
127
114
111
91
122
109
118
114
102
126
136
102
113
121
117
105
121
118
103
119
117
105
103
114
97
128
108
121
129
143
117
105
109
104
115
103
99
123
118
128
107
122
107
111
117
109
110
100
103
110
106
114
107
120
98
105
102
113
87
105
105
106
100
102
101
110
102
100
99
105
111
92
100
93
107
85
94
102
101
108
105
100
99
112
113
90
104
99
91
92
85
103
88
77
97
95
102
98
103
88
93
88
91
75
83
84
101
112
97
77
93
85
100
100
67
90
95
82
91
102
96
83
69
87
85
68
93
71
98
97
75
78
90
94
91
73
87
80
72
81
78
90
76
77
71
60
73
84
66
72
80
75
77
88
72
74
79
70
83
83
66
90
69
72
83
66
65
69
66
76
79
69
63
72
80
71
77
70
69
67
64
89
65
66
79
82
73
80
70
61
65
71
68
76
64
65
68
65
70
65
60
60
84
69
68
59
66
61
63
66
62
63
70
72
72
59
61
63
48
66
77
57
66
62
76
70
52
69
72
54
68
69
67
76
66
65
76
63
67
65
46
63
57
66
68
69
70
58
58
52
75
50
63
49
56
61
49
74
60
53
59
53
56
42
63
59
58
47
56
70
46
54
64
51
74
76
82
149
246
388
591
817
1201
1473
1543
1618
1507
1272
955
646
420
286
174
140
97
101
89
70
73
81
62
81
51
70
80
75
77
61
71
89
64
76
56
81
76
80
72
54
66
68
63
69
71
75
60
72
65
94
78
69
83
82
74
74
73
70
83
85
73
68
67
75
73
89
63
76
75
58
64
66
81
63
74
73
72
60
75
73
56
78
67
80
80
57
64
62
70
61
68
68
64
69
66
71
81
64
67
80
78
82
74
73
65
80
74
58
63
78
80
69
71
91
71
68
77
74
83
73
62
81
72
73
71
69
77
107
144
199
266
366
463
488
482
407
291
228
160
94
91
81
71
65
49
69
66
62
68
63
66
57
56
63
82
64
68
54
52
77
59
60
67
52
67
58
65
55
88
100
85
131
132
142
147
128
89
99
87
72
68
53
49
54
56
64
50
58
52
73
63
72
57
58
70
66
51
71
63
69
55
74
71
67
56
56
67
56
51
57
57
59
56
53
53
49
58
62
61
53
72
58
54
61
60
65
70
50
74
58
57
47
73
70
62
57
70
73
68
69
67
53
65
52
78
55
69
73
69
55
52
60
76
86
67
59
57
64
58
55
60
79
62
65
66
70
72
66
46
66
68
74
74
64
66
68
52
66
66
68
47
50
57
78
62
60
59
51
71
64
56
71
51
45
49
62
65
53
47
63
57
58
63
51
59
59
67
64
59
46
61
55
61
64
45
62
58
50
55
75
63
64
59
69
68
67
48
53
61
51
59
68
70
65
46
69
51
65
77
64
46
65
61
61
55
67
57
58
49
54
73
65
63
61
57
60
58
76
59
62
69
56
79
68
64
71
59
66
66
68
60
78
51
57
54
56
63
60
78
60
49
36
57
60
52
38
62
44
61
50
64
54
51
56
46
52
48
53
46
57
50
46
47
54
44
49
46
45
48
56
49
43
53
50
58
43
65
51
57
52
47
48
43
41
45
52
41
51
54
52
52
44
42
56
49
46
40
52
53
49
39
55
42
41
43
46
52
60
57
37
50
40
51
54
49
49
53
59
48
40
47
47
55
45
45
47
45
51
48
51
39
44
35
56
52
34
44
44
44
42
47
46
39
60
50
29
43
37
42
34
34
28
33
41
30
37
38
37
32
38
36
38
41
42
47
37
42
38
34
37
38
39
19
32
40
42
38
18
30
27
31
29
38
25
30
33
32
25
21
25
32
20
19
20
26
38
29
24
20
25
30
31
25
21
27
18
16
20
19
25
25
30
26
21
14
23
20
25
27
28
29
15
21
25
24
20
22
19
17
16
18
17
23
15
20
10
20
16
10
24
7
18
24
18
14
15
17
7
18
19
14
13
14
21
15
17
20
7
21
25
12
14
11
13
13
11
10
11
19
15
16
14
11
10
12
12
18
13
10
12
11
11
8
12
7
19
18
11
16
9
12
8
19
17
15
5
11
11
15
7
16
18
16
8
7
13
10
10
8
11
13
15
11
7
7
14
11
14
17
12
12
11
13
8
5
9
13
11
13
10
12
11
15
12
8
11
11
9
15
12
4
11
10
12
8
10
14
15
13
6
8
6
12
11
10
6
9
8
11
17
13
8
7
10
7
15
9
15
12
17
13
8
19
24
49
90
200
360
577
821
1079
1324
1354
1210
912
696
464
247
129
60
23
21
7
7
8
9
2
11
6
5
7
4
2
6
7
9
6
6
6
2
5
4
5
4
10
9
6
6
7
5
4
6
6
4
3
6
2
7
5
8
4
8
2
5
5
6
4
2
10
3
0
2
5
6
7
3
3
5
13
6
2
3
4
4
8
6
0
5
5
5
7
10
7
5
5
5
5
5
3
6
3
2
5
3
2
6
1
2
7
9
6
2
3
5
8
4
2
6
0
8
4
5
9
3
3
7
6
8
5
5
3
10
5
9
8
7
7
3
12
7
7
2
6
3
4
6
6
6
11
9
6
3
7
3
10
3
9
9
2
5
9
4
4
8
5
3
2
8
3
12
2
4
3
3
7
6
1
2
5
4
3
5
6
6
2
5
3
10
7
7
4
3
5
8
7
3
5
9
3
5
1
3
4
3
4
7
6
5
7
4
3
7
4
2
7
3
5
5
4
5
11
2
6
5
6
1
6
5
4
5
4
5
2
6
6
6
3
3
2
4
5
1
5
3
4
5
2
4
3
3
5
2
5
3
4
5
3
4
2
7
5
8
3
3
4
3
2
6
3
4
3
13
7
6
5
7
8
7
4
1
2
6
3
4
5
2
9
6
6
4
4
2
9
3
4
5
5
6
2
5
5
3
4
7
7
6
5
5
5
6
3
2
4
3
7
2
6
3
5
5
3
3
1
0
2
6
11
1
7
3
3
6
4
2
3
4
3
6
4
5
5
2
2
2
2
3
7
6
7
1
6
5
4
7
7
5
5
3
2
2
5
3
5
4
4
5
4
7
6
4
5
2
4
4
5
6
4
3
2
3
6
3
7
3
3
5
3
2
4
9
1
9
7
5
9
2
3
4
4
8
5
4
8
5
5
4
3
6
0
2
5
6
2
3
4
4
3
7
4
5
4
3
7
5
4
4
2
7
3
5
5
4
5
7
8
3
5
5
1
8
6
3
2
8
11
5
5
2
4
10
3
6
2
4
2
3
4
4
2
5
5
3
5
6
7
3
4
9
11
6
8
8
4
7
2
6
4
6
2
3
6
6
6
1
0
5
2
5
2
2
4
4
3
4
2
3
2
5
4
3
6
5
4
3
7
4
4
2
7
4
4
5
7
4
4
3
4
3
5
5
2
5
4
5
1
6
6
4
4
6
4
6
4
7
5
1
5
4
9
6
4
5
8
5
6
3
4
5
7
10
9
4
1
4
0
4
0
8
7
5
2
2
6
6
5
5
5
4
5
10
5
8
4
2
4
1
5
5
5
7
5
4
3
2
7
5
5
5
3
7
3
4
4
4
6
5
4
4
3
3
6
4
4
7
4
4
4
2
6
1
5
5
6
2
1
4
3
1
5
2
4
5
3
3
1
6
2
2
7
9
4
4
1
4
5
1
4
4
6
5
7
2
2
4
3
2
6
2
3
0
5
2
4
4
2
1
3
4
1
5
2
5
0
3
2
4
7
5
3
6
3
4
8
3
3
1
5
3
9
4
3
5
5
4
6
9
3
4
3
2
5
2
5
2
2
3
4
1
4
5
2
4
2
5
3
5
2
3
5
1
6
6
5
3
1
5
3
7
4
1
2
4
6
9
0
2
5
6
5
3
2
4
2
3
2
5
2
2
3
3
2
2
2
3
5
3
6
3
3
4
6
2
4
8
1
1
4
5
2
9
3
6
1
7
2
4
6
2
6
1
1
5
7
3
6
7
5
5
3
4
0
6
6
3
9
6
6
3
5
4
0
5
5
4
4
4
4
3
6
4
3
3
5
4
8
3
4
4
5
5
6
6
4
4
3
5
5
3
4
4
5
6
10
5
2
3
4
3
1
2
4
1
4
3
0
1
2
4
4
4
3
4
3
2
4
6
9
2
5
5
12
7
3
9
6
6
1
10
2
9
4
3
2
5
4
6
0
4
0
4
4
2
2
2
4
3
2
9
2
3
3
2
2
2
2
3
1
4
0
2
1
2
2
4
5
8
2
8
5
5
2
5
7
4
2
6
4
3
1
5
1
3
5
3
1
2
4
5
3
1
2
6
1
1
1
3
1
6
2
4
5
1
4
2
3
2
6
3
4
5
1
3
4
2
1
5
3
0
2
4
2
2
2
5
3
4
3
2
3
2
3
4
6
4
2
1
3
1
1
5
4
3
3
0
2
4
5
2
2
2
3
2
6
6
1
9
5
4
2
3
2
3
2
3
2
2
4
6
1
2
1
5
2
4
1
2
6
6
5
4
5
2
2
4
1
3
4
1
7
5
2
1
5
6
5
4
3
3
4
2
6
1
2
5
1
3
1
4
2
5
2
5
2
4
2
4
3
4
4
4
5
8
5
3
2
3
5
2
2
4
4
0
1
6
3
1
2
0
2
2
1
4
5
4
3
1
4
0
2
4
2
7
2
4
3
1
3
3
3
5
5
3
3
1
4
6
1
3
1
4
4
3
5
3
2
3
6
3
3
4
3
4
5
5
5
3
4
1
2
4
1
3
4
3
4
2
5
3
3
4
1
2
4
2
1
4
4
2
3
7
0
5
0
1
2
2
1
2
4
4
1
3
2
4
7
4
12
5
2
4
3
5
0
1
2
7
3
4
5
3
4
1
3
5
3
2
2
1
2
4
3
2
2
2
1
2
3
7
2
2
2
3
2
2
2
3
2
3
3
4
5
4
5
4
3
5
0
1
1
7
3
2
5
2
3
1
3
4
1
2
3
7
3
2
1
1
4
4
5
3
2
2
5
3
3
4
2
2
0
4
2
1
5
5
5
5
2
6
3
5
2
5
4
2
2
3
5
0
4
2
2
5
1
6
7
4
2
3
1
2
4
1
3
2
1
2
4
3
4
0
3
4
3
3
6
2
3
1
3
4
1
5
4
2
3
3
0
3
3
3
0
0
4
2
2
3
7
2
2
3
4
5
3
4
5
2
3
2
1
1
2
3
3
1
3
2
1
5
4
4
2
1
2
1
2
6
1
4
5
2
2
5
6
0
3
3
7
1
2
2
3
3
2
3
5
7
3
4
3
1
5
1
1
5
1
3
2
2
1
1
1
6
0
3
1
0
4
1
2
1
4
4
5
1
5
0
2
1
1
1
2
5
7
5
3
4
0
2
2
4
7
3
4
3
3
5
5
6
1
3
1
1
3
3
3
3
5
7
3
3
0
2
4
3
2
3
6
1
5
1
3
0
2
2
3
3
3
2
4
1
4
2
3
1
1
4
4
2
4
1
2
3
4
6
4
3
1
3
0
1
2
4
4
1
2
1
2
3
1
4
6
2
2
3
1
5
2
1
2
1
3
1
0
0
1
0
4
3
4
4
3
3
1
6
1
2
1
0
1
1
6
1
4
3
3
1
1
2
2
0
1
1
2
5
4
2
3
1
2
2
3
2
2
1
4
0
1
2
2
2
0
1
2
1
0
1
1
1
2
3
3
4
4
4
2
2
0
0
3
3
2
1
3
0
4
3
0
1
4
5
3
3
4
4
8
3
3
9
7
11
3
2
4
3
4
2
2
1
2
2
3
1
3
1
2
1
3
3
4
2
4
3
1
5
2
1
0
0
1
3
1
5
3
4
1
0
5
3
1
6
4
2
5
3
1
2
1
2
4
2
2
2
4
4
3
3
0
3
3
0
2
1
0
3
3
3
2
0
1
3
3
1
2
2
6
0
1
1
1
0
3
3
3
2
4
3
1
5
0
2
4
6
5
4
1
0
2
2
3
1
0
2
3
5
4
0
0
3
2
1
2
0
5
3
2
1
6
4
1
1
3
3
4
2
0
3
2
3
4
3
3
3
3
0
2
2
2
2
1
4
2
2
2
1
2
4
3
2
5
5
0
3
3
1
2
5
4
1
3
1
0
1
4
2
1
0
3
2
5
1
1
0
1
1
3
0
3
2
4
1
4
3
2
1
4
2
1
1
3
0
1
2
2
2
2
1
1
2
1
2
4
3
4
3
5
2
3
6
4
5
1
7
1
2
1
3
0
3
0
0
2
3
6
2
4
3
1
1
2
1
5
2
3
2
5
2
4
3
1
2
2
0
4
3
0
1
3
0
4
4
1
2
3
2
4
2
1
3
0
2
0
4
2
2
5
0
3
5
0
1
1
2
4
2
2
2
4
4
1
1
2
0
2
2
2
0
3
3
3
1
1
1
3
3
1
1
2
1
4
2
3
2
0
4
2
2
6
0
1
1
2
2
1
0
1
5
4
4
2
0
1
2
1
3
2
1
1
9
2
3
1
0
1
2
4
1
2
0
4
2
0
3
1
3
4
0
2
3
2
4
2
2
2
2
3
2
2
0
1
2
4
1
2
2
0
1
1
6
3
0
2
2
2
3
2
1
2
3
0
2
3
1
3
3
0
2
1
2
0
1
2
2
2
2
1
1
2
2
0
1
2
2
4
6
2
2
2
3
3
2
3
2
3
2
4
0
2
3
3
4
1
5
2
0
0
2
1
1
0
2
2
5
2
2
1
2
3
3
3
1
3
7
0
0
1
4
2
4
1
2
3
1
1
2
3
1
2
3
2
1
6
1
2
0
1
3
1
3
0
3
2
1
0
2
1
2
0
0
1
3
3
2
2
1
0
3
1
1
0
3
2
3
0
1
1
1
5
1
2
3
0
2
2
1
2
0
2
2
2
1
0
3
3
2
1
2
1
3
4
1
4
3
1
4
1
0
5
5
0
3
1
0
3
0
3
2
2
1
2
4
1
0
3
1
3
4
0
3
1
2
1
3
3
1
1
5
3
2
3
3
2
1
3
3
1
3
2
4
1
2
2
2
2
0
2
3
1
5
5
2
2
3
2
0
3
2
0
0
4
3
1
2
2
1
1
6
2
0
6
2
1
2
3
1
2
4
0
3
3
1
1
3
0
0
1
1
4
0
1
1
5
6
1
2
3
0
2
2
2
3
3
1
0
3
2
0
1
2
1
1
3
1
1
1
2
2
3
0
2
0
1
1
3
2
1
5
1
1
2
1
1
1
2
1
1
1
2
0
4
0
3
0
5
0
2
6
4
3
0
4
3
1
3
3
2
6
3
3
5
3
2
3
3
0
1
1
1
3
2
0
2
2
0
3
1
4
3
2
1
4
2
1
2
2
3
2
0
2
2
6
2
1
3
0
1
2
1
1
0
1
3
1
2
0
2
4
2
0
2
2
0
0
1
0
4
1
4
1
2
3
3
2
5
1
1
0
1
2
2
0
0
0
1
1
2
7
6
2
1
1
1
0
4
1
1
3
4
0
4
1
3
3
1
0
5
2
1
1
1
3
0
2
1
0
2
1
0
2
1
4
1
2
3
1
1
2
3
1
4
0
2
0
1
3
3
2
0
1
3
4
0
0
3
0
1
0
3
2
0
1
2
3
3
2
2
2
0
2
0
3
0
6
1
2
2
3
4
3
2
2
3
4
0
2
2
0
3
1
3
0
1
1
2
1
4
0
0
3
3
1
4
1
1
1
1
1
0
4
1
0
2
2
2
2
2
1
3
1
0
3
1
4
1
1
2
1
0
2
2
3
1
1
2
0
0
0
2
0
4
4
2
2
1
1
1
5
5
1
1
0
1
3
2
1
2
0
3
1
1
1
3
2
1
2
0
1
3
1
2
3
1
1
1
2
1
3
0
1
3
2
0
1
1
2
2
2
1
2
2
2
0
2
2
2
1
1
3
0
1
1
2
1
2
2
2
1
0
1
0
4
0
1
1
1
0
1
3
4
1
2
3
1
1
1
1
0
3
1
0
0
1
2
1
0
6
0
1
2
0
2
4
2
0
1
2
1
1
0
3
1
1
2
2
1
3
2
4
3
2
0
1
1
3
2
3
0
2
0
1
3
0
2
1
1
2
1
0
2
2
3
3
5
2
1
2
1
2
4
1
2
2
3
3
1
0
3
4
1
3
1
2
5
0
1
1
7
3
0
1
1
4
2
0
2
1
0
1
0
3
3
2
1
2
0
0
1
3
1
4
1
2
0
0
4
0
1
0
1
1
3
2
2
1
3
0
2
2
1
0
2
3
2
0
0
1
2
2
2
0
1
1
0
1
3
1
2
3
2
0
2
0
2
0
4
3
2
0
0
3
0
0
0
3
3
0
1
0
2
1
3
2
1
0
1
0
1
4
4
1
1
1
1
1
3
3
0
1
0
1
3
1
3
0
1
1
1
0
3
4
1
0
0
2
1
2
3
1
2
1
1
0
0
5
0
3
2
2
2
0
1
1
1
1
1
2
0
2
0
3
1
1
1
1
0
0
2
$ENER_FIT:
-1.5350 0.714805 0.000000e+000
$MCA_CAL:
3
-1.5350 0.714805 0.000000e+000
$ENDRECORD:
