$SPEC_ID:
Sample title.

$MEAS_TIM:
79317.64000 84539.30000
$DATE_MEA:
10/22/2018 12:33:23 PM
$DATA:
0 16383
0
0
0
0
0
0
0
0
0
0
0
0
0
0
0
0
0
0
0
0
0
0
0
0
0
0
0
0
0
0
0
0
0
104372
105372
105280
106126
105153
105107
105191
105269
105835
105876
104886
105961
106001
107447
106638
106348
106771
106686
107227
107453
107500
107675
108205
107964
108185
108959
108777
108779
109474
110012
109883
110252
110938
111786
112114
112774
112745
112828
113109
112756
113493
114862
115612
117460
121899
127624
134189
140147
138211
128042
122504
122515
124775
126386
128106
128407
128868
133438
135320
132955
130955
130789
130221
130744
131426
131308
132636
132030
132573
134711
147441
165887
172921
194606
233154
218674
192972
202109
186562
147903
130013
126532
125920
126504
126322
128773
135028
149447
156912
151770
152090
164751
161382
144045
137142
137558
133651
128775
135039
155997
164393
147034
129763
125156
125074
125021
124553
124420
124770
125208
125414
125929
124926
124600
125657
127004
128363
128387
127098
126376
126515
127479
127695
127237
127258
127289
127712
128478
128126
128854
129404
129759
130470
130332
130407
131410
132278
133206
138000
153947
169539
160176
142324
133968
134968
137322
137965
135538
134039
133670
134512
134047
134710
133574
133953
134818
133533
133476
134368
136098
138053
136333
133243
132250
132741
134092
133306
132581
130599
129504
130015
129923
129468
128327
128361
128385
128370
128599
127533
127728
127406
127349
128004
128536
129050
129650
129150
128539
128676
132034
141789
152553
150019
142868
140948
136474
132157
129687
128658
129805
129364
131981
137594
138304
133206
128462
127910
127668
128060
129605
128760
129040
129276
130493
130869
129921
130366
131200
130247
130231
130609
130603
130717
130969
130642
131248
131279
130350
130830
132065
133707
136755
136718
135042
132925
132290
132243
132743
134075
136907
137834
135424
133193
131861
132353
134107
136773
138006
137828
137107
138239
140253
141412
142928
142279
141456
141907
142400
142179
141762
140979
140801
140045
140774
142138
148962
179079
258111
333410
325409
252373
186791
160959
155532
156894
161347
166000
162611
157749
154705
153664
152033
151060
151526
150719
146012
143954
144145
142131
142556
147346
153069
152261
146800
143684
142775
143059
144449
145778
145408
145011
146497
148229
150547
149422
147256
147633
148670
148792
151071
151899
154203
154695
153717
152679
152681
152874
152663
150850
149633
147846
147836
148103
148636
146718
145366
144287
150064
176112
221325
228226
186215
151901
143303
142067
142674
141670
140340
141240
145695
196361
435064
856281
923676
528170
225356
149822
142471
142269
143064
147150
148881
148512
146680
145748
146046
148239
149597
149967
148895
147968
146514
146451
146616
145559
145242
144790
145610
146148
143949
140818
138808
137792
137265
137018
136516
134740
133316
132354
132110
131741
131631
133709
136681
136371
133186
130134
128771
129393
128970
128542
129150
129785
133506
140618
140718
132769
128137
126381
126058
125833
125300
125883
125357
126274
126484
127396
130939
132872
131780
129720
126805
127479
127421
125629
125624
125425
125748
125892
125426
125500
125210
126125
132017
143926
146858
136671
128428
124578
124190
124105
124613
127760
133861
136627
130668
126064
123624
123701
124274
124448
125166
125217
127461
128272
126162
125632
126365
125660
123042
122803
123009
124480
124456
122277
122189
122837
123547
123802
126873
139126
176115
209004
188764
146562
129171
126906
127145
128226
125847
123024
121673
121740
122045
122068
121632
121710
123039
124485
124853
126619
132449
138311
135493
127479
123809
123092
123101
122956
122424
123797
126287
124960
123718
123024
123494
125338
131321
142791
156564
161285
150330
132140
125860
125947
126793
123769
121168
119268
117797
117453
117307
116563
114091
113322
113216
113091
114283
113837
112804
112680
120089
134868
142483
131857
119085
113280
111338
110504
109835
109273
110420
118148
136760
154639
145778
123025
110154
110135
110491
110728
109663
109377
111120
115897
119531
116852
111366
108575
106750
106996
108538
109147
108911
107367
106469
109042
111424
111868
109415
106229
106732
107738
109085
108034
106279
107006
107431
106714
105673
105409
107963
117956
127859
124330
113135
106560
104120
104600
105391
104655
104353
105660
107775
108314
107560
108189
109682
109724
107454
106650
105541
106679
114024
172929
359583
561343
499272
267704
137735
106558
103171
103151
102699
103863
105245
104162
105081
103620
103587
104317
106515
107211
105346
104334
105296
110542
116889
114703
110433
110739
114493
114321
108682
104990
104408
104614
106000
107322
110657
112459
113816
114887
114865
115325
115257
118517
120440
121291
118968
116616
115205
114403
113411
112805
111775
110546
109965
107535
105522
104241
104053
103805
104543
104593
112213
151692
253217
328981
268760
162442
113255
103765
104031
106057
109662
112936
111540
108227
105308
103309
103468
103184
103691
103957
104044
104188
106632
107986
115226
134333
179108
256950
344560
387841
356138
270674
185696
134965
113827
107657
107031
106782
105093
103716
102571
102625
102382
102712
102416
103769
103585
104140
103205
103698
103557
103831
103653
106206
108520
108066
105403
103875
103549
104656
105457
104931
104386
103913
104264
104347
104663
104874
104723
104282
104590
104972
106203
106348
106477
105848
107099
108883
110235
109098
108455
106841
107690
107908
108531
109501
109716
110360
110416
110491
111099
111754
114053
112943
113489
120199
196626
588115
1456036
1996466
1424453
563045
192758
129573
120879
111861
106191
105199
106448
111092
116628
117996
114720
109825
108219
107536
107357
108468
109999
109713
108443
107525
107359
108497
112307
115753
115611
113585
115531
129116
151334
153885
132826
114785
108023
108980
110367
111816
111928
110733
111299
111094
109453
110082
109790
110490
111539
112921
112438
112744
111502
112410
112223
111898
112042
111886
111966
110842
111959
112537
114020
115841
115004
113603
114094
113469
112740
112068
111541
111752
112770
113860
114869
114254
113737
114255
115597
114852
114885
113736
112990
114053
115736
117288
122270
122741
119147
117722
117249
118254
117114
115864
115699
115872
117424
120562
121445
122758
125994
126643
122410
119470
118150
117979
118442
117598
117582
118094
118318
118739
119252
119709
119478
120194
120519
120796
120173
121014
121557
121016
120626
120130
120489
120719
121412
122666
123676
124933
124549
123952
128334
140021
148035
143424
136982
134105
130212
125090
123842
123846
125366
125095
125472
129325
138645
141933
136332
127652
124750
125115
126612
127058
127535
126262
125390
124920
126273
127956
128723
129867
128408
128558
128108
129339
136603
151007
156662
147098
136065
131760
131398
131296
129803
129173
129981
130413
131331
132115
132660
133703
137432
148878
160626
157065
144181
136762
133847
133499
133336
133871
134626
138104
147750
163684
166368
153683
140469
137891
140265
143334
143821
143390
142498
141304
140614
140817
140330
139440
137893
137937
138367
137625
138460
137899
137619
137919
139329
145754
153204
153528
145754
139105
137710
137097
137867
137205
138317
138229
138966
138496
137880
136636
136991
136418
137603
137695
137373
135087
132828
132273
132361
132689
128465
124304
119708
118709
119591
118127
114987
112456
110943
110276
110410
114372
118835
117066
111897
108209
105978
107059
114575
135122
156581
149905
124896
109905
106209
105408
104226
102855
101720
101861
101896
101312
99193
98205
97909
97825
98070
97442
97384
97113
95824
96558
95700
95574
94884
94306
93977
94071
93611
92824
93305
92157
91746
91651
91380
91659
91564
91210
91186
90869
91251
96359
113735
131800
127584
106778
92315
88250
90614
95222
95710
92438
87422
86351
85948
85097
86321
91100
96195
96096
92142
86827
83566
81165
79826
79715
79376
79975
80857
80988
80536
78962
77940
77991
77835
78083
77271
77420
77402
77872
78230
78251
78911
79035
80645
82214
83059
81948
80478
79191
78618
76595
74693
73563
72730
74355
77306
81236
81095
77621
75259
74944
75254
75700
74643
73652
72676
72231
72023
72295
72106
71236
69954
69608
69795
69787
70300
76249
100998
153333
194263
170688
116061
89456
85247
83069
80068
78532
75851
79195
102706
174842
321313
451090
397726
222985
112050
79409
72141
68966
68144
70716
79187
87638
87806
79407
74915
78421
81715
77373
71132
68275
68534
66626
65589
64188
64833
65595
65882
66636
67699
68936
68898
68611
69244
70397
69481
67554
65904
65998
65514
65732
66075
67168
67222
65931
65154
66354
70098
76642
79561
75959
69898
66743
65438
66263
65474
64457
64868
64507
64718
65125
66225
67111
66902
67485
68188
69583
69315
68636
67708
67747
68871
69856
69656
71134
72424
74618
77463
76369
74236
73127
78148
105981
178382
251509
234681
151712
91291
73416
70167
68733
69586
69202
70808
72869
92799
184762
397617
573713
492136
262463
117758
76909
71119
70260
70330
69909
70309
73003
75542
75186
73010
70800
70052
71113
72881
74665
74945
72122
69350
67564
68099
69856
76147
91155
197340
817442
2657281
5008403
5220752
2994732
965798
210833
72709
58883
57552
57246
57243
56651
55806
55952
55525
55784
58586
69516
93910
112914
102240
76112
61630
59111
58435
59596
74705
119786
171202
171192
118972
74251
58736
55593
56002
56775
56978
57002
56309
57009
57671
57615
56306
54703
53700
54497
55852
57579
57935
57665
56918
58590
71707
110851
155954
156205
111567
72910
56914
53188
52961
53181
53685
53800
53751
53967
53727
53933
56485
60365
64612
62194
57669
55442
55656
57015
60278
69472
103060
166442
204434
169250
102778
65130
56912
63099
74317
78321
69760
60092
56160
55860
54485
54240
54322
56056
57752
58970
57775
56543
55020
54183
52877
52242
52830
52506
52354
52523
52178
52125
52232
52856
53392
53238
53799
54729
55869
56046
57559
60579
61462
57872
54802
53479
54242
54755
54815
54094
52848
52178
52986
53047
52512
51285
51096
51544
53068
55950
56514
55851
55357
55990
56062
55308
54259
53040
52102
50929
50765
50541
51170
52063
52307
52227
52824
53322
53931
54489
55499
56524
58184
58948
56732
55824
55913
54951
53052
52342
52306
53422
54217
57782
62516
67915
70310
66875
60468
56687
56493
58184
57974
56353
56327
56385
55911
56066
58843
65570
75150
76692
67347
57768
53216
52252
51524
52375
52096
53007
52593
52454
53481
55255
56021
56060
55247
55724
56364
57430
57006
57082
55913
54699
53342
55044
57308
59410
59121
57046
55070
54072
54265
55147
55063
54919
54205
55602
56271
55666
55084
56005
57220
57768
56902
56639
56546
58780
65696
75127
77457
69658
59505
55291
54931
55428
55465
54684
54246
54066
54604
56965
59455
59808
57990
55926
54485
54214
54379
53524
53512
53267
52541
52892
53529
53683
54582
55886
57070
56917
56382
56758
56414
55025
53889
53316
56605
79943
164133
320823
423717
346800
185589
87732
59175
54288
52923
53308
53792
54959
55399
55536
56286
56276
57308
57479
57338
56897
55831
55651
55061
54911
55967
56802
58909
63404
67183
64990
59692
55480
54546
55608
57090
57273
56859
58733
65073
70586
69382
65938
62524
59788
58044
56971
56310
55481
55191
56162
58792
60473
60241
58229
60439
71305
87248
91694
79953
66196
62035
62742
63304
61169
57654
55781
54759
54787
54543
55704
55271
55759
57516
60164
61557
60186
57040
55590
55555
56509
57267
56193
53608
51556
51733
52831
54251
54297
53194
51671
51675
51905
52684
53027
53651
54323
54526
53407
53677
56421
66375
86930
114617
135843
127277
94711
68856
60887
68509
83336
91512
80743
63454
52796
48328
47995
47545
47760
47535
48253
49067
49803
49350
48991
48571
49652
52784
61213
68899
68183
59992
51589
47793
47585
48740
49472
55404
67638
78670
76776
65010
54886
49962
47270
46601
46323
46566
47722
48955
50731
50792
49834
47913
47353
46923
46626
46110
45628
45803
46528
46496
48677
55240
68443
79253
75723
64029
56518
55751
53583
51905
48631
46838
44827
43389
43360
43266
42934
43463
45449
48771
53030
54517
53000
49271
46703
45144
44677
43524
42832
42876
42763
43822
45426
46390
45458
44690
44949
44796
44565
43995
43060
42718
43078
43592
43639
43268
43156
43800
44461
44893
43545
42296
41855
41713
42382
43320
42858
42215
42579
43741
44714
44763
43424
43843
49519
63791
83930
92421
77538
57650
46841
43642
41852
41217
42572
45476
48989
49691
47161
43148
41335
40885
41815
42728
42608
41881
42396
44035
46390
48303
46782
44115
41778
41264
40155
40184
40859
41708
43034
44537
45646
45302
44269
42860
42081
44390
50512
65642
89178
102552
89848
63520
47383
42533
41880
43099
43602
44018
42990
42101
42132
43522
44869
44944
43397
42344
42076
41946
42122
41568
42064
44392
47483
47303
45024
42438
39851
39593
39645
39535
39174
38909
39216
39733
40790
41179
41923
43129
44280
43553
41504
40183
39320
40219
41180
42965
45162
46728
46919
44911
41776
40215
39607
40384
42390
44850
45467
43398
40990
42071
47068
63713
87339
97268
81488
58787
46883
43332
42190
40950
41094
43912
48648
54520
54598
48398
42843
41530
43269
45467
47019
46865
44768
42959
41829
42445
45485
48994
50315
49049
45393
42264
40840
40451
40550
40942
42210
43615
43915
42526
41944
42812
44651
45990
45062
42620
41396
40812
42585
53894
115953
321235
679320
913416
755550
392225
147156
61903
44140
40795
39066
38246
39854
45715
58324
70683
70398
58487
48203
42281
41100
41766
41589
41499
41981
41011
39400
39397
43173
56359
84035
110006
105697
76729
52981
42550
39781
38115
37557
36765
36977
38016
40845
42842
43563
44115
43767
41232
38737
37503
36759
38048
40073
42674
44421
44860
45747
48154
49565
48812
46010
42607
41337
41466
44221
50320
56296
56254
49536
41660
38585
38081
38500
38851
38489
38006
38090
36984
36985
36838
37557
40106
45718
56054
71719
82495
83533
84720
95551
96746
77619
54287
45117
47795
52074
52891
50780
48318
45097
41086
39666
38979
38389
38590
39142
38941
37977
37140
36235
35556
35826
35425
36469
38541
41439
43212
42105
39370
37864
38518
41358
45367
50678
52285
48514
43155
38753
37232
36854
37683
39187
39537
39730
40697
40995
40861
39066
36931
35948
36743
37862
38541
39917
39219
38743
38403
38548
38146
37380
37892
38409
37443
36938
36712
36460
36774
36549
36793
37298
37485
38179
39425
40376
39832
38887
38852
39961
41036
40411
38951
36926
36340
36790
37517
37965
38070
38345
39281
40449
41124
40817
40907
39741
38385
37138
36185
36420
35841
36622
36412
36066
36057
37341
39424
41511
43225
42004
39596
37544
35965
36335
37344
38942
39278
38130
37146
37127
38239
40111
41513
40304
39413
39234
39561
40289
39998
38632
37541
36787
37329
37864
38291
37937
36785
36189
35670
35629
35261
35191
34980
35639
36056
36568
36271
36458
36580
37414
37984
38186
37524
36964
36383
36008
36243
36058
36307
35964
36069
36842
37479
37776
38330
38714
38470
37828
37480
37216
38028
39224
40780
41317
40955
39770
39082
39647
40013
40063
39277
38882
37870
37512
37320
37354
37166
37750
36997
36898
37328
38546
39563
42686
50426
61416
63060
54984
45472
39113
37374
36333
36319
36455
38744
44521
51841
54212
49047
43545
41275
41223
45799
49919
50184
45406
40608
38733
39396
39749
39666
39074
39179
38337
38315
38475
39627
39714
38448
37859
37804
39139
41442
48690
67368
91925
98525
81305
57148
44955
41656
40181
38180
36477
35804
36075
38380
43279
48700
51330
49991
45084
41250
38368
37419
36409
35652
35777
37825
40267
43612
49351
53116
52098
46437
40976
38891
37908
36610
35561
34949
34892
35440
36993
38372
37821
37116
36580
37981
39555
39940
40429
40809
40266
38444
36849
36115
36524
38129
40325
40676
40916
39892
38894
37279
37486
38006
38246
38202
37511
37840
37711
38323
38285
37949
37648
38371
39121
39905
40442
38924
37049
35528
34602
34875
37072
39640
41127
40979
41436
44982
53521
61243
59072
49877
40557
36465
35051
34572
34414
35062
36850
38097
37979
36618
35680
35359
35499
36723
39539
41073
40346
38367
36433
35609
36102
35668
34961
34717
34667
35326
35827
36143
35397
35106
35793
38284
40847
42983
43231
43065
43361
46402
52318
55866
52746
46035
40326
37970
37021
36183
36007
36040
36008
36511
36056
35291
34742
34142
33626
33925
34063
35409
38255
42296
47922
54172
55851
52150
44969
40573
38312
37228
36247
35194
34443
33752
33441
33205
33199
33982
35606
37679
38514
37393
35985
35948
36084
37224
37110
35936
35063
34810
34654
34735
35776
37492
40152
40662
38854
35158
33151
32575
32643
33137
33882
35610
35817
34875
34346
34058
34582
34435
34565
33101
32679
33591
33968
35409
36946
38720
41046
42993
42070
41020
43270
48218
50982
47989
42112
37220
35278
34385
34205
33550
33186
33520
35197
38367
40282
40304
38095
35698
33676
32672
32373
33887
35398
35834
35378
35893
36808
36643
34626
32920
32556
32765
33420
33621
33827
33283
33755
35002
36142
35569
35573
37795
40583
42948
41616
39051
36799
36026
35395
34585
33659
32750
33268
34080
35351
35845
34563
32981
31775
32947
35973
41467
45777
45199
41729
38468
37977
38255
37735
38134
38364
37971
36101
34474
34346
34308
33915
33271
33024
32908
34611
36092
39151
41112
43116
42385
44029
58854
98457
150201
169549
134821
81778
48371
37838
36053
36974
37073
35290
33684
32893
32416
32597
32991
32972
34356
36446
37826
36901
34203
33158
32234
32075
31636
31830
34539
37849
40835
40639
37938
35120
33714
32528
32905
33172
34378
34181
32750
32079
31870
31594
32585
34448
36484
37876
37054
35375
35481
36557
38039
38978
43386
50121
52235
47770
40221
36486
34717
33659
32530
32429
33539
37551
40271
40344
37365
33989
32500
32194
33086
34447
35980
37391
36523
35357
34350
35541
36692
37259
36267
34154
32769
31422
30325
30386
30486
30955
31818
31651
31654
31148
30631
30435
31276
31365
32439
35290
39460
43397
44312
41197
36277
32998
31465
30610
30586
32268
34445
35280
35336
35247
35762
36280
37778
39725
42063
42630
39680
34846
32444
32071
32369
32309
31662
31611
32439
34311
36808
40098
43792
45315
42259
39355
35720
33268
31420
30618
30517
30857
31345
31481
31596
31488
32121
33004
34911
35125
34782
33294
33146
34353
38684
42890
45201
42212
38174
35260
34277
32812
31775
31271
31902
31992
32994
33897
34719
37386
41480
45610
45133
40385
35612
32673
31019
30248
32170
40090
54159
67821
67895
55794
42779
35548
32808
31708
30706
29641
29011
29244
29808
30353
31478
33219
35310
39205
49520
69752
92275
96426
77027
52816
39187
34579
33061
32960
33246
33168
32724
33383
34395
34992
34375
32998
32259
32494
32191
31851
31849
31630
32884
33736
33609
33503
32749
32862
33131
33283
33508
32998
32963
32954
33354
32722
31816
30707
31513
31999
32460
31988
31088
30346
29855
29305
28983
29434
30676
32434
33422
32546
31476
30145
29646
29133
29779
30791
31874
31750
30358
29357
29477
30280
31713
33380
34019
33178
31528
29520
28028
28989
31032
36798
45015
50464
48535
41370
34772
31370
30581
30923
31111
31479
31511
31799
32675
33724
33996
32785
31254
30151
29259
29823
30139
29979
29999
29544
29243
28779
29157
29088
28503
29275
29343
29579
30154
30379
31596
32199
32517
32238
31321
31422
31566
31161
29813
29438
29536
29843
30697
31354
32728
33882
34308
32711
30415
29019
29114
29539
29261
29199
28819
28492
29191
29346
28820
28106
28088
29417
32022
34872
35899
35869
35167
35367
36194
36483
35174
32522
30677
29830
29583
29796
30083
30833
31982
32435
32250
31680
34231
42325
57552
76413
84128
73611
53903
39052
32131
29794
28518
28747
30232
32255
33172
32617
31033
30478
31050
33554
35722
35343
33154
30961
30019
30109
31089
34416
38241
39748
36943
33665
31508
30820
31555
31537
31634
31126
31542
32917
36757
44042
51432
52593
45667
36608
31618
30188
29447
29195
28574
28489
28309
28901
29474
30831
31474
30169
28962
28119
27639
27582
27847
28194
29376
30590
30815
30711
30304
30291
33038
36021
36669
34608
31379
30076
29619
29558
28878
28688
28490
28494
28249
29775
31753
33084
33861
33463
31745
29780
27781
26950
26460
26522
26569
26539
26804
27104
27923
28629
29858
32091
34498
35354
33204
31113
29200
28519
29983
31691
33592
34892
36813
36496
34152
31490
29099
27425
27030
28301
31780
41482
56492
68315
67186
54932
42327
34779
31863
30531
29707
29097
28594
28559
29102
29494
29982
29808
29786
30120
29985
29410
28847
27728
27071
27714
28721
29940
30389
30556
30603
30489
29598
28614
27779
28112
28852
28950
28133
26592
26289
26405
26246
26399
26381
27990
31642
40115
50963
57199
54066
45100
35766
30119
27995
26912
27875
29382
30052
30995
30031
29382
29492
29639
30022
29320
29361
29341
30999
32928
35513
36052
33945
31495
29467
29627
31359
33510
34559
32787
30979
29451
29413
30611
31267
32005
31975
32434
33463
35086
36456
36498
34400
32951
31934
30371
28829
27215
26487
26975
27115
26988
27155
26851
27768
29461
30182
30764
29758
28830
28195
27082
27607
27987
27750
27938
27676
27770
27477
27604
27454
28043
29057
29875
29816
28414
27410
26740
26550
26757
26324
26245
26335
26550
26228
26727
27746
27720
27769
27342
27295
28117
29113
29594
30060
30167
31607
33668
35284
35620
36529
36938
35625
31934
28999
27068
26334
26209
26475
26805
28565
31501
34882
37136
35617
31736
28713
26940
27055
27445
28270
28525
28694
28350
27601
26836
26729
26706
26487
26413
26020
26512
26884
28130
30241
32167
32661
30568
28682
27124
26543
26785
27940
30891
38856
49083
54818
50771
41930
33836
30843
31063
32693
32688
31187
29084
27195
26702
26653
27760
28866
29886
30946
32935
34270
33919
31258
29700
28126
27342
26636
25985
26422
27697
29211
30473
30794
29253
28694
28920
31288
35675
40044
42220
40320
36567
32085
29159
28608
30182
33513
34763
33572
31479
30235
29117
29235
28738
28316
27817
26900
26511
26496
26604
27152
27736
29440
29231
28385
26858
25706
25596
26484
27644
29420
29218
27726
27019
26067
26542
26509
27552
28918
29942
29857
28775
27843
27826
28260
28812
28377
28086
28187
28722
29285
29352
28109
27650
26880
26715
26262
25952
25557
25899
26816
27332
27435
27289
27611
28276
28221
27139
26008
25298
24927
24814
25149
25279
25392
25660
25692
25156
24981
25640
25365
25964
26720
28922
30844
31490
29807
27933
25981
25346
25505
25513
26167
27325
29011
29971
30754
30779
29589
28285
27213
26501
25933
25960
26459
27208
27557
26849
26543
26056
27458
31607
39473
48740
51556
47072
37562
30511
27249
26310
27736
29959
30921
30318
28231
26249
26237
27393
29292
30419
29921
29852
28893
28009
27674
27709
28068
27887
27437
26665
25961
25544
25330
25075
24705
25615
26416
27998
30133
30814
30545
29054
27478
26996
26899
27120
27093
27148
27857
28500
28119
27426
28660
32642
38349
42261
41681
40069
37838
36423
34865
32472
29561
27311
26187
25551
25233
24944
25279
25752
26537
26230
25963
26251
27759
29287
29913
28877
26814
25129
24637
24869
24819
25170
26356
27214
27654
27451
26816
26189
25955
25944
25454
25399
25075
24832
24983
25101
24993
24747
24691
25759
26670
27856
29786
31890
32036
29712
27517
26038
25714
25726
25418
26359
29169
35258
42224
44970
40922
33274
28281
26782
26763
26007
24701
23881
23778
24361
24754
25625
26286
27798
29461
30893
32633
33307
32529
30358
29060
29215
29919
31229
31129
31115
30994
31466
30107
27622
25768
25324
26256
27226
27647
26672
25535
25995
27222
27388
26609
25480
24192
23767
23891
23461
23193
22872
23032
23038
23141
23559
24665
26545
29416
31289
31326
29454
28469
29601
30828
31919
30306
27845
26384
25678
26063
25311
24145
23284
22904
22561
22536
22804
23105
23282
23303
23743
23801
24883
26028
27980
30057
31140
29392
26461
24152
23373
24144
25957
27701
28150
28060
27420
26659
26596
25716
25110
25313
25758
25811
24680
23550
23099
23049
23496
23592
23170
23105
23330
23403
23525
23801
23697
23789
23817
24125
23682
23543
23934
24383
24580
25052
24934
24969
25692
26077
26733
27951
30544
32531
32156
30648
29516
30153
30064
28523
26303
24528
23923
23989
24796
25358
25264
25322
25003
24714
24684
23882
23306
22880
23284
23276
23684
23699
24128
24358
24739
24467
24814
25239
27325
30781
33443
33288
30722
28629
27934
28898
29300
29425
27891
25798
24393
23192
22946
22797
22705
22722
22317
21964
22326
22525
22873
23309
23829
24376
24522
24797
25827
25997
25738
25360
26189
26931
27553
26023
24530
23599
23825
24841
25576
25505
25209
24893
24326
23527
23062
23031
22948
23830
23753
24354
24495
24925
24806
24536
24236
24999
25898
27268
28435
28125
27392
25541
24021
23188
22661
22881
22707
22843
23504
23688
23441
22771
22386
21839
21942
21918
21801
22357
24923
31111
47304
72355
94835
98515
80624
56460
38328
29381
25246
24075
25051
26327
27028
26279
24908
24375
26916
33413
42070
48557
46915
39703
31989
26773
25070
26290
28864
30998
33122
35289
35832
34167
30913
27079
23954
22387
22002
22412
23800
24786
25990
26041
24950
23906
22980
22135
22220
22100
21874
21675
22003
22012
22302
22152
22332
22956
23790
23957
23921
23780
23371
23278
23137
23479
24506
25577
26201
26493
26868
26962
26882
26480
25146
23195
22045
22266
22509
24166
25053
25267
24629
24729
24799
25576
25521
23987
22965
21998
22092
22390
22902
23081
23429
22959
22920
23728
25365
27577
29031
28151
25906
24085
23005
22902
22364
21746
21504
21474
21270
21940
22003
21666
21838
22298
24294
27011
29071
28513
26257
23843
22068
21446
21425
22254
22624
22418
22060
21808
22132
22937
23531
23636
23787
23797
23851
23603
22729
21827
22117
23085
23463
23207
22493
22467
22784
24091
25606
26334
25039
23131
21413
20992
20912
20873
21048
20706
20552
20178
20784
20893
21106
21789
22543
24001
24275
24454
24392
23943
22691
21238
21010
20482
20729
20642
20363
20203
20562
21446
22155
23016
23123
22790
22422
21840
21413
21554
21738
22433
23100
23217
23494
23021
22877
22445
22178
22354
22331
22392
21780
21282
21363
21631
21670
22896
24158
26010
27152
27299
25509
22846
21619
21067
21589
22035
23301
24169
24233
23863
22717
22144
21911
21662
21391
20877
21216
21273
21640
22095
22729
22617
22561
22551
22598
23391
24140
24734
24659
23986
23098
22782
23093
24103
24983
24449
23129
21914
21920
23459
27411
30087
30906
28958
27273
26945
28398
29529
29911
28988
27811
25203
23256
21734
21644
21223
20792
21027
20985
21142
21199
21668
21652
22700
23728
24454
24712
24018
22156
21471
20680
21096
21912
23330
24629
26396
28055
28831
27755
25070
22246
20796
20573
21051
21726
22776
23648
23035
22125
21232
20298
19715
19601
19321
19568
20232
20851
21658
22735
23353
23168
22563
21495
20427
19549
19530
19500
19498
19498
19856
19982
19832
19753
20159
20306
20562
20941
22302
23422
24537
25006
24397
23403
22706
22283
22849
23449
23179
22689
22569
23154
24095
26422
29347
30631
29295
26271
23221
21461
21062
21794
21896
21642
20814
20370
20349
20921
21973
22322
22269
21615
21244
20936
20314
19862
19629
20009
20628
21119
21210
20938
20374
20324
20385
22084
25119
28755
30914
31207
29897
28182
27237
25582
23719
22308
21577
21134
20705
20020
19791
19539
19506
19367
19343
19564
20730
22549
23802
23823
23079
22146
21597
20811
20577
20633
19687
19449
18911
18949
18885
18550
19093
19557
20812
22287
23988
24716
24691
23690
22592
21639
20863
20213
20214
20283
20963
22580
23453
23525
22473
21841
21539
20993
20238
19838
19533
19948
20229
20694
21328
22478
24462
27068
29365
29537
28308
26329
25253
23687
22162
21075
22511
26206
29817
30806
28947
25876
23338
22231
21709
20714
20421
19981
20064
20140
20285
20606
20271
20333
20365
20110
20576
20773
21504
21892
22145
22533
23554
23406
22765
20972
19872
19867
20671
22160
23644
24728
24976
23874
22445
20963
19578
19425
19628
21854
26334
32339
36464
35861
31128
26037
22440
20757
20021
19605
19158
18994
18696
18428
18358
18493
18708
20264
21735
22387
21848
20762
19530
18915
18991
18405
18550
18316
19005
20024
21436
23112
24775
26056
26943
27598
27572
25953
23637
21560
20294
20057
19972
19737
18791
18416
18056
18005
17776
17961
19120
20925
22927
24295
25016
23656
22426
20656
19221
18660
18719
18561
18635
18628
18687
19089
19259
19706
19903
20210
20214
21693
23656
26247
28759
30028
29748
28047
25088
22046
19825
18717
18718
18643
18251
18185
17893
17790
18062
18815
20144
22418
25281
26516
24939
22357
20338
19176
18999
19069
19108
18983
18833
18420
18860
18631
18836
19151
19718
19943
20993
22330
23367
23580
22848
22204
20946
20542
20929
21068
20465
19295
18724
18656
19224
19452
19442
19990
20174
20570
20098
19718
19015
18405
17850
17434
17291
17160
17422
18621
20803
24434
28454
30630
29565
27788
25259
22807
21173
19559
18279
18171
17845
17978
17771
17471
17455
17325
17716
18099
19155
19725
20581
21147
20713
19654
18623
17788
17521
17930
18448
18857
19180
19783
20881
21297
21408
21148
20786
20639
21321
23466
25933
28169
28037
25843
22941
21286
21124
21821
22245
22922
22940
22860
22846
21803
21286
20543
20115
19657
18572
18301
18227
18308
19462
19884
20133
19877
20464
22442
24638
25630
24363
21938
19774
18530
17899
17789
17545
17158
17509
17474
17986
18327
18364
18767
18463
18432
18500
18984
19585
20419
21000
21354
20958
20629
20824
21506
21577
20839
19484
18206
17632
17333
17968
18273
18668
18327
18197
17924
17698
18206
18767
19406
19398
19192
18679
18916
19167
18896
19130
18814
19684
20460
21177
21043
19777
18294
17064
16717
16372
16708
17217
17892
18443
18348
17923
17333
17019
16771
16840
16766
16711
16578
16484
16676
16523
17450
18948
20277
21315
21675
21346
21902
23330
24353
23536
22854
21923
21948
21185
20492
19665
21485
25210
29791
31655
29211
24778
21513
21303
23258
26330
27959
27091
23582
20981
19470
20345
22434
23889
23819
21741
19615
18505
18426
18258
18600
18258
17873
17989
17435
17232
16880
16803
16681
17139
18281
19695
21521
22308
21543
19624
18253
17139
16801
16781
17230
18204
18823
19327
19873
20065
19845
19557
18827
18204
17802
18083
18499
18256
17809
16584
16302
16058
15686
15551
15686
15652
15800
16050
16214
16623
16508
16303
16818
16930
17248
17294
17245
16951
16078
15879
15731
15742
15477
15951
16675
16680
16997
16865
16214
16082
15480
15794
15759
16213
16493
16898
17157
17029
17305
17625
18499
18897
19271
19174
18913
18692
18342
18684
18772
18666
19096
20972
23998
26915
28027
27280
24323
20700
18112
16441
16170
16322
16546
16719
16932
16797
16579
16166
15914
15564
15343
15353
15367
15276
15250
15267
15054
15046
15247
15087
14914
15164
14861
15194
15256
15239
16283
17436
18927
19342
19100
19711
22512
28576
33835
35232
31827
25986
22099
19931
18550
17988
16703
15677
15367
15639
15804
16288
16426
15952
15809
15977
16065
16251
16399
16474
16121
15695
15512
15520
15311
15453
16146
16801
17272
17099
17036
16803
16507
16290
16350
17059
17948
18091
17330
16248
15451
14696
14969
15166
15260
15362
15649
15914
15676
15499
15551
15936
16651
17310
17747
18319
19292
19229
18481
17246
15914
15320
15005
14760
15334
16152
17640
19099
19797
19417
17922
16342
15334
14412
14716
15149
15350
15672
15816
15980
16277
16453
16323
15561
15333
15226
15440
16788
19703
25319
30919
33077
30532
24362
19701
16596
15473
15608
17112
19816
22466
24004
22798
19652
17426
16139
16160
16934
17050
16590
16213
15725
15850
15663
15169
15660
16792
19540
22293
23441
22543
20288
18045
16739
15733
15154
14709
14772
15081
15492
16366
17009
17253
17421
17255
17519
18375
20353
23486
26979
29197
29224
28406
26438
25566
25756
24182
21577
18419
15718
14698
14068
13931
13789
14117
14072
13836
13986
14476
15048
16170
17580
18025
17159
16262
15023
14105
13670
13332
13569
13726
14036
13837
13781
14317
14862
16698
19358
22797
24460
24381
22575
20947
19709
18561
17979
19029
20440
21989
22886
22546
21325
19686
17908
16733
15722
15298
15109
14850
14656
15251
16384
17508
18792
19551
18804
17442
15761
14187
13338
13240
13500
13883
14390
14793
15146
16806
20303
24725
27881
27838
24263
19585
16396
14842
16089
17910
20298
20708
19721
17597
15604
14747
14400
14536
14596
14605
14762
14473
14041
13327
12917
12948
12899
13260
13646
14006
14177
13693
13952
14290
15353
15942
15958
15508
14692
14327
13678
13916
14003
14081
14639
15077
15362
15007
14378
13419
13274
13045
13069
13052
13144
13226
13356
13594
13710
13763
13456
13068
13048
12916
13194
13456
13825
14637
14966
15509
17199
20393
24012
25928
25614
24068
22706
20937
19897
18166
16556
15504
14825
14446
13941
14100
14025
14031
14308
15132
16514
17925
18906
19362
18357
16494
14735
13723
13364
13035
13149
13134
13107
13868
14389
15236
15905
16348
16590
16587
17038
19366
23128
25895
25994
23364
19803
16962
15243
14096
13636
13627
13636
13460
13480
13363
13420
13161
12740
12620
12543
12407
12547
12419
12452
12253
12418
12364
12316
12168
12147
12374
12541
13582
14978
16874
18146
18185
17205
15775
15617
16463
18773
22510
25369
26318
24184
20284
16699
14554
13620
12691
12678
12527
12206
12421
12537
12993
13675
13979
14252
14309
14040
13413
13195
13154
13448
13473
13471
12931
13096
13277
13454
13505
13774
14113
14608
14782
14726
14713
14755
14102
13728
13185
12694
12382
12508
12831
13272
14117
15331
16787
18316
18537
17861
16220
14871
14167
14435
15239
16588
17550
18115
17073
15744
15331
14322
14392
14639
14999
15307
15774
16169
16059
15742
15920
15863
16486
17105
17770
18667
21225
24457
25922
24546
21689
19242
17605
16590
15179
14434
14175
15828
17691
18762
18087
16405
14703
13577
13691
13577
13796
13850
13701
13389
12943
12782
12962
13076
13461
13935
14259
14830
15003
15701
17349
18708
19575
18903
17268
15634
14177
13646
13256
12657
12252
11845
11902
11932
12514
13439
14058
14896
15184
14369
12948
12212
11802
11560
11838
11601
11706
11754
11951
12557
12904
13614
14759
16341
17455
17324
16044
14550
13482
13183
12940
12964
12989
12986
13056
13306
14139
14867
15641
16148
15673
15116
14241
13962
13958
13478
13665
13221
12807
12583
12216
12024
12126
12157
12479
12966
13742
15130
16333
16950
16394
15109
13823
12720
12201
12303
13158
14066
15180
16005
15842
15019
14117
13567
13020
12735
12660
12463
12586
13110
13555
13781
13395
13237
12808
12314
12244
11969
12209
12359
12218
11955
11991
12122
11958
11974
12167
12112
12197
12527
13082
13851
14320
14528
15041
14838
14213
13673
12778
12063
11990
11790
12622
12787
13331
14186
14761
14987
15031
15134
15321
15340
15369
15035
14069
13753
13271
13150
13025
12736
12756
12736
12514
12390
11865
11636
11381
11715
11839
11993
12030
12213
12216
11965
12229
12250
12566
12688
12605
12982
14387
16476
18415
19047
17504
15166
13070
12189
11988
12174
12559
13025
13614
14605
15424
15311
14322
13159
12457
12040
12049
11866
12229
12072
12540
12392
13058
13583
13915
13885
13515
14149
14543
15584
16316
16014
15701
15058
14678
14756
14876
14429
13535
12722
11906
11628
11342
11377
11352
11374
11273
11021
11228
11274
11399
11751
12207
12297
12422
12848
12866
12742
12636
11963
11161
11101
11051
11035
11311
11435
11458
11832
12198
13518
14292
14753
14343
12807
12107
11518
11670
12035
12014
12189
11955
11977
12003
11909
12841
13503
13979
14245
13870
12866
12423
12296
12127
12280
12049
12230
12712
12925
13248
13138
12777
11769
11341
10862
10639
10629
10757
10416
10883
11035
11330
12215
13014
13826
14137
13287
12819
12529
12416
12791
12940
13052
12765
12749
12640
12236
12227
12359
13119
13622
13791
13267
12591
11834
11656
11545
11576
11974
12009
11614
11228
11076
11350
11803
12924
13355
13659
13470
13060
13113
13169
13435
12978
12590
12044
11570
11836
12069
13535
14712
14750
13835
12644
11411
10823
10898
11005
10908
10812
10896
10684
10856
11038
11843
12720
13826
14313
14241
13636
13649
14461
15663
16052
15069
13483
12047
11134
10552
10406
10357
10743
10961
11720
12072
12912
12621
12442
12168
12361
12870
13679
14240
13967
12997
12438
12176
13016
14284
15737
17935
18168
17784
15863
13579
12197
10926
10822
10731
11188
11454
11398
11238
11212
10886
10575
10876
10922
11598
12820
14426
15654
15316
14112
12439
11421
11265
11221
11185
10915
10861
10564
10471
10165
10218
10359
10395
10768
11124
11488
12103
13193
13726
13903
13525
13057
12963
13963
15361
17003
18333
18748
18703
17376
15549
13522
12443
12021
12068
13133
15394
17970
20097
19802
17646
14176
11835
10703
9969
9730
9770
10058
9981
10382
10914
11351
11810
12126
12001
11771
11794
11407
11051
10822
10845
10990
11344
11844
12298
12399
12022
11383
11005
11156
11811
12727
12672
12571
12143
11218
10567
10296
10288
10573
10450
10654
10107
9913
10122
10185
9981
10093
10008
9765
9786
9529
9642
9689
9558
9536
9781
10190
10207
10400
10138
10088
9684
9725
9752
9760
10074
9936
9823
10045
9437
9632
9618
9710
9848
10180
10012
10226
9954
9636
9577
9718
10071
11393
13105
16479
20683
24492
26186
24623
20907
17168
14673
13314
12412
11667
11023
10335
9991
9805
10110
11321
14545
19960
26160
30073
29670
25111
19411
14110
11395
10201
9886
10149
10615
11194
11394
11342
10877
10424
9928
9951
9882
10459
11280
12412
14813
17077
19181
19049
17012
13768
11511
10213
9591
9525
9734
9656
9742
9897
10086
10401
9968
10111
10061
9790
9602
9286
9056
8998
9035
9044
9415
9687
10659
11773
12692
13477
14365
14745
14647
13700
12604
11262
10340
9846
9683
9888
9990
10454
11044
11489
11849
11765
10796
10030
9714
9495
9465
9646
9924
10277
11052
11904
12161
12436
11750
11101
10796
10989
11066
11424
11231
11448
11375
11049
10700
10395
10512
10487
10297
10295
9977
9535
9441
9215
9223
9213
9770
10270
11131
12467
13861
14987
15247
14278
12688
11664
10702
10870
11406
11837
11935
11358
10573
9689
9281
9515
10221
11037
11476
11792
11456
10874
10486
9956
9829
9309
9368
9891
10960
12596
14468
16049
16006
15022
13237
11354
10391
9345
8959
8920
9172
9030
8967
9018
9010
8923
9023
9046
9068
9324
9973
11156
11843
12052
11556
10553
9497
9121
9135
9971
11465
13547
15155
15800
14987
13375
12286
11494
10804
10278
10158
9463
9153
8901
8604
8515
8630
8879
8789
9044
9447
10389
12202
14983
17915
18707
17880
15111
12561
10754
9757
9718
9367
9395
9368
9496
10007
10376
10803
10766
10637
9999
9600
9671
9782
9788
9984
9837
9710
9889
10463
11829
14153
16282
18339
19351
18015
15547
12987
10751
9719
9194
9141
9318
9475
9278
9175
9273
9329
9552
9845
10999
12874
16338
20188
22632
21628
18361
14221
11158
9499
8869
8748
8873
8723
9219
9644
10630
12025
12813
13286
12758
12305
11408
10908
11150
11383
11970
12186
12512
12423
11808
10936
10376
9869
9287
9370
9244
9156
9174
9276
9291
9409
9473
9524
9594
9617
9724
10102
10805
11357
11516
11191
10465
9761
9565
9565
9664
9700
9851
9932
10418
10705
11319
11492
11137
11324
11366
11901
12404
13062
13215
13075
12144
11083
10268
9227
9073
8599
8763
8666
8930
8984
8932
9137
9144
9419
9660
10021
10204
10352
10348
10258
9957
9417
9004
8815
8636
8782
8914
8853
8712
9083
9522
10025
10268
10916
10971
10617
10105
9333
9157
9007
8902
8787
8940
9235
9893
10426
10718
10542
10081
9509
9155
9505
9822
10377
10291
10066
9288
8919
8647
8437
8221
8241
8343
8311
8190
8245
8511
8410
8384
8243
8273
8511
8430
8577
8636
8545
8389
8404
8499
8475
8281
8423
8509
8604
8762
8591
8416
8332
8302
8077
8369
8380
8437
8548
8485
8254
8282
8474
8294
8758
8881
8915
8981
8954
8682
8526
8383
8562
9079
9449
10343
10947
11978
12354
11810
11101
10619
10074
9574
9027
8673
8485
8223
8449
8209
8307
8126
8323
8240
8052
8420
8306
8464
8324
8280
8614
8630
8703
8784
9186
9398
9281
9277
9217
9059
9414
10504
11790
13721
14238
14104
12619
11461
10838
11033
11796
12329
11992
11337
10425
9906
10019
10526
10188
10223
10050
9432
9070
9022
9392
10331
11371
11814
11554
10688
9588
8879
8452
8364
8142
8020
8114
8028
7782
7813
7885
8039
8033
8334
8490
8668
8816
8850
8540
8422
8265
8373
8103
8296
7913
7981
7978
7988
8035
8298
8687
9094
9697
9776
9731
9532
8984
8551
8508
8380
8356
8528
8959
9922
10899
11649
12157
12137
11918
11029
10376
9716
8969
8707
8369
8345
8444
9259
9943
11641
14003
16341
17641
17491
15966
13412
11331
9560
8730
8348
8411
8371
8201
8229
8417
8607
9011
8948
9033
8483
8263
8071
8064
8003
8205
8366
8390
8343
8207
7837
7981
7694
7719
7722
7721
7758
7882
8101
8355
8432
8584
8880
9120
9524
9789
10379
11311
12776
15346
19184
23726
27776
28546
25654
20476
14782
10974
8879
8107
7778
7888
7605
7640
7634
7610
7759
7718
7910
7841
7716
7670
7649
7696
7679
7749
7887
8064
8665
9655
10938
11715
11845
11310
10565
9910
9440
9238
9343
9345
9231
8939
8429
8112
7954
7980
8178
9604
11240
12333
12633
11957
10080
8932
7943
7602
7905
8136
8204
8736
8898
8836
8740
8517
8314
7907
7589
7657
7533
7446
7600
7280
7496
7231
7499
7346
7190
7275
7420
7501
7300
7433
7944
8173
8329
8433
8395
8194
8029
7672
7561
7458
7586
7586
7545
7678
7587
7391
7431
7480
7666
7903
8062
8054
8305
8628
9426
11155
12523
13619
13515
12023
10195
8588
7627
7379
7444
7533
7519
7625
8240
8781
9610
9929
9875
9340
8537
7791
7813
8162
8684
9635
10403
10314
10335
9790
9098
8801
8514
8947
9213
9949
9622
9098
8414
7736
7593
7540
7548
7936
8286
8599
8623
8730
8721
9114
9204
9327
9079
8784
8196
8043
7612
7593
7485
7467
7832
8009
8370
9100
9885
11325
12920
15521
18542
21104
21743
19704
15790
11881
9169
7998
7825
7671
7846
7957
7743
7868
7717
7483
7515
7330
7419
8088
8468
9010
9525
10422
11403
12149
12217
11594
10674
9648
8619
8052
7816
7618
7510
7446
7246
7223
7191
7120
7363
7069
7274
7316
7284
7433
7349
7096
7182
7003
6927
6902
7007
6922
7052
7122
7255
7200
7200
7541
7576
7337
7406
7362
7157
7091
7298
7405
7574
7852
7906
7878
7431
7402
7244
7292
7289
7433
7204
7269
7210
7147
7186
7232
7230
7183
7248
7201
7219
7206
7285
7443
7585
7479
7304
7259
7148
7007
7174
7290
7411
7582
7550
7498
7336
7188
7069
7038
7118
7267
7161
7213
7017
6939
7042
7346
8003
8420
8889
9028
9386
9685
9703
9351
8457
7960
7141
6994
6944
6859
7126
7259
7625
8527
9410
11635
14880
18937
22265
23616
22536
19298
15220
12035
9931
8524
8101
7907
7720
7492
7621
7752
7900
7898
7753
7511
7240
7249
7290
7213
7212
7083
7144
7155
7099
7226
7314
7550
7669
8068
8105
8002
7822
7428
7107
7161
7082
7128
7162
6979
7074
7239
7166
7343
7219
7458
7452
7528
7662
7920
7584
7410
7275
7177
7195
7462
7592
7762
7770
8214
8919
10218
11291
12400
12058
11541
10537
9830
9747
10633
11777
13090
13164
12154
10614
8861
7820
7706
7627
7948
8076
7978
7708
7374
7290
7333
7521
7699
7946
7973
7795
7544
7227
7312
7263
7291
7401
7465
7515
7668
7924
8126
8315
8077
7819
8042
8208
8352
8297
7945
7780
7612
7961
8736
9570
10109
10055
9505
8797
8139
7558
7222
6985
6936
7127
7184
7197
7258
7418
7805
8195
8744
8975
9366
8856
8852
8061
7776
7488
7167
6951
6867
6731
6787
6976
7120
7322
8145
9061
10147
10628
10589
9850
8668
7859
7383
6914
6766
6845
6838
6802
6764
6759
7118
6928
7062
6827
6891
6805
6756
6376
6628
6778
6672
6725
6656
6832
6799
6796
6687
6633
6676
6557
6408
6474
6369
6522
6461
6597
6724
7057
6986
7101
7036
7063
7107
6963
6948
6939
6831
6941
7227
7908
7870
8031
7746
7419
7025
6897
6783
6689
6668
6419
6524
6507
6883
7198
7366
7401
7270
7086
6894
6930
6953
7266
7364
7729
7701
7336
7061
6918
6624
6484
6516
6378
6435
6337
6501
6543
6663
6790
6927
6974
6971
6896
6909
6914
6670
6768
6910
7179
7262
7362
7565
7181
7282
7624
7661
7929
7793
7550
7016
6808
6670
6606
6877
7175
8047
8588
8958
8715
8309
7766
7363
7092
6865
6948
6832
6616
6590
6411
6285
6275
6304
6298
6139
6291
6571
6473
6586
6904
6762
6871
7116
7136
7100
7011
6779
6805
6778
6637
6427
6533
6477
6493
6661
6716
6835
6710
6772
6628
6728
6810
7013
6891
6876
6791
6891
6793
6558
6826
7264
7892
9080
10050
10847
10587
9646
8554
7730
7219
6962
6848
7224
8038
9893
12249
14775
16251
16777
15786
14177
12097
9797
8267
7312
6719
6420
6664
7302
8972
12628
17802
24468
28197
27713
23122
16593
11423
8433
7079
6631
6743
6821
6847
6878
6647
6483
6295
6244
6164
6471
6149
5985
6042
6142
6268
6399
6480
6845
6879
6958
6767
6504
6382
6087
6050
6095
6131
6206
6664
7133
7058
7027
6908
6518
6232
6106
6135
6174
6301
6348
6314
6580
6399
6489
6242
6230
6338
6365
6281
6166
6082
6053
6026
5854
5898
6040
6200
6156
6258
6210
5920
6094
6159
6175
6251
6402
6070
6020
5917
5936
5829
6023
6083
6390
6553
6797
6877
6960
6798
6733
6585
6309
6270
6037
5962
5731
5668
5735
5804
5888
5970
6029
6051
5973
6093
6175
6294
6388
6833
7315
7502
7722
7533
7137
6703
6291
6107
6177
5984
5987
5955
5947
5675
5793
5617
5909
5552
5573
5697
5800
5987
6098
6236
6277
6412
6190
5929
5857
5867
6034
6184
6330
6397
6565
6578
6344
6247
5849
5725
5625
5894
5888
5921
6221
6329
6018
5963
5965
5811
5618
5645
5696
5681
5589
5787
5656
5716
5738
5611
5898
5983
6316
6329
6644
6424
6213
5849
6219
6730
8083
10033
11312
12057
11474
9927
8649
7588
6881
6351
5919
5680
5529
5479
5478
5355
5360
5157
5235
5366
5346
5387
5471
5462
5517
5826
6310
6680
6677
6663
6403
5967
5875
5633
5594
5619
5836
6116
6735
8120
9979
11762
12281
11420
9706
7843
6267
5655
5342
5373
5149
5374
5484
5889
6009
6007
5667
5590
5328
5194
5104
5025
5039
5131
5265
5823
7035
9326
11893
14271
15278
14107
11575
8613
6546
5598
5144
5082
5201
5294
5301
5340
5317
5046
5051
5039
5185
4770
4974
5084
4942
4952
4760
4999
4939
4781
4833
4809
4774
4803
4671
4827
4725
4742
4854
4972
4986
4916
5274
5359
5515
5942
6447
7103
7371
7182
6837
6281
5754
5311
5128
5018
5239
5325
5346
5423
5280
5278
5141
5233
5299
5321
5419
5507
5391
5098
4905
4805
4818
4852
4609
4679
4827
4618
4602
4771
4673
4740
4875
4717
5066
4773
4841
4911
4968
4936
4883
4907
4785
4827
4681
4884
4652
4846
4726
4678
4753
4904
4905
4922
4948
5050
4961
5022
5121
5325
5635
6150
7808
10804
17386
25620
34071
37475
34532
26674
17852
11281
7503
6025
6104
7681
11424
19393
31727
45751
55658
56458
46841
33396
20264
12166
8365
6971
6822
6728
6723
6442
6413
6130
6210
6193
6174
6199
6063
5950
6128
5947
5930
6238
6159
6277
6378
6576
6261
6305
6414
6402
6302
6588
6725
6727
6560
6320
6366
6370
6563
6772
7101
7349
7742
7513
7500
8084
9370
11772
14496
16508
16450
14100
11440
8929
7384
6809
6563
6809
6810
6527
6471
6205
5878
5820
5837
5921
5928
5784
5945
6014
5864
6110
6138
6060
5956
5872
5910
5833
6001
5926
6330
6503
6674
6777
6648
6508
6190
6063
5952
5909
6009
5853
5840
5839
5736
6116
6221
6613
7106
7763
8613
9304
9550
9473
9012
8250
7527
6841
6273
6023
6050
5806
5942
5931
6282
6941
8025
9126
10402
10778
10415
9369
8289
7493
6979
6356
6160
6057
6135
5929
6114
6186
6349
6758
7745
9089
10177
10699
9863
8824
7518
6769
6330
6233
6139
5947
6035
5739
5898
5945
5875
5943
6057
6167
6052
5986
6008
5773
5750
5746
5731
5717
5917
6055
6017
6162
6181
5874
6190
5895
5901
5687
5775
5923
5728
5990
5958
5981
6168
6318
6466
6749
6639
6589
6730
6950
7330
7920
8391
9008
8913
8498
7991
7058
6479
6450
6107
5860
5911
5822
5789
5996
6170
6358
6629
6695
6643
6524
6420
6341
6431
6138
6084
6038
5859
5943
5866
5836
5855
5826
5943
5842
5984
5853
5937
5976
6018
6109
6326
6281
6464
6348
6111
6216
6368
6761
7134
7586
7782
7921
7727
7377
6972
6623
6480
6354
6392
6287
6291
6396
6277
6383
6425
6597
6734
6712
6480
6482
6278
6249
6013
6146
6096
6100
6176
6074
6036
5977
6052
6086
6052
6081
6135
5955
6056
6123
6460
6618
6774
6996
7130
7101
6877
6892
6951
6663
6795
6504
6319
6235
6222
6167
6209
6166
6298
6454
6423
6609
6769
7027
6859
6919
6875
6691
6661
6601
6488
6388
6313
6228
6202
6171
6110
6201
6010
6147
6118
6329
6280
6448
6472
6828
7126
7979
8621
9802
10358
10496
9992
9087
7972
7218
6584
6406
6154
6225
6048
6026
6113
6026
6195
6002
6134
5987
6094
6096
6404
6439
6685
7110
7207
7039
6987
6492
6274
6232
6182
5970
5958
6063
6234
6107
6415
6515
6688
6837
6786
6945
6555
6482
6411
6252
6287
6193
6278
6463
6610
6861
6911
7104
7005
6956
6623
6659
6544
6677
6606
6713
6635
6476
6513
6424
6310
6319
6326
6313
6214
6370
6337
6229
6359
6240
6239
6402
6365
6436
6315
6404
6363
6491
6271
6403
6498
6446
6469
6164
6398
6384
6156
6441
6402
6939
7280
7874
8212
8101
7907
7118
6915
6773
6532
6391
6545
6438
6345
6426
6280
6274
6520
6367
6294
6351
6414
6488
6758
7190
7732
8651
9032
9456
9123
8287
7591
6897
6802
6500
6563
6456
6543
6585
6467
6515
6462
6380
6428
6295
6382
6279
6399
6291
6366
6280
6370
6201
6071
6210
6178
6156
6330
6709
6938
7304
7270
7356
6746
6552
6597
6415
6613
6596
6681
6485
6353
6399
6525
6277
6265
5991
5954
5759
5575
5620
5620
5563
5686
5749
5760
5862
5742
5615
5567
5506
5518
5506
5505
5590
5527
5479
5418
5516
5427
5449
5771
5837
5863
5741
5728
5462
5459
5449
5314
5284
5209
5477
5387
5440
5304
5399
5423
5267
5310
5280
5272
5177
5057
4985
5070
5119
5146
5277
5112
5147
4928
5207
5133
5207
5134
5233
5145
4976
5136
5133
5129
5033
5279
5248
4861
5002
5005
4769
4908
4781
4897
5005
4880
4805
4823
4824
4966
5008
4920
4728
4823
4820
4786
4811
5005
4994
5034
5049
5003
4879
4971
4788
4779
4748
4747
4646
4638
4729
4777
4860
4806
4978
4948
4924
4883
4802
4750
4800
4874
4973
5189
5355
5265
5312
4990
4853
4784
4867
4726
4617
4700
4786
4764
4870
5180
5827
6350
7488
8505
9046
8951
7999
7243
6025
5435
4911
4868
4839
4879
4867
4872
4901
4843
4762
4703
4776
4853
4828
4625
4638
4680
4548
4645
4683
4677
4605
4603
4692
4514
4644
4650
4557
4486
4511
4583
4564
4545
4534
4659
4547
4541
4684
4777
4783
4814
4826
4688
4608
4594
4606
4620
4777
4650
4723
4597
4775
4644
4765
4864
5068
5452
5662
5935
5885
5444
5161
4851
4736
4663
4650
4621
4811
4918
5619
6975
9964
15998
26901
43426
64774
85448
98419
98506
86289
66196
44662
28006
16855
10957
7892
6737
6010
5734
5549
5562
5382
5408
5389
5396
5472
5302
5298
5504
5402
5400
5486
5496
5418
5383
5381
5417
5315
5419
5420
5503
5500
5390
5418
5383
5442
5665
5862
6413
6980
7566
7900
7704
7019
6394
5873
5455
5329
5191
5187
5329
5351
5365
5392
5310
5365
5340
5467
5199
5175
5274
5313
5181
5205
5197
5151
5230
5164
5220
5192
5189
5158
5217
5313
5201
5310
5266
5341
5458
5531
5577
5465
5404
5477
5274
5253
5209
5139
4966
5158
5328
5244
5282
5249
5299
5385
5347
5354
5457
5569
5653
6136
6356
6472
6302
6091
5791
5532
5362
5253
5321
5079
5235
5218
5293
5457
5485
5676
5457
5305
5429
5392
5285
5420
5219
5190
5159
5112
5203
5060
5108
5057
5116
5123
5229
5147
5052
5151
5293
5137
5211
5177
5203
5010
5231
5050
5103
5119
5289
5490
5540
5506
5433
5278
5244
5075
4974
5012
4976
5135
5258
5122
5106
5179
5274
5247
5212
5159
5169
5240
5299
5219
5133
5069
5259
5072
5174
4990
5084
5115
5072
5125
5090
5268
5665
6430
7479
8725
9552
9285
8960
7663
6830
5919
5555
5419
5215
5140
5145
5060
5112
5109
4962
4967
4841
5113
5006
5058
5057
5187
5275
5023
5168
5074
5032
5052
5164
5018
5119
5041
5044
5033
5285
5093
5083
5221
5196
5261
5291
5410
5297
5283
5353
5388
5467
5687
5927
6327
6684
7089
7045
6852
6463
6053
5691
5303
5427
5278
5313
5106
5148
5223
5257
5144
5292
5304
5260
5269
5247
5268
5449
5286
5335
5221
5335
5404
5310
5316
5463
5426
5379
5119
5374
5274
5313
5379
5306
5495
5370
5437
5334
5320
5388
5618
5782
5701
5899
5822
5580
5666
5617
5299
5615
5462
5596
5694
5684
6074
6066
5913
5974
5652
5518
5560
5308
5239
5433
5392
5384
5315
5297
5324
5120
5337
5287
5147
5246
5339
5410
5612
5650
6434
7323
8489
9513
9965
10365
9422
8144
6899
5984
5596
5396
5358
5341
5388
5525
5374
5533
5319
5426
5151
5367
5300
5395
5297
5312
5343
5457
5372
5440
5485
5303
5402
5449
5359
5370
5270
5397
5344
5323
5149
5359
5385
5126
5326
5131
5116
5041
4952
4944
4991
4918
4905
4977
5097
5189
5504
5515
5845
5778
5595
5355
5185
4866
4909
4904
4764
4809
4725
4728
4712
4537
4490
4554
4479
4617
4694
4626
4682
4423
4586
4521
4574
4517
4694
4783
4810
4636
4604
4521
4494
4432
4365
4494
4337
4428
4221
4449
4399
4453
4578
4787
4857
5024
5070
5009
4892
4705
4767
4529
4372
4306
4167
4330
4242
4320
4294
4183
4165
4246
4123
4306
4100
4188
4196
4322
4269
4308
4388
4410
4324
4299
4344
4243
4311
4347
4379
4354
4373
4364
4266
4304
4196
4068
4053
4132
4010
3938
3748
3784
3655
3656
3737
3503
3726
3673
3646
3571
3569
3629
3724
3642
3900
4055
4435
4560
4882
4734
4624
4413
4015
3656
3551
3370
3373
3232
3186
3201
3246
3248
3213
3272
3245
3260
3168
3189
3221
3070
3037
3055
2980
2975
2971
2898
2990
2923
2910
3016
2968
3063
3141
3079
3129
3016
2925
2733
2750
2726
2773
2739
2714
2727
2657
2671
2662
2679
2638
2686
2721
2736
2739
2647
2560
2565
2427
2364
2401
2369
2348
2259
2304
2272
2189
2217
2231
2267
2228
2233
2244
2194
2246
2177
2128
2181
2076
2071
2114
2046
1970
1989
1982
1992
2054
2043
2050
1987
1988
1990
1923
1933
2001
1840
1910
1924
1936
1956
1958
1884
1821
1802
1833
1870
1804
1781
1802
1869
1801
1692
1766
1743
1679
1680
1778
1768
1765
1765
1917
2104
2239
2614
2860
3090
3082
2948
2518
2391
2082
2016
1931
1993
1975
1932
1970
1919
1962
2162
2390
2843
3139
3481
3438
3132
2675
2343
2176
2121
1917
1846
1813
1750
1713
1723
1705
1698
1755
1901
1874
1906
1806
1788
1724
1681
1738
1807
1853
1927
2149
2280
2390
2414
2213
2058
1877
1717
1659
1626
1577
1620
1562
1606
1671
1760
1843
1874
1955
2016
1876
1713
1673
1741
1653
1773
1742
1725
1689
1768
1696
1651
1761
1625
1833
1862
1964
2025
1908
1901
1831
1805
1762
1705
1702
1751
1708
1937
2746
5159
11492
25262
49733
84587
120128
141962
140384
115306
79872
46039
22147
9390
3976
1939
1467
1369
1356
1330
1345
1206
1332
1280
1240
1161
1145
1200
1123
1207
1218
1210
1203
1169
1249
1220
1184
1270
1297
1295
1248
1249
1193
1291
1292
1246
1281
1293
1373
1472
1434
1474
1411
1390
1275
1277
1202
1241
1187
1203
1216
1205
1194
1281
1292
1312
1277
1354
1427
1429
1492
1454
1436
1346
1317
1213
1239
1269
1172
1192
1273
1163
1148
1187
1233
1232
1307
1458
1500
1594
1699
1616
1601
1441
1274
1267
1190
1281
1234
1291
1230
1211
1262
1204
1277
1194
1198
1231
1240
1327
1197
1335
1405
1402
1464
1436
1373
1310
1246
1162
1279
1311
1393
1537
1504
1566
1655
1645
1607
1469
1407
1305
1250
1176
1146
1144
1159
1182
1123
1178
1160
1205
1184
1179
1166
1159
1254
1179
1201
1230
1193
1203
1181
1169
1107
1197
1134
1238
1168
1245
1207
1223
1205
1239
1259
1254
1133
1127
1239
1188
1200
1230
1195
1187
1149
1163
1174
1250
1313
1274
1305
1282
1311
1247
1250
1258
1284
1226
1173
1193
1165
1160
1090
1146
1185
1185
1186
1211
1241
1229
1287
1180
1185
1146
1161
1120
1267
1225
1175
1209
1236
1159
1203
1217
1155
1175
1126
1153
1104
1119
1134
1144
1197
1200
1180
1155
1166
1168
1119
1181
1160
1121
1162
1149
1201
1176
1324
1382
1461
1443
1442
1400
1392
1388
1419
1568
2141
2584
3044
3376
3293
2966
2304
1894
1404
1251
1167
1133
1133
1112
1115
1186
1101
1135
1103
1066
1054
1046
1098
1046
1087
1061
1123
1115
1158
1110
1179
1243
1226
1167
1070
1056
1075
1103
1073
1083
1078
1038
1048
1040
1112
1152
1202
1163
1196
1169
1098
1103
1224
1202
1294
1268
1189
1268
1208
1211
1086
1049
1112
1050
1088
1022
1117
1051
1106
1085
1102
1088
1067
1057
1057
1077
1018
1080
1044
1005
1014
1002
965
1060
1068
1044
1006
1035
993
1071
1137
1005
1083
1094
1068
1046
1047
1076
1062
1031
1030
1059
1015
1060
1057
1086
1033
1087
1099
1110
1130
1072
1109
1138
1143
1067
1074
1091
1036
1047
1003
1072
1062
1013
1034
1056
1009
1050
983
1036
1003
1067
1038
1048
998
1012
1050
1071
1124
1319
1634
1867
2324
2491
2500
2124
1805
1525
1294
1172
1055
1032
981
992
1061
1032
1032
1006
1004
1131
1151
1142
1135
1117
1152
1147
1200
1296
1382
1510
1706
1812
1788
1735
1495
1303
1228
1195
1071
1062
1069
1064
974
1032
1148
1242
1496
1728
1941
1932
1855
1601
1412
1311
1275
1241
1408
1817
2527
3423
4211
4719
4562
3786
2960
2227
1603
1248
1168
1056
1115
1125
1039
1140
1125
1157
1384
1714
2285
3074
3919
4379
4540
4166
3396
2617
2084
1730
1570
1574
1532
1513
1465
1333
1275
1237
1182
1100
1157
1205
1213
1215
1216
1237
1165
1284
1381
1581
1882
2207
2586
2651
2377
2047
1723
1447
1357
1210
1192
1211
1166
1249
1206
1180
1194
1158
1216
1189
1152
1216
1138
1099
1141
1206
1145
1122
1144
1147
1245
1162
1178
1212
1207
1273
1227
1137
1112
1137
1183
1142
1181
1161
1307
1446
1630
1956
2234
2521
2543
2401
2129
1891
1776
1721
1720
1695
1617
1568
1428
1403
1263
1233
1187
1232
1232
1203
1202
1242
1208
1234
1255
1203
1244
1216
1299
1212
1236
1257
1272
1243
1248
1268
1210
1253
1215
1203
1217
1191
1196
1208
1189
1290
1215
1183
1206
1179
1212
1171
1287
1306
1242
1288
1191
1208
1259
1193
1236
1230
1120
1225
1089
1125
1192
1163
1215
1218
1227
1171
1196
1288
1292
1433
1576
1888
2325
2725
2996
3053
2909
2554
1922
1629
1504
1528
1573
1606
1580
1514
1484
1311
1304
1189
1209
1258
1201
1189
1221
1212
1220
1263
1217
1239
1233
1203
1178
1221
1218
1162
1270
1282
1342
1387
1430
1467
1440
1352
1386
1379
1475
1690
1990
2415
2580
2698
2628
2409
2104
1784
1586
1383
1381
1290
1180
1138
1258
1205
1277
1190
1220
1195
1145
1220
1219
1133
1328
1299
1332
1324
1400
1350
1331
1329
1296
1257
1257
1252
1210
1220
1240
1223
1283
1295
1232
1218
1200
1261
1193
1242
1265
1238
1268
1206
1192
1232
1289
1208
1241
1222
1194
1159
1237
1235
1226
1205
1196
1195
1205
1264
1208
1192
1214
1264
1173
1185
1215
1218
1177
1219
1191
1210
1232
1177
1208
1191
1278
1332
1303
1310
1313
1306
1288
1315
1292
1259
1274
1256
1151
1202
1258
1249
1288
1325
1395
1427
1402
1342
1332
1361
1261
1248
1227
1210
1238
1269
1286
1321
1441
1467
1707
1715
1742
1685
1575
1525
1425
1351
1337
1286
1315
1251
1322
1324
1339
1354
1383
1562
1656
1670
1654
1614
1554
1430
1306
1294
1273
1277
1162
1157
1221
1283
1207
1216
1258
1221
1275
1223
1203
1196
1230
1233
1211
1255
1213
1300
1218
1219
1224
1260
1281
1343
1404
1443
1570
1622
1504
1442
1413
1355
1342
1343
1370
1263
1279
1253
1242
1282
1276
1295
1225
1269
1276
1244
1247
1214
1292
1301
1300
1263
1222
1276
1233
1280
1269
1317
1357
1260
1425
1475
1597
1989
2287
2502
2637
2492
2321
1924
1686
1462
1368
1209
1261
1314
1291
1353
1312
1311
1358
1340
1290
1250
1311
1392
1312
1260
1290
1236
1239
1259
1330
1321
1286
1364
1321
1315
1415
1374
1360
1390
1349
1391
1276
1308
1300
1308
1341
1338
1350
1382
1350
1356
1309
1239
1300
1348
1277
1217
1272
1263
1264
1266
1259
1260
1260
1335
1241
1239
1262
1208
1250
1192
1283
1250
1225
1233
1246
1130
1136
1198
1143
1172
1279
1181
1229
1143
1195
1170
1261
1175
1170
1272
1192
1146
1143
1193
1189
1164
1196
1167
1176
1146
1180
1168
1151
1124
1164
1179
1197
1113
1179
1142
1159
1179
1116
1095
1169
1157
1114
1091
1188
1176
1109
1140
1065
1129
1121
1118
1173
1153
1185
1114
1128
1160
1073
1081
1104
1082
1121
1148
1110
1123
1154
1117
1124
1142
1149
1038
1084
1080
1066
1085
1122
1064
1117
1063
1095
1092
1100
1058
1077
990
1083
955
1010
1016
1070
1020
1124
1048
1068
978
1019
1046
1040
970
996
1082
1039
1087
1049
989
987
953
1012
998
1040
1040
1014
1017
990
1038
1039
1026
987
1059
1067
1058
1073
1043
1064
1090
1052
1086
1046
1057
1014
983
970
975
965
1014
935
973
986
959
1000
959
1000
928
970
949
859
1010
905
965
986
1004
995
979
987
934
926
992
1010
967
1004
949
976
949
983
933
954
937
934
966
1020
1020
1059
1049
1021
1023
1023
1075
1154
1269
1553
1735
1930
1924
1785
1605
1297
1163
1057
1039
936
974
972
927
878
948
913
933
889
985
941
946
1009
999
1055
1280
1601
2334
3290
4653
6033
7112
7845
7603
6500
5076
3726
2648
1883
1423
1293
1119
1115
1122
1152
1291
1561
2079
2839
3946
5219
6309
6970
6795
6051
4768
3683
2851
2136
1724
1447
1277
1210
1105
1047
1091
1008
989
1033
1072
1085
1022
1076
1057
1050
1078
1115
1058
996
1005
1006
1008
1035
984
1053
1048
1056
1105
1042
1078
1102
1039
1025
1039
1005
996
998
1028
1013
1022
1105
1023
1035
1040
1038
970
988
1051
1078
1002
1044
1058
1009
1094
1017
1036
1006
999
1040
1003
1035
1149
1211
1518
1787
2226
2868
3289
3635
3688
3369
2979
2476
2150
1870
1758
1776
1607
1518
1288
1240
1104
1069
1062
1013
1027
1055
1016
980
1018
1024
1002
1021
1077
1047
1035
1011
1018
1040
1051
1033
1061
1138
1067
1089
1089
1052
991
1024
1042
1064
1009
1068
1026
1002
1074
1051
1063
1002
1091
1043
994
1001
1078
1057
1005
1040
1058
1043
1011
969
984
1066
1035
1045
1005
1018
1042
1013
990
1030
1055
1004
1069
1072
1122
1127
1117
1107
1115
1096
1111
1128
1206
1306
1396
1439
1528
1386
1210
1222
1117
1046
1032
953
1024
938
987
1039
1053
1020
1080
1084
1009
985
980
965
1021
1007
1038
997
1003
988
1017
991
1002
1023
1033
1092
1204
1406
1788
2229
2557
2756
2655
2382
1964
1593
1249
1081
988
1004
957
986
885
957
964
990
1027
1009
1042
1074
989
974
936
1020
955
937
941
995
958
947
1017
957
1010
982
997
1013
1040
960
983
1001
1009
1020
1040
1044
1015
1044
942
1015
996
973
983
1001
997
979
981
929
999
989
952
1022
1028
969
989
921
949
953
940
942
982
952
994
955
950
919
941
966
919
942
929
1003
895
936
980
950
968
1046
921
952
983
913
941
949
976
978
922
1011
953
975
1019
940
953
974
910
987
950
967
1003
889
975
947
997
988
1006
1055
1073
1290
1416
1522
1587
1490
1477
1335
1116
1083
1002
1036
1048
996
1012
1052
1046
1152
1162
1299
1439
1512
1461
1388
1294
1201
1065
954
1021
958
951
956
1002
989
963
981
965
972
980
951
937
918
976
954
916
979
906
903
868
955
898
892
980
931
925
886
973
917
905
966
946
918
960
994
1031
961
916
855
886
915
883
886
886
835
894
928
936
866
872
975
918
901
928
849
860
879
913
862
940
1096
1150
1451
1845
2328
2820
3164
3121
3051
2600
1994
1593
1255
1104
986
933
960
855
839
909
880
874
879
879
888
844
845
917
851
886
855
839
852
904
868
902
924
969
854
905
882
859
901
844
871
841
864
853
846
854
856
1041
1100
1296
1269
1265
1164
1082
920
981
881
795
808
826
807
755
854
775
803
833
759
790
771
804
788
768
783
762
729
762
786
773
771
819
792
747
746
762
823
884
968
1082
1286
1276
1350
1221
1133
977
841
823
747
723
739
702
739
716
766
731
713
710
719
681
715
725
743
713
727
731
709
720
709
788
751
683
731
745
699
684
698
659
689
695
662
685
668
678
697
698
686
638
651
619
655
667
620
629
630
646
652
675
610
563
584
643
652
616
603
639
585
630
638
631
626
560
591
549
648
560
567
562
568
599
549
542
595
555
530
562
581
556
553
529
564
571
544
528
565
540
514
526
533
565
585
569
552
551
585
535
551
599
578
552
569
562
535
566
578
535
550
511
533
530
524
543
529
529
541
522
528
541
581
524
522
545
544
497
507
567
578
555
517
499
535
487
520
520
525
566
527
504
568
555
506
547
526
551
529
496
530
514
547
525
532
576
554
532
546
550
620
712
949
1215
1643
2185
2529
2625
2558
2184
1648
1316
870
739
608
639
597
596
578
568
594
610
622
555
573
658
768
1057
1823
2784
4309
6184
7573
8240
7896
6407
4648
2975
1768
1065
789
643
658
602
608
623
749
946
1466
2363
3612
5024
6478
7237
6970
5965
4360
2832
1729
1106
747
657
535
564
556
590
557
572
574
562
520
505
562
557
535
507
566
593
585
535
549
571
555
577
538
535
587
545
501
568
564
589
571
539
569
561
562
549
575
560
580
569
549
570
535
542
553
586
542
534
581
559
547
564
632
551
542
596
550
520
540
591
579
660
913
1253
1725
2367
3083
3426
3409
2955
2302
1685
1095
806
587
604
530
510
541
524
554
526
515
517
505
504
537
512
519
510
517
526
549
547
501
525
570
515
532
600
594
655
588
559
575
566
546
568
516
561
530
522
537
534
527
558
559
541
596
556
560
550
613
528
532
510
563
525
543
467
550
525
517
533
533
504
543
523
517
514
506
543
544
499
555
578
554
525
542
537
519
540
518
493
545
530
549
538
492
553
513
519
493
519
478
522
507
522
522
534
467
546
543
507
496
507
521
524
553
522
500
490
527
531
554
510
520
542
512
515
514
580
588
552
535
564
518
534
516
517
527
520
535
521
486
488
534
519
539
541
492
520
527
526
538
439
521
452
528
506
491
463
485
535
500
502
471
517
506
504
493
542
509
526
588
577
539
553
506
470
504
487
494
487
491
470
522
492
480
482
494
487
500
502
464
472
523
491
474
467
479
455
505
476
528
497
463
489
504
475
465
404
443
481
475
448
478
487
466
474
451
442
424
499
468
487
544
685
771
1094
1431
1927
2299
2572
2497
2163
1753
1308
984
759
656
571
579
525
518
580
544
577
541
562
527
556
546
578
510
546
565
536
505
561
521
493
554
513
555
520
583
533
515
525
517
504
540
521
533
610
510
534
558
559
540
569
558
527
529
509
549
529
582
545
527
523
517
545
526
491
557
564
503
528
523
565
527
522
552
574
557
598
617
588
592
544
548
560
524
550
589
550
525
499
517
547
556
550
525
538
506
566
535
525
535
525
566
572
574
626
774
995
1372
2025
2395
2829
2996
2740
2161
1598
1226
863
679
558
545
538
492
526
511
506
497
495
505
512
562
489
535
511
476
549
482
526
509
498
507
524
501
527
501
489
528
511
524
514
481
542
516
572
689
755
955
1054
1216
1305
1248
1229
1058
895
814
726
624
610
535
520
492
535
464
513
478
479
495
485
480
481
513
485
548
529
533
487
469
500
502
501
519
570
559
733
870
1036
1245
1427
1679
1616
1506
1319
1043
885
700
568
571
530
484
532
517
493
491
471
487
462
526
491
504
496
513
518
510
474
461
517
552
524
589
593
569
563
525
505
511
470
512
463
492
494
501
487
464
448
478
488
492
487
507
422
503
515
471
481
471
454
513
474
478
480
459
537
485
482
455
484
488
481
477
458
483
469
436
439
460
488
474
446
494
448
489
455
450
482
473
478
484
507
435
443
494
459
457
485
468
495
500
456
462
470
486
440
502
479
444
487
446
464
492
457
460
504
497
466
519
460
481
514
485
431
477
469
456
467
468
465
509
493
473
488
524
471
465
511
481
469
496
462
486
467
492
440
471
464
466
477
525
448
467
441
485
442
443
450
463
462
476
509
492
511
507
549
626
750
1080
1515
2129
2969
3771
4264
4660
4362
3770
2933
2167
1469
1033
824
642
588
560
564
475
496
528
534
514
519
524
501
511
526
495
541
511
545
505
511
516
516
527
483
537
501
507
567
508
565
503
513
542
540
517
508
537
526
512
500
511
534
523
570
515
516
548
518
509
524
504
495
501
504
495
517
578
550
533
542
502
560
564
521
567
502
524
529
548
523
522
504
540
556
516
503
533
523
503
502
504
467
492
482
534
536
498
545
535
498
511
492
524
538
503
505
521
530
531
508
502
512
507
482
543
497
524
530
490
464
453
515
433
480
469
507
518
542
503
510
461
486
511
456
534
492
491
510
493
486
475
438
450
474
475
470
481
468
480
470
462
445
462
450
434
446
518
436
446
465
448
409
489
460
509
477
447
429
457
460
449
414
440
446
431
481
496
443
429
470
468
452
439
440
447
433
430
426
430
446
417
460
457
447
396
482
446
464
429
417
444
412
410
466
444
419
416
456
437
497
535
565
650
736
833
775
717
661
602
569
450
430
448
417
395
407
434
425
442
399
438
422
407
430
423
426
442
439
428
408
408
457
436
409
446
460
431
457
426
462
444
412
457
466
462
485
458
437
485
435
433
427
449
463
444
400
418
409
410
420
397
366
425
445
422
416
455
422
425
445
420
425
429
431
403
401
410
410
405
410
417
375
374
412
416
382
414
397
411
426
378
390
416
419
408
420
408
426
400
378
396
377
399
369
401
409
358
398
384
428
362
407
391
377
395
381
409
380
377
444
366
408
413
404
366
364
412
390
390
369
449
424
515
690
934
1425
2003
2785
3565
4085
4355
4374
3907
3100
2324
1647
1156
820
631
543
521
437
450
465
393
412
437
414
413
400
398
384
424
455
412
361
375
385
384
368
410
409
376
436
419
361
407
350
389
385
393
384
366
403
342
360
401
369
389
360
430
377
425
363
390
400
386
386
385
365
361
407
377
368
416
395
379
372
390
384
406
382
385
335
373
404
372
389
399
366
366
348
394
360
362
364
372
374
397
373
378
368
369
369
358
369
354
344
394
374
331
356
373
388
368
362
364
347
347
399
387
385
387
355
335
379
362
376
342
378
325
358
367
348
361
354
327
382
348
351
353
363
334
362
300
371
337
323
334
345
350
318
320
335
307
325
314
302
344
361
354
452
554
712
885
1046
1112
1205
1109
965
776
708
591
548
473
403
375
388
342
323
297
311
329
284
319
292
291
309
317
312
295
303
281
289
293
297
313
307
304
367
413
565
793
1013
1235
1346
1392
1282
1035
773
569
402
358
330
281
287
308
253
287
288
286
292
255
239
268
251
254
257
263
271
273
294
325
308
335
382
335
387
337
303
307
311
280
266
255
268
280
290
288
270
262
301
256
270
283
247
278
255
273
284
283
302
268
245
264
277
261
279
260
264
255
234
266
275
270
272
244
243
251
259
296
274
262
254
292
240
244
229
256
268
266
267
266
260
284
301
252
265
261
266
296
265
260
291
292
251
290
265
243
272
274
231
257
260
278
254
288
283
272
247
241
276
263
251
286
270
243
274
247
254
248
254
256
226
256
264
259
245
249
248
257
252
268
261
280
253
247
213
253
247
254
252
262
238
252
262
258
248
273
247
258
252
261
278
242
250
290
240
265
307
411
619
984
1567
2488
3281
4060
4159
3806
3242
2261
1532
923
545
348
255
230
219
225
236
222
212
190
233
209
215
229
237
222
218
225
224
218
204
223
207
202
224
237
243
225
184
217
227
240
224
229
216
232
199
202
176
210
213
209
219
210
214
220
206
187
208
178
228
183
193
191
218
200
224
214
198
231
162
200
174
220
202
201
180
228
192
212
190
186
190
212
267
299
381
538
664
789
826
740
707
545
424
326
273
233
234
198
220
208
228
200
192
207
193
205
208
179
191
210
178
189
212
184
198
165
200
188
193
171
189
214
194
189
188
192
165
180
196
220
166
146
165
191
170
193
187
175
191
198
218
193
175
174
171
161
166
157
175
178
191
136
174
170
169
163
168
166
160
143
153
179
164
153
160
151
180
170
140
167
116
156
144
167
162
142
151
148
122
164
134
146
144
154
142
149
153
134
129
155
151
132
135
134
152
136
114
134
148
141
140
140
115
126
128
153
170
177
233
311
384
563
680
785
905
909
764
699
465
386
292
211
156
168
142
146
129
150
128
133
131
117
124
117
132
116
152
112
128
122
142
106
145
138
108
137
129
144
106
158
155
157
172
181
218
190
186
188
176
144
157
123
139
137
120
123
116
113
121
136
144
129
117
129
118
130
120
118
115
127
124
138
134
119
131
107
116
121
111
116
128
109
128
120
125
110
127
122
115
116
124
122
111
104
122
124
120
128
114
108
120
136
128
142
130
140
139
122
116
121
116
126
156
126
133
101
140
133
125
115
132
124
121
135
119
115
118
120
129
128
131
139
200
302
493
780
1298
2170
2864
3350
3854
3585
3138
2315
1585
976
558
308
228
146
131
116
93
115
118
110
116
109
116
93
84
99
118
99
111
121
84
121
92
89
111
107
118
113
115
111
114
106
122
116
108
95
98
103
108
92
102
104
111
99
102
91
96
113
108
107
101
91
98
100
101
99
102
87
99
101
114
98
109
100
86
93
107
88
114
108
128
104
83
115
101
111
97
117
118
97
92
106
100
110
108
101
103
102
98
101
96
92
104
97
129
92
114
121
120
124
101
102
121
118
115
111
94
108
94
112
108
94
113
123
100
105
128
107
91
119
103
95
104
104
124
105
107
109
112
101
88
100
97
116
118
90
112
97
119
92
96
105
103
98
107
94
111
110
109
124
134
155
163
193
237
233
275
260
187
186
163
123
102
110
110
122
104
115
99
103
90
117
103
101
116
104
103
111
85
109
104
103
104
99
102
105
116
124
102
110
92
112
109
95
108
91
113
103
107
93
108
121
107
120
95
119
121
91
111
107
88
95
107
97
84
97
100
89
107
93
85
92
92
92
95
107
98
121
97
91
98
86
100
85
89
116
122
72
99
83
111
92
92
85
92
88
91
93
93
100
95
76
88
104
86
85
82
90
61
73
86
85
83
81
89
87
87
75
78
82
78
91
87
105
78
89
85
65
64
88
69
81
82
81
79
60
86
61
73
84
61
70
81
58
69
87
72
92
70
84
67
86
60
73
76
61
76
75
63
70
71
61
92
86
78
69
81
64
70
86
72
67
66
80
64
73
75
81
55
55
72
68
70
62
75
70
70
58
72
62
78
71
63
64
79
71
79
67
61
64
61
72
73
68
66
52
61
61
57
55
61
67
59
55
58
61
62
49
77
68
73
57
56
58
69
63
58
69
42
64
73
54
52
57
58
63
57
65
67
56
51
56
63
60
64
46
57
52
57
45
59
67
57
63
50
55
51
52
46
52
55
62
53
59
55
64
48
64
46
48
65
54
45
59
63
50
56
48
37
57
54
54
56
55
61
47
55
63
66
102
160
248
364
560
782
1069
1268
1290
1230
1118
840
622
461
250
199
122
90
82
70
75
59
63
63
58
53
58
62
62
67
59
74
66
58
60
59
61
46
59
58
58
67
66
64
60
75
65
69
62
66
56
57
65
57
58
54
64
70
57
62
62
61
59
58
62
57
44
64
69
74
60
52
52
54
51
76
63
63
66
57
58
57
61
71
50
57
67
45
59
69
51
55
51
65
72
62
55
57
46
68
50
56
58
61
59
61
53
62
61
58
52
60
49
60
72
67
67
52
57
64
58
54
48
58
69
60
66
75
91
154
222
372
501
635
642
669
610
484
362
238
154
119
64
58
52
44
53
63
44
52
46
44
57
59
67
57
56
50
53
46
53
62
57
55
45
56
58
64
52
51
64
84
108
104
111
125
107
90
88
68
63
55
49
70
46
49
53
49
42
48
61
49
53
63
62
58
56
51
58
51
59
49
41
48
64
45
51
55
58
45
45
59
41
56
62
48
38
52
59
56
41
62
47
57
66
60
44
55
50
47
41
50
45
45
62
44
54
53
47
53
55
59
47
50
54
67
55
49
50
48
64
42
57
70
49
53
45
51
46
41
40
55
42
51
49
59
57
48
53
55
42
44
57
53
59
56
51
45
54
64
42
47
64
53
47
51
47
45
58
30
53
54
43
45
40
51
55
36
58
53
39
51
51
51
49
46
42
50
50
50
42
45
54
47
41
50
59
63
58
39
65
55
60
45
57
51
57
62
40
50
54
45
42
37
59
43
47
38
47
48
50
58
48
46
45
46
54
47
37
51
48
51
50
40
45
52
51
47
52
62
41
50
43
45
44
55
33
41
50
41
49
53
40
47
40
41
49
38
47
43
32
39
34
42
39
44
50
38
42
41
47
39
44
59
43
41
40
45
43
55
45
48
46
41
49
44
47
46
47
40
45
43
36
46
33
44
56
48
42
49
44
36
38
49
48
30
44
31
36
46
47
38
38
30
49
57
36
48
48
43
44
40
42
45
37
28
31
41
44
31
34
52
41
40
34
39
35
40
36
38
43
50
45
63
40
47
51
59
40
34
35
38
42
40
35
38
32
36
31
29
23
36
47
47
42
28
38
26
32
37
27
34
35
29
30
32
29
22
34
30
24
25
39
30
42
35
47
42
49
33
38
37
39
32
27
26
31
28
17
31
27
29
26
19
24
31
27
27
26
25
24
26
26
26
28
33
26
19
23
26
25
20
29
14
20
31
19
30
29
23
23
17
29
24
24
24
23
23
13
16
18
19
15
13
16
16
12
19
16
18
20
25
9
12
20
12
15
13
13
15
20
15
17
18
18
14
11
14
18
14
14
4
13
11
8
11
11
13
12
11
15
8
19
14
19
6
16
17
16
12
7
16
16
14
11
9
19
16
16
17
9
18
20
16
10
11
7
9
11
12
19
9
11
10
11
9
13
8
8
9
12
11
15
11
4
7
13
20
14
11
11
14
10
10
5
11
10
5
8
7
13
13
11
6
5
17
6
12
7
15
7
11
11
11
6
10
8
11
5
12
14
8
7
16
10
9
12
8
13
13
10
7
6
11
7
9
8
10
12
9
8
9
11
7
7
7
10
12
11
14
10
9
15
25
20
37
54
116
226
376
595
844
986
1007
1047
892
667
445
270
136
72
38
22
5
7
5
7
7
6
7
5
7
6
2
5
3
9
9
6
7
4
4
4
7
9
7
4
4
5
5
6
4
5
1
6
5
4
5
2
7
2
5
9
9
6
5
5
7
2
9
4
3
6
2
5
5
7
4
3
7
5
2
5
5
5
7
8
5
7
5
8
4
4
4
5
10
8
10
6
2
9
5
7
6
6
8
3
4
6
6
11
4
6
6
5
3
3
6
7
5
7
4
1
7
8
6
6
7
6
7
3
9
3
8
14
0
11
7
8
11
10
10
10
12
3
3
6
8
7
8
8
6
4
9
7
5
7
6
10
6
6
9
7
8
2
8
6
5
3
5
8
8
8
4
10
3
8
8
4
2
6
8
6
5
6
5
8
6
4
9
1
7
4
6
11
2
9
0
6
6
4
5
2
6
4
11
5
8
5
2
6
4
6
4
5
4
2
3
7
4
5
4
3
4
8
3
4
10
6
8
4
7
6
4
5
5
3
9
6
2
8
3
5
4
5
2
9
5
7
4
4
7
7
5
4
5
3
2
2
3
5
5
10
9
4
7
6
4
6
5
6
9
3
7
3
4
7
6
7
6
3
8
5
0
4
4
4
5
3
5
8
5
10
4
5
9
3
7
4
4
6
9
5
3
3
4
3
3
6
5
2
7
5
5
3
5
7
2
8
2
3
6
6
2
3
3
6
7
6
3
7
4
2
6
7
4
2
2
4
7
6
2
4
5
4
5
5
5
4
6
7
9
5
3
13
10
3
15
4
6
6
11
2
5
6
5
3
2
6
6
4
3
4
6
3
7
4
4
4
8
3
4
3
1
3
6
1
7
15
4
5
6
6
7
7
4
8
6
6
5
4
8
5
4
4
5
3
3
10
3
6
8
0
7
8
3
4
6
5
5
6
3
4
3
5
7
7
10
3
3
8
3
7
7
4
2
7
6
7
9
4
7
7
9
3
3
6
5
4
3
8
3
3
9
5
8
6
6
1
3
11
5
7
8
4
7
7
14
21
21
7
8
15
9
5
3
2
3
3
6
3
5
7
8
4
4
4
1
6
5
7
3
1
3
7
5
4
3
6
4
1
4
3
7
6
4
8
2
4
3
4
4
7
6
7
3
4
6
3
5
9
2
3
6
8
8
3
5
4
6
3
12
6
3
6
5
3
7
1
3
2
2
8
5
5
4
3
7
7
6
11
1
4
6
2
2
10
4
6
6
6
5
9
6
4
3
2
0
2
6
5
5
4
6
4
1
4
8
5
3
2
2
0
1
3
5
2
7
7
4
5
2
3
3
5
6
6
6
4
5
5
3
1
4
2
9
9
3
8
4
7
8
7
4
3
5
7
2
6
5
4
4
6
2
2
3
10
4
2
7
5
4
4
6
4
6
4
1
1
4
8
4
8
3
2
6
7
8
5
3
3
3
9
7
6
4
6
2
4
5
3
1
3
6
0
3
7
4
9
7
4
4
4
5
4
5
5
5
5
5
4
5
6
6
2
1
6
3
6
3
4
8
4
2
1
1
2
4
0
4
2
3
1
6
1
4
4
9
4
2
3
6
3
3
2
5
1
1
0
8
3
6
2
3
0
4
5
2
5
2
1
3
5
3
5
2
3
5
4
5
4
3
7
7
5
3
2
5
4
4
4
6
2
6
7
2
3
1
3
4
4
3
3
3
4
6
5
6
4
5
7
3
1
2
3
3
4
3
2
3
7
3
4
3
5
8
3
1
9
5
4
3
4
2
1
3
8
4
4
1
3
1
2
5
2
6
3
1
1
3
6
6
5
6
2
5
4
3
2
6
5
1
1
3
3
3
4
4
3
4
7
5
2
4
4
4
1
6
7
2
0
3
7
3
4
2
8
8
11
7
10
19
15
9
15
12
8
8
7
3
2
7
4
2
2
7
6
4
4
5
5
6
4
3
2
3
1
2
4
3
3
1
2
2
9
3
8
4
4
1
7
3
2
3
5
3
6
4
3
3
5
5
1
3
6
6
5
4
5
4
2
2
3
7
5
2
3
2
7
4
3
3
8
3
8
4
6
1
2
6
5
6
2
1
7
1
2
5
0
5
6
3
6
4
6
1
2
3
6
1
5
3
6
4
5
2
7
4
5
4
6
2
4
1
0
2
4
7
5
4
5
4
6
3
2
1
9
0
4
4
3
2
3
3
6
2
6
4
5
6
5
4
3
3
4
4
8
2
3
3
2
4
3
4
6
1
2
3
7
3
0
1
0
4
4
3
2
2
3
3
2
2
5
4
7
3
6
2
2
2
2
1
6
4
5
5
6
9
2
3
1
6
4
2
3
4
2
3
5
2
8
4
5
2
3
4
3
4
3
3
1
5
2
3
5
4
2
1
2
2
5
4
4
5
5
5
4
3
0
3
3
2
2
3
2
5
1
6
5
0
5
5
5
2
2
3
0
1
4
3
3
0
3
0
3
4
6
6
7
1
3
2
8
6
3
5
2
4
3
3
4
1
2
4
3
3
3
6
6
6
4
5
5
1
3
5
2
3
6
1
4
1
4
3
3
5
2
5
5
3
4
1
3
4
6
4
5
9
5
2
4
8
3
6
4
4
1
1
2
1
2
6
3
3
5
3
7
2
2
4
4
7
2
2
4
2
4
8
3
5
5
2
3
7
4
0
6
3
4
6
5
3
1
4
6
1
1
4
2
3
1
3
7
3
3
1
1
3
4
2
3
4
2
2
4
3
4
1
5
4
0
4
5
6
5
1
3
2
2
3
4
4
0
3
2
5
2
10
3
6
4
2
2
3
3
7
4
0
3
1
4
6
2
3
4
2
3
3
3
1
4
1
4
4
3
2
5
3
2
0
3
3
4
3
5
4
2
4
5
4
3
2
3
6
4
2
1
2
1
3
4
1
5
0
4
5
6
3
5
4
2
5
2
4
0
2
3
4
6
3
3
2
2
2
5
2
2
2
1
6
4
0
1
1
3
4
5
2
3
4
2
1
4
3
1
1
7
4
2
3
4
2
4
2
5
4
0
2
2
2
3
3
6
2
3
5
3
0
2
1
1
5
3
2
5
4
6
7
1
4
4
3
1
2
2
2
5
1
4
3
1
4
4
3
4
4
4
1
4
4
2
2
0
4
5
2
2
3
3
2
2
3
3
0
3
5
2
1
4
2
1
3
2
4
1
2
2
2
4
5
1
2
1
2
2
2
2
4
5
5
4
2
2
4
3
2
1
3
2
3
3
5
2
4
4
1
2
4
2
4
6
3
7
5
5
5
3
2
1
4
3
0
1
5
1
2
3
1
1
2
2
3
2
2
0
3
4
1
3
3
4
4
3
6
2
3
1
1
7
2
3
3
2
0
2
3
2
5
2
2
4
3
5
5
3
3
5
1
1
4
0
3
4
1
3
0
2
1
2
3
7
3
2
3
1
1
3
3
1
3
2
5
2
2
2
3
6
5
1
5
2
2
4
5
5
2
3
3
1
6
3
5
2
5
5
6
16
12
13
10
10
12
7
5
2
6
3
1
2
1
4
1
2
1
0
2
1
1
0
0
5
2
1
0
0
4
2
5
3
1
3
4
4
4
2
4
0
4
4
0
3
2
2
0
3
0
1
2
5
4
3
3
2
2
2
6
2
1
1
0
2
2
2
2
4
3
0
1
5
5
1
5
2
4
3
1
3
2
3
5
1
5
2
2
2
1
3
3
2
1
5
0
4
4
3
3
2
1
2
3
3
3
3
2
1
3
2
6
5
1
3
4
3
4
2
1
5
1
2
0
0
2
1
2
2
3
2
5
2
3
3
2
1
3
6
3
4
4
1
7
0
3
2
3
5
2
5
2
0
3
2
4
3
2
5
5
5
4
4
3
0
5
3
0
2
5
4
1
3
1
3
3
2
2
2
2
2
2
2
4
5
2
3
1
3
7
1
3
1
2
2
0
1
2
0
3
4
0
3
1
4
0
1
3
4
1
1
4
0
5
1
2
2
3
2
1
2
2
1
2
2
1
2
6
4
2
4
8
1
2
2
4
1
5
2
2
0
5
2
0
3
0
4
5
4
1
2
2
3
2
5
5
1
1
5
1
3
0
2
3
5
0
2
2
6
3
1
0
1
0
4
4
1
0
3
2
3
2
0
0
2
2
4
1
0
1
2
5
1
1
3
2
1
2
1
0
1
3
0
2
1
0
4
3
0
1
4
4
4
4
0
0
2
1
2
3
3
4
6
5
0
3
3
3
2
1
6
1
1
3
2
2
1
3
2
3
4
2
4
2
5
4
1
2
3
0
4
1
2
1
2
2
3
0
1
2
0
3
3
1
1
2
1
5
2
2
0
4
6
2
3
2
2
3
3
3
6
2
0
2
3
3
1
1
3
2
1
1
2
3
2
3
1
1
4
1
2
0
4
4
2
3
2
1
3
2
1
1
2
1
0
2
6
3
2
6
1
2
1
2
1
1
3
2
2
2
2
2
2
1
4
1
5
0
6
2
2
4
3
1
0
3
2
2
2
3
3
2
1
1
1
0
2
3
3
4
0
3
3
0
1
0
1
3
2
3
2
2
3
0
1
1
0
1
1
2
5
1
0
2
1
4
1
6
3
4
3
1
1
6
4
2
5
0
1
0
2
5
1
3
0
2
2
1
3
2
2
1
1
5
2
4
2
2
2
1
2
0
2
1
2
2
0
4
3
2
2
0
2
2
1
5
2
2
0
1
1
1
2
1
3
4
5
1
1
1
6
2
1
5
3
0
1
1
0
1
2
0
2
3
0
5
2
3
1
2
1
2
2
3
1
1
4
3
5
2
1
4
0
2
2
1
5
0
2
1
0
2
2
4
2
1
4
4
0
2
6
2
1
5
0
2
3
0
5
2
1
3
6
2
2
3
1
3
1
1
1
2
3
3
2
0
3
1
1
2
2
1
0
3
1
4
1
0
4
2
1
6
2
3
0
2
0
3
3
5
0
2
2
2
1
3
5
1
3
2
4
0
3
4
0
2
4
0
2
2
1
1
2
3
2
4
4
2
5
1
3
1
0
1
0
3
4
0
0
3
3
1
2
0
1
3
1
5
3
2
2
5
2
1
3
1
3
0
6
0
0
2
3
2
4
0
0
1
1
3
1
2
2
0
3
2
2
0
0
1
1
0
1
2
2
3
2
1
2
2
1
1
0
1
1
3
2
1
4
2
2
0
3
1
2
2
1
0
1
2
1
0
1
0
1
4
3
1
3
3
3
4
1
1
2
3
3
1
2
0
4
2
2
1
3
2
1
1
2
2
2
2
2
0
4
0
3
1
2
1
1
1
2
1
1
3
2
4
1
4
1
3
4
2
6
4
3
3
3
1
1
1
2
2
2
0
3
1
3
4
1
1
2
3
3
3
5
0
1
4
1
1
1
0
0
3
3
0
3
2
0
0
1
2
2
0
2
0
0
1
3
4
3
0
3
1
2
2
4
0
0
3
5
0
1
3
5
0
1
3
2
1
2
5
2
0
1
3
1
2
2
2
1
0
1
3
0
1
4
2
0
1
2
4
2
1
0
1
4
2
3
1
3
1
0
1
2
1
2
3
0
1
1
0
0
3
0
3
4
2
1
1
2
2
1
3
3
1
2
1
0
4
1
4
0
0
2
4
2
0
3
1
0
5
0
0
5
1
1
1
3
0
2
2
2
2
1
1
2
4
2
2
2
2
1
2
3
1
1
3
0
3
2
0
2
1
1
4
2
1
1
1
1
2
1
1
1
0
2
1
1
0
3
2
1
3
1
2
1
2
3
1
2
3
3
6
2
2
1
2
1
4
2
3
6
1
0
1
5
2
2
2
2
1
4
2
2
0
2
3
4
2
3
1
3
0
2
0
1
0
3
2
2
2
1
1
2
5
2
3
1
1
2
1
1
2
0
0
1
2
2
3
1
1
5
1
3
2
2
4
0
2
2
1
3
2
1
1
1
3
1
2
1
2
0
2
2
3
4
5
1
1
3
0
3
1
2
4
0
3
1
0
0
5
4
0
2
2
0
3
1
3
1
6
4
0
1
3
3
1
1
3
3
1
0
1
2
2
1
1
4
1
0
4
3
1
1
1
2
1
2
2
0
2
2
0
1
0
1
3
1
4
0
2
1
1
1
2
1
2
1
3
3
5
3
3
3
2
2
0
2
1
2
0
1
1
0
2
1
0
3
2
1
2
1
1
1
1
2
0
0
0
1
0
2
2
2
3
2
2
3
2
2
2
1
2
1
4
3
2
2
2
0
3
1
1
0
4
0
0
1
$ENER_FIT:
-1.5350 0.714805 0.000000e+000
$MCA_CAL:
3
-1.5350 0.714805 0.000000e+000
$ENDRECORD:
