$SPEC_ID:
Sample title.

$MEAS_TIM:
9018.53000 10426.71000
$DATE_MEA:
07/12/2016 2:43:04 PM
$DATA:
0 16383
0
0
0
0
0
0
0
0
0
0
0
0
0
0
0
5
20
28
39
26
34
37
35
49
35
37
32
39
37
44
26
29
38
36
47
45
38
29
33
35
38
40
47
40
64
49
33
37
38
35
44
30
37
44
41
32
37
45
43
37
46
67
81
62
49
40
47
29
38
37
47
46
32
36
33
31
34
27
18
45
26
33
25611
25933
25973
26392
26655
26756
26839
26760
27150
27332
27173
27665
27842
27961
27840
27890
27801
28209
27973
28217
28744
29834
31235
33491
39098
42811
39927
42756
46661
42283
40297
46499
44452
33371
28107
26683
26647
28083
28763
29125
29630
32302
35083
34848
35471
36710
34558
31038
28212
26171
25107
24585
24744
24340
24063
24336
24347
23818
24136
23872
23629
23365
23367
23504
23566
22969
23142
23037
23262
23200
23038
22409
22345
21933
21887
21475
21322
20855
20933
20441
20619
20325
19641
19640
19319
19224
19069
18910
18707
21532
26870
29125
23817
18978
17522
17679
17038
16690
16199
16036
15877
15538
15285
15363
15239
14966
14537
14371
14254
14536
15092
15412
15106
14304
13654
13822
13298
12930
12786
12564
12747
12539
12169
11946
11779
12077
12103
11780
11516
11317
11428
11258
11373
11074
10916
10944
10708
10741
10551
10499
10403
10395
10483
10541
10450
10320
10306
10206
10373
10491
10795
11275
12884
15309
16055
14194
12875
11945
11886
11690
11855
11650
11391
11959
11936
11539
11218
11125
11129
11235
10919
11268
14593
27019
45465
44241
25496
13940
11471
10993
10507
10252
10421
10171
10259
10112
10110
10243
9986
10112
10107
9871
9942
10074
10096
10097
11126
14322
19111
19223
14164
10613
9363
9406
9631
9842
9520
9595
9435
9357
9176
9392
9392
9420
9252
9600
9906
9962
9717
9700
9424
9649
9763
9741
9699
9857
9867
9649
9413
9466
9342
9215
9317
9217
9631
9396
9654
9906
10139
10825
11589
13212
14199
13216
11719
11054
10965
10928
10675
10874
10904
11111
10631
10915
11095
10984
11165
11234
11372
11262
11231
11651
11743
11730
11575
11428
11256
11367
11027
10835
10945
11074
10904
10667
10619
10694
11139
11736
11676
10976
10390
10353
10241
10374
10241
10199
10344
10385
10321
10130
10198
10136
10306
10320
10046
10177
10296
10513
10255
10449
10386
10314
10370
10544
10325
10540
10912
11686
12564
12036
11000
10333
10624
10641
10576
10638
10783
10845
10725
10831
10944
10976
11187
11196
10906
10880
10937
12026
13063
13150
12073
11815
12045
12287
12743
12937
12953
12938
13074
13256
13398
13643
13916
14409
14747
14609
14859
15116
15273
15314
15262
15360
15093
14926
14474
14435
14086
13849
13250
13157
12876
12588
12008
11867
11328
10912
11002
10898
10504
10393
10295
10225
9965
10031
9985
9979
9808
9748
9532
9466
9687
9720
9608
9640
10331
13775
20933
24361
18323
11953
9790
9452
9670
9591
9572
10465
13626
19330
21028
15367
10527
8995
8821
8928
8922
8609
8724
8770
8807
8902
10673
17342
28494
29471
18832
11002
8549
8352
8184
8820
9484
9875
8992
8319
8028
8037
7892
8001
8088
8212
8556
9334
11173
11835
10040
8462
7968
7834
8047
7892
8064
7805
7946
7899
7900
7725
7941
7749
7717
7909
7976
7893
7813
7963
7863
7826
7746
7703
7671
7949
7759
7822
7722
7746
7698
7712
7766
7823
7981
7611
7807
7640
7914
7802
7719
7678
7733
7703
7787
7882
7957
8024
8039
8018
7973
7852
7867
7842
7936
7979
7764
7889
7908
8381
9150
9939
9343
8588
7949
7839
7963
7793
7747
7778
7705
7788
7621
7651
7622
7666
7664
7584
7400
7576
7680
7607
7591
7582
7604
7707
7445
7566
7483
7465
7441
7464
7257
7729
9275
11901
12415
10632
9300
11698
14729
13550
10044
7956
7150
7158
7178
7284
7227
7341
7143
7391
7397
7286
7170
7120
7225
7200
7220
7253
7463
7333
7344
7373
7309
7243
7482
7557
7548
7742
7618
7885
7660
8008
8217
8463
8582
8781
8836
9353
10081
13356
27925
70105
141935
218978
277420
310465
326010
334335
338787
339279
338398
338471
338108
336464
336127
334248
330383
323751
308838
282826
238649
172451
97039
38778
11926
4805
3587
3577
3475
3555
3524
3530
3413
3426
3397
3523
3545
3601
3556
3530
3544
3597
3739
3623
3554
3513
3566
3554
3758
4142
4887
4821
4530
4446
5662
8357
12600
17161
20666
19816
15319
9893
6425
5397
11217
39592
94687
120046
77996
27204
7603
4113
3545
3358
3457
3462
3287
3075
3059
3079
3117
3365
3409
3297
3201
3068
3074
3375
3523
3747
3558
3179
3045
3176
3069
3136
3260
3450
3489
3433
3119
3038
3057
3035
3031
2904
3019
2961
3036
3036
3033
3067
3157
3044
3080
3020
3028
3000
3022
3176
3216
3514
3637
3475
3479
3372
3322
3077
3090
3048
3151
3049
3018
3200
3045
2962
3072
3169
3177
3455
3759
3835
3511
3321
3064
2942
2993
3079
2996
3169
3210
3068
3122
3096
3131
3155
3317
3619
5500
8986
10686
8673
5402
3816
3370
3277
3384
3335
3303
3245
3242
3316
3308
3294
3333
3524
3596
3699
3597
3360
3167
3243
3280
3325
3176
3191
3109
3241
3156
3214
3488
3537
3710
3487
3313
3154
3087
3048
3088
3098
3051
3133
3073
3005
3133
3081
3100
2996
3249
3224
3033
3015
2996
3006
3042
3045
2908
2917
3023
3155
3197
3220
3081
3138
3062
3128
3458
4062
4560
4052
3547
3117
3186
3171
3430
3464
3469
3266
3142
3156
3202
3049
3076
3071
3114
3168
3488
3692
3578
3202
3120
2974
3029
3100
3299
3188
3004
3021
3102
3655
5067
6216
5315
3917
3118
3008
3008
3019
3190
3350
3235
3301
3727
4725
5289
4694
3547
3048
3036
2960
2858
3033
3134
3182
3133
2979
3209
3293
3239
3331
3005
2877
2859
2921
2913
3020
2997
3101
2989
2878
2992
2973
3031
2897
2899
2988
3098
3272
3269
4153
6730
9725
9069
6185
3724
3191
3173
3443
3553
3361
3121
3030
3024
3009
2949
3028
3254
3330
3259
3142
3056
3191
3204
3277
3086
2944
2950
2892
3051
3395
3559
3178
2900
2922
2897
2876
2903
2945
2801
2827
2822
2821
2840
2832
2925
2838
2942
2789
2843
2945
3101
3214
3119
2932
2923
2973
2886
2858
2875
2867
2824
2971
3216
3488
3863
3854
3493
3090
2819
2888
2981
3072
3184
3059
3043
2804
2847
2811
3002
3085
3048
3251
3164
3205
3367
3519
3495
3117
3009
3116
3312
3151
3001
2857
2813
2821
2930
2906
2967
2933
2968
3089
2970
2925
2951
2858
3026
3293
4045
6171
10164
12086
8913
5235
3452
2972
3136
3255
3362
3207
3157
3082
3270
3751
4603
4764
4116
3544
3273
3301
4560
11347
27158
43091
48280
55740
65347
52208
25401
8325
3699
2986
2828
2786
2774
2912
2769
2812
2706
2675
2556
2710
2581
2574
2648
2716
2628
2526
2713
2768
2734
2771
2704
2782
2692
2791
3205
3690
3929
3390
3096
2902
3067
2947
2941
3047
2961
2743
2720
2888
2918
2971
2962
2896
3191
3182
3085
2875
2836
2776
2789
2885
2931
2754
2890
3045
3037
3163
2975
2825
2863
2993
2933
2904
2866
3173
3724
8618
24639
47821
53194
33672
13151
4832
3103
2830
2834
2972
3046
2833
2681
2567
2628
2701
2842
2917
2907
2977
2770
2658
2775
2676
2610
2759
2897
3146
3256
2991
2698
2794
2875
3273
3492
3440
3115
2931
2937
2948
3202
3687
4130
4193
3889
3251
2857
2842
3170
3197
3066
2773
2731
2738
2868
2877
2837
2704
2660
2600
2709
2737
2695
2795
2654
2832
2766
2894
2744
2696
2756
2921
3058
2874
2790
2707
2649
2732
3190
4477
7000
8677
7594
4938
3587
2881
2884
2886
3014
3029
2933
2869
2846
2909
2862
2982
2901
2754
2776
2750
2783
2977
2953
3119
3142
3330
3261
3214
3170
3231
3083
2907
3218
3633
3573
3329
2930
2874
2758
2766
2740
2770
2744
2750
2731
2724
2792
2911
2869
2870
2758
2811
2750
2902
3552
4273
4703
4127
3300
3065
2992
3023
3249
3618
4840
6948
8465
7162
4959
3628
3142
3085
2977
3089
3041
3121
3036
3244
3200
3275
3233
3054
3123
3070
3049
3054
3316
3259
3643
4153
5262
5953
5343
3811
3122
2841
2763
2763
2887
2992
2914
3116
3028
2860
2850
2627
2771
2812
2855
2973
3404
4408
5026
4739
3729
3036
2905
2913
3115
3911
4915
5320
4481
3394
2927
2893
2962
2983
3068
3024
2977
2931
2884
2998
2920
2800
2841
2741
2777
2885
3159
3571
3746
3397
3102
2980
3035
2967
3099
3427
3408
3154
2926
2931
2909
2851
2862
3024
3084
3147
3136
2927
3209
3325
3192
2980
2918
2934
3193
3683
4474
4586
4083
3562
3486
3347
3197
2974
2958
2922
3023
2950
2876
2869
3011
2876
2820
2833
2737
2843
3048
3061
3335
3413
3265
3136
2985
2931
2955
3118
3308
3244
3176
3100
3230
3303
3190
3280
3244
3197
3052
3025
3132
3117
3056
3007
2907
2991
2996
2863
2860
3069
3500
3943
3851
3353
3054
2939
2873
2984
3035
2977
2935
2972
3270
3445
3419
3452
3224
3200
3013
2905
2872
2935
3067
2935
3173
3196
3126
2974
2998
2939
2878
2926
3101
3053
3106
3002
3083
2966
2908
2930
2915
2979
3093
3285
3301
3299
3068
3001
2970
2949
3005
2935
3093
2966
3124
3196
3477
3917
3769
3446
3124
2922
2968
3138
2979
3036
2971
2855
2902
2977
3460
4476
5583
5574
4383
3423
3089
3064
3052
2892
3034
2986
2953
3190
3460
3671
3625
3992
4513
4716
4204
3674
3342
3142
3147
3099
3163
3091
3150
3138
3185
3214
3428
4257
5985
8252
7991
5832
4006
3207
3252
3342
3322
3279
2969
3091
3144
3308
3457
3576
3698
3516
3230
3150
3235
3146
3164
3244
3335
3358
3265
3176
3131
3086
3280
3578
3784
4062
3842
3552
3317
3337
3582
4419
4999
4623
4092
4251
6446
10792
21890
46723
73612
71780
43190
16442
5642
3405
3353
3733
4266
4471
3884
3486
3133
3123
2948
2995
3121
3168
3059
3018
3118
3276
3517
3407
3247
3354
3820
4460
4926
5823
7203
7690
6607
4963
3566
3141
3045
2984
3049
3048
3176
3113
3029
3099
3041
3261
3272
3112
3224
4014
5918
7842
7429
5484
3848
3409
3090
3159
3005
3047
3144
3174
3228
3136
3086
3118
3042
3058
3138
3177
3044
3167
3193
3147
3285
3245
3439
3618
3446
3333
3396
3355
3243
3201
3439
3584
3620
3410
3234
3156
3315
3568
3860
3833
3524
3344
3279
3182
3203
3277
3243
3468
3538
3412
3351
3344
3160
3317
3360
3401
3378
3259
3270
3403
3616
3894
3699
3555
3358
3443
3440
3492
3308
3425
3238
3431
3366
3331
3504
3374
3273
3684
4651
7331
12895
20270
22858
17799
10181
5870
4013
3605
3466
3435
3410
3370
3420
3447
3364
3733
4548
6044
7353
6547
4892
3828
3519
3528
3530
3633
3541
3437
3359
3486
3392
3549
3553
3612
3403
3402
3329
3300
3256
3235
3325
3292
3317
3260
3414
3656
3589
3673
3554
3368
3393
3331
3309
3339
3498
3433
3586
3592
3605
3834
3794
3597
3523
3630
3473
3513
3641
3857
4197
4065
3770
3531
3585
3521
3440
3395
3451
3423
3396
3461
3317
3475
3475
3508
3437
3521
3662
4075
4374
4229
3849
4133
5145
6411
6875
5724
4492
3746
3567
3540
3521
3565
3474
3606
3537
3469
3463
3484
3549
3492
3506
3350
3407
3529
3601
3698
3730
3585
3624
3633
3503
3614
3621
3548
3494
3653
3493
3682
3599
3607
3605
3696
3618
3601
3526
3794
3893
4298
4116
3924
3720
3678
3573
3532
3678
3718
3657
3716
3819
3663
3761
3683
3675
3785
3952
4216
4679
4867
4950
4368
3944
3815
3730
3877
3827
3835
4223
5600
9048
13726
15122
11372
6870
4327
3886
3769
3978
4093
4562
4439
4123
3926
3945
3802
3798
3855
3945
3806
3693
3866
3795
3874
3868
3945
3807
3761
3825
3838
3808
3877
3775
3947
3926
4017
4024
4078
4260
4492
4174
3992
3882
3988
4026
3931
3934
3923
3904
3953
3974
3986
3966
3970
4009
3920
4013
3886
4101
3786
4029
4046
4002
3979
4154
3999
3957
3879
4020
3939
3994
3975
3926
4160
4268
4488
4404
4083
4031
4237
4388
4483
4446
4464
4212
4172
3872
4035
3953
4023
4070
4275
4201
4255
4190
4293
4192
4226
4181
4157
4254
4223
4283
4322
4317
4161
4097
4044
4112
4104
4119
4129
4120
4161
4214
4085
4213
4158
4144
4198
4033
4050
4034
4198
4326
4235
4443
4720
4970
4902
4686
4335
4310
4232
4168
4179
4278
4280
4272
4422
4389
4367
4353
4293
4352
4355
4340
4247
4263
4443
4439
4277
4523
4533
4489
4512
4430
4298
4307
4393
4386
4502
4575
4879
5022
5092
4935
4592
4664
4400
4368
4266
4353
4474
4486
4434
4366
4465
4470
4451
4629
4675
4653
4757
4529
4528
4490
4594
4589
4768
4911
4796
4801
4639
4509
4403
4534
4543
4492
4550
4535
4543
4580
4760
4596
4638
4751
4605
4788
4711
4700
4587
4393
4469
4480
4608
4600
4501
4546
4674
4702
4592
4689
4702
4767
4886
4801
4793
4736
4570
4648
4592
4629
4658
4666
4666
4690
4725
4753
4696
4517
4782
4913
4867
4907
4809
4841
4794
4762
4813
4770
4705
4829
4735
4659
4741
4733
4800
4731
4720
4753
4658
4685
4688
4761
4938
5060
4976
5018
5033
4859
4810
4798
4744
4901
4897
4781
4741
4708
4805
4789
4856
4990
4847
4923
5187
5723
6118
5946
5590
5397
5176
5070
5135
4896
4827
4968
4896
4905
4949
4903
4915
4798
4874
5009
5431
6788
9668
12188
11919
9413
6606
5199
5175
4973
5050
5119
4957
4976
5110
5102
5109
5558
6725
8571
9313
8625
7027
5725
5210
5233
5171
5456
5634
5668
5507
5165
5486
5515
5701
5687
5383
5198
5482
5902
6122
5832
5535
5364
5402
5523
6146
8410
11446
12808
10939
8142
6129
5496
5233
5203
5539
5985
6143
6066
5737
5424
5439
5405
5187
5369
5398
5490
5752
6223
6313
5889
5550
5371
5365
5201
5308
5210
5330
5284
5393
5841
5779
5604
5462
5313
5396
5254
5433
5258
5343
5273
5352
5405
5273
5397
5296
5400
5361
5418
5690
5506
5522
5594
5496
5619
5670
5529
5778
6121
7106
8072
8321
7600
6718
6606
6159
6075
6067
5935
5915
5928
5716
5720
5573
5755
5503
5533
5662
5507
5695
5771
5617
5723
5602
5601
5839
6338
6701
6287
6000
5756
5826
5662
5800
5755
5800
5980
5946
5950
5913
5883
6112
6550
7845
10828
17008
25849
34003
37065
32538
23597
15058
9905
7519
6584
6278
6206
5965
5876
6188
6213
6239
6556
6586
7514
8891
10282
9965
8556
7014
6336
6486
6859
7185
7147
6871
6504
6134
6126
6019
6019
6120
6082
6051
6127
5950
6082
6098
6064
6296
6511
6505
6604
6376
6238
6240
6116
6082
5999
6065
6093
6185
6135
6218
6202
6079
6027
6106
6200
6304
6114
6231
6224
6379
6357
6267
6430
6561
6684
6322
6325
6044
6057
6287
6296
6100
6081
6178
6221
6085
6027
6191
6269
6264
6233
6287
6314
6550
7537
10813
15868
19511
18076
13234
8604
6977
6379
6291
6360
6453
6551
6639
6913
6773
7033
6828
6535
6256
6355
6345
6532
6754
6709
6551
6483
6498
6227
6257
6245
6201
6327
6278
6308
6309
6257
6363
6336
6502
6446
6481
6535
6596
6470
6482
6531
6319
6293
6324
6325
6331
6290
6482
6333
6150
6499
6397
6431
6478
6450
6286
6486
6388
6333
6448
6254
6610
6639
6520
6493
6697
7046
7177
6891
6630
6424
6405
6487
6218
6479
6404
6514
6573
6413
6623
6536
6512
6646
6508
6602
6542
6842
6918
6887
6795
6721
6623
6534
6691
6718
6786
6710
6819
6658
6730
6540
6621
6835
6669
6745
6813
6914
7130
7176
6947
6967
6801
6825
6679
6613
6599
6557
6844
6624
6742
6824
6776
6941
6850
6766
6714
6698
6619
6720
6701
6503
6691
6653
6853
6694
6573
6883
6770
6709
6832
6839
7022
7405
9002
11042
12449
12182
10024
8119
7313
7004
6964
6856
6860
6974
6786
6732
6827
6811
6821
6805
6803
6960
6896
6967
6879
6839
6823
6963
6793
6835
6858
6674
6812
6825
6765
6638
6955
6944
6939
6936
6687
6775
6700
6681
6649
6695
6766
6680
6871
6693
6867
6754
6898
6657
6864
6725
6669
6698
6604
6738
6688
6899
6765
6789
7120
6985
6896
6922
6880
6935
6903
6683
6821
6871
6896
7158
7456
7565
7418
7310
7024
7014
7168
7612
8337
8881
8675
8086
7460
7195
7229
7228
7111
8359
11472
20394
32631
40416
35526
22678
12970
8552
7795
7808
8198
9330
13180
20509
27979
28768
21976
14316
10004
8466
8466
8847
9182
9078
9178
9067
9003
9268
9421
9475
9474
9930
10062
10371
10437
10685
10725
11021
11296
11617
11825
11966
12623
12816
13213
13650
14083
14102
14696
14745
14982
14917
15367
15881
16048
16410
16645
16298
16163
16156
15750
15730
15116
14284
13655
13372
12779
12136
11664
11466
11649
11569
11442
10823
10390
10040
9975
9636
9319
9092
9224
8838
9035
8876
9076
9004
8798
8660
8702
8292
8239
8355
8422
8358
8369
8381
8208
8254
8213
7964
8236
8464
8742
8551
8324
8149
7748
7656
7629
7712
7637
7503
7372
7629
7460
7411
7507
7656
7902
8165
8499
7965
7809
7398
7230
7371
7470
7790
8037
7856
7559
7465
7375
7200
7214
7171
7255
7331
7361
7296
7106
7032
6967
7017
7027
7098
6946
6858
6938
7074
7045
6937
6793
6980
6949
6958
6889
7078
6823
7056
7043
6958
7190
7212
7539
7184
7194
7184
6988
7093
7288
7252
7305
7648
7915
8265
8422
8385
7888
7540
7250
6922
7057
7089
7142
7015
7170
7211
7079
7036
6969
6997
7014
7007
7025
7204
7066
7343
7464
8294
9450
10075
9979
8977
8040
7204
7126
6853
7147
7120
7135
6940
7089
6990
6896
7194
7192
7121
7190
7120
7098
7308
7318
7466
7483
7430
7326
7234
7139
7004
7017
6906
6819
6670
7001
6884
6741
6935
6975
6838
6745
6667
6627
6663
6655
6461
6627
6643
6598
6704
6711
6836
6843
6679
6609
6550
6397
6290
6418
6254
6046
6025
6104
6243
6178
6375
6358
6185
5910
5996
5860
5979
5968
5826
5845
5840
5855
5844
5791
5835
5770
5810
5597
6005
5706
5741
5753
5930
6171
6572
6528
6251
6022
5475
5423
5463
5489
5380
5375
5529
5486
5406
5405
5436
5466
5612
5532
5377
5297
5255
5426
5296
5279
5355
5175
5042
5079
5093
5209
5135
5186
5232
5414
5521
5283
5242
5083
5137
5085
5166
5148
4926
4912
5087
4947
4856
4724
4774
4639
4598
4626
4799
4729
4690
4609
4698
4654
4799
4703
4645
4844
5059
4918
4868
4588
4632
4627
4667
4559
4591
4527
4728
4529
4556
4525
4623
4667
4915
5054
5288
5434
5542
5487
5669
6024
6258
6137
6568
11067
39887
175044
594106
1395775
2226188
2394649
1729164
839337
273459
60225
9604
1910
1082
1100
1187
1321
1273
1208
991
973
1138
1159
1128
1023
850
854
912
1010
969
836
777
751
707
685
707
802
881
915
843
797
686
675
576
638
645
663
707
837
968
954
847
783
653
634
611
682
743
711
724
652
588
667
686
733
726
745
711
641
615
635
646
628
802
812
765
664
628
553
584
551
545
603
556
571
566
625
716
885
937
849
732
654
546
598
580
631
846
1111
1164
1064
827
697
659
597
547
513
526
517
514
482
516
504
496
544
551
511
524
515
516
544
566
514
498
525
653
776
1217
1579
1748
1550
1278
993
836
662
671
554
534
442
477
519
501
533
550
519
577
568
691
804
853
800
720
565
546
535
572
569
579
506
536
547
580
545
554
553
578
597
585
539
527
534
570
539
529
514
545
586
654
781
900
931
803
691
627
644
687
702
681
713
654
618
611
552
568
518
477
521
513
521
553
507
572
542
586
545
606
577
694
712
757
594
573
541
515
524
500
527
543
547
607
931
2251
5157
9359
12673
11046
7369
3590
1525
866
615
600
555
553
503
501
553
612
609
607
527
539
550
598
642
683
689
638
580
498
529
461
440
495
523
548
537
511
552
551
467
541
532
545
541
485
474
507
473
463
529
526
533
498
567
650
719
981
1185
1246
1056
914
727
595
575
600
620
725
866
954
856
801
787
837
796
806
846
776
637
567
541
500
514
493
540
509
554
550
489
545
503
508
508
432
478
514
535
548
572
565
542
564
530
617
613
547
562
490
510
484
462
482
528
493
523
533
551
475
521
478
491
538
527
512
537
628
718
926
1224
1522
1712
1565
1153
883
582
518
493
501
461
485
486
487
462
450
471
469
504
494
495
519
559
544
523
530
512
559
722
1163
1495
1636
1516
1090
795
715
731
686
718
626
589
549
499
520
501
497
471
462
491
494
513
512
530
600
536
521
519
508
581
485
488
503
480
531
519
527
612
616
676
696
867
1181
1625
1813
1633
1180
840
609
543
607
657
808
870
992
1054
1032
927
712
592
499
475
477
522
528
648
736
914
910
787
703
549
586
517
484
536
579
611
652
662
681
602
566
581
548
554
606
637
653
571
583
527
506
492
533
551
558
463
472
487
449
474
481
517
491
549
576
543
514
536
507
539
518
469
499
529
521
515
533
550
555
552
583
714
701
694
579
534
480
526
530
526
505
477
443
476
478
463
452
578
620
781
813
855
789
667
592
546
537
500
481
489
465
521
508
468
527
529
464
510
527
592
557
592
529
531
514
531
525
571
580
567
560
543
609
554
523
534
543
562
517
528
530
537
645
721
975
1137
1113
891
755
680
606
562
511
503
492
472
508
524
525
489
518
516
494
518
476
502
527
551
574
543
489
513
479
449
423
438
540
516
670
733
748
710
592
534
476
491
545
574
610
597
589
510
544
489
475
438
499
475
516
519
553
533
562
527
542
549
663
752
824
666
631
471
495
445
494
487
584
920
1376
2164
2458
2086
1542
925
684
571
613
677
769
819
762
653
550
461
436
502
466
505
499
487
492
506
484
579
603
646
741
835
854
1024
1017
1035
910
933
883
936
900
915
837
834
851
864
766
753
753
714
725
772
691
621
554
528
468
478
469
461
438
446
438
462
533
727
916
1059
978
781
584
466
465
502
545
571
548
516
461
472
497
460
459
510
551
573
586
506
516
490
479
550
605
660
649
604
534
454
438
448
417
439
406
482
431
429
522
549
693
1043
1424
1846
1888
1631
1146
717
616
547
487
497
479
454
414
428
446
443
413
398
431
401
446
458
420
441
415
444
435
462
459
465
443
424
400
434
393
414
384
472
497
542
608
578
506
485
479
419
433
425
455
464
438
446
438
434
432
418
416
434
397
445
488
523
593
663
716
782
808
892
1001
1120
992
838
644
552
556
515
535
580
515
547
660
802
973
989
750
619
497
498
484
457
457
404
433
475
501
615
696
732
734
621
528
449
461
388
417
413
471
503
630
677
748
829
745
740
660
630
609
621
575
523
419
490
536
558
538
467
487
552
836
1141
1464
1562
1316
900
555
444
398
389
369
414
371
389
424
412
411
402
423
437
473
426
494
505
755
1436
2879
4882
6496
6335
4749
2956
1828
1327
1047
766
629
620
686
738
771
679
615
619
688
812
1020
909
748
532
488
416
434
426
429
472
492
502
504
493
439
399
387
425
363
445
431
458
486
498
480
539
666
803
836
756
555
430
410
402
374
391
377
374
412
302
368
408
385
354
368
427
386
350
337
379
341
349
368
335
327
363
453
441
466
401
451
450
428
484
408
422
423
378
384
414
445
545
726
1347
2509
3748
4173
3544
2177
1173
638
427
403
362
330
427
403
407
407
394
377
401
400
445
448
401
409
411
387
353
411
383
406
411
398
412
487
562
661
628
592
455
446
427
515
696
994
1052
966
752
523
440
422
401
401
441
458
409
437
410
444
483
477
502
583
766
1145
1402
1497
1463
999
692
492
409
433
359
437
408
388
365
367
365
417
360
386
382
427
407
397
376
393
396
546
759
1057
1292
1127
900
635
482
407
508
594
851
963
940
768
632
464
407
361
385
360
361
407
394
435
432
470
477
541
654
808
1111
1437
1516
1308
956
621
496
424
418
472
459
398
420
410
531
607
647
761
849
770
710
630
511
456
468
675
805
979
883
729
541
396
368
354
366
349
369
373
334
337
323
342
313
326
350
390
355
391
405
455
433
493
495
535
462
534
551
553
542
427
430
416
571
1006
1888
3031
3878
3716
2573
1488
853
501
416
381
371
414
416
417
392
403
416
363
393
402
408
408
406
426
373
350
356
375
383
360
331
354
380
433
359
406
451
446
452
468
463
421
429
401
329
360
325
354
358
364
410
349
394
384
421
367
444
476
536
522
604
636
582
610
501
454
417
372
315
316
349
377
381
444
492
588
705
1047
1230
1160
962
643
456
384
358
352
325
340
346
319
292
330
378
339
367
354
357
350
312
335
373
335
344
372
418
404
397
383
375
367
341
327
314
312
348
326
348
345
317
309
304
301
264
332
347
375
414
368
415
402
364
358
352
344
348
318
322
309
288
374
393
376
418
374
357
330
369
425
445
508
580
574
557
465
520
494
551
634
642
573
504
449
396
353
349
331
357
333
287
326
336
341
362
403
459
539
599
557
479
413
333
342
289
319
316
321
310
324
336
361
329
345
371
402
406
392
422
420
382
344
400
403
367
319
330
305
308
332
374
363
402
401
398
403
363
355
339
334
325
391
584
1202
2521
4274
5252
4855
3613
2099
948
536
465
409
430
397
371
343
301
283
324
340
327
309
314
309
299
299
307
308
339
381
441
449
439
407
377
365
370
348
376
385
332
353
323
361
386
483
571
458
427
350
308
317
322
337
386
328
321
260
280
289
329
339
393
399
419
441
479
555
707
747
750
674
566
482
398
419
374
379
341
329
330
307
332
310
310
313
323
338
318
320
369
383
374
384
331
363
378
348
344
345
363
384
473
505
457
454
405
406
386
392
380
328
363
333
343
360
351
359
381
396
420
422
417
321
334
300
289
339
313
333
364
370
369
384
387
362
426
500
548
530
450
366
343
295
289
284
298
298
275
271
324
347
347
353
352
330
288
369
455
567
826
984
1022
816
617
419
373
309
334
316
312
323
301
293
305
355
316
302
313
326
337
396
374
401
432
445
487
432
377
349
345
360
368
440
395
436
385
329
334
278
291
267
277
305
290
331
363
353
376
420
597
852
1222
1371
1215
921
667
491
559
713
819
770
577
454
311
316
295
266
301
268
278
273
271
293
330
295
350
352
398
409
315
318
363
374
327
301
298
314
323
341
405
490
453
444
366
318
305
326
302
382
378
369
345
341
311
290
287
274
294
323
363
442
575
737
808
783
583
428
360
316
295
286
307
314
274
299
276
300
273
282
274
315
376
538
771
961
1065
914
674
467
320
342
330
377
507
768
895
940
816
601
447
313
305
292
321
283
331
291
302
287
291
277
303
336
295
312
331
334
335
346
363
342
324
348
328
349
315
299
320
326
264
298
302
353
454
580
724
656
555
489
345
348
341
370
388
368
314
272
309
285
322
350
331
331
289
288
283
299
310
282
261
300
298
313
332
403
469
578
661
570
519
400
301
312
273
273
257
274
248
250
290
272
310
361
416
480
517
453
427
500
471
507
420
383
362
319
306
286
285
302
283
277
339
337
320
282
302
270
269
296
275
278
285
319
283
301
300
269
294
269
262
303
274
316
333
356
464
629
1040
1450
1631
1468
1105
659
433
477
969
2083
3744
5598
6017
4967
3221
1623
715
377
323
349
364
446
411
392
349
295
343
332
309
278
281
294
312
278
300
325
251
383
361
423
507
612
775
821
715
562
418
332
374
402
442
461
410
347
348
295
260
282
270
255
275
238
212
223
221
228
220
250
300
270
334
369
372
365
310
326
354
399
450
559
648
814
852
790
690
587
512
415
296
257
264
232
303
325
428
598
698
627
501
382
366
395
465
543
495
425
333
290
267
313
285
282
338
341
330
280
321
299
265
244
268
225
240
280
269
280
289
319
301
344
312
284
269
315
308
363
317
307
304
291
256
264
284
354
407
504
475
411
348
231
263
221
240
208
208
245
231
235
249
250
253
256
244
226
278
308
330
320
300
270
263
262
232
234
237
226
207
290
288
412
529
632
715
658
531
444
320
290
282
223
235
252
230
244
236
224
223
215
223
241
244
298
504
940
1565
2283
2436
2051
1382
906
805
1420
2684
4572
5973
5874
4499
2673
1321
608
341
279
260
248
202
220
219
218
229
282
331
317
275
227
223
209
243
275
265
241
238
243
245
221
235
305
330
428
420
393
359
311
227
223
226
215
242
235
199
214
195
205
231
224
228
205
313
351
486
599
644
607
499
326
247
249
234
215
224
233
220
246
228
275
291
287
342
368
360
348
281
252
220
219
232
242
261
265
264
280
239
238
294
299
327
390
458
469
400
347
282
267
241
214
246
243
219
233
229
219
229
238
235
232
220
214
222
223
209
226
229
212
214
242
184
186
218
219
247
309
332
414
417
401
360
323
279
272
267
216
244
217
183
223
218
223
203
259
256
276
288
279
302
322
308
310
316
290
217
217
213
178
201
245
235
221
258
242
251
210
189
163
186
210
193
194
190
201
231
249
245
257
213
227
185
199
173
175
182
201
219
209
230
266
430
620
862
1071
966
817
717
740
823
874
677
506
326
276
240
212
243
242
164
224
237
212
214
235
241
219
226
197
216
207
230
274
275
311
264
235
257
229
240
331
385
386
382
321
305
312
380
454
563
638
550
531
371
265
265
221
251
275
290
296
235
254
285
281
272
290
263
227
198
232
185
196
217
191
222
230
262
325
361
361
307
287
261
245
234
233
211
213
240
264
258
268
269
248
225
227
232
234
202
201
210
195
206
231
233
233
250
224
224
207
256
200
236
238
236
223
236
234
215
209
216
213
240
212
226
214
233
233
281
260
271
240
234
231
285
265
308
350
307
306
375
328
358
340
401
344
334
273
249
215
248
233
268
282
320
353
295
266
251
231
250
261
263
245
218
196
194
209
207
217
226
236
227
237
226
241
257
224
222
222
228
216
187
228
182
219
272
327
389
400
358
305
268
287
307
296
300
334
406
496
529
526
459
408
338
344
250
234
221
216
207
216
226
236
237
257
247
227
233
273
251
309
361
514
675
858
947
926
665
462
330
268
235
213
199
206
219
219
198
216
201
207
224
236
240
258
281
366
394
414
432
358
308
284
324
316
338
320
261
210
236
241
194
215
220
225
262
270
300
358
313
298
285
250
273
242
236
219
219
228
198
188
237
208
190
224
226
209
192
259
332
344
312
330
291
246
200
243
225
217
197
209
203
233
215
233
208
224
228
262
256
249
245
241
238
246
224
213
215
198
180
221
219
219
243
310
457
559
627
654
545
385
294
266
255
283
292
364
358
351
276
275
218
214
199
224
196
202
216
244
218
242
202
244
256
248
255
274
246
260
211
221
239
212
331
402
534
667
692
738
556
430
354
255
240
238
206
228
226
260
252
247
271
234
215
218
249
219
242
238
228
244
208
206
197
202
226
238
247
257
246
279
251
214
221
226
204
250
289
306
239
249
230
213
215
186
211
214
213
204
204
206
185
196
217
221
225
270
275
263
298
262
239
212
225
260
336
425
524
550
549
531
395
413
382
407
392
414
348
298
233
247
251
236
254
271
232
211
212
234
193
232
205
243
199
194
204
210
222
205
214
200
219
218
206
236
224
226
249
230
221
225
261
266
242
214
246
201
256
245
249
258
228
267
282
289
299
277
271
238
217
211
231
256
239
240
226
214
202
216
225
203
233
216
238
213
234
242
230
233
250
234
235
212
264
246
231
216
218
247
266
291
299
328
313
256
255
249
253
307
295
280
258
249
234
232
251
236
255
220
234
222
240
286
411
640
892
1119
1047
877
674
409
289
262
242
259
243
237
225
213
190
222
216
206
227
222
229
252
265
212
202
209
226
216
227
228
228
222
227
226
188
243
234
261
232
259
247
263
270
273
240
234
245
217
226
230
234
214
203
228
218
245
306
379
451
535
502
526
395
274
259
234
236
228
225
215
225
196
229
235
209
201
211
240
275
315
340
330
347
285
275
258
235
253
258
248
260
272
220
220
209
217
213
212
210
217
210
248
204
204
235
240
237
227
271
281
268
320
371
463
479
422
377
299
283
237
191
226
230
214
234
223
233
245
242
234
246
255
216
232
205
202
220
221
225
230
234
247
221
212
256
223
220
222
215
224
207
206
212
218
208
204
218
196
201
213
215
188
223
211
219
229
209
192
202
204
223
229
210
208
245
224
210
221
205
205
226
231
235
229
227
203
195
212
229
238
233
269
294
375
386
335
377
381
428
461
457
450
399
339
306
290
270
223
218
214
213
215
198
201
211
199
212
211
244
271
251
217
247
223
278
288
308
256
279
247
256
227
231
233
246
258
252
231
242
228
237
213
203
217
222
208
203
232
207
217
255
230
291
301
316
299
285
243
240
246
276
304
405
475
569
546
493
386
307
245
221
220
268
315
322
374
342
320
360
411
422
399
400
381
417
453
520
627
564
570
461
396
336
332
338
437
598
804
972
1077
1117
1088
1136
1195
1185
1045
835
628
476
459
614
796
883
905
745
662
506
678
860
1212
1443
1368
1069
750
476
318
226
213
207
219
234
194
233
252
231
284
247
287
301
288
276
312
271
295
304
285
291
276
250
320
368
435
396
420
376
340
256
247
241
242
197
231
215
226
207
231
221
218
225
239
226
234
222
241
239
225
206
207
235
209
248
248
223
255
236
235
222
223
191
235
234
245
234
253
217
235
203
249
232
231
238
232
286
364
597
946
1455
1922
1994
1792
1294
815
502
332
241
209
227
197
241
296
305
315
300
248
270
233
237
291
369
410
462
507
457
355
303
224
258
247
233
232
225
217
237
244
255
234
251
256
245
203
204
230
249
215
197
201
191
205
220
265
356
442
497
446
409
371
341
311
273
258
250
253
284
317
340
339
338
278
260
262
248
213
213
197
200
219
204
194
214
210
209
196
201
226
189
215
209
218
236
204
222
200
220
220
189
204
224
191
207
199
219
214
230
230
302
297
368
385
384
354
312
241
242
224
207
224
238
219
214
264
274
271
237
233
227
245
227
228
223
195
237
226
217
224
203
216
216
251
219
234
213
215
207
228
249
291
403
510
631
584
488
433
333
286
230
223
246
251
237
206
205
220
216
214
242
249
231
231
208
203
234
231
201
195
206
236
288
387
362
391
344
304
254
208
206
207
209
227
229
203
217
195
244
208
183
206
197
229
213
231
233
198
239
203
211
222
228
293
323
333
340
318
274
239
251
219
227
211
197
219
238
224
230
240
235
260
281
245
284
285
316
306
279
292
261
225
242
217
225
234
251
272
271
316
264
231
243
245
236
297
343
432
478
478
438
393
356
318
300
270
253
263
264
256
224
245
250
231
229
258
236
246
210
245
245
244
279
242
253
242
263
241
258
269
247
264
258
269
248
209
241
226
208
238
221
213
211
223
234
244
241
224
304
371
464
588
628
602
547
417
376
410
450
472
475
389
350
288
287
253
225
223
227
256
263
296
324
359
371
346
341
280
296
271
257
260
249
234
264
280
340
335
364
406
525
577
599
609
521
437
352
285
271
244
286
243
270
260
278
215
220
213
223
271
230
267
268
237
230
215
235
218
220
218
201
230
217
226
195
234
235
209
273
310
352
392
420
422
373
377
265
286
250
248
227
234
218
240
222
188
248
213
231
240
209
238
226
234
243
227
219
193
217
214
219
233
272
373
457
548
449
397
376
285
273
282
290
334
310
277
231
189
210
221
204
217
214
212
204
209
185
219
232
209
288
309
309
348
277
280
195
212
211
213
211
203
207
221
196
228
208
216
205
229
212
213
189
204
202
214
196
163
188
192
223
200
206
209
190
212
211
203
204
214
201
204
224
203
188
208
191
193
213
231
213
173
191
284
384
629
1085
1392
1647
1603
1329
882
512
363
258
184
221
186
201
205
212
254
272
265
328
342
349
288
305
274
241
250
248
193
186
214
214
199
185
217
205
217
162
198
179
195
183
187
236
200
235
229
232
267
286
350
284
299
302
324
412
553
694
865
915
887
761
600
434
317
253
194
212
210
225
206
211
194
206
177
200
217
198
199
240
239
266
220
244
232
198
206
255
349
632
1043
1823
2827
3382
3364
2657
1843
1089
563
290
231
204
204
337
703
1441
3087
5487
7677
9120
8827
6739
4292
2186
998
558
346
270
241
263
264
213
209
162
208
168
170
173
180
195
175
188
181
217
214
196
189
188
231
273
250
250
184
169
153
177
191
151
175
155
159
188
213
298
601
1092
1622
2020
2150
1793
1328
767
423
250
199
175
175
167
186
210
240
299
302
285
274
243
231
223
196
209
206
186
189
187
198
173
180
197
183
180
204
206
230
236
270
279
254
202
182
197
204
181
195
215
198
227
201
205
271
321
399
439
441
372
336
369
410
405
364
344
274
221
215
189
178
187
154
182
157
197
265
279
283
287
254
239
187
182
178
163
162
178
170
179
231
223
235
292
356
361
448
512
488
413
365
366
299
317
288
272
220
165
174
148
196
189
189
197
173
189
178
162
174
187
158
175
179
162
153
186
170
207
201
224
200
209
220
210
198
190
193
198
200
198
204
232
255
239
215
181
153
189
157
181
173
182
209
212
289
286
292
304
286
298
209
194
190
196
190
164
159
172
173
154
164
165
147
156
202
175
190
216
252
286
313
367
330
321
311
251
229
197
176
216
187
154
160
130
166
157
162
179
133
180
162
166
159
183
178
181
181
157
173
174
168
161
153
199
180
205
191
191
251
275
237
284
220
169
197
135
188
179
198
226
240
205
216
206
184
177
197
163
204
228
245
287
273
305
247
205
209
202
189
173
167
172
192
168
163
187
187
181
174
174
172
180
168
203
195
187
179
181
187
196
188
239
214
223
234
243
240
183
212
167
178
186
221
215
218
202
204
186
180
181
195
174
151
158
194
168
170
188
190
181
187
188
196
175
162
179
161
164
163
171
149
165
191
251
320
429
533
608
551
552
416
310
231
208
182
178
175
149
180
158
171
181
169
143
167
146
178
186
154
158
174
159
190
181
204
173
181
183
164
149
141
153
175
138
149
151
141
155
188
179
200
181
174
179
182
176
196
203
192
186
180
170
166
262
282
335
406
411
440
341
274
228
200
196
156
160
187
147
177
185
181
165
172
180
177
166
187
179
226
217
232
241
290
431
740
1192
1781
2281
2521
2401
1998
1290
798
459
293
201
159
179
153
173
223
220
231
250
202
186
179
176
167
161
156
157
157
191
171
192
168
210
198
215
228
235
289
375
600
863
1194
1494
1693
1619
1423
989
683
444
337
219
200
158
178
155
151
178
156
152
131
143
144
140
149
112
123
144
135
148
136
171
138
128
143
151
136
146
177
134
146
160
160
153
152
136
148
162
172
138
156
165
128
145
157
153
136
129
132
150
145
148
143
156
155
154
147
165
140
177
150
151
155
129
161
143
141
137
132
142
154
142
141
147
154
149
167
175
174
175
160
164
180
171
164
142
135
144
112
145
161
130
158
147
140
157
183
163
171
165
162
146
158
174
165
157
199
253
325
298
308
269
230
181
164
148
134
146
151
146
163
151
199
196
195
231
277
204
191
195
197
150
174
146
162
140
155
180
140
157
166
172
139
159
150
196
188
267
272
306
352
346
347
324
284
228
178
147
162
229
339
745
1422
2775
4285
5619
5963
5228
3628
2114
1022
519
244
167
154
136
142
130
144
167
138
163
152
147
131
126
143
118
129
136
126
137
143
146
123
134
140
154
130
138
154
144
146
149
117
138
145
135
146
142
140
124
140
132
130
113
158
132
112
133
141
139
133
125
127
157
149
134
141
130
143
134
124
137
129
123
150
144
175
187
163
159
153
162
144
148
129
129
154
147
148
140
138
112
139
130
134
121
126
118
108
132
130
118
112
165
133
166
145
153
142
130
113
139
109
137
119
148
103
139
137
168
162
179
235
299
344
378
364
345
307
272
232
166
156
154
194
275
385
568
741
859
838
695
496
297
222
153
139
117
118
112
138
129
121
104
130
138
205
312
538
910
1394
1685
1696
1462
1040
627
363
189
140
151
118
140
152
153
183
207
227
168
178
135
126
125
111
143
111
137
109
105
135
119
138
150
146
121
144
164
151
236
356
523
769
924
1008
859
629
378
268
174
152
121
109
118
122
115
114
117
124
137
146
158
155
174
185
170
160
144
148
172
231
284
359
428
506
494
426
357
306
199
162
141
156
138
145
139
138
139
158
163
207
266
422
634
858
1144
1322
1397
1211
917
710
603
489
354
281
235
214
181
180
159
150
135
151
143
122
138
142
138
149
159
186
154
156
165
123
144
142
136
123
123
131
140
143
134
118
113
112
129
115
128
134
104
139
139
140
159
167
151
158
134
115
125
130
115
139
116
113
138
134
145
121
123
143
137
136
123
147
135
131
121
164
127
132
136
161
158
131
125
113
138
154
147
185
167
163
154
139
154
134
115
128
146
110
121
135
134
140
132
157
149
125
134
116
149
147
139
150
137
125
121
123
152
140
149
143
141
153
140
120
122
128
121
145
118
119
136
157
186
206
244
252
264
208
199
177
144
144
184
215
227
268
244
247
205
163
130
141
147
139
135
160
174
219
311
565
992
1614
2106
2403
2324
1790
1170
660
325
213
151
121
134
133
118
124
146
135
132
133
115
138
153
151
194
181
242
253
286
279
309
225
184
171
137
132
138
122
121
116
124
114
139
126
148
167
137
169
127
149
132
162
192
207
244
233
201
199
206
169
190
177
157
144
152
129
151
129
141
150
114
121
128
110
126
134
127
131
117
124
114
136
145
139
145
125
147
159
163
177
187
189
158
156
146
139
153
149
154
148
137
154
144
152
142
129
130
109
134
110
130
125
128
117
121
110
101
114
130
117
128
92
120
137
131
107
126
131
122
119
128
154
159
192
224
246
279
268
328
265
241
202
160
160
135
131
118
136
107
127
126
106
116
110
111
118
125
112
134
128
127
134
129
144
124
116
107
135
151
126
130
136
127
137
147
156
141
136
149
111
119
109
138
125
126
121
115
122
142
139
158
144
125
141
146
140
142
138
154
161
147
127
152
177
166
155
130
153
153
149
127
156
163
145
173
191
202
196
235
215
179
188
149
175
146
118
127
119
122
118
109
122
126
115
116
117
130
124
153
139
135
185
181
170
204
177
157
154
128
149
124
123
124
117
121
125
137
114
149
158
169
239
307
460
579
646
615
612
442
407
294
307
268
280
221
206
194
161
143
151
131
133
125
139
172
255
383
636
939
1071
1235
1106
850
516
314
192
148
144
109
127
111
116
95
103
112
109
110
111
132
140
125
119
114
139
116
113
106
119
108
144
106
100
125
113
103
117
106
135
114
84
95
106
109
100
122
143
117
137
161
187
207
182
179
135
159
121
137
114
117
139
106
107
116
114
115
126
106
112
131
90
111
99
103
114
119
104
110
105
136
123
105
109
122
117
118
128
131
121
99
118
100
104
125
76
104
121
121
115
105
105
97
118
127
105
126
113
128
127
121
132
98
100
106
122
108
95
120
93
103
95
109
122
133
106
111
110
81
114
125
130
123
185
265
466
720
979
1289
1255
1114
822
579
352
184
108
106
110
104
95
81
107
102
88
111
101
105
100
101
105
123
98
118
98
98
94
84
94
109
97
100
96
114
120
100
112
149
118
123
137
123
139
115
116
110
119
115
101
110
92
98
79
103
87
105
102
108
104
111
108
95
117
88
83
87
85
113
98
102
102
92
96
91
119
81
105
88
93
95
100
105
107
80
97
111
122
121
116
138
141
168
234
280
347
415
404
360
342
261
185
173
114
100
125
95
110
86
117
106
97
96
115
144
151
173
195
182
166
159
173
205
350
613
1077
2042
3448
5324
6999
7852
7552
6112
3871
2176
1105
594
403
368
356
304
259
179
126
116
127
89
90
79
69
68
76
80
76
93
100
88
107
102
89
87
68
86
84
68
73
82
87
87
70
109
88
92
81
93
80
122
109
91
82
86
97
93
99
99
99
120
86
98
93
99
74
82
68
87
74
83
106
119
105
117
110
119
96
97
83
80
91
81
76
80
68
82
72
79
67
83
79
72
71
88
77
81
68
84
72
79
82
100
90
107
86
121
115
104
102
94
64
83
69
76
90
53
62
69
74
68
74
79
78
84
96
97
89
96
94
87
80
83
78
82
76
66
62
64
79
69
73
85
77
92
78
81
89
74
73
70
81
74
77
69
70
79
75
71
81
81
80
91
63
77
74
74
85
79
79
72
77
80
87
91
79
71
84
86
65
88
91
98
101
89
98
93
95
67
93
106
83
86
105
148
180
185
276
230
204
165
146
138
117
131
119
100
107
103
95
97
89
83
83
86
79
71
74
93
111
127
164
199
231
262
234
179
163
108
107
91
82
77
68
86
86
83
85
87
80
86
86
69
73
71
95
99
76
83
74
67
85
89
91
95
82
85
85
61
91
97
80
92
98
89
95
76
73
74
70
78
98
70
66
65
98
63
73
78
77
84
76
68
72
74
68
80
101
106
126
134
159
172
183
209
321
480
730
897
1006
1058
968
785
565
376
240
154
111
85
92
75
65
76
62
82
73
74
81
61
78
102
80
101
98
110
113
84
96
92
108
94
74
94
89
88
81
86
82
86
82
84
79
94
81
83
77
71
82
65
86
95
77
66
71
66
70
92
86
79
91
80
82
77
69
81
85
84
86
82
84
83
87
86
91
107
160
212
336
413
521
608
590
473
333
239
165
109
108
82
86
77
85
85
87
92
118
151
159
131
134
139
148
116
114
81
80
84
70
59
63
81
73
73
76
79
82
70
67
69
60
76
75
52
77
77
74
82
68
114
144
207
339
494
696
790
838
760
580
423
287
234
167
171
128
102
87
77
78
76
89
70
62
77
75
77
75
76
61
85
70
86
93
87
64
85
85
86
78
89
86
85
68
80
71
55
80
68
67
83
67
59
70
70
52
77
73
67
76
63
59
70
78
88
69
67
86
96
93
110
152
190
205
210
189
153
132
135
85
82
65
89
67
67
64
65
68
62
59
78
84
71
86
80
72
83
73
80
114
103
124
131
115
118
125
90
98
58
60
73
68
84
69
66
71
67
73
78
77
73
102
85
79
73
80
94
84
85
78
75
79
70
66
62
82
69
78
72
75
62
82
61
69
78
97
88
77
69
71
52
71
64
60
65
68
60
54
72
66
68
80
59
48
68
49
62
53
70
65
62
57
77
68
60
76
56
65
71
75
106
98
107
108
100
101
74
70
49
79
69
65
71
74
93
99
113
156
140
143
120
121
97
69
75
71
71
59
76
60
74
64
66
62
57
60
61
57
73
56
67
58
59
82
78
86
68
51
71
65
71
73
61
68
59
74
76
72
66
63
68
65
62
56
62
57
60
79
61
76
83
67
60
62
62
83
93
115
146
167
195
177
165
118
95
86
74
75
63
71
96
111
102
115
99
98
85
75
57
78
82
126
236
477
897
1431
2127
2518
2617
2288
1606
1067
610
354
324
540
724
1121
1432
1549
1471
1144
774
461
210
116
66
58
58
45
62
49
40
51
69
67
91
88
115
100
103
103
73
71
61
55
53
55
64
41
55
70
76
60
53
57
70
55
61
59
54
68
49
55
35
62
74
49
80
61
76
67
73
66
50
50
69
62
63
71
71
74
76
66
89
79
86
78
70
65
54
60
51
56
48
58
49
62
61
75
69
98
99
81
77
92
69
67
55
61
54
53
52
63
72
48
56
50
60
48
67
62
67
74
63
60
63
71
66
60
39
69
68
56
74
88
73
70
72
57
59
56
72
60
56
45
61
68
54
53
65
46
55
48
59
61
48
66
61
56
44
48
54
60
73
56
66
73
51
64
52
61
60
51
56
74
66
69
72
82
81
87
76
67
70
98
116
145
182
185
222
178
134
132
98
81
64
66
92
169
265
478
646
767
833
806
587
433
287
168
128
124
142
182
211
204
171
137
144
115
79
72
81
58
48
48
51
67
70
75
51
54
51
44
50
58
52
75
103
88
128
128
159
156
136
113
116
97
71
80
53
64
62
56
63
55
58
57
59
59
60
65
58
58
51
45
50
57
60
63
46
63
67
54
50
48
47
64
58
51
50
50
49
72
51
52
54
56
69
49
52
56
69
57
51
75
77
59
71
57
69
51
67
61
57
66
52
48
67
63
59
73
69
63
71
54
68
64
66
53
53
66
54
48
35
55
68
48
52
54
44
67
54
53
58
47
56
44
54
56
64
64
56
53
57
59
56
57
80
63
57
71
54
58
72
63
75
80
71
60
51
51
63
73
49
66
68
51
73
62
56
50
55
46
68
52
57
58
48
45
44
58
46
61
64
54
62
71
82
67
71
61
53
66
50
67
73
107
143
183
325
451
535
620
600
587
493
379
237
160
145
85
76
53
80
75
63
65
75
74
66
63
57
79
55
86
65
50
61
66
53
65
74
51
55
59
66
69
63
55
52
63
57
53
62
64
55
57
51
65
75
53
65
74
60
74
67
73
84
66
65
60
67
63
60
71
75
68
73
91
101
108
110
108
103
89
80
62
69
76
52
55
73
89
79
90
89
60
74
55
51
79
55
79
76
74
66
71
64
70
64
70
82
128
181
311
432
628
785
750
639
533
317
195
122
92
50
69
81
64
65
62
61
72
56
70
68
68
62
47
50
69
67
47
71
76
88
95
101
113
80
71
71
74
68
65
54
69
73
68
49
45
66
54
58
63
66
48
54
56
53
63
60
68
60
67
50
64
64
60
56
57
67
59
57
57
61
43
57
55
59
62
64
68
66
54
63
44
60
72
54
54
67
62
63
78
52
58
66
73
57
52
52
49
59
74
63
64
65
62
42
66
51
59
52
64
61
70
69
70
76
65
77
60
67
80
64
68
64
60
61
87
57
57
58
49
64
68
64
68
52
73
54
48
61
63
76
58
57
58
66
65
58
66
72
76
55
57
45
56
63
68
67
64
49
55
73
59
75
56
67
49
58
65
64
66
68
65
50
68
61
67
60
64
49
59
71
64
77
72
69
53
65
63
67
62
64
74
55
63
81
127
143
200
302
372
475
507
470
470
327
252
141
135
96
72
59
75
71
69
70
104
137
173
227
325
409
412
405
385
347
246
169
134
67
77
73
75
58
78
72
58
61
68
82
81
53
67
82
84
72
81
79
77
74
64
106
93
82
78
91
95
83
96
86
64
82
79
85
86
77
88
108
81
81
85
96
70
70
65
86
78
72
80
76
65
71
91
70
74
53
66
75
83
79
89
93
93
81
91
89
76
79
89
79
76
50
75
60
60
56
73
77
92
108
140
217
219
267
234
202
152
109
90
69
57
69
52
59
66
63
78
100
116
140
178
194
187
179
196
145
116
104
92
63
59
64
60
63
63
78
56
55
69
60
56
56
63
61
71
50
58
56
59
69
63
51
63
58
63
65
61
67
52
59
60
76
100
77
67
70
72
92
102
85
96
102
71
61
75
68
55
58
66
47
64
58
49
57
69
63
83
65
106
74
84
76
69
50
56
73
66
62
68
63
60
58
70
63
55
65
65
93
102
202
268
418
633
773
930
927
859
646
454
273
191
115
109
79
95
82
98
104
100
99
89
86
79
68
77
64
122
159
168
297
336
416
411
448
396
367
235
180
126
93
70
94
71
64
56
76
67
66
61
59
74
61
60
69
60
74
54
71
68
49
69
60
63
61
63
53
58
64
51
51
67
60
58
52
54
70
52
52
50
61
64
49
45
56
54
63
53
48
59
77
71
65
72
50
49
60
79
70
63
60
48
53
62
64
65
54
56
68
41
53
62
52
61
53
43
53
60
49
63
46
49
51
78
54
65
84
49
62
63
70
67
69
66
55
45
64
66
59
64
75
69
85
84
66
74
73
64
76
76
69
56
75
58
51
60
57
56
69
65
60
56
69
63
56
69
61
55
55
62
71
67
51
67
68
71
62
60
60
63
52
72
52
61
55
82
78
108
161
374
693
1208
1841
2406
2691
2713
2379
1680
1052
543
283
112
77
65
31
36
36
43
59
51
42
45
47
53
37
56
58
46
40
61
46
46
45
51
51
41
50
51
40
44
47
47
44
34
36
54
42
48
29
62
52
42
47
41
43
51
50
45
48
45
61
47
49
56
51
40
47
42
57
48
46
45
49
36
60
45
54
30
46
51
42
56
51
50
53
38
54
49
47
40
61
44
47
53
46
50
45
37
40
47
34
47
47
41
37
48
30
53
53
58
68
61
71
41
56
48
43
43
54
47
51
42
59
44
58
61
61
53
39
36
46
49
54
58
51
63
40
42
67
53
48
49
43
54
35
43
38
44
48
50
45
44
41
51
54
37
39
44
39
48
43
52
45
47
49
43
37
46
40
46
43
48
50
37
41
51
32
47
45
50
62
42
45
52
61
60
40
39
46
55
43
47
58
49
29
43
40
51
35
39
50
44
55
58
63
61
53
38
39
48
41
32
31
36
30
44
45
30
48
48
35
34
33
42
43
23
38
28
46
40
37
28
36
43
27
35
44
41
34
37
38
44
35
22
29
33
45
40
44
38
45
55
31
44
34
30
36
38
36
35
26
33
38
27
46
40
45
28
37
43
42
46
37
28
32
34
50
29
31
28
32
26
22
38
50
42
40
33
38
39
30
30
36
30
31
36
31
36
39
53
64
92
206
380
692
1080
1562
1854
1998
1729
1353
900
503
294
131
72
47
37
26
36
48
88
180
291
566
974
1258
1653
1712
1562
1191
842
493
270
134
52
33
17
28
23
25
18
20
17
22
19
30
23
28
29
22
20
22
22
27
20
25
28
21
11
20
18
21
15
20
22
21
25
30
18
25
24
22
15
19
16
13
28
21
18
22
23
22
16
28
25
21
26
20
22
26
47
42
64
77
76
72
66
49
38
24
21
29
20
29
17
19
22
11
19
25
13
20
18
11
24
13
21
22
15
17
21
25
20
17
21
17
16
16
19
26
30
65
112
191
326
400
474
561
462
374
247
143
66
38
19
21
16
15
16
13
17
19
19
12
15
15
23
14
14
10
19
13
16
20
17
16
24
17
22
17
19
13
13
10
6
8
19
21
24
16
17
15
12
13
19
17
22
17
13
12
15
8
18
14
19
25
54
51
61
62
72
71
62
45
35
21
24
19
13
17
19
16
12
18
16
20
13
17
16
25
18
28
50
120
212
420
755
1153
1678
2052
1960
1738
1207
914
514
273
129
68
86
104
145
171
201
170
185
116
54
65
31
17
7
12
7
4
5
12
4
7
10
12
7
8
10
8
7
3
8
7
13
8
7
15
3
4
10
11
10
8
10
3
6
11
8
6
8
12
5
10
9
4
7
6
9
6
10
3
9
9
7
14
2
12
3
14
8
3
10
8
7
8
6
1
6
4
6
9
3
8
11
12
8
7
17
8
13
12
9
7
9
7
12
12
15
15
16
13
11
17
12
8
8
7
12
6
8
10
7
7
14
9
8
7
3
7
12
7
10
4
13
10
9
4
8
10
12
6
8
4
7
4
5
5
6
8
7
8
5
9
8
6
10
6
9
5
15
13
15
6
7
8
10
9
11
8
8
9
6
9
11
12
6
12
14
7
11
11
16
15
8
7
7
5
10
3
9
8
10
12
4
8
8
9
9
6
13
6
8
6
3
6
6
10
3
10
12
12
13
10
14
6
3
9
6
12
10
5
6
8
11
9
11
5
4
9
10
9
12
5
2
8
8
11
4
9
7
5
21
18
9
18
13
15
16
9
17
7
11
9
8
9
11
8
7
10
8
10
5
12
7
8
11
8
6
10
8
9
6
9
6
6
6
11
11
5
9
6
8
7
10
3
10
11
6
10
8
8
13
5
12
7
7
7
12
10
5
13
9
8
7
5
13
5
6
6
14
3
6
9
8
8
13
6
6
12
6
7
4
10
6
5
8
10
8
11
8
10
8
6
4
10
7
5
8
4
6
4
3
8
6
7
7
7
6
8
14
11
8
8
7
3
6
8
8
7
7
6
4
6
10
5
12
8
7
4
7
7
3
7
6
2
11
8
10
4
7
7
9
7
8
12
24
18
38
64
94
100
148
157
143
118
110
95
46
25
16
8
14
11
12
10
8
13
9
12
9
9
4
3
9
12
10
8
5
8
4
8
8
9
11
5
8
7
10
12
17
10
13
10
4
10
6
8
8
8
12
8
9
11
6
17
8
15
11
9
10
10
5
8
11
12
7
17
14
9
8
9
4
8
10
11
10
11
8
8
9
10
9
14
11
24
16
31
33
35
34
37
30
24
16
8
14
13
12
10
4
8
14
9
7
19
9
11
12
15
10
10
8
10
4
8
11
13
5
10
8
18
8
4
9
14
10
10
9
11
8
14
11
15
10
12
9
9
8
8
9
7
14
13
7
6
7
14
15
21
29
30
34
23
33
18
20
9
10
3
6
7
8
10
14
10
9
9
8
5
9
4
15
12
5
7
7
5
4
8
11
8
9
13
6
10
4
10
8
13
12
8
6
11
9
7
4
8
8
5
7
5
7
9
8
6
8
12
15
6
8
9
5
4
11
8
12
8
8
10
9
6
6
8
9
8
9
8
15
8
10
8
9
15
8
11
8
7
12
5
4
10
10
18
15
11
13
4
11
16
6
13
14
11
7
15
9
9
6
10
10
10
6
14
7
4
12
12
8
7
15
11
11
6
10
15
11
7
12
14
12
7
8
12
11
6
11
8
8
6
14
8
10
13
16
15
8
9
9
10
13
8
7
12
9
13
8
10
9
11
5
5
8
9
7
8
6
11
6
4
10
3
8
8
8
8
8
10
9
11
9
8
12
8
7
10
20
48
70
83
114
131
146
173
136
111
82
51
29
13
13
8
17
11
9
7
15
12
9
9
5
14
12
11
11
13
3
17
10
11
19
9
21
16
12
22
21
19
10
11
5
9
8
9
4
6
7
7
10
8
6
5
8
7
9
11
8
8
9
3
9
5
7
6
5
11
7
7
7
8
12
8
8
7
8
12
10
8
7
14
14
11
17
11
15
19
18
27
15
13
28
25
20
15
9
11
14
9
14
10
9
5
10
9
6
14
6
8
10
9
9
9
6
10
4
5
4
6
7
6
9
8
13
9
7
6
5
9
5
3
13
6
7
9
10
4
9
11
9
10
5
11
8
5
10
6
8
12
5
5
11
6
8
8
8
8
5
12
7
5
4
8
8
6
5
8
9
3
4
16
2
8
6
3
5
8
10
6
12
7
10
4
5
5
1
7
6
6
15
7
5
6
2
5
8
7
10
11
5
5
9
5
7
7
6
9
5
9
5
3
11
8
10
2
11
8
6
6
6
7
6
10
5
15
15
27
27
33
47
68
35
39
38
20
12
4
8
3
4
4
10
9
4
9
12
7
6
7
5
8
10
6
8
7
2
7
6
4
6
2
10
5
1
12
3
9
4
0
9
9
6
6
5
7
5
6
5
8
4
6
6
14
7
6
9
3
11
4
5
9
8
11
5
5
10
5
6
4
3
5
3
11
6
5
5
9
7
4
4
1
3
8
14
10
7
10
12
8
10
6
6
11
9
5
4
7
4
4
5
9
11
3
7
8
5
7
4
3
4
7
10
7
7
7
5
8
8
8
5
2
7
4
6
8
7
2
8
2
6
3
6
10
10
11
6
4
7
10
9
9
17
28
53
113
205
312
415
528
516
540
380
277
160
97
44
25
11
6
5
0
1
3
4
3
5
6
3
2
3
2
0
5
2
4
4
4
3
2
3
2
7
4
4
7
2
6
2
3
2
3
4
4
7
1
2
0
4
1
2
4
2
3
4
0
2
4
3
5
5
3
3
3
6
3
2
9
5
3
5
6
4
3
5
6
7
6
7
13
16
28
48
70
92
85
102
109
75
57
37
22
13
9
4
5
2
2
4
1
2
1
1
6
7
3
5
3
1
4
3
1
4
2
1
9
2
1
1
6
6
3
3
2
3
1
3
1
3
1
2
2
7
4
5
1
4
7
2
2
2
1
2
2
6
1
3
4
6
3
4
1
2
5
0
2
1
6
3
7
1
1
2
2
1
2
4
1
3
2
1
6
4
0
2
2
4
0
0
6
2
4
2
6
4
5
2
4
1
3
1
4
3
0
3
2
1
2
2
1
3
3
3
5
6
2
2
3
2
7
2
5
1
0
3
1
2
2
1
3
2
9
4
4
5
1
4
2
6
4
4
3
1
1
2
2
5
1
3
2
7
4
2
4
5
2
4
2
2
1
2
1
6
1
2
0
4
1
3
4
5
5
3
2
2
5
4
2
4
3
3
5
0
3
1
4
2
1
4
4
5
1
6
8
10
24
29
30
28
49
52
48
39
28
28
16
12
5
4
5
6
1
4
2
1
2
6
3
2
4
3
4
4
4
6
5
2
4
2
3
8
3
8
3
1
7
1
3
4
2
3
3
5
1
4
1
8
4
5
1
3
4
4
3
3
0
5
0
5
4
2
7
1
4
3
3
4
4
3
8
4
0
3
2
4
6
2
9
5
10
3
8
3
3
4
3
7
5
3
3
10
3
8
1
3
8
3
1
2
4
2
4
4
5
1
2
3
1
3
2
7
1
1
5
0
2
2
6
5
4
5
7
3
4
0
1
1
5
2
7
5
3
2
7
14
14
23
40
44
56
35
35
29
23
13
8
4
4
5
3
1
4
2
2
8
3
5
1
2
3
4
3
3
3
1
3
3
1
4
6
3
3
7
2
4
5
3
4
5
1
4
2
1
4
2
2
4
3
1
6
5
4
4
5
1
6
1
4
1
5
2
1
3
0
0
4
2
1
3
1
5
4
1
4
2
5
3
4
3
3
2
1
2
3
4
5
5
5
3
5
2
3
3
3
3
4
4
2
3
5
5
4
3
4
3
3
3
2
2
4
6
7
2
7
2
4
2
3
2
5
3
2
2
3
4
5
1
5
3
4
4
1
2
4
3
4
2
4
6
9
4
4
3
2
4
4
3
5
3
0
2
8
3
5
3
6
5
11
5
6
8
2
4
8
4
0
3
4
0
6
3
2
3
1
2
5
4
4
2
4
4
1
1
6
4
1
1
3
4
2
0
4
4
5
1
2
4
1
5
6
5
4
3
1
3
0
3
4
2
3
5
4
5
1
3
3
3
3
3
3
3
7
8
4
5
8
10
5
10
0
3
4
3
4
3
0
3
3
4
1
4
4
3
6
2
1
1
6
2
4
1
0
3
5
2
6
0
3
4
3
2
3
5
0
2
1
2
3
0
4
5
1
3
3
1
4
2
4
1
6
3
2
6
1
3
3
0
2
5
1
1
3
4
3
6
3
3
2
2
2
2
4
5
5
4
3
4
1
0
6
2
3
3
3
5
4
2
3
0
1
1
5
2
3
3
1
2
3
2
5
6
2
3
1
3
3
5
3
5
4
0
2
1
4
0
3
3
6
4
3
3
4
2
4
6
4
2
4
1
6
3
14
7
15
22
36
28
67
51
39
29
26
16
10
6
9
5
0
2
3
3
4
4
1
2
7
1
3
5
4
1
6
0
4
2
0
1
1
4
4
1
3
2
3
3
0
3
3
1
3
5
3
4
3
2
3
2
2
2
2
4
3
0
1
3
0
1
6
1
0
3
0
3
2
3
1
2
4
2
3
3
3
4
4
4
3
9
2
2
1
2
1
2
1
3
1
2
3
4
3
2
4
3
3
2
5
3
5
4
3
1
4
3
1
1
2
2
0
4
0
0
7
2
3
3
7
0
7
2
1
1
2
3
0
1
4
1
1
3
0
0
2
3
2
3
3
2
0
2
1
2
1
1
4
4
0
0
1
0
2
3
5
1
4
1
3
2
3
4
1
2
3
3
1
2
2
6
1
4
4
2
3
0
7
2
5
2
2
4
1
0
2
5
0
1
2
2
2
2
1
2
2
3
3
4
2
3
9
12
29
32
76
104
124
154
169
168
99
90
48
26
24
5
8
2
2
2
4
1
2
3
1
0
3
0
2
1
2
0
0
3
0
0
0
0
2
1
1
0
1
0
0
1
0
1
1
2
0
2
0
2
2
2
0
1
1
3
1
1
0
1
1
2
3
4
1
1
3
3
0
1
3
4
3
1
0
0
3
0
1
3
1
1
0
4
4
0
0
1
1
0
3
2
3
2
0
4
4
2
1
4
0
3
1
2
1
3
3
0
1
3
4
1
0
1
1
2
4
1
3
1
1
0
3
0
0
3
1
2
0
4
1
0
1
2
1
0
0
1
0
1
0
1
0
1
1
1
7
0
3
1
3
3
3
2
3
2
3
3
5
3
3
2
2
2
3
1
3
2
3
1
0
0
2
1
0
2
1
3
1
2
1
3
1
1
1
3
0
2
1
2
2
1
3
1
2
0
0
2
1
0
0
3
3
1
1
0
0
2
0
1
1
1
1
0
0
1
1
1
2
1
0
0
2
1
0
1
1
1
3
1
1
3
0
2
0
0
0
1
1
1
1
1
0
2
2
2
1
0
3
1
2
2
3
0
2
2
0
0
1
2
2
2
1
1
2
3
1
0
2
1
0
2
2
0
2
3
0
2
4
1
1
0
0
1
1
2
2
2
3
1
1
3
2
2
1
3
1
3
2
0
3
0
3
2
2
0
4
0
1
2
1
4
1
3
3
0
4
1
2
2
1
1
2
0
0
0
0
0
5
1
2
2
3
1
3
3
0
4
3
2
3
3
2
0
0
2
1
2
3
1
2
4
1
1
0
2
3
1
3
3
6
2
0
2
1
1
3
1
2
2
0
3
3
2
1
4
1
0
0
1
2
1
1
1
0
1
0
1
1
0
2
2
4
2
0
1
3
1
0
0
0
1
3
1
2
3
0
2
1
2
2
2
2
2
2
3
2
1
0
4
1
1
2
2
3
2
2
2
1
4
2
1
2
1
4
2
1
0
2
3
0
2
2
1
2
2
2
0
3
2
3
2
0
2
2
4
0
4
1
1
4
1
1
1
1
2
2
1
4
2
0
0
4
5
1
4
2
2
4
2
3
3
8
4
1
1
3
0
3
3
0
1
1
3
3
3
1
3
1
1
1
0
3
2
2
3
2
0
0
1
0
1
3
4
1
0
1
1
1
1
1
1
0
2
3
1
1
1
1
1
0
1
0
2
0
2
0
2
1
2
2
0
0
0
0
0
2
0
2
0
3
1
2
1
0
3
3
1
0
2
0
1
2
0
1
3
3
0
0
2
2
0
2
3
0
2
1
1
1
1
3
1
2
1
2
1
1
0
1
3
2
1
0
3
0
1
1
0
1
0
1
0
0
3
4
0
2
4
1
1
1
3
2
0
1
2
0
1
0
3
3
1
2
0
1
3
2
0
2
3
0
2
2
0
1
2
0
0
3
1
1
0
3
4
3
5
3
5
4
2
1
1
2
0
1
1
0
1
1
2
2
1
1
2
2
0
0
1
1
0
2
2
4
3
1
2
2
4
3
0
4
1
1
2
2
0
1
2
2
2
0
0
1
1
3
4
0
3
1
2
3
3
2
2
1
2
3
3
3
4
2
3
5
6
8
18
9
20
7
8
8
5
3
3
2
2
2
2
0
4
2
1
3
3
1
3
0
1
2
1
2
2
2
2
1
3
4
1
0
0
1
3
1
3
3
2
1
1
1
3
1
2
0
1
0
3
2
2
2
3
3
1
1
2
0
2
0
1
6
6
0
5
3
5
3
4
3
5
2
0
0
3
1
0
1
1
3
3
1
1
4
2
4
4
5
3
1
0
0
3
0
3
0
1
5
0
1
2
3
2
0
1
2
2
5
3
3
5
2
0
0
2
1
2
0
1
6
2
2
1
3
1
0
2
3
2
2
1
0
0
2
1
3
2
1
3
2
3
2
4
4
1
3
4
3
1
0
0
4
1
4
1
3
6
4
0
4
9
4
6
3
2
1
0
2
0
4
0
2
3
0
1
1
0
1
3
3
3
2
2
1
1
2
1
5
1
4
1
3
2
3
1
1
2
2
2
2
0
1
0
3
3
1
1
1
1
1
5
3
1
0
1
2
1
1
2
1
2
0
3
4
0
2
4
2
3
4
1
1
1
0
0
2
2
0
1
5
4
2
1
4
2
0
3
1
3
2
2
4
4
2
2
1
1
2
2
3
2
3
2
1
4
0
4
1
2
1
1
1
4
0
1
3
1
1
0
3
1
3
3
0
3
3
7
3
8
1
1
3
1
3
4
0
2
3
5
2
0
3
0
3
1
0
2
0
0
4
3
0
2
4
3
3
2
2
1
2
2
0
3
2
1
3
1
2
3
3
1
5
2
1
3
2
4
2
1
2
4
3
1
3
2
0
1
2
2
1
2
2
3
0
2
3
4
2
5
1
4
1
2
4
1
2
2
2
4
2
2
2
1
0
0
1
5
3
4
0
2
1
4
3
5
1
3
2
4
0
2
2
2
4
4
4
2
3
2
0
2
2
1
3
1
4
5
3
3
2
0
2
5
0
5
3
1
2
4
1
1
2
1
1
2
2
1
6
10
0
1
3
2
4
4
0
2
3
3
3
1
5
0
3
5
2
5
3
4
1
4
2
0
4
1
3
4
2
5
1
1
1
6
3
1
3
0
6
1
3
2
2
2
1
2
4
2
1
0
3
4
1
2
1
2
2
3
2
1
4
1
1
3
0
1
2
2
4
1
7
4
0
2
3
0
2
3
5
2
3
7
0
3
3
3
1
3
1
2
2
3
4
1
4
2
3
2
4
3
3
2
3
2
5
1
1
1
2
4
2
1
4
1
5
2
0
3
5
3
0
6
2
3
1
2
1
1
2
0
1
3
2
2
3
0
1
5
1
1
6
1
4
3
1
3
2
2
3
0
3
3
3
3
0
4
1
3
1
2
3
4
5
3
1
1
4
0
2
3
2
2
4
1
1
3
3
2
0
3
0
1
6
2
3
1
3
3
1
3
6
0
5
1
1
0
2
4
0
2
2
2
0
3
0
2
2
1
2
1
4
3
2
2
2
4
1
1
4
6
2
3
3
4
2
1
2
0
0
3
0
1
4
2
2
3
4
0
1
2
2
2
1
1
5
2
5
1
1
2
5
1
2
0
2
2
2
1
3
3
4
1
3
3
1
1
2
2
1
1
5
2
4
2
1
7
4
16
15
14
32
41
60
72
94
91
105
82
61
52
45
26
16
9
10
7
9
5
5
3
7
5
3
1
2
5
1
5
2
1
3
6
1
1
2
1
3
3
3
5
4
3
3
1
0
3
4
2
3
4
4
3
1
4
1
2
0
3
7
3
1
3
1
5
1
3
3
4
4
1
0
2
8
0
4
4
4
5
4
4
4
1
0
1
4
4
4
2
7
2
5
2
6
3
2
5
3
0
3
5
1
2
2
2
5
7
5
2
5
3
2
2
2
4
1
2
5
1
3
3
3
6
4
5
3
3
2
5
4
1
2
2
2
2
5
2
2
2
2
1
2
4
0
3
3
0
0
4
6
0
0
4
3
4
0
2
7
1
1
2
4
1
2
6
2
5
1
2
0
1
1
2
0
1
2
1
2
4
1
0
2
1
2
2
1
1
4
3
1
4
4
3
3
3
2
3
2
1
1
5
1
0
3
4
2
3
5
1
4
1
1
1
3
1
4
0
1
2
5
3
3
4
1
2
6
4
3
0
2
4
4
2
5
1
2
6
4
0
4
4
3
2
1
7
1
2
5
5
5
3
5
4
3
2
4
2
1
2
1
3
1
3
2
1
1
4
3
7
4
4
1
3
4
2
3
1
1
5
6
2
5
2
2
4
6
3
6
1
2
0
4
3
1
4
2
1
3
2
6
3
3
2
2
4
3
3
4
1
4
2
1
2
1
2
0
1
2
4
2
4
5
0
2
3
3
4
3
3
3
1
4
3
2
4
2
0
0
4
0
2
0
4
3
4
1
2
4
0
0
2
4
4
2
3
3
1
4
3
4
3
7
4
3
2
6
1
0
3
3
2
3
6
1
5
0
2
4
6
3
0
3
1
4
5
4
4
3
2
4
3
5
3
8
5
1
4
6
2
3
2
2
2
4
3
2
0
5
2
6
7
3
4
12
6
2
5
5
2
4
5
2
1
5
1
5
5
3
0
6
3
1
2
3
1
1
1
4
1
3
4
3
1
1
0
2
2
3
4
2
0
1
6
1
0
2
2
3
5
2
2
2
6
3
1
4
2
3
3
2
2
2
1
3
6
2
3
4
5
4
4
3
2
0
5
2
1
4
0
5
3
2
1
6
2
4
1
5
0
4
0
1
0
3
2
2
2
1
2
2
6
1
3
2
8
1
3
3
3
3
2
4
4
3
1
2
1
3
3
3
4
0
1
0
2
2
1
4
0
2
1
2
2
1
0
1
4
2
3
0
6
3
4
2
2
2
5
1
5
1
2
2
1
3
0
1
1
1
2
3
1
6
2
1
2
4
2
1
0
2
3
2
0
0
2
4
2
3
0
1
1
3
2
4
2
2
4
2
2
2
1
3
2
3
0
2
2
2
3
4
1
1
2
5
1
0
3
3
3
1
1
1
1
1
3
3
2
2
3
2
3
1
2
5
1
2
3
0
5
2
1
1
2
2
3
2
3
3
3
2
2
1
2
0
3
4
2
4
2
0
0
3
1
2
0
3
1
1
1
3
2
1
1
0
0
3
1
0
3
1
2
2
3
0
1
2
1
2
3
0
5
1
1
1
1
2
3
5
1
1
2
1
4
1
0
1
3
3
3
1
2
6
5
20
25
46
75
126
193
242
269
293
276
222
173
117
76
43
14
2
2
0
1
0
0
0
0
1
0
0
0
0
0
0
0
0
0
0
0
0
0
0
0
2
0
0
0
0
0
0
0
0
0
1
0
1
0
0
0
1
0
0
0
0
0
0
0
0
0
0
0
0
1
0
0
0
0
0
1
0
0
0
0
0
0
0
0
0
0
0
0
0
1
0
0
0
0
0
0
0
0
0
0
0
0
0
0
1
0
0
1
0
0
0
0
0
0
0
1
1
0
0
0
0
0
0
0
0
0
0
0
0
0
0
0
0
0
0
0
0
0
0
0
0
0
0
0
0
0
0
0
0
0
0
0
0
1
0
0
0
0
0
0
0
0
0
0
0
0
0
0
0
0
0
0
0
0
0
1
0
0
0
0
0
0
0
0
0
1
0
0
0
0
0
0
0
0
0
0
0
0
0
1
0
0
0
0
0
0
1
0
0
0
0
0
0
0
0
0
0
0
0
0
0
0
0
0
0
0
0
0
0
0
0
0
0
0
0
0
0
0
0
0
0
0
0
0
0
0
0
0
0
0
0
0
0
0
0
0
0
1
0
0
0
0
0
0
1
0
0
0
0
0
0
0
0
0
0
0
0
0
0
0
0
0
0
0
1
0
0
1
0
1
0
0
0
0
0
0
0
0
0
0
0
0
0
0
0
0
0
0
0
0
0
0
0
0
0
0
0
0
0
0
0
0
0
0
0
0
1
0
0
0
0
0
0
1
0
0
0
0
0
0
0
0
0
0
0
0
0
0
0
0
1
0
0
0
0
0
0
0
0
0
0
0
0
0
0
0
0
0
0
0
0
0
0
0
1
0
0
0
1
0
0
0
0
1
0
0
0
0
0
0
0
0
0
0
0
0
0
0
0
0
0
0
0
0
0
0
0
0
0
0
0
0
0
0
0
0
0
0
0
0
0
0
1
0
0
0
0
0
0
0
0
0
0
0
0
0
1
0
0
0
0
0
0
0
0
0
0
0
0
0
1
0
0
0
0
0
0
0
0
0
0
0
0
0
0
0
0
0
0
0
0
0
0
0
0
0
0
0
0
0
0
0
0
0
0
0
0
0
0
0
0
0
0
0
0
0
0
0
0
0
0
0
0
0
0
0
0
0
0
0
0
0
0
0
0
0
0
1
0
0
0
0
0
0
0
0
0
1
1
0
0
0
0
0
0
0
0
0
0
0
0
0
0
0
1
0
0
0
0
0
0
0
0
0
0
0
0
0
0
0
1
0
0
0
1
0
0
0
0
0
0
0
0
0
0
0
0
0
0
0
0
0
0
1
0
0
0
0
0
0
0
0
0
0
0
0
1
0
0
0
0
0
0
0
0
0
0
0
0
0
0
0
0
0
0
0
0
0
0
0
0
0
0
0
0
0
0
0
0
1
0
0
0
1
0
0
0
0
0
0
0
1
0
0
0
0
0
0
0
0
0
0
0
0
0
0
0
0
0
0
0
0
0
0
0
0
0
0
0
0
0
0
0
0
0
0
0
0
0
0
0
1
0
0
0
0
0
0
0
0
0
0
0
1
0
0
0
0
0
0
0
0
0
0
0
0
0
0
0
0
0
0
0
0
0
0
0
0
0
0
0
0
0
0
0
0
0
0
0
0
0
0
0
0
0
0
0
0
0
0
0
0
0
0
0
0
1
0
0
0
0
0
0
0
0
0
0
0
0
0
0
0
0
0
1
0
0
0
0
0
0
0
0
0
0
0
0
0
0
0
1
0
0
0
0
0
0
0
0
1
0
0
0
0
1
0
0
0
0
0
0
0
0
0
0
0
0
0
0
0
0
0
0
0
0
0
0
0
0
0
0
0
0
0
1
0
0
0
0
0
0
0
0
0
1
0
0
0
0
0
0
0
0
0
0
0
0
0
0
0
0
0
0
0
0
0
0
0
1
0
0
0
0
0
0
0
1
0
0
0
0
0
0
0
0
1
0
0
0
0
0
0
0
0
0
0
0
0
0
0
0
0
0
0
0
0
0
0
0
0
0
0
0
0
0
0
0
0
0
0
0
0
0
0
0
0
0
0
1
0
0
0
0
1
0
0
0
0
0
0
0
0
0
0
0
0
0
0
0
0
0
0
0
0
0
0
0
0
0
0
0
0
0
0
0
0
0
0
0
0
0
0
0
0
1
0
0
0
0
0
0
1
0
0
0
0
0
0
0
0
1
0
0
0
0
1
0
0
0
0
0
0
0
0
0
0
0
0
0
0
0
0
0
0
0
0
1
0
0
0
0
0
0
0
0
0
0
0
0
0
0
0
0
0
0
0
0
0
0
0
0
0
0
0
0
1
0
0
0
0
0
0
0
0
0
1
0
0
0
0
0
0
0
0
0
0
0
0
0
0
0
1
0
0
0
0
0
0
0
0
1
1
0
1
0
0
0
0
0
0
0
0
0
0
0
0
0
0
0
0
0
0
0
0
0
0
0
0
0
0
0
0
0
0
0
0
0
0
0
0
0
0
0
0
0
0
0
0
0
0
0
0
0
0
0
0
0
0
0
0
0
0
0
0
0
0
1
0
0
0
0
0
0
0
0
0
0
0
0
0
0
0
0
0
0
0
0
0
0
1
0
0
0
0
0
0
0
0
0
0
0
0
0
0
1
0
0
0
0
0
0
0
0
0
0
0
0
0
0
0
0
0
0
0
0
0
0
0
0
0
0
0
0
0
0
0
0
0
0
0
0
0
0
0
0
0
0
0
0
0
0
0
0
0
0
0
0
0
1
0
0
0
0
0
0
0
0
0
1
0
0
0
0
0
0
0
0
$ENER_FIT:
-1.4410 0.715180 0.000000e+000
$MCA_CAL:
3
-1.4410 0.715180 0.000000e+000
$ENDRECORD:
