$SPEC_ID:
Sample title.

$MEAS_TIM:
1431.84000 1819.67000
$DATE_MEA:
09/17/2019 10:46:26 AM
$DATA:
0 16383
0
0
0
8
4
1
0
0
0
0
0
0
0
0
0
0
0
3
19
215
1498
3337
4552
5203
5571
5882
5770
6028
5933
6103
5968
6091
6080
6131
6036
6157
6003
6169
6148
6063
6007
5899
5682
5596
5468
5232
4989
4808
4539
4606
4498
4372
4314
4266
4231
4096
4164
4188
4276
4310
4512
4561
4634
4546
4419
4319
4374
4529
4675
4812
4979
4642
4712
4758
4921
4858
4925
5048
5093
5093
5178
5248
5435
5576
5697
5661
5781
5957
6094
5935
6278
6126
6181
6291
6574
6434
6583
6599
6702
6918
7104
7607
8110
8966
10466
12357
13580
14001
14091
14015
12833
10688
8929
8080
7793
7475
7229
7587
8165
8567
8885
8986
9676
10199
10270
9752
9300
9069
9332
8683
8513
7686
7560
7339
7430
7399
7548
7618
7158
7412
7769
7562
7784
7954
7905
8006
8193
8258
8368
8394
8242
8242
8425
8380
8239
8436
8224
8472
8145
8309
8249
8201
8334
8500
8332
8424
8258
8494
8522
8637
8699
8965
9121
9284
8909
8724
8627
8624
8587
8456
8613
8566
8807
8474
8589
8699
8521
8582
8764
8651
8693
8741
8845
8792
8836
8738
8657
8865
8791
8917
8616
8543
8626
8643
8611
8687
8676
8604
8788
8759
8722
8599
8804
8789
8742
8659
8816
8753
8793
8744
8688
8769
8631
8728
8644
8775
8739
8683
8818
8624
8760
8855
8714
8886
8757
8873
8917
8766
8957
9090
9066
9038
9100
9987
11506
12971
13444
12353
10432
9064
8871
8675
8897
8866
9181
9850
10797
10750
9967
9144
8597
8602
8433
8439
8488
8522
8477
8416
8251
8235
8355
8171
8123
8224
8279
8203
8228
8223
8401
8517
8659
8661
8554
8272
8030
7918
7873
7886
7912
7849
8055
7996
7786
7896
7928
7912
7967
8051
8343
8453
8199
7946
7788
7891
7772
7682
7775
7839
7754
7762
7793
7987
7516
7664
7532
7787
7546
7627
7655
7575
7784
7681
7809
7753
7958
7935
7737
7589
7635
7544
7698
7651
7620
7588
7627
7654
7582
7759
7571
7556
7645
7598
7680
7686
7622
7490
7650
7720
7602
7649
7655
7526
7538
7386
7477
7526
7362
7533
7477
7374
7548
7405
7270
7311
7309
7253
7064
7108
7285
7170
7200
7120
7219
7101
6948
7146
6856
6924
7106
7188
7193
7247
7246
7176
7078
7061
6869
6998
6892
7016
6994
7100
6828
6871
6856
6834
6852
6704
6749
6862
6781
6811
6664
6656
6692
6727
6590
6687
6751
6608
6882
6690
6613
6802
6636
6619
6678
6638
6770
6603
6574
6461
6414
6684
6474
6580
6603
6549
6417
6594
6321
6324
6285
6285
6157
6221
6127
6148
6177
6192
6251
6368
6400
6166
6152
5922
6012
6025
5761
5849
5963
5740
5793
5647
5698
5704
5643
5872
5659
5742
5643
5616
5579
5643
5697
5681
5823
6062
6583
6937
6717
6095
5724
5436
5307
5553
5410
5493
5934
6506
6524
6232
5570
5290
5268
5092
4964
4989
4888
5058
5233
5071
5504
5907
6549
6708
6233
5465
4845
4621
4662
4574
4594
4665
4696
4468
4600
4438
4339
4510
4419
4468
4435
4569
4710
4604
4652
4419
4341
4340
4495
4401
4641
4757
4683
4474
4304
4296
4362
4291
4249
4290
4200
4113
4274
4133
4159
4118
4104
4110
4045
4095
4184
3981
4135
4185
4419
4570
4516
4218
4149
3921
3995
3913
3963
3996
3908
3853
3876
3947
3890
3833
3873
3886
3868
3968
3892
3840
3903
3919
3775
3792
3804
3871
3777
3727
4005
4029
4020
3927
3769
3796
3634
3653
3696
3712
3654
3656
3626
3851
3653
3831
3676
3756
3730
3646
3591
3627
3672
3597
3593
3677
3592
3508
3590
3719
3670
3568
3687
3661
3699
3943
3936
3872
3884
4165
4255
4397
4020
3801
3643
3967
4223
4125
4008
3776
3566
3455
3485
3478
3562
3552
3567
3576
3559
3710
3777
3609
3586
3577
3519
3509
3574
3409
3598
3574
3611
3569
3574
3600
3566
3842
3953
3877
3771
3682
3699
4013
4730
6549
9471
13003
15743
17310
17362
17134
17230
16865
17180
16925
17115
17074
16978
16750
16314
15771
14753
13488
11590
9259
6747
4838
3525
3113
2895
2951
2863
2920
2928
2973
2866
2921
2964
2896
2936
2995
2994
2965
3081
2969
2987
2946
2933
2963
2927
2974
3025
3152
3291
3348
3576
4287
6184
9681
15063
20459
23543
22545
18298
12623
8154
5438
5143
6799
9327
10799
11572
13479
15231
14346
10126
5944
3523
2670
2534
2401
2444
2490
2480
2413
2506
2440
2471
2398
2576
2398
2429
2453
2429
2491
2405
2354
2331
2428
2531
2440
2429
2467
2462
2383
2518
2359
2441
2516
2341
2360
2395
2403
2342
2385
2402
2352
2476
2422
2402
2419
2431
2377
2406
2355
2353
2339
2346
2371
2333
2341
2343
2364
2485
2399
2523
2510
2431
2374
2439
2419
2437
2416
2381
2513
2470
2403
2427
2438
2402
2301
2292
2488
2346
2399
2329
2341
2371
2360
2337
2375
2500
3244
4126
5094
5267
4413
3207
2661
2317
2316
2218
2251
2240
2362
2504
2548
2497
2472
2385
2268
2314
2208
2282
2306
2201
2269
2199
2261
2209
2252
2209
2233
2248
2258
2327
2280
2259
2184
2126
2223
2250
2207
2296
2263
2245
2269
2198
2244
2308
2351
2262
2293
2165
2257
2155
2167
2141
2176
2207
2225
2199
2260
2283
2285
2318
2232
2308
2250
2243
2213
2329
2178
2200
2174
2206
2225
2250
2194
2306
2223
2126
2161
2164
2188
2253
2069
2208
2246
2389
2378
2346
2326
2241
2165
2274
2257
2149
2180
2152
2238
2143
2139
2197
2199
2114
2255
2417
2851
3222
3217
2757
2454
2195
2149
2122
2143
2148
2193
2078
2106
2145
2100
2181
2109
2089
2133
2165
2208
2096
2122
2190
2066
2083
2109
2249
2119
2090
2198
2232
2159
2157
2143
2173
2056
2179
2042
2113
2129
2202
2243
2285
2535
2854
2936
2804
2541
2223
2150
2172
2134
2173
2108
2092
2123
2088
2050
2085
2214
2173
2126
2100
2064
2172
2148
2085
2123
2120
2100
2075
2123
2139
2196
2097
2126
2101
2075
2050
2138
2075
2086
2082
2061
2088
2073
2104
2196
2050
2079
2159
2351
3189
4241
4869
4538
3580
2790
2269
2189
2107
2135
2007
2079
2023
2158
2213
2298
2174
2188
2097
2059
2063
2094
2032
2142
2134
2093
1994
2079
2041
2077
2075
2052
2173
2155
2257
2454
2668
2625
2566
2311
2221
2161
2198
2099
2108
2050
2104
2219
2163
2205
2167
2163
2122
2164
2041
2052
2112
2199
2187
2750
3808
5454
6144
5705
4221
2967
2277
1992
2056
2063
2054
2061
2092
2209
2221
2259
2419
2382
2265
2189
2186
2398
3022
4277
5238
6393
7204
7371
6459
4829
3326
2428
2161
2061
2087
2112
2120
2061
1988
2095
2114
2153
2028
2047
1994
1991
1972
2023
1934
1944
2016
2051
2070
2047
2027
2018
2030
2158
2114
2181
2141
2099
2209
2349
2263
2223
2150
2107
2024
2013
1969
2035
2058
1981
1938
2037
2112
2063
2116
2026
2059
2010
2121
2004
1991
2039
2020
2122
2145
2053
2128
2147
2129
2099
2091
2135
2039
2027
2275
2529
2886
2996
2954
2548
2473
2357
2329
2429
2715
2692
2513
2284
2151
2037
2094
2093
2173
2112
2113
2101
2177
2246
2170
2197
2170
2048
1997
2149
2089
2013
2101
2150
2227
2211
2132
2101
2188
2181
2336
2576
2788
2833
2687
2520
2259
2311
2329
2412
2404
2244
2210
2079
2072
2127
2115
2092
2078
2036
2065
2079
2116
2092
2018
2008
2052
2101
2084
2130
2105
2088
2192
2133
2152
2132
2127
2112
2106
2195
2434
2751
2961
2714
2664
2264
2093
2090
2205
2141
2140
2079
2069
2139
2100
2185
2100
2067
2079
2076
2119
2123
2108
2120
2121
2144
2170
2224
2125
2183
2164
2313
2496
2667
2808
2694
2406
2301
2172
2045
2024
2026
2147
2001
2063
2063
2123
2039
2095
2109
2019
2165
2078
2130
2091
2222
2223
2317
2338
2133
2235
2119
2227
2311
2656
2864
3212
3067
2821
2410
2203
2102
2046
2038
2114
2090
2119
2024
2101
2012
2039
2120
2039
2003
2132
2122
2111
2098
2297
2131
2230
2371
2406
2307
2186
2101
2022
1977
2095
2079
1980
2051
2022
2004
2065
1984
2074
2092
2411
2562
2646
2520
2351
2368
2340
2218
2155
2044
2139
2135
2237
2246
2324
2130
2161
2155
2243
2269
2303
2261
2255
2041
2048
1994
2012
2104
2011
1989
1995
2063
1989
2043
2105
2137
2016
2182
2217
2176
2303
2310
2112
2097
2079
2098
2029
1952
2001
1976
2045
2040
1943
2083
2182
2085
2257
2094
2070
2128
2098
2161
2204
2312
2269
2214
2133
2174
2032
2095
2040
2039
2053
2007
1906
1980
2020
1904
2053
2012
1952
1987
1975
2009
1883
1999
2064
1970
2064
2225
2276
2569
2550
2460
2225
2070
2024
1913
2012
1973
2028
2041
2040
2010
2071
2019
1913
1943
2150
1969
2010
1962
2002
2042
1960
2036
2050
1980
1909
1972
1942
1969
1889
1991
2016
2001
2028
2022
2032
2046
1997
1936
1973
2018
1958
1994
2040
2005
2009
2095
2128
2103
2059
2022
1997
1961
2043
1975
1944
1957
1881
1912
1922
1881
1941
2044
1993
2087
2208
2106
2171
2068
1980
2005
1849
1958
2017
1939
1956
2013
1966
2037
2036
2127
2024
1909
1879
2042
1974
2064
1924
1972
1988
2112
2278
2488
2639
2611
2424
2129
2041
1934
1909
1954
1888
1970
1976
2019
2005
2129
2072
2123
2232
2170
2211
2052
2107
1938
2054
2101
2268
2657
2979
2968
2808
2596
2803
3020
2948
2891
2688
2384
2207
2003
2031
2011
1948
1982
1891
1985
1986
2015
2067
2033
2003
1979
2012
1903
1993
1921
1936
1966
1936
1990
2112
2412
2811
3275
3322
3010
2542
2374
2406
2704
3287
3889
4149
3945
3480
3006
2632
2398
2630
3133
4794
7171
9305
9430
7394
4804
3112
2282
2224
2302
2323
2208
2205
2134
1993
1921
1980
1948
1817
1919
1945
1894
1954
1925
1917
1913
2012
1918
2076
2050
2264
2366
2421
2542
2459
2140
2003
1940
1821
1895
1889
1901
1883
1942
1925
1838
1945
1947
1912
1980
2011
2275
2651
3029
3077
2738
2235
1992
1938
1855
1908
1898
1867
1847
1934
1865
1890
1925
1911
1884
1923
1915
2034
1949
1939
1898
1991
1868
1964
1933
1996
1957
1971
1913
1908
1877
1904
1976
1910
1914
2030
2042
2160
2173
2109
2082
2102
1874
1912
1878
1882
1912
2033
2049
2058
2004
1984
1938
1950
1968
1910
1923
1969
1943
1942
2062
2150
2329
2243
2105
2020
1930
2051
1984
2126
2040
2063
2073
1898
2033
1962
1999
1985
2221
2596
3143
3436
3359
3061
2709
2382
2223
2178
2167
2058
2055
2294
2299
2279
2228
2356
3104
4586
6447
7659
7087
5059
3315
2348
2038
2046
2024
1956
1979
1964
1947
2045
2004
2023
2012
2089
2017
1960
1952
1898
1997
1930
1996
2013
2065
2023
2087
1959
1884
1968
1953
1954
1977
2003
1942
1987
1950
2027
2006
2061
2072
2266
2162
2187
1987
2060
2109
1898
2022
1939
1910
2000
1909
1925
1944
2009
1842
1815
1986
1969
1885
1963
1993
2018
1985
2001
2008
2183
2092
2251
2139
2112
2171
2326
2362
2369
2235
2109
2074
2085
1981
2056
1971
1923
2058
1894
1977
2026
2017
2005
2006
1969
2016
1993
2107
2076
2137
2094
2115
2144
2095
1992
2096
2104
2087
2004
1942
2094
2123
2243
2222
2230
2187
2182
2146
2029
2102
2115
2211
2201
2177
2122
2025
1997
2059
2084
2176
2077
2109
2137
2244
2258
2263
2309
2241
2193
2208
2301
2425
2393
2301
2269
2189
2157
2195
2218
2418
2637
3327
4255
5020
5098
4155
3301
2417
2311
2213
2184
2305
2713
3368
4237
4476
4071
3250
2609
2397
2325
2253
2208
2148
2219
2202
2291
2260
2231
2212
2302
2322
2348
2395
2291
2166
2330
2264
2236
2395
2446
2432
2446
2433
2406
2396
2380
2340
2350
2319
2394
2388
2407
2300
2336
2305
2390
2431
2332
2405
2279
2350
2415
2390
2449
2387
2460
2318
2506
2819
3151
3679
4091
4359
4288
4071
3671
3381
3124
2931
2674
2671
2636
2600
2626
2642
2527
2531
2521
2517
2454
2562
2634
2752
2722
2740
2642
2579
2631
2553
2534
2621
2629
2648
2772
2659
2650
2601
2534
2455
2684
2499
2580
2537
2498
2543
2526
2584
2563
2407
2710
2579
2603
2476
2526
2538
2564
2568
2569
2602
2664
2603
2613
2572
2633
2598
2705
2766
2682
2804
2929
3259
3824
3987
3778
3304
3052
2978
2877
2844
2733
2854
2869
2949
3075
3112
3141
3049
2889
2709
2718
2700
2713
2758
2884
3073
3154
3160
3158
3080
2855
2770
2760
2810
2851
2694
2749
2712
2763
2744
2795
2704
2863
2761
2826
2666
2820
2726
2930
2988
3093
3186
3089
2913
2895
2762
2772
2782
2730
2617
2745
2767
2736
2812
2892
2791
2850
2894
2809
2885
2759
2880
2766
2745
2794
2823
2841
2898
2806
2886
2782
2774
2888
2895
2905
2933
2924
2881
2858
2776
2756
2784
2879
2839
2924
2806
2720
2849
2836
2969
2923
2840
2911
2886
2992
3128
2983
2755
2923
2996
2942
3007
2878
3004
2871
2857
2929
2977
2943
3039
3035
3094
2915
2929
2824
2857
2938
2929
2903
2813
2849
2936
2953
2939
2981
2956
2916
2958
3035
2913
3000
3084
3316
3500
3557
3502
3520
3411
3375
3337
3217
3198
3074
3174
3015
2992
3063
2904
2914
2959
2885
2943
3018
2996
2995
2999
3131
3266
3553
4047
4114
3922
3482
3258
3226
3074
3061
3105
3038
3027
3015
3221
3114
3220
3578
4156
4441
4565
4316
3953
3481
3249
3304
3394
3684
3804
3670
3501
3281
3569
3448
3369
3265
3221
3293
3304
3267
3375
3223
3105
3264
3244
3180
3229
3217
3210
3170
3316
3316
3350
3270
3354
3414
3430
3424
3469
3339
3401
3281
3262
3320
3388
3349
3355
3324
3420
3483
3513
3519
3347
3359
3400
3361
3470
3464
3391
3489
3438
3667
3440
3416
3416
3452
3473
3478
3472
3526
3481
3459
3438
3566
3515
3639
3657
3825
4283
4689
5238
5161
4822
4391
4129
3879
3889
3639
3621
3623
3617
3725
3774
3804
3818
3741
3611
3865
3767
3782
3835
3772
3791
3809
3654
3820
3812
3907
3729
3781
3887
3908
3894
3879
3869
3915
3946
3890
3865
3890
3981
4032
3941
3938
4027
4045
4275
4237
4306
4184
4188
4217
4267
4352
4882
5691
6882
8138
8956
8841
7748
6461
5149
4570
4214
4045
3940
3846
3793
3925
3900
3767
3871
4050
4507
5429
6408
6707
6295
5436
4772
4286
4134
4111
3912
3887
3748
3573
3686
3625
3710
3601
3645
3614
3520
3687
3643
3632
3598
3585
3697
3618
3678
3601
3623
3596
3571
3660
3670
3774
3622
3597
3608
3707
3552
3576
3496
3509
3590
3603
3481
3670
3593
3657
3656
3615
3689
3793
3662
3598
3696
3465
3557
3449
3507
3593
3510
3298
3443
3580
3490
3587
3483
3590
3506
3643
3595
3748
4112
4811
6023
7068
7214
6269
4768
4036
3494
3379
3343
3211
3340
3353
3528
3538
3548
3627
3406
3319
3425
3236
3381
3434
3632
3536
3479
3374
3363
3279
3208
3266
3123
3134
3256
3183
3191
3125
3240
3193
3183
3228
3568
3955
4312
4608
4649
4252
3695
3535
3356
3312
3128
3170
3106
3062
3009
2952
3094
3037
3058
3095
3094
2992
2999
3044
3129
3031
3094
3183
3035
3165
2979
3145
3168
3122
3137
3021
2997
2914
3094
3243
3574
3743
3744
3714
3379
3193
2991
2990
2907
3086
3077
2974
2999
3004
3024
3011
3043
3009
3115
2980
2976
2972
2861
3022
2957
2920
3042
3032
3042
3005
3019
3162
3131
3091
3016
2960
3098
2944
2914
2966
2846
2899
2976
3053
3075
3096
3071
3048
3035
2834
2893
3002
2989
2942
2948
2998
2899
2921
2878
2998
2927
2852
2937
2974
3001
3034
3007
2979
3030
2854
3114
2919
3052
3091
2981
2929
2955
2992
3008
2919
2969
2924
3012
2996
3075
3139
3019
3175
3301
3343
3593
3614
3545
3353
3263
3181
3122
3124
3068
2981
3061
2948
3098
2924
2960
2989
2990
3135
2925
2963
2991
3106
3226
3095
2961
3054
3016
3012
3001
2965
2943
3062
3090
3037
2997
3030
3012
3084
3236
3173
3333
3219
3169
3226
3254
3370
3274
3429
3354
3201
3199
3246
3339
3233
3518
4472
8574
19145
38512
61877
75609
69110
48325
25946
11401
5278
3499
3173
3435
4241
5787
7168
8223
7354
5811
4346
3545
3191
3083
3316
3701
4418
5436
6173
6097
5388
4318
3651
3156
3007
2966
3091
3194
3039
3020
3128
3059
3079
2955
2994
3021
3060
3059
3060
3160
2975
3012
3169
3117
3090
3213
3144
3095
3107
3240
3017
3054
3213
3228
3134
3054
3063
3155
3161
3222
3142
3153
3083
2930
2971
2837
2891
2862
2834
2827
2776
2787
3026
3794
5897
9328
13489
15695
14408
10729
6724
4066
2800
2576
2687
3352
4744
7177
9791
10791
9713
7200
4540
3074
2451
2265
2330
2269
2490
2460
2500
2345
2418
2189
2342
2375
2424
2398
2568
2400
2446
2371
2357
2336
2337
2405
2357
2327
2210
2140
2218
2228
2205
2246
2314
2158
2078
2145
2173
2244
2332
2392
2340
2285
2262
2062
2203
2204
2337
2383
2618
2519
2364
2164
2039
2058
1902
1933
1917
1944
1914
1911
1953
1881
1924
1870
1864
1886
1926
1797
1831
1862
1862
1926
1869
1880
1802
1812
1912
1846
1852
1945
1872
1947
1951
1978
2110
2303
2549
2542
2431
2278
2025
1863
1667
1724
1654
1671
1631
1667
1555
1636
1565
1654
1567
1618
1578
1533
1572
1589
1770
2123
2988
4537
6161
7175
6366
4707
3064
2110
1616
1520
1514
1408
1464
1411
1424
1435
1454
1445
1512
1404
1407
1439
1454
1457
1477
1457
1477
1443
1417
1382
1377
1367
1356
1348
1245
1216
1309
1305
1279
1292
1223
1285
1281
1316
1266
1235
1228
1199
1218
1206
1282
1223
1302
1305
1295
1388
1312
1353
1299
1271
1264
1220
1219
1218
1119
1234
1235
1321
1358
1290
1181
1217
1236
1183
1248
1212
1151
1186
1252
1212
1314
1371
1397
1369
1341
1330
1298
1240
1257
1223
1331
1393
1391
1430
1365
1317
1218
1275
1146
1156
1142
1117
1180
1271
1116
1124
1153
1146
1152
1215
1166
1338
1369
1320
1374
1294
1330
1303
1282
1235
1180
1208
1117
1194
1204
1183
1215
1225
1218
1320
1414
1448
1462
1406
1264
1227
1187
1142
1195
1142
1118
1194
1113
1142
1180
1096
1117
1094
1154
1138
1161
1204
1251
1268
1192
1178
1113
1203
1242
1225
1214
1240
1275
1267
1216
1269
1168
1241
1134
1182
1133
1126
1242
1166
1105
1210
1142
1250
1270
1833
4231
11609
29230
57830
87737
101241
89395
60066
30229
11915
3931
1541
1036
949
978
1023
1005
1009
1067
1073
1180
1286
1286
1238
1098
957
934
940
960
979
894
922
800
884
876
868
936
889
910
869
847
808
826
820
789
843
876
819
943
946
976
955
943
893
907
832
856
852
792
819
833
766
827
830
820
805
860
818
842
871
892
874
929
919
920
889
858
852
823
800
795
850
820
758
858
848
879
876
980
998
981
919
832
876
944
1116
1512
2065
2489
2543
2362
1824
1384
972
930
840
814
916
980
1069
1086
1079
1111
1046
953
869
913
831
824
793
808
786
795
782
884
876
957
1024
1012
1018
943
916
920
899
907
967
974
984
941
887
849
798
801
826
849
817
836
850
857
879
867
846
840
837
885
869
895
826
836
852
872
814
785
855
829
794
784
802
818
788
815
829
828
800
815
831
945
916
913
957
906
1017
909
930
926
971
956
961
993
893
851
826
791
769
834
856
868
862
896
895
834
876
806
772
881
896
868
881
816
844
877
863
850
830
794
866
788
837
861
845
876
1029
1171
1209
1200
1147
1017
986
869
911
852
891
863
898
884
898
977
887
900
903
855
867
834
867
838
842
923
844
879
822
850
885
921
963
950
989
963
982
924
933
1000
1036
1091
1032
1024
885
859
838
869
833
868
965
1016
948
1000
957
954
988
972
978
969
867
855
891
976
1122
1300
1499
1603
1516
1249
1051
979
902
787
802
839
820
807
840
793
838
892
935
1070
1145
1150
1119
938
902
895
822
831
816
825
881
863
870
921
905
880
859
944
919
897
830
809
821
813
799
761
828
766
817
814
811
870
822
819
861
846
852
869
828
861
883
927
924
1006
1003
1039
1000
1023
1111
1201
1096
1010
958
891
852
823
776
808
813
819
812
857
869
848
835
829
830
817
825
833
842
915
961
967
944
887
881
906
842
894
866
826
804
865
881
799
809
794
795
857
842
892
848
912
917
930
865
892
923
890
868
880
842
790
796
846
906
1005
1193
1379
1632
1625
1485
1221
1019
970
939
912
938
922
971
959
899
914
960
931
911
899
802
831
777
843
828
795
774
838
822
936
893
876
948
936
976
962
1002
1015
1005
1026
1105
1077
1101
1129
1012
991
906
928
963
880
863
934
891
827
802
838
878
785
867
886
831
863
839
820
875
880
921
851
892
846
828
862
824
819
850
850
833
840
755
912
979
1080
1303
1325
1352
1269
1148
917
958
866
829
799
813
834
815
822
799
821
834
944
982
1031
1076
977
1048
992
972
1007
997
990
999
896
913
855
802
810
821
764
812
749
800
858
1050
1229
1649
1962
1925
1689
1317
1083
1023
907
926
911
904
852
810
856
841
867
814
787
808
791
818
817
790
855
853
882
903
882
844
848
776
825
808
823
747
822
799
799
810
829
788
743
744
761
706
758
776
853
857
842
840
829
817
819
788
812
823
807
781
799
795
754
810
781
692
769
747
741
763
796
811
827
803
822
952
1100
1337
1870
2042
2162
1726
1318
1104
815
791
760
835
912
920
867
848
828
764
730
749
713
779
776
881
1032
1033
1103
1053
922
830
773
771
812
793
784
816
811
754
777
740
704
712
705
776
770
777
766
906
993
974
925
899
851
789
779
797
794
751
788
729
777
723
758
769
737
730
750
697
698
763
808
753
791
793
800
737
735
725
744
780
829
898
884
920
899
891
911
976
1008
1133
1109
1060
960
792
786
754
796
788
742
790
762
758
714
773
769
743
740
797
755
802
766
779
822
739
712
759
740
827
908
875
898
809
702
754
696
683
735
736
757
864
925
971
1100
1019
1029
988
915
829
823
802
741
746
671
686
704
658
675
702
713
762
904
1034
1288
1608
1600
1509
1186
973
757
724
691
657
659
705
704
682
699
760
809
875
961
1053
1000
967
793
758
717
706
667
668
673
721
726
703
712
728
714
725
756
726
759
715
749
770
735
805
825
918
921
919
938
848
795
773
783
839
787
877
1065
1435
1980
2935
3507
3646
3089
2324
1490
991
830
738
678
702
682
692
704
729
686
748
813
848
809
717
703
813
909
1200
1572
1978
2090
1902
1588
1212
852
783
697
781
769
831
838
826
816
829
771
822
876
811
785
776
758
765
832
864
931
897
771
756
695
729
616
623
647
632
612
662
678
700
649
658
655
680
672
728
737
818
919
1140
1509
1676
1859
1633
1254
1113
910
799
651
671
709
713
715
706
728
734
729
739
726
749
768
712
709
730
720
833
816
864
811
797
703
692
666
685
650
658
658
639
618
731
708
763
780
879
969
1058
1075
935
822
764
723
661
689
668
662
644
688
701
677
661
677
577
651
673
627
691
707
720
749
851
861
850
783
662
696
704
658
644
645
617
662
633
668
686
707
684
661
682
679
729
737
653
744
722
799
750
793
747
692
698
628
660
638
653
728
703
707
654
685
671
648
690
672
643
715
637
643
745
724
686
707
731
643
772
773
776
789
775
851
782
759
725
731
745
813
936
888
923
836
710
647
658
641
685
633
691
623
718
706
688
733
720
692
708
764
798
914
868
886
784
694
718
669
700
660
674
686
682
683
695
656
704
753
783
807
828
781
744
722
738
816
871
934
996
947
827
761
739
675
716
694
781
787
857
940
971
889
793
752
743
684
708
680
720
740
731
711
733
691
672
718
722
783
803
888
888
789
757
750
698
720
700
637
712
776
845
1035
1413
1886
2595
3178
3374
3119
2672
1934
1476
1210
1121
1073
1126
1086
915
915
791
779
761
773
751
786
767
775
760
701
746
734
722
712
727
767
727
743
811
780
888
963
1192
1434
1577
1632
1442
1238
1027
870
750
839
946
1159
1304
1364
1338
1231
1038
922
820
782
804
768
850
819
774
844
826
896
952
983
996
1065
962
900
870
813
790
783
795
739
868
842
874
882
965
958
954
927
796
803
822
754
800
772
820
853
816
808
819
903
1002
1035
1200
1461
1633
1769
1709
1545
1433
1282
1162
966
915
894
811
804
758
764
812
761
730
754
770
870
821
839
793
894
971
935
950
918
958
829
795
792
823
874
863
856
852
831
774
759
817
816
803
837
850
823
828
825
752
803
789
783
821
823
787
852
812
820
808
812
803
765
844
783
787
716
838
758
871
878
873
917
985
929
939
922
886
882
855
834
740
793
760
800
747
766
815
844
770
826
811
771
792
757
821
806
803
804
827
871
855
814
842
858
830
802
819
800
856
825
863
856
879
859
861
832
866
820
845
855
856
847
957
881
899
850
819
847
801
842
797
770
802
802
757
782
822
828
804
823
855
909
840
815
817
825
821
812
839
841
869
833
829
859
905
900
842
870
860
836
865
840
830
946
836
789
886
920
957
958
991
1100
1028
904
907
871
852
881
936
874
859
883
809
817
805
901
854
820
852
896
838
824
813
866
878
924
910
932
992
891
1016
1038
1016
1034
911
1003
997
977
1096
1129
1099
1157
1141
1076
964
918
887
893
841
888
825
876
889
843
839
860
933
942
900
1016
1021
965
917
979
962
1058
1088
1074
1002
964
916
943
927
966
936
854
866
894
833
869
874
856
906
850
875
938
898
902
874
952
910
836
907
817
864
957
1017
1037
1104
1122
1171
1103
962
973
957
889
873
871
912
864
957
1059
1150
1182
1242
1177
1090
930
940
872
799
826
834
803
847
807
835
845
869
809
817
833
840
836
918
857
857
844
890
910
875
858
848
771
913
865
883
869
797
802
839
866
868
803
826
813
869
901
964
849
889
837
846
806
795
873
837
838
803
842
789
779
830
784
805
785
825
885
819
935
894
1046
1135
1126
1077
956
959
891
837
838
822
841
827
816
758
778
762
720
752
736
706
813
801
758
798
797
786
854
844
780
808
786
810
778
769
749
818
731
715
783
716
700
712
687
702
714
675
709
641
684
716
723
677
689
694
667
702
701
657
706
648
737
708
785
836
998
1028
1211
1062
1042
903
757
743
749
771
811
801
934
1004
1070
1076
1060
911
881
804
816
784
853
955
1043
1018
1004
897
778
733
690
666
689
669
622
658
689
621
615
598
647
624
671
692
718
748
773
777
748
694
683
654
662
724
688
762
866
850
839
796
792
639
684
669
625
612
686
703
714
677
667
630
620
638
648
670
663
674
619
664
564
635
616
622
606
558
606
580
582
579
610
594
591
559
623
673
682
678
746
697
685
654
693
619
648
676
654
643
561
625
604
592
597
617
590
562
576
552
526
536
551
584
582
573
578
682
663
654
634
594
631
620
564
571
576
556
578
598
606
568
550
598
590
540
593
601
597
598
633
584
574
588
605
598
605
542
585
554
549
582
555
574
515
559
538
545
534
524
540
510
577
551
562
562
583
575
540
546
553
547
567
559
568
550
560
574
576
582
530
522
528
560
522
547
670
1040
1900
3728
6853
10397
12903
13328
10893
7168
4123
2072
1002
719
657
736
723
706
643
582
565
558
529
600
556
549
471
521
484
480
501
490
497
506
627
595
702
759
730
674
661
577
508
509
542
556
509
526
540
511
504
536
515
481
521
505
476
512
542
481
552
456
512
521
508
532
678
896
1148
1489
1768
1791
1614
1314
1103
835
732
679
665
609
581
546
486
515
509
443
484
512
486
518
600
575
543
513
519
481
511
537
512
578
659
971
1533
2496
3463
4112
4093
3540
2477
1505
936
634
600
468
462
507
484
487
501
486
512
534
553
538
544
544
569
516
538
527
568
529
563
552
565
528
547
552
589
620
661
647
587
541
513
490
505
444
473
474
468
444
449
453
489
519
475
451
488
490
487
543
570
512
523
468
528
455
459
422
463
488
552
672
800
1018
1194
1163
1056
945
717
589
518
469
500
474
451
428
418
469
481
481
429
459
456
413
445
439
452
425
441
479
471
419
487
499
528
569
566
631
605
526
549
492
514
518
516
561
517
514
523
507
517
546
537
521
481
491
439
446
475
435
460
471
446
435
451
452
518
500
565
562
585
624
568
505
466
466
466
473
490
406
457
400
413
424
450
403
454
437
421
423
456
516
496
528
511
524
628
567
542
529
537
546
497
488
520
498
459
448
488
535
488
485
469
487
429
438
434
429
424
531
518
490
483
488
516
469
469
504
503
503
514
494
420
475
428
436
481
481
637
832
1161
1564
1850
1870
1507
1131
861
611
439
463
399
440
401
411
431
477
421
400
480
409
430
439
448
447
473
473
440
488
452
509
485
456
441
394
385
407
397
416
428
397
414
412
409
400
487
445
441
420
435
460
421
406
389
382
405
425
412
407
410
395
403
424
398
387
421
394
368
358
418
432
408
417
471
450
434
445
482
409
445
403
423
413
431
432
396
419
455
475
535
519
614
584
547
526
521
538
545
503
452
495
479
538
586
588
557
481
417
423
406
467
430
387
413
398
447
462
453
407
408
453
478
434
436
424
454
484
482
516
579
450
466
447
507
544
555
505
528
503
471
409
467
423
440
429
444
434
455
482
556
568
590
582
520
456
459
447
410
432
469
407
435
473
529
510
468
482
512
558
475
518
488
425
446
407
437
434
477
428
423
431
437
390
417
413
433
433
442
451
456
476
462
490
474
497
518
503
465
477
463
472
460
474
457
606
747
1006
1390
1975
2445
2802
2893
2570
2098
1674
1454
1446
1224
1153
1161
1246
1423
1736
1850
1799
1458
1189
830
698
563
519
545
511
518
503
501
502
494
508
530
578
568
565
528
552
566
499
505
495
472
553
514
480
488
488
512
509
571
564
562
584
663
756
771
782
755
665
616
544
550
506
538
639
714
767
829
903
817
735
609
603
549
636
596
560
612
518
527
547
553
531
538
497
482
507
562
488
497
515
500
503
517
502
494
495
524
498
529
504
562
663
717
795
819
778
687
569
600
499
550
492
506
478
524
507
492
511
493
468
529
524
575
603
734
711
739
710
634
551
551
566
564
550
635
613
657
691
635
619
656
619
551
541
544
526
528
519
534
522
529
587
535
530
536
544
526
601
516
554
506
467
468
515
496
484
506
501
516
528
564
527
518
538
522
502
509
489
497
483
527
531
525
525
522
523
483
548
508
473
510
559
505
507
470
486
488
483
519
485
455
489
519
510
536
543
626
601
567
549
510
561
565
518
537
597
599
576
586
533
531
508
514
503
478
477
513
536
536
491
547
538
534
550
544
545
523
518
559
540
490
541
526
541
641
607
646
665
661
610
610
567
557
524
578
552
518
576
535
549
543
539
550
507
531
504
496
496
566
550
500
500
505
530
495
522
539
547
560
582
568
544
508
512
571
548
539
541
560
559
528
552
532
541
504
571
502
551
559
509
563
514
538
510
562
530
599
519
545
496
567
547
548
582
603
624
707
730
755
752
763
720
615
623
613
552
595
539
539
541
584
544
521
562
547
536
549
521
569
578
560
562
564
547
564
527
529
542
545
539
545
561
545
593
548
537
580
555
501
598
593
587
544
563
607
599
570
561
606
586
546
611
617
589
566
584
556
571
551
625
605
588
541
558
523
543
505
502
519
528
527
510
505
499
491
462
518
504
512
504
513
465
503
526
521
524
514
497
550
564
583
553
553
565
533
534
459
498
516
483
459
499
520
480
501
471
521
487
495
513
541
599
657
789
830
836
779
716
694
596
579
581
572
544
548
541
497
512
482
481
520
477
525
500
529
549
516
548
533
666
709
829
916
918
892
862
708
676
577
555
562
525
457
490
436
487
489
480
458
468
510
494
461
497
468
487
539
473
504
484
497
532
570
636
534
548
500
488
483
485
508
486
458
410
454
475
485
430
395
432
452
430
454
486
485
481
471
518
465
433
500
474
460
497
443
440
469
458
435
415
435
416
443
461
449
457
433
465
446
436
452
424
461
408
430
440
477
484
516
474
443
427
411
378
433
416
378
400
400
413
415
384
373
382
406
412
385
408
386
407
409
373
423
405
417
386
415
427
404
400
375
416
422
453
504
479
488
508
460
406
425
398
422
411
404
373
394
354
376
343
394
355
374
372
382
383
399
383
422
375
395
352
399
356
401
400
389
405
415
390
370
371
391
425
400
407
413
420
420
488
504
502
574
584
626
584
553
455
423
372
403
431
412
407
413
423
400
390
400
457
429
405
424
404
444
375
413
412
420
463
420
395
421
426
424
393
433
459
460
476
486
424
417
413
431
413
444
445
435
455
402
471
404
437
418
415
439
429
413
435
438
465
418
452
448
508
549
601
573
542
513
486
470
429
434
439
462
463
556
798
1155
2152
3527
5403
7049
7837
7654
6272
4981
4108
3846
3766
3498
2981
2431
1715
1165
855
624
583
536
568
569
598
627
627
573
597
597
568
542
535
576
561
579
610
616
615
586
562
495
490
476
502
517
498
471
524
577
604
613
722
713
610
618
569
553
515
523
503
520
554
540
479
500
511
477
523
503
505
473
543
548
567
551
633
668
602
562
498
535
477
492
465
478
483
470
496
478
496
501
509
514
461
455
518
484
486
467
502
454
495
498
479
471
490
517
556
558
507
575
501
483
494
482
498
476
463
471
485
503
475
485
463
503
467
526
504
522
509
511
423
475
507
486
454
492
543
664
725
813
982
941
906
808
646
537
512
490
449
497
435
509
506
515
543
528
559
490
545
481
522
499
503
502
507
491
464
450
451
451
453
431
431
498
462
456
502
462
394
419
442
494
518
525
546
507
536
486
496
498
504
490
499
488
504
524
523
543
511
485
497
502
466
504
463
451
472
464
494
476
477
510
501
451
466
480
513
532
522
576
542
553
527
473
517
495
448
446
494
480
480
453
490
430
425
436
470
506
513
484
467
511
515
502
459
476
514
514
523
631
653
677
608
634
656
593
553
513
501
529
533
556
508
517
477
477
511
460
461
485
479
499
453
483
476
482
506
530
506
587
570
612
588
502
516
542
494
527
467
525
548
537
521
506
471
478
478
510
549
525
511
559
594
540
575
551
593
523
563
501
511
518
532
480
505
509
458
507
493
454
512
510
532
499
495
503
518
515
541
526
520
575
538
559
548
631
603
575
522
556
525
546
536
549
518
491
498
536
523
503
507
501
528
535
565
569
572
598
583
578
574
559
523
556
566
535
492
508
515
514
506
520
506
510
507
484
490
532
515
528
506
505
656
574
572
583
571
569
507
515
455
474
481
474
460
440
449
446
446
451
421
437
436
447
446
413
458
493
434
441
458
458
470
453
438
469
438
437
424
457
413
392
429
432
440
430
451
423
431
450
476
456
459
440
457
466
473
554
578
561
506
530
513
486
543
554
533
470
461
467
443
483
429
425
449
440
417
428
452
471
489
617
816
1066
1405
1544
1565
1419
1099
846
609
510
424
489
432
426
410
390
439
419
469
410
457
461
420
426
407
402
437
426
400
390
405
375
366
382
424
385
357
361
388
365
351
392
360
352
370
402
369
372
339
336
370
360
333
367
386
379
374
378
326
351
347
360
369
346
377
372
347
349
345
365
388
371
392
405
407
401
443
413
375
420
390
346
347
359
355
373
369
436
434
466
410
417
358
343
347
344
331
335
332
296
321
298
315
249
293
320
295
291
322
278
338
329
318
330
315
325
315
326
315
313
295
318
364
364
466
497
577
556
552
475
394
346
302
279
318
291
284
323
285
340
296
290
300
256
260
281
255
274
313
286
260
288
274
240
273
275
281
274
258
282
297
268
277
297
301
284
327
331
341
400
442
458
444
406
355
356
335
263
292
327
332
375
437
454
469
485
454
446
420
395
325
302
352
305
255
285
273
274
268
247
271
284
275
266
274
268
288
292
300
291
301
343
351
330
331
325
324
321
367
324
345
347
302
337
343
358
386
392
433
404
318
310
321
305
263
257
266
272
275
260
281
268
284
321
309
293
316
284
320
276
278
274
266
301
400
528
850
1682
2980
4463
6092
7569
7816
6897
5066
3293
1846
1002
517
349
329
318
316
369
442
505
594
573
581
518
469
386
370
346
299
298
304
250
278
289
265
269
274
284
276
314
290
353
431
555
718
815
831
750
691
528
486
385
335
362
337
297
290
259
259
218
274
256
258
246
294
303
350
447
531
586
615
593
534
395
333
320
271
283
256
243
269
262
289
327
305
348
333
331
337
324
317
296
331
338
369
342
357
351
372
394
441
566
645
697
664
609
558
441
427
338
303
300
282
281
282
323
316
354
369
344
347
311
346
339
313
281
285
250
280
243
263
237
254
281
240
251
259
241
283
289
271
240
258
230
270
255
275
262
256
246
265
250
269
273
296
283
294
323
347
317
298
301
299
280
277
279
249
257
237
240
261
254
265
236
223
269
263
248
237
256
261
283
288
248
260
297
269
251
275
279
293
310
350
343
362
285
287
323
286
280
269
309
302
262
280
274
245
296
273
279
249
235
264
264
237
243
255
274
292
306
326
400
432
458
409
391
327
292
286
281
281
285
257
284
251
254
262
269
281
263
265
284
326
382
487
593
633
715
644
612
474
407
344
271
269
283
245
273
238
226
272
259
262
278
253
245
258
330
283
283
277
324
310
264
293
321
312
292
287
332
298
290
293
293
301
285
312
292
278
291
265
271
287
248
285
273
283
291
307
345
340
413
399
427
377
359
331
282
292
260
266
288
272
261
278
284
264
266
259
298
258
266
302
256
285
313
352
365
435
421
445
397
339
308
301
284
298
295
327
332
330
337
337
314
299
305
303
354
386
459
533
535
526
509
486
420
414
369
346
336
306
313
301
295
263
260
244
310
289
302
321
316
267
275
282
278
285
286
326
332
369
443
504
508
514
515
462
409
327
302
277
287
271
293
286
270
261
260
248
288
299
310
285
290
328
330
311
304
308
337
349
302
286
304
293
275
266
272
282
303
262
294
265
259
289
293
259
280
297
259
305
324
363
347
353
388
337
287
335
322
331
332
362
347
353
358
350
276
289
313
284
310
266
284
311
279
274
287
275
273
280
310
279
303
279
298
269
279
281
301
299
320
304
317
291
292
328
320
365
331
302
285
258
258
294
269
275
295
278
280
284
241
253
244
267
280
236
256
269
276
274
280
247
272
286
271
257
263
260
241
267
270
236
261
290
273
246
268
307
260
274
274
295
293
284
261
245
280
245
276
296
284
334
416
430
422
465
425
378
341
281
286
316
305
287
292
256
279
329
262
273
303
245
284
247
277
259
271
267
295
311
318
317
290
279
283
274
271
285
259
251
278
259
273
278
302
308
292
287
279
250
258
261
300
272
255
304
295
283
305
289
307
313
324
346
354
373
366
394
388
357
360
277
297
289
301
248
286
251
255
281
266
275
276
307
277
312
360
341
354
374
389
380
420
400
388
437
454
475
513
516
461
387
354
312
392
469
571
747
991
1137
1277
1231
1131
961
765
561
523
560
639
816
1104
1299
1566
1617
1399
1091
740
588
399
384
410
326
349
369
375
496
479
580
575
610
620
594
514
433
394
383
339
372
363
373
408
441
527
566
616
575
559
467
414
374
372
334
309
327
328
371
342
360
418
398
395
371
356
341
351
353
334
337
344
367
331
355
332
392
342
357
345
364
307
360
329
357
369
359
401
382
369
383
396
403
346
359
383
388
364
326
338
338
314
367
323
337
337
343
362
379
388
403
430
407
454
454
488
419
373
387
385
349
353
352
369
321
329
362
360
329
353
357
321
352
355
331
341
350
373
321
324
362
357
339
327
328
358
368
301
345
346
336
368
350
342
339
362
325
315
368
339
349
372
335
383
392
451
534
508
613
644
670
665
592
555
582
654
827
990
1156
1135
1071
897
782
667
482
457
390
420
392
368
335
370
358
350
359
390
358
388
387
375
330
341
335
336
337
354
330
360
388
410
367
344
354
318
354
398
360
382
366
355
342
353
315
328
344
346
337
343
340
360
337
312
326
343
343
372
295
348
357
362
357
357
329
368
362
339
342
339
373
367
351
344
340
350
338
367
342
343
374
356
381
385
417
386
388
409
381
396
379
407
386
367
375
394
391
407
404
441
450
398
382
391
364
433
415
356
394
367
401
384
414
468
519
640
826
914
1147
1259
1272
1232
1053
901
781
584
506
464
442
430
420
389
351
364
398
364
351
358
364
403
396
378
393
363
402
438
401
380
401
333
394
381
385
360
349
349
352
352
354
382
364
370
364
355
399
413
372
374
410
399
341
357
390
368
404
374
364
402
388
383
376
389
392
361
348
367
404
422
387
381
403
371
374
341
351
377
338
358
373
378
357
391
343
386
358
352
370
389
362
337
380
364
344
403
382
370
387
435
389
363
373
399
393
397
381
351
410
385
330
359
353
392
396
351
346
332
395
352
402
386
376
357
387
429
484
547
634
806
817
848
839
847
731
609
569
500
447
417
377
393
390
383
392
391
378
388
380
424
386
370
345
335
382
387
370
436
449
483
600
721
751
814
778
706
551
479
431
370
385
388
364
408
340
374
399
374
408
407
436
384
448
425
404
387
409
420
405
411
429
378
378
399
399
408
384
361
398
343
357
361
330
313
367
350
352
363
361
381
369
430
458
486
473
460
472
457
402
407
363
368
396
354
342
401
379
374
372
382
341
324
351
370
333
359
322
314
338
339
358
311
322
336
319
320
329
327
291
332
349
332
320
301
331
331
329
331
309
312
326
335
341
317
302
356
338
326
291
295
309
288
322
300
288
307
313
324
334
263
326
283
304
319
343
299
291
302
339
330
328
311
356
299
318
338
332
297
305
298
288
337
322
325
340
291
312
289
311
315
341
321
295
318
312
333
326
311
302
320
332
331
379
313
330
314
322
315
324
311
352
378
348
362
356
380
402
422
459
406
467
440
437
421
368
381
351
339
340
342
333
342
314
331
346
347
331
350
343
349
317
336
339
333
346
336
339
328
337
391
388
422
479
594
662
811
949
900
1003
800
745
645
505
444
399
371
363
397
353
355
363
350
415
331
404
429
436
488
495
540
567
620
585
538
475
438
379
353
391
349
336
392
390
392
461
589
758
1074
1358
1778
2071
2188
1912
1691
1404
1165
1232
1526
2221
3140
4515
5654
6507
6841
6444
5481
3916
2751
1779
1151
795
609
532
502
525
615
647
825
901
918
844
822
670
647
559
476
469
449
471
444
473
443
481
465
444
496
483
492
472
475
499
462
437
465
451
450
444
480
464
415
421
425
445
416
429
445
465
438
451
463
469
493
441
481
433
476
437
428
486
494
435
483
446
477
437
421
387
461
455
482
396
429
481
433
470
430
454
421
419
448
445
424
453
456
473
442
452
477
514
540
585
604
601
584
537
527
497
479
475
434
434
408
438
429
408
431
425
430
435
407
420
440
455
448
436
438
452
474
438
444
423
451
426
466
402
419
440
431
444
439
418
431
417
431
447
488
404
440
425
474
433
470
551
623
692
830
859
789
725
619
557
510
432
448
429
408
416
438
420
435
365
414
432
433
409
455
454
410
429
467
463
424
443
430
406
440
411
436
405
461
423
451
433
472
511
511
480
443
436
430
452
425
429
462
431
414
431
402
442
409
462
409
463
398
445
442
448
422
473
408
415
417
413
413
404
452
433
394
432
461
449
455
452
454
434
393
423
461
494
489
422
495
439
444
460
463
484
467
465
480
493
484
502
517
497
473
467
474
489
435
471
414
430
454
433
480
426
460
461
461
488
483
475
520
497
496
477
583
609
766
915
1259
1514
1850
2086
2221
2058
1706
1372
1077
870
668
637
680
680
607
562
520
567
491
471
486
477
460
431
463
411
494
446
448
494
485
468
479
522
492
465
494
480
436
424
476
484
475
474
420
454
461
479
441
471
465
460
486
422
488
459
485
481
460
489
434
447
493
457
458
467
415
464
443
448
446
453
437
495
477
466
418
415
471
472
438
442
432
469
445
418
453
413
423
411
432
442
406
459
459
448
486
455
496
408
466
418
384
428
392
423
380
386
381
392
389
374
359
403
384
373
366
359
416
400
398
384
383
370
385
397
361
415
381
405
421
392
419
359
394
418
393
384
401
360
366
409
370
351
352
372
372
400
346
352
366
354
349
317
341
352
380
385
343
362
370
362
344
334
358
356
335
370
364
369
348
396
416
408
384
392
373
381
372
349
356
359
381
346
357
330
376
326
338
337
349
323
350
392
452
493
581
551
561
521
470
436
379
321
331
295
348
304
310
277
292
308
314
292
324
296
296
291
280
273
286
314
324
319
317
286
336
288
297
281
285
265
268
297
256
239
244
218
256
251
258
251
222
209
239
228
242
230
212
266
245
258
217
225
215
222
241
218
223
237
206
229
212
185
197
195
170
204
227
187
198
204
197
217
189
207
188
194
170
172
181
162
201
160
205
180
176
147
193
181
194
189
182
176
182
162
174
178
165
173
155
150
169
155
140
164
165
176
149
176
148
151
156
149
142
162
139
159
162
179
150
155
179
127
138
158
145
147
162
142
137
154
150
140
141
166
170
183
268
273
327
365
359
318
312
242
214
171
163
130
130
153
155
144
142
146
137
145
144
163
125
159
144
140
126
128
133
150
134
142
156
128
162
205
265
395
510
715
936
978
1080
997
747
571
395
235
182
156
151
110
109
144
153
166
161
192
245
236
257
312
290
295
236
233
205
152
143
152
133
138
133
128
145
122
126
139
140
116
128
144
123
137
122
110
135
150
209
258
561
1032
1882
3256
5096
7297
8940
10013
9463
8027
5945
3800
2139
1088
484
277
147
140
117
120
106
126
87
113
118
112
115
107
97
108
117
110
95
95
130
112
136
134
112
121
123
114
114
103
114
105
104
111
106
104
96
106
83
84
94
74
90
101
92
73
112
102
93
89
94
82
97
98
106
119
149
175
199
209
176
186
167
132
109
101
90
100
95
83
90
92
90
93
90
97
92
99
103
96
80
99
100
94
94
131
101
122
138
146
123
122
102
100
97
73
81
80
99
84
85
88
84
100
86
78
88
84
68
82
88
89
87
82
84
110
84
89
84
89
86
84
65
71
79
85
61
74
86
88
92
84
82
85
105
75
72
78
80
76
78
75
59
79
71
91
98
69
77
84
88
70
85
69
79
86
77
87
92
93
74
67
81
73
90
88
110
111
130
115
150
123
112
93
102
89
91
86
99
82
86
104
104
131
119
108
99
85
84
89
74
69
77
79
61
66
85
80
80
89
76
81
89
68
77
62
88
71
81
78
91
71
73
86
69
59
75
76
74
75
76
80
66
80
85
79
70
76
88
73
70
77
69
80
85
87
59
73
58
66
70
90
80
78
69
63
86
84
76
77
84
80
80
99
113
134
160
186
205
179
175
142
120
103
75
89
112
141
235
289
395
505
580
634
592
497
381
316
266
256
262
305
366
331
375
336
287
251
177
147
100
103
94
82
94
64
83
77
73
80
82
105
81
77
90
104
93
94
72
82
91
83
92
102
99
100
73
96
79
103
75
80
77
95
80
79
77
86
91
78
70
76
74
88
79
78
89
74
71
88
78
81
82
64
82
96
67
94
90
64
67
68
80
83
65
76
65
73
63
69
90
95
112
157
185
276
303
384
457
374
373
346
261
188
137
117
84
84
88
99
97
84
92
99
93
115
117
106
121
108
116
85
78
96
80
93
86
96
90
86
92
84
76
93
73
82
74
86
95
72
88
82
75
89
78
63
88
73
80
98
110
84
86
87
91
121
103
110
123
117
130
107
96
124
106
98
102
91
97
83
104
127
158
139
181
179
158
170
156
136
148
117
125
139
139
157
136
133
106
98
77
72
125
145
150
224
294
401
423
440
452
361
249
195
175
153
151
208
233
248
242
220
216
198
153
127
122
104
90
109
80
95
82
93
93
91
86
89
102
95
101
109
108
97
85
70
86
96
81
89
100
80
77
83
80
97
83
99
83
71
94
79
86
100
100
100
73
88
87
86
81
96
99
90
82
97
74
89
98
71
79
78
89
76
87
79
89
77
87
89
83
96
93
92
95
68
94
91
106
102
82
90
82
84
104
95
100
85
91
84
74
101
98
82
90
109
109
102
106
87
94
91
80
82
99
86
80
93
96
93
110
112
81
94
100
84
79
90
84
94
88
94
77
96
89
92
96
80
83
80
88
80
83
94
99
98
99
96
98
80
92
90
75
74
88
81
99
95
82
96
80
100
90
93
82
101
61
96
99
105
91
74
103
84
99
106
94
93
96
77
86
75
70
109
89
106
89
98
105
84
116
117
124
167
227
316
397
516
508
499
471
432
286
246
184
165
128
114
88
88
98
102
97
122
79
94
95
98
90
93
86
97
94
126
94
100
111
101
99
95
106
104
105
114
134
104
96
115
116
81
80
98
106
98
97
110
103
110
74
83
102
94
81
87
108
97
114
89
91
103
98
77
118
108
102
106
100
104
93
91
86
97
101
89
103
108
82
119
99
97
90
99
102
92
107
81
77
82
99
80
80
85
76
72
88
80
92
100
114
171
169
196
208
215
221
160
160
114
109
102
103
82
73
103
93
70
84
92
89
83
83
101
93
111
101
86
82
90
106
114
111
132
126
124
108
116
85
87
88
99
101
97
90
76
88
80
111
72
68
97
74
93
87
94
87
89
91
82
90
96
76
86
95
93
94
96
78
84
95
94
78
88
93
89
80
105
90
87
86
96
76
81
81
95
97
75
92
85
78
73
81
76
78
85
95
73
82
92
60
76
88
82
88
81
85
73
79
93
107
94
102
123
112
128
146
134
137
106
105
93
92
78
85
109
86
91
92
80
87
81
94
86
73
80
55
92
73
89
88
88
80
82
81
88
79
98
80
69
65
73
76
96
74
90
96
96
76
75
90
89
81
79
87
79
91
84
86
106
90
90
90
93
78
83
78
77
80
79
90
89
88
91
78
89
76
101
89
103
115
116
85
95
92
116
130
141
225
300
404
528
576
612
683
597
510
414
302
215
164
115
105
102
116
114
141
146
223
276
346
476
577
627
659
535
476
362
285
236
188
133
129
106
99
89
115
99
99
117
105
88
108
93
113
102
95
120
103
110
97
90
111
105
121
107
122
119
135
110
139
113
121
106
96
119
96
101
93
109
105
92
94
103
102
104
100
91
84
112
95
94
99
88
92
104
100
100
106
109
114
115
112
120
117
105
116
104
119
103
97
88
100
99
101
86
113
123
166
205
275
387
497
520
548
518
426
356
245
180
138
99
88
110
104
103
115
134
147
154
182
224
248
267
263
218
234
187
166
123
115
98
115
80
96
111
123
95
99
94
92
90
101
83
97
89
93
112
104
97
94
98
78
94
84
104
86
71
106
99
110
109
112
130
126
130
130
111
135
126
110
98
100
86
111
89
102
82
87
100
96
109
129
114
146
149
165
156
134
147
147
115
112
116
94
106
71
67
75
98
96
108
92
88
103
81
104
108
122
139
192
264
308
392
491
558
575
519
444
353
281
198
142
131
100
103
82
91
95
92
75
95
91
113
87
100
89
88
103
88
89
108
77
80
87
82
102
85
85
75
94
97
87
97
96
84
80
84
110
84
102
99
98
91
98
105
101
96
73
90
75
91
97
83
81
80
87
80
94
86
95
83
95
97
104
85
94
79
109
87
102
105
80
101
95
103
91
98
108
100
96
100
102
88
82
96
109
80
77
93
88
80
87
91
89
81
98
91
96
84
95
97
97
86
82
104
94
87
89
88
92
86
98
74
72
85
102
91
77
93
81
84
83
88
79
72
96
94
93
94
83
97
94
100
78
91
82
100
95
97
86
78
93
99
114
86
74
78
80
70
81
82
87
91
83
75
94
90
84
85
75
87
91
97
89
73
88
70
92
88
76
77
78
84
80
81
74
114
149
209
309
416
506
583
579
532
468
326
258
178
114
94
78
82
83
63
72
68
70
69
102
81
72
81
93
63
60
71
70
73
97
69
80
78
89
69
68
73
85
84
72
64
71
57
84
79
81
84
87
81
90
91
86
83
86
69
88
81
93
67
78
81
78
52
52
61
77
74
72
49
71
53
64
61
73
81
66
70
77
64
72
60
61
63
44
66
61
59
78
65
63
61
85
44
61
70
54
54
59
78
67
67
52
71
53
63
65
69
70
42
66
48
65
48
43
61
64
61
58
57
50
59
55
55
65
70
55
49
67
72
48
45
45
51
54
51
62
63
41
61
63
47
55
51
57
45
60
42
50
45
54
44
47
59
50
50
45
52
46
44
56
59
52
51
49
57
41
53
35
43
34
40
41
38
46
42
37
40
35
36
56
31
41
37
39
34
43
41
40
32
40
28
47
48
33
31
36
29
40
30
44
42
58
63
56
60
35
46
50
36
38
40
31
46
34
29
39
41
38
35
35
38
30
34
42
40
33
31
28
35
35
33
29
35
43
39
31
31
29
29
32
34
27
28
22
34
28
35
24
35
43
31
34
33
38
25
28
23
39
19
30
42
34
30
29
43
29
30
31
22
26
30
22
23
37
30
21
35
39
31
41
33
39
19
34
22
29
22
25
30
29
22
38
23
27
26
37
34
33
45
76
139
195
349
401
633
666
685
675
583
390
295
178
80
49
35
37
36
45
65
95
154
225
292
412
521
615
662
623
537
380
253
147
105
50
32
31
24
19
24
20
19
32
23
26
26
26
20
21
22
11
14
17
19
17
18
21
14
22
25
14
14
13
26
18
16
12
19
15
9
12
16
17
19
17
19
15
8
12
12
17
21
21
12
16
17
19
23
18
24
29
28
38
37
41
37
29
23
25
20
15
14
15
10
16
12
11
12
14
9
13
12
13
11
13
9
13
17
9
10
17
8
11
20
19
18
16
16
15
23
34
47
100
119
147
174
190
218
189
167
107
83
39
28
21
11
10
18
15
13
14
8
17
12
11
11
17
15
15
13
12
12
12
18
19
18
11
18
10
9
10
14
12
16
11
10
7
13
13
9
13
10
15
11
10
7
6
12
15
16
11
13
22
21
22
33
60
65
95
97
86
77
65
49
50
43
28
22
14
11
7
13
9
13
13
17
13
15
15
12
17
25
41
42
94
152
201
272
368
408
399
341
280
192
124
70
35
22
13
10
18
17
21
17
15
11
16
11
10
17
11
12
14
7
6
11
13
13
9
11
15
14
14
8
12
10
11
14
14
7
8
13
13
11
14
12
11
8
9
12
10
9
14
16
12
15
8
18
13
10
10
7
7
6
14
5
12
13
10
15
7
12
10
9
12
10
8
10
16
22
10
15
11
11
18
10
11
8
13
11
15
11
13
14
10
14
15
11
9
10
11
17
13
19
12
14
12
17
12
15
10
8
14
14
17
10
15
8
12
19
8
13
7
12
13
11
9
12
9
7
16
11
13
14
10
13
16
12
10
13
11
13
9
14
12
15
11
12
10
11
8
12
14
8
5
12
12
17
15
8
11
11
13
9
6
12
16
11
13
14
14
12
11
8
9
7
16
16
8
21
12
13
9
11
10
18
7
10
6
12
10
12
11
5
11
13
9
14
11
10
15
10
19
7
11
8
9
7
13
13
8
12
8
13
17
12
9
5
13
9
13
12
10
20
6
16
5
9
9
22
17
26
31
33
56
64
85
89
108
111
91
73
55
41
24
28
12
11
11
17
13
10
24
9
6
11
8
14
9
16
12
13
18
13
11
12
14
13
11
11
10
19
10
4
13
13
17
9
14
18
13
7
10
19
8
17
9
13
7
8
11
8
11
8
13
8
10
15
11
13
15
13
19
12
17
19
16
14
16
14
9
9
15
12
12
10
12
11
13
8
12
15
8
16
13
13
12
12
11
17
14
22
18
9
12
14
13
13
6
13
18
4
9
10
8
12
19
15
15
15
12
13
10
15
12
7
16
10
10
7
10
11
13
14
16
12
7
9
11
10
14
9
15
13
13
13
13
12
16
24
37
33
36
60
80
98
103
101
100
90
71
50
29
42
24
17
18
10
13
17
16
14
11
16
9
15
14
14
13
9
17
11
11
14
12
12
22
11
13
15
15
15
10
14
13
18
13
8
20
16
15
9
11
9
11
9
8
9
15
12
13
16
9
14
14
11
12
17
10
9
21
13
8
14
9
12
12
12
12
19
12
10
19
18
9
11
9
23
14
12
14
20
22
21
13
20
16
16
24
14
10
19
10
12
16
6
10
7
13
14
10
15
10
15
7
11
15
14
10
14
25
16
23
38
47
44
55
54
52
34
21
22
17
12
17
14
13
15
14
24
11
19
18
12
9
19
17
16
15
13
8
8
13
15
17
15
15
11
10
10
10
15
13
12
5
8
11
9
10
11
10
10
14
8
13
20
11
15
12
15
12
12
12
8
8
16
9
15
13
13
5
21
8
10
15
17
11
14
18
12
15
16
9
3
11
11
14
13
9
13
18
8
13
12
12
11
14
12
12
10
17
10
8
8
9
21
12
11
10
21
7
11
21
9
10
8
15
11
7
14
14
11
22
12
16
10
11
7
13
15
15
18
10
12
9
9
9
10
9
11
11
11
7
13
10
11
7
12
12
6
11
10
7
16
8
14
14
9
16
9
12
14
14
12
15
13
12
14
12
9
12
14
19
14
24
21
18
14
28
13
20
18
10
11
13
12
12
13
12
15
9
10
11
17
13
4
13
8
11
8
11
11
13
7
8
12
5
10
5
17
16
13
13
10
11
16
10
12
11
9
14
7
13
12
11
15
10
10
13
12
16
12
10
12
10
12
8
11
15
12
13
12
11
9
14
9
10
9
8
13
14
16
9
11
13
8
11
17
12
16
13
9
13
11
7
14
8
5
9
14
9
6
13
14
5
15
11
7
11
11
10
5
9
8
5
12
15
10
10
11
9
12
11
8
9
6
8
14
16
14
11
15
10
10
8
12
11
25
16
17
20
20
16
18
21
19
20
20
18
14
14
18
14
15
11
3
9
10
12
7
11
11
10
8
11
11
7
8
9
6
9
5
7
5
11
4
8
7
9
6
7
8
12
6
11
13
15
7
6
1
8
10
6
6
7
8
4
5
10
9
11
10
12
9
8
6
8
14
7
10
7
3
8
15
5
15
7
10
7
4
6
4
7
8
9
5
5
9
11
7
6
8
7
4
3
6
7
10
7
10
5
7
4
6
10
4
4
5
7
9
4
13
4
12
2
5
10
5
9
6
5
11
9
3
4
5
4
3
7
5
6
1
12
14
18
18
40
54
64
70
90
89
103
81
63
63
22
23
11
8
7
8
5
5
3
4
4
7
5
4
7
6
7
12
4
7
9
4
13
2
6
7
7
7
7
6
7
6
9
4
4
7
7
6
7
4
3
2
7
3
7
6
6
5
6
7
9
6
4
4
3
3
10
3
6
4
2
6
7
5
6
11
6
8
7
8
3
3
6
10
2
7
3
3
3
8
5
12
4
7
5
8
2
2
4
2
2
2
2
3
4
6
6
4
5
4
5
4
5
5
3
5
6
7
7
3
5
5
5
10
10
8
5
5
3
7
2
3
3
4
1
3
6
4
6
4
5
4
3
4
3
3
10
14
30
38
41
53
94
103
99
106
78
62
44
27
20
8
7
5
4
8
2
1
2
3
7
2
7
3
3
6
6
4
7
6
2
1
7
0
4
4
3
1
7
6
3
4
2
7
1
5
2
4
6
3
3
3
3
2
4
2
1
8
3
1
6
4
5
5
5
4
4
5
3
6
4
3
8
6
6
3
9
4
2
3
6
7
3
6
8
5
4
6
6
4
5
12
5
12
11
8
3
3
8
1
5
3
4
5
4
3
3
3
5
7
6
5
4
6
4
3
4
3
4
1
7
9
5
4
5
7
3
5
3
3
7
3
3
3
4
3
3
2
3
3
4
4
4
5
4
4
3
2
3
6
3
2
4
5
4
6
1
4
4
8
6
3
3
6
6
1
5
3
1
5
4
4
2
2
4
3
4
6
5
6
2
3
4
6
5
3
3
4
6
4
2
5
2
4
5
9
2
2
5
5
6
5
6
1
4
5
2
10
7
5
1
2
6
2
2
1
2
1
3
3
4
4
2
4
5
9
8
7
0
8
3
3
7
5
3
3
4
5
3
4
3
3
4
3
1
1
2
2
3
2
6
0
2
9
3
5
7
1
3
6
3
4
5
1
8
5
4
7
5
11
8
9
6
7
11
9
8
5
5
5
3
3
3
3
9
6
9
8
11
23
24
36
41
56
64
79
64
53
32
19
15
9
5
8
4
5
3
9
8
6
3
7
2
5
1
5
4
5
6
3
8
7
7
4
2
4
8
1
8
2
3
6
6
5
3
2
2
8
8
4
4
3
5
5
9
4
5
2
5
1
5
4
9
7
8
4
4
1
8
2
6
4
3
3
5
1
4
5
2
5
8
6
5
6
3
7
6
5
4
4
5
8
1
3
2
5
6
4
6
3
8
2
5
4
6
3
5
7
5
7
1
5
8
3
3
3
13
4
3
2
2
3
4
6
7
8
4
3
7
7
4
3
9
5
4
6
8
8
14
8
8
14
10
22
17
18
17
14
6
6
5
6
6
7
3
4
6
8
7
1
2
4
7
2
5
4
3
3
6
4
1
3
3
5
4
0
3
4
1
5
4
5
4
3
5
2
2
7
4
7
3
8
7
4
3
5
7
4
4
7
3
3
4
4
3
4
3
3
3
2
1
10
4
6
3
3
6
3
5
5
2
6
2
7
8
5
4
7
2
10
1
7
3
3
4
2
3
4
7
1
4
6
5
5
4
8
3
4
10
4
3
4
2
4
7
2
2
0
0
9
2
7
3
9
3
4
4
6
3
2
5
4
2
3
8
4
4
9
5
3
5
7
4
8
8
5
7
3
2
4
5
8
3
6
1
7
3
6
8
5
8
1
1
3
3
4
9
6
7
4
2
6
7
1
3
4
4
3
2
2
4
6
8
3
1
2
4
3
4
3
4
4
6
5
2
2
5
5
3
1
1
7
1
4
3
4
0
2
6
4
3
6
3
8
7
2
5
3
4
3
1
4
1
5
5
3
5
2
2
8
3
5
4
7
6
2
9
2
2
4
3
5
4
5
6
5
1
6
0
6
1
5
5
7
5
3
5
2
3
2
1
4
6
2
1
3
3
5
3
4
0
2
1
1
0
5
3
3
2
2
5
4
7
2
2
4
3
3
2
2
4
2
5
1
6
7
3
3
6
5
5
6
3
5
2
4
3
1
0
5
5
3
6
7
4
2
4
4
8
4
1
4
6
2
6
2
0
5
4
0
4
3
3
5
3
5
4
2
1
4
5
0
3
1
2
6
3
9
0
1
5
9
5
1
6
2
5
3
4
2
2
2
5
2
2
0
3
1
5
5
0
2
2
3
1
3
3
3
1
0
2
2
3
3
2
2
4
1
4
4
6
3
4
2
5
3
2
4
1
3
0
3
4
2
3
0
1
1
1
4
0
2
3
3
1
2
4
4
3
2
2
1
3
0
2
1
1
1
2
4
2
1
2
0
2
1
2
4
3
1
0
2
1
2
1
2
2
2
1
4
3
3
2
6
4
0
1
0
1
0
1
0
4
0
3
1
4
0
3
2
0
0
2
2
1
1
1
3
1
1
1
1
2
3
5
2
2
3
2
0
3
2
0
0
2
1
1
1
0
3
2
1
2
2
1
5
4
2
4
0
1
3
1
2
4
2
2
0
1
0
0
4
1
0
1
3
1
0
3
1
0
0
1
0
0
2
5
2
2
1
0
2
1
0
5
2
3
2
3
4
1
2
4
5
8
8
6
9
4
6
5
4
2
5
2
1
2
5
1
4
5
8
13
23
33
52
64
67
62
51
45
29
16
14
7
2
5
1
0
3
2
2
2
3
5
1
3
1
5
3
1
2
1
3
3
1
3
3
0
2
0
1
1
2
1
4
1
2
2
1
1
4
1
0
1
2
0
2
1
1
1
0
4
0
0
2
1
4
0
2
2
1
1
1
1
1
0
1
2
2
4
0
2
2
2
2
1
2
1
0
3
1
2
1
0
1
1
3
0
0
1
0
3
1
2
0
0
1
1
3
0
1
3
1
0
4
2
2
2
0
1
1
0
4
0
1
1
0
0
1
1
0
1
0
2
2
1
2
0
0
1
0
2
1
1
0
0
1
4
0
3
4
0
0
0
2
2
0
1
0
0
0
1
1
4
3
2
2
0
1
0
1
0
0
1
0
0
0
0
0
1
4
1
1
0
1
0
1
2
1
0
0
1
1
0
1
1
1
1
1
1
2
0
0
2
1
1
2
1
1
3
0
1
3
1
2
3
0
2
1
3
1
3
0
2
2
4
0
0
1
4
3
1
1
1
1
0
1
0
2
2
0
0
0
2
1
1
0
1
0
0
1
0
1
2
0
0
0
1
1
3
0
2
0
1
0
2
2
3
1
1
1
0
3
0
1
2
0
1
1
0
2
1
1
1
0
0
3
6
1
2
0
2
2
2
1
3
0
3
3
1
3
2
1
1
0
4
1
2
3
2
0
1
2
2
1
3
2
1
1
0
3
1
0
2
0
0
2
1
2
2
1
0
0
3
1
0
2
1
0
0
3
2
0
0
1
1
0
1
0
1
2
0
1
0
0
1
0
2
0
1
1
0
3
1
0
1
0
1
1
1
0
1
0
1
1
0
1
0
0
1
0
0
0
2
0
1
1
1
3
0
1
0
3
1
0
1
0
0
0
2
0
0
1
1
0
6
0
4
2
2
1
2
0
2
0
0
2
0
0
0
2
1
1
2
0
1
0
1
0
0
0
1
1
1
1
1
1
0
2
0
2
0
0
2
2
0
1
1
0
1
3
0
2
3
1
5
0
0
1
0
1
1
1
0
0
1
1
2
0
0
0
3
2
1
0
1
0
2
1
1
4
3
0
0
0
2
2
2
1
1
0
3
1
2
1
2
2
3
1
4
2
2
1
0
1
0
2
2
1
2
2
1
0
1
1
0
0
0
2
2
1
1
2
2
1
1
1
2
1
1
1
2
0
0
1
1
0
0
2
0
1
1
1
1
2
1
0
1
0
1
1
2
2
1
1
3
4
2
1
2
1
1
0
4
2
1
0
1
0
1
2
1
0
0
0
1
5
1
1
1
0
0
1
0
0
0
3
0
1
1
1
1
0
1
2
1
0
1
1
0
1
1
1
0
1
2
0
1
1
2
0
1
1
0
0
0
6
0
2
0
0
1
0
2
1
0
1
1
0
0
0
0
1
1
1
2
3
2
2
3
1
1
0
1
2
0
0
0
2
0
0
1
1
2
4
0
1
1
0
0
1
2
0
1
0
0
2
0
0
1
1
1
2
2
0
1
2
1
0
0
0
1
0
0
1
0
0
1
1
0
0
2
0
1
1
1
2
3
1
1
1
1
0
0
0
0
0
1
0
1
1
3
1
0
3
2
0
1
0
0
0
1
2
0
0
0
1
0
0
1
0
1
0
0
0
0
1
1
0
0
4
0
0
0
2
0
1
0
2
0
0
4
2
0
0
1
2
1
1
0
1
3
0
3
0
1
1
0
1
0
0
3
2
1
1
0
0
0
1
0
1
1
0
1
3
0
1
0
1
1
1
1
0
1
0
2
0
2
0
0
2
0
1
3
1
3
2
1
1
0
1
3
1
1
2
3
0
0
2
0
0
0
3
0
1
0
2
0
0
0
0
0
1
1
0
0
1
0
0
0
3
2
0
0
2
1
4
1
0
0
2
1
0
0
2
2
0
1
1
0
1
0
2
0
0
0
2
1
1
1
2
3
0
1
2
0
0
3
0
1
2
1
0
0
1
1
2
3
1
2
0
0
0
1
1
2
1
0
1
2
0
0
1
0
0
0
0
1
3
2
2
1
0
0
0
0
1
0
0
2
2
1
0
0
1
1
0
0
1
0
1
1
3
0
1
1
1
0
0
0
2
2
1
1
0
2
1
0
0
1
0
0
2
0
3
1
1
0
0
1
0
2
0
1
0
1
1
1
0
0
1
1
2
0
1
0
0
0
0
1
0
1
0
1
1
0
1
0
1
1
1
0
1
0
3
2
2
1
0
2
3
0
1
2
0
1
0
0
0
3
0
0
1
1
1
0
0
2
1
0
1
0
1
1
0
1
0
2
4
1
2
1
1
0
0
0
0
1
1
1
0
1
2
1
2
1
2
1
0
5
0
2
1
0
1
2
0
0
1
1
0
2
0
1
1
0
1
1
0
0
1
0
1
0
0
3
0
0
2
0
1
0
1
0
3
1
0
1
2
2
2
1
1
1
1
0
2
1
2
1
0
0
0
0
1
0
1
0
0
0
3
0
0
0
1
2
1
10
3
4
3
11
10
11
3
9
5
4
5
4
0
2
4
1
1
0
1
1
0
1
0
0
0
0
0
1
2
1
1
1
0
0
4
1
0
0
0
1
0
2
0
0
0
0
0
2
1
0
0
3
1
2
0
1
1
2
0
1
0
2
0
2
2
2
1
1
0
1
0
3
0
3
0
2
0
1
0
0
0
1
0
1
2
2
1
0
1
4
1
2
0
1
0
0
0
0
1
0
2
1
2
0
1
0
0
0
1
0
1
0
1
1
2
1
1
2
0
1
0
0
2
0
1
1
0
4
0
0
0
0
3
0
0
3
2
1
0
1
0
1
2
1
2
0
2
1
0
1
1
0
1
1
0
1
1
1
0
0
0
0
0
1
1
0
4
1
2
0
0
1
1
3
1
2
0
1
1
0
1
0
1
0
1
0
1
1
1
3
0
0
1
1
2
1
2
1
0
1
3
0
0
0
0
0
0
1
0
1
1
1
1
1
1
1
1
1
0
1
1
2
1
1
1
0
1
0
0
0
1
0
0
1
0
0
1
0
0
1
0
1
1
0
1
0
0
0
0
0
0
0
1
0
2
2
1
0
0
0
0
1
0
1
0
2
2
2
0
1
1
0
0
1
1
2
1
0
0
3
2
0
0
0
0
1
1
0
1
1
0
2
1
0
1
2
3
1
0
1
2
1
1
0
2
1
2
0
1
2
1
1
1
2
1
1
4
3
2
1
0
0
1
1
0
2
0
1
3
0
1
0
0
0
1
2
2
0
0
2
0
3
0
0
0
0
0
0
1
2
2
1
1
1
0
1
1
1
2
4
0
1
1
1
0
2
2
1
2
1
2
2
0
1
0
1
0
0
0
3
1
1
2
1
1
2
1
1
1
0
0
1
0
0
0
0
0
0
1
1
1
2
0
1
2
0
1
2
2
0
0
0
1
1
0
0
0
1
3
0
1
0
1
1
1
0
0
3
1
1
0
1
3
0
1
0
0
0
0
0
2
0
0
0
1
0
0
1
0
1
1
1
0
2
0
0
0
1
1
1
0
1
1
1
1
0
1
0
1
1
0
1
0
0
2
0
1
0
0
0
0
1
0
0
1
1
0
1
2
1
1
0
0
0
1
0
0
1
0
2
0
0
0
1
0
1
1
0
0
0
1
0
0
1
0
1
1
1
0
1
0
0
1
2
0
0
0
1
0
1
0
1
0
0
0
0
3
0
0
1
0
0
0
1
1
0
1
1
1
1
0
1
0
2
0
0
1
0
0
0
0
1
0
1
0
0
1
1
0
1
0
0
0
0
1
1
0
0
0
0
0
2
0
0
1
1
1
0
0
0
0
0
0
0
0
0
0
0
0
0
1
1
1
1
0
0
0
0
0
1
0
1
2
1
0
0
1
0
0
1
1
0
0
2
1
1
0
0
0
0
0
0
0
0
0
1
0
0
1
0
1
0
0
0
0
1
0
0
1
1
0
0
0
1
2
0
1
0
0
0
1
2
0
3
0
0
1
0
0
0
0
1
1
1
1
1
0
2
2
1
0
1
0
0
0
0
0
0
1
2
1
0
0
0
0
0
1
0
0
0
0
1
0
2
1
1
1
0
0
2
2
3
2
4
2
8
7
9
5
3
7
1
3
1
2
2
0
0
1
0
0
2
1
1
2
0
1
0
0
1
0
0
1
0
1
0
0
0
1
0
4
0
0
0
0
0
0
0
1
2
2
2
1
0
1
2
0
0
1
0
0
1
0
0
0
2
0
1
0
0
0
1
0
1
1
0
1
1
0
0
1
0
1
0
1
0
1
0
0
1
1
0
0
0
1
1
0
0
0
0
0
0
0
0
0
0
0
0
1
0
0
1
0
1
0
0
0
1
0
0
0
2
0
2
0
1
0
0
0
1
0
0
0
0
0
0
2
1
0
1
1
0
0
3
1
1
0
0
0
1
0
0
1
1
0
1
2
0
0
0
1
1
0
0
0
0
0
0
0
0
2
0
0
1
0
1
0
0
0
0
0
1
0
0
0
0
0
2
1
2
0
0
0
0
0
0
0
0
0
1
0
1
0
0
0
0
0
0
1
0
0
0
0
0
0
0
0
0
1
1
0
0
0
2
0
0
1
0
1
0
0
0
0
1
0
0
0
0
0
1
3
0
0
0
0
1
0
0
0
0
1
0
0
0
0
1
1
0
0
0
0
1
1
0
0
0
0
0
0
1
0
0
0
0
0
0
0
1
0
0
0
0
0
1
0
0
0
0
0
0
2
1
0
2
0
0
0
0
0
0
0
0
0
1
1
0
0
0
1
1
0
1
2
1
0
1
0
0
1
0
0
0
0
0
0
0
1
0
0
2
1
1
1
2
0
1
2
1
1
1
0
2
0
0
0
0
0
0
0
0
0
0
2
1
0
0
0
0
2
0
0
0
0
1
1
1
0
0
1
0
0
0
0
0
0
0
0
0
0
1
0
1
1
0
0
2
0
0
0
0
1
0
1
0
1
0
0
0
0
0
0
0
0
0
0
1
0
0
1
0
0
1
0
0
1
0
0
1
0
0
0
0
0
0
0
1
1
0
0
0
1
0
0
0
0
0
1
1
0
0
0
0
1
0
0
1
0
0
1
0
0
0
0
0
1
0
0
2
0
1
0
0
0
0
0
1
0
0
1
1
1
0
0
1
0
0
0
0
0
0
0
0
0
1
0
0
0
0
1
0
0
1
0
1
0
1
0
0
0
0
0
0
1
0
0
1
0
1
0
0
1
0
1
1
0
0
1
1
0
1
0
0
0
0
1
0
0
0
0
0
0
2
0
0
1
0
0
0
0
0
1
0
1
1
0
0
0
1
0
1
0
0
2
0
0
0
1
0
0
0
1
1
0
2
0
0
0
0
0
0
0
0
0
0
1
0
0
1
0
0
0
1
1
1
0
0
1
1
0
0
0
0
0
0
0
0
2
0
0
0
0
1
0
0
0
1
0
0
0
1
0
1
1
0
0
0
0
0
0
1
0
0
0
0
0
1
0
0
0
0
0
0
0
1
1
0
0
0
0
0
1
0
1
0
0
0
0
0
0
3
0
0
0
0
2
0
0
0
0
0
0
0
0
1
0
0
0
0
0
0
0
1
1
2
0
1
0
0
0
0
0
0
0
1
0
2
1
0
1
0
0
0
0
0
0
1
1
0
0
0
0
0
0
0
0
1
0
0
0
0
0
0
0
0
0
0
1
0
0
0
0
0
0
1
1
0
1
0
0
0
0
0
0
0
1
0
0
0
0
1
0
0
0
0
0
0
0
0
0
1
0
1
0
0
1
0
0
0
0
0
0
0
0
0
0
0
0
0
0
1
0
1
1
0
0
2
0
0
1
1
0
2
0
0
0
0
0
1
0
0
0
0
0
0
0
0
0
0
0
0
1
1
0
0
0
0
0
1
0
0
1
0
2
1
0
0
0
0
0
0
0
0
0
0
0
0
0
0
0
1
0
1
0
1
0
0
0
0
0
0
0
1
0
0
0
1
1
0
0
1
0
0
0
3
1
0
0
0
0
1
3
2
0
0
0
1
1
0
0
0
0
0
0
0
0
1
0
0
0
0
2
2
2
1
0
0
0
0
0
1
0
0
2
0
0
0
0
0
0
0
0
1
1
0
0
1
0
0
0
0
1
0
0
1
0
0
0
0
0
0
0
0
1
3
0
0
0
0
0
0
0
0
0
0
0
0
0
0
0
0
0
1
1
1
0
0
0
0
2
0
0
1
0
0
0
1
0
0
0
0
0
0
0
0
0
0
0
0
0
0
0
1
0
0
0
0
1
1
0
0
0
1
0
0
0
0
0
0
0
0
0
1
1
0
0
0
0
2
1
0
0
1
1
0
0
0
0
0
0
0
0
0
1
1
0
0
0
0
0
0
0
0
0
0
1
1
0
0
0
0
0
1
0
0
0
0
0
0
0
0
1
0
1
0
1
0
1
1
0
0
0
0
1
0
0
0
1
1
1
0
0
0
0
0
1
0
0
0
0
0
0
0
0
0
0
1
1
0
0
0
0
0
0
0
0
0
0
1
0
0
0
0
0
0
0
0
1
1
0
0
0
0
1
0
0
0
0
0
0
0
0
0
0
0
0
0
0
0
0
0
1
0
0
1
0
0
0
0
0
0
1
0
1
0
2
0
0
0
1
0
1
0
0
0
0
0
0
0
0
0
1
1
0
0
0
0
0
0
0
0
0
0
0
0
0
0
1
0
0
0
1
0
1
0
0
0
0
0
0
0
0
0
1
0
0
1
0
0
0
0
2
0
0
0
1
0
0
0
1
0
0
0
0
0
0
1
0
0
0
1
0
0
0
0
1
0
0
0
1
0
0
0
0
1
0
0
1
0
0
0
0
0
0
0
0
0
0
0
0
0
0
1
0
0
1
1
0
0
0
1
0
1
0
0
0
0
1
0
1
0
0
2
0
1
0
0
0
2
0
1
0
2
0
0
0
1
0
0
0
0
0
0
0
0
1
0
0
0
0
0
0
0
0
0
0
0
0
0
0
0
1
1
0
0
0
0
0
0
0
1
1
0
1
0
1
0
1
1
0
0
0
0
0
1
0
0
0
0
0
1
0
0
0
0
1
1
0
0
0
0
0
0
0
1
0
1
0
0
0
0
0
0
0
0
0
0
1
0
1
1
0
1
0
0
0
0
1
0
0
0
0
0
1
0
0
0
0
0
0
1
0
0
0
0
0
0
0
0
0
0
1
0
0
0
0
1
0
0
0
1
0
1
0
0
0
1
0
0
0
0
1
0
0
0
0
0
1
0
0
0
0
0
0
0
0
0
0
0
1
0
0
1
0
1
0
0
0
0
0
0
0
0
0
0
0
0
0
1
0
0
0
0
0
0
0
0
0
0
1
0
0
0
0
0
0
0
0
1
0
1
0
0
0
0
0
1
0
0
0
0
0
1
0
0
0
0
0
0
0
0
0
1
0
0
0
0
0
0
0
0
0
0
0
1
0
0
0
0
0
0
0
1
0
0
0
0
0
0
0
0
0
0
0
0
0
0
0
0
0
0
0
0
0
0
0
0
0
0
0
0
0
0
2
0
0
0
0
0
0
1
0
0
0
0
0
0
0
0
0
0
1
0
0
0
0
0
0
0
0
0
0
0
0
1
0
0
0
$ENER_FIT:
-1.8040 0.716145 0.000000e+00
$MCA_CAL:
3
-1.8040 0.716145 0.000000e+00
$ENDRECORD:
