$SPEC_ID:
Sample title.

$MEAS_TIM:
1109.12000 1384.92000
$DATE_MEA:
09/19/2019 9:40:29 AM
$DATA:
0 16383
0
0
0
3
2
1
1
0
0
0
0
0
0
1
0
0
0
4
16
265
1438
2844
3632
3853
4116
4283
4306
4341
4326
4398
4433
4368
4389
4365
4300
4317
4425
4368
4326
4161
4137
4010
3794
3832
3605
3556
3502
3200
3119
3138
2956
3004
3024
3044
2965
3128
3048
3073
3180
3226
3221
3209
3241
3231
3267
3287
3202
3483
3298
3394
3488
3369
3474
3368
3492
3631
3562
3689
3533
3749
3772
3791
3834
4179
4121
4014
4165
4081
4149
4325
4394
4301
4422
4546
4569
4644
4859
4649
4821
4842
5087
5286
5821
6358
7190
8559
9520
9950
10147
10109
9566
7673
6422
5897
5324
5092
5171
5209
5596
6162
6289
6426
6888
7196
7216
6917
6436
6427
6481
6308
5955
5434
5191
5118
5195
5072
5134
5185
5271
5230
5184
5345
5266
5286
5428
5475
5486
5622
5907
5934
5736
5652
5683
5722
5466
5631
5700
5787
5687
5716
5695
5830
5646
5797
5709
5887
5802
5975
5945
5902
5907
6116
6439
6396
6171
6045
5895
5906
5953
5925
5827
5939
6036
6078
5928
5920
5923
5911
5911
6043
5876
6091
5907
6118
6166
6107
5985
6156
5990
6231
6069
5960
6025
5897
6092
6000
6082
6110
5894
6007
6045
5955
5937
6070
6109
6086
5970
6168
5987
6007
5974
6112
6033
5937
6036
6071
5988
5958
6128
6046
5940
6028
5971
6225
6149
6184
6049
6214
6220
6033
6158
6315
6429
6978
7668
8765
9185
8336
7119
6540
6172
6068
6289
6199
6454
6851
7454
7530
7122
6325
5999
5991
5825
5826
5938
5866
5909
5764
5818
5874
5739
5845
5736
5812
5742
5841
5640
5661
5811
6044
6166
6113
6022
5766
5593
5746
5630
5457
5537
5519
5450
5612
5531
5373
5527
5533
5504
5702
5787
5760
5769
5578
5564
5382
5479
5247
5283
5390
5466
5397
5447
5391
5447
5327
5302
5438
5324
5376
5448
5437
5487
5353
5519
5288
5616
5547
5522
5349
5440
5495
5583
5452
5444
5376
5545
5411
5375
5412
5396
5354
5478
5457
5403
5315
5436
5368
5467
5416
5351
5185
5322
5360
5394
5331
5338
5395
5262
5322
5381
5344
5344
5385
5243
5262
5281
5188
5038
5088
5003
5057
5009
4986
4995
5018
5042
5007
4991
5114
5138
5211
5153
5312
5040
4878
4900
5017
4923
4894
4897
5161
5064
4939
5016
4838
4774
4921
4993
4772
4906
4825
4797
4713
4834
4846
4844
4888
4762
4744
4678
4912
4776
4804
4826
4741
4716
4766
4703
4683
4670
4696
4736
4627
4576
4632
4589
4577
4657
4638
4576
4542
4634
4470
4546
4598
4455
4394
4419
4576
4308
4471
4434
4562
4419
4332
4354
4281
4089
4147
4135
4249
4077
4206
4119
4045
4119
3969
4097
4098
4119
4126
4008
4014
4108
4110
4098
4034
4126
4420
4866
5025
4880
4395
3994
3966
3921
3852
3962
4023
4409
4608
4751
4444
4002
3809
3646
3490
3632
3564
3574
3519
3710
3745
3829
4307
4761
5050
4437
3913
3457
3192
3307
3283
3378
3310
3263
3186
3145
3232
3132
3244
3255
3135
3259
3272
3433
3472
3389
3157
3114
3089
3144
3140
3201
3439
3333
3246
3160
3107
2951
3041
3036
2953
2967
2905
3010
3020
2953
2895
2912
2922
2959
2901
2821
2880
3017
3041
3053
3252
3168
2965
2928
2740
2779
2821
2777
2813
2771
2799
2778
2769
2787
2864
2872
2804
2723
2794
2829
2860
2843
2772
2652
2700
2678
2684
2702
2689
2805
2838
2774
2822
2729
2656
2694
2673
2714
2683
2699
2677
2586
2563
2682
2650
2611
2663
2563
2547
2564
2540
2469
2506
2620
2584
2516
2525
2580
2657
2581
2580
2568
2688
2753
2858
3022
2924
2843
3014
3134
3089
2976
2780
2628
2776
2822
2896
2815
2730
2603
2660
2445
2476
2559
2500
2409
2538
2535
2568
2581
2576
2632
2530
2474
2593
2591
2579
2514
2546
2453
2460
2572
2618
2567
2717
2735
2684
2643
2520
2622
2873
3250
4527
6367
8664
10663
11699
11483
11321
11236
11287
11378
11372
11198
11077
11066
10904
10898
10331
9899
8928
7550
6150
4533
3217
2605
2135
2130
2059
2164
2140
2240
2134
2093
2086
2091
2114
2070
2200
2169
2070
2171
2150
2153
2224
2219
2129
2149
2255
2120
2259
2337
2360
2718
3168
4496
6853
10578
14281
16348
15977
12896
8941
5685
4153
4431
7036
10220
11863
11077
10302
10310
9319
6586
3829
2463
2055
1856
1769
1786
1866
1832
1709
1758
1856
1757
1742
1735
1857
1800
1928
1699
1806
1835
1771
1797
1831
1792
1782
1782
1820
1822
1706
1737
1850
1743
1713
1825
1730
1749
1776
1715
1748
1668
1793
1726
1730
1732
1709
1716
1674
1757
1741
1748
1723
1771
1770
1713
1724
1753
1792
1764
1862
1844
1776
1792
1779
1765
1749
1759
1829
1827
1757
1827
1749
1666
1704
1716
1757
1728
1814
1730
1789
1712
1719
1624
1736
1783
1791
1855
2238
2946
3497
3496
2958
2279
1949
1826
1728
1645
1704
1703
1778
1837
1871
1812
1782
1729
1830
1697
1684
1647
1633
1646
1665
1614
1627
1675
1705
1607
1663
1663
1650
1586
1706
1604
1622
1617
1666
1622
1619
1620
1638
1692
1611
1662
1668
1653
1672
1745
1671
1596
1601
1647
1590
1618
1581
1602
1515
1617
1612
1554
1680
1577
1632
1618
1624
1631
1659
1748
1700
1720
1616
1607
1670
1697
1634
1519
1627
1621
1568
1537
1562
1596
1637
1622
1714
1637
1775
1664
1618
1593
1599
1574
1620
1628
1558
1581
1565
1523
1542
1582
1609
1603
1616
1750
1998
2277
2237
2036
1747
1565
1590
1557
1542
1554
1580
1508
1485
1557
1478
1600
1556
1528
1575
1546
1529
1517
1522
1566
1599
1555
1567
1499
1530
1507
1450
1564
1582
1546
1593
1544
1510
1514
1534
1550
1484
1569
1530
1669
1858
2089
2159
2093
1798
1695
1620
1621
1545
1516
1592
1575
1543
1487
1518
1522
1562
1603
1593
1567
1570
1629
1501
1492
1552
1548
1531
1476
1585
1613
1612
1603
1605
1552
1485
1495
1417
1503
1599
1540
1480
1520
1526
1486
1537
1544
1503
1594
1855
2172
2845
3113
2930
2388
1895
1669
1571
1514
1595
1521
1478
1626
1585
1545
1663
1661
1606
1561
1565
1498
1558
1526
1574
1482
1496
1534
1469
1521
1448
1537
1524
1594
1540
1602
1711
1918
1895
1883
1743
1720
1561
1531
1557
1509
1448
1621
1600
1515
1575
1625
1617
1575
1552
1541
1526
1534
1608
1625
1971
2897
3794
4369
3871
3018
2126
1655
1475
1611
1504
1557
1558
1501
1599
1571
1697
1714
1685
1715
1652
1709
2014
2778
4284
5825
7077
7984
8346
7233
5319
3177
1950
1668
1519
1455
1452
1444
1575
1496
1609
1503
1538
1466
1439
1485
1394
1497
1453
1355
1491
1403
1500
1436
1500
1448
1468
1443
1616
1618
1639
1602
1549
1578
1574
1658
1550
1529
1472
1523
1481
1510
1447
1470
1421
1470
1460
1478
1512
1508
1459
1524
1490
1552
1564
1522
1484
1537
1480
1498
1541
1570
1522
1640
1542
1599
1558
1472
1489
1617
1866
2059
2147
2033
1896
1771
1661
1672
1760
1819
1711
1762
1638
1553
1472
1532
1512
1505
1526
1556
1562
1554
1638
1628
1547
1616
1531
1515
1457
1586
1524
1501
1553
1608
1636
1575
1597
1550
1589
1743
1903
2099
2061
1874
1827
1729
1677
1724
1807
1723
1686
1604
1523
1555
1553
1489
1545
1598
1509
1408
1442
1476
1494
1567
1562
1400
1530
1531
1484
1474
1637
1623
1573
1539
1601
1534
1540
1572
1614
1811
2006
2093
2071
1829
1587
1597
1543
1554
1552
1551
1634
1522
1589
1468
1522
1529
1572
1519
1512
1542
1527
1521
1529
1623
1663
1589
1568
1565
1635
1638
1723
1823
1915
1935
1916
1773
1623
1623
1517
1464
1499
1543
1555
1553
1577
1636
1572
1533
1521
1637
1569
1514
1544
1572
1636
1816
1726
1797
1577
1680
1591
1646
1775
1932
2210
2270
2181
2064
1789
1564
1596
1630
1545
1576
1585
1569
1548
1517
1491
1598
1592
1523
1591
1494
1578
1497
1583
1609
1557
1701
1757
1750
1730
1637
1536
1555
1422
1467
1510
1531
1460
1465
1498
1453
1419
1476
1588
1716
1855
1824
1754
1764
1746
1634
1698
1520
1465
1518
1546
1706
1660
1646
1574
1490
1534
1594
1657
1769
1631
1545
1518
1479
1478
1510
1496
1422
1371
1471
1432
1587
1528
1512
1551
1537
1508
1508
1543
1652
1592
1514
1544
1415
1512
1490
1489
1464
1483
1496
1446
1463
1506
1534
1601
1574
1547
1431
1518
1469
1519
1701
1608
1662
1634
1501
1462
1563
1546
1489
1518
1488
1447
1493
1380
1414
1406
1440
1389
1444
1316
1372
1471
1492
1554
1474
1514
1436
1536
1642
1732
1821
1647
1528
1402
1434
1420
1404
1409
1392
1355
1467
1472
1406
1401
1456
1376
1410
1374
1427
1453
1450
1401
1406
1459
1364
1348
1400
1393
1395
1392
1372
1432
1440
1479
1418
1439
1478
1452
1384
1398
1351
1377
1373
1425
1446
1500
1433
1439
1485
1476
1464
1445
1325
1331
1411
1446
1387
1435
1367
1330
1359
1318
1426
1346
1460
1456
1567
1540
1500
1409
1448
1360
1344
1367
1303
1349
1321
1405
1449
1488
1481
1451
1432
1425
1321
1414
1333
1420
1432
1423
1438
1409
1540
1789
1818
1910
1715
1547
1448
1381
1418
1395
1322
1406
1421
1425
1429
1446
1442
1526
1597
1542
1554
1490
1461
1481
1530
1507
1562
1776
2080
1972
1935
1705
1910
2068
2270
2321
2154
1866
1715
1470
1401
1400
1414
1389
1363
1393
1439
1424
1493
1515
1438
1404
1379
1397
1356
1363
1351
1400
1347
1479
1497
1737
2027
2157
2245
2004
1823
1652
1678
1923
2273
2669
2689
2648
2400
2106
1817
1863
2118
3132
5131
8086
10714
10556
8162
4750
2609
1673
1600
1619
1645
1665
1581
1467
1373
1336
1331
1348
1354
1462
1346
1373
1384
1380
1399
1390
1363
1379
1461
1501
1597
1622
1695
1773
1784
1511
1495
1431
1328
1252
1304
1350
1388
1399
1403
1320
1340
1390
1364
1388
1408
1646
1909
2137
2165
1847
1661
1428
1371
1363
1259
1309
1319
1347
1396
1408
1365
1302
1326
1365
1334
1361
1328
1304
1343
1318
1377
1398
1385
1338
1379
1337
1362
1402
1403
1309
1325
1362
1331
1414
1411
1490
1549
1560
1454
1479
1389
1449
1392
1338
1378
1397
1416
1421
1351
1391
1356
1361
1423
1364
1351
1479
1369
1352
1396
1404
1541
1576
1592
1574
1433
1457
1402
1376
1374
1399
1357
1416
1404
1318
1425
1418
1380
1517
1835
2235
2343
2305
2071
1823
1668
1463
1445
1543
1459
1491
1583
1578
1528
1644
1659
2278
3306
4631
5336
4735
3498
2344
1598
1384
1375
1380
1406
1392
1338
1395
1385
1370
1465
1437
1380
1457
1395
1344
1367
1283
1344
1372
1425
1485
1488
1464
1420
1389
1368
1420
1419
1379
1421
1371
1379
1343
1364
1501
1565
1603
1556
1588
1468
1502
1431
1448
1452
1392
1371
1373
1379
1345
1435
1453
1404
1484
1352
1424
1310
1416
1375
1379
1400
1345
1451
1423
1484
1490
1550
1482
1507
1538
1661
1863
1883
1673
1586
1504
1367
1400
1381
1445
1453
1418
1401
1415
1418
1354
1446
1449
1416
1458
1416
1444
1460
1455
1444
1564
1469
1520
1469
1419
1454
1403
1438
1484
1501
1546
1508
1600
1631
1598
1488
1406
1504
1525
1567
1636
1577
1544
1463
1504
1490
1401
1445
1481
1482
1472
1512
1504
1512
1553
1578
1506
1603
1629
1675
1736
1775
1676
1580
1534
1513
1546
1596
1686
1880
2349
3071
3591
3498
2990
2273
1734
1574
1502
1619
1663
1849
2291
2746
2928
2664
2141
1782
1531
1587
1574
1588
1517
1598
1539
1616
1551
1579
1561
1614
1558
1636
1642
1598
1673
1619
1646
1584
1633
1784
1699
1688
1616
1674
1620
1652
1590
1652
1646
1702
1562
1705
1649
1689
1652
1658
1618
1648
1613
1660
1567
1682
1647
1633
1624
1711
1841
1751
1872
2181
2499
2749
2949
2923
2624
2602
2347
2102
2009
1825
1855
1863
1858
1887
1916
1864
1873
1736
1691
1788
1797
1825
1906
2002
1981
1904
1886
1820
1790
1765
1798
1807
1878
1892
1874
1824
1827
1788
1804
1862
1771
1792
1741
1793
1811
1793
1752
1804
1776
1886
1865
1774
1809
1807
1788
1822
1802
1845
1827
1820
1784
1757
1869
1827
1838
1845
1846
1883
1956
2073
2301
2536
2656
2547
2210
2071
2061
1995
1988
2006
2040
1938
1990
2149
2218
2167
2193
1971
1942
1869
1852
1877
1931
2054
2145
2180
2219
2273
2057
2013
1974
1932
1842
1950
1910
1955
1891
1932
1943
1952
1946
1982
1961
1949
1953
1880
1918
1990
2038
2101
2206
2125
2095
1977
1991
1955
1863
1867
1936
1912
1926
1887
2038
1964
1920
1987
1959
2014
2043
1967
1992
1933
2011
1975
1918
1958
1982
1982
1993
1847
2018
2027
2131
1960
2001
2016
2024
2031
2002
1920
1928
1900
2046
1971
1962
1918
1951
2029
2040
1965
2001
2064
2111
2107
1986
2098
2008
2063
2065
2062
2151
2039
2031
2042
1988
2060
1999
2082
2059
2063
2158
2007
2006
1994
2050
1984
1955
1935
1953
2080
2006
2084
2066
2015
2011
2038
2082
2050
1979
2122
2152
2197
2368
2414
2376
2472
2336
2404
2268
2261
2241
2067
2227
2118
2200
2049
2113
2107
2066
2060
2073
2072
2149
2073
2156
2239
2394
2905
3261
3289
3044
2735
2351
2212
2151
2097
2149
2106
2184
2109
2164
2199
2289
2506
2947
3156
3224
3065
2742
2291
2314
2285
2364
2421
2523
2507
2314
2445
2366
2416
2267
2325
2347
2311
2302
2424
2389
2297
2232
2266
2230
2288
2181
2278
2254
2307
2234
2280
2380
2406
2471
2324
2311
2518
2420
2519
2268
2298
2281
2250
2387
2378
2316
2369
2447
2500
2411
2467
2356
2352
2367
2350
2345
2415
2466
2423
2503
2470
2444
2520
2461
2418
2401
2392
2389
2442
2452
2442
2505
2475
2444
2488
2501
2774
2868
3285
3465
3599
3251
2948
2800
2661
2623
2641
2628
2565
2614
2599
2549
2598
2654
2580
2715
2749
2515
2773
2702
2544
2690
2656
2671
2763
2585
2721
2679
2698
2707
2707
2670
2745
2758
2661
2810
2704
2783
2817
2725
2852
2833
2873
2831
2805
3038
2930
2929
2859
2791
2817
2922
3100
3362
4166
5106
5906
6371
6294
5550
4525
3712
3219
2917
2774
2739
2707
2665
2752
2664
2615
2757
3012
3342
3806
4509
4723
4278
3576
3274
2965
2931
2813
2891
2848
2764
2677
2615
2575
2619
2437
2506
2466
2495
2528
2452
2535
2545
2422
2578
2652
2574
2691
2546
2552
2542
2607
2563
2560
2476
2615
2532
2517
2511
2457
2561
2508
2480
2550
2544
2531
2516
2544
2501
2485
2575
2554
2706
2613
2583
2534
2499
2461
2552
2515
2439
2524
2482
2478
2471
2456
2464
2454
2493
2510
2585
2775
2977
3641
4529
5208
5087
4416
3475
2826
2446
2347
2314
2409
2334
2478
2531
2533
2553
2449
2404
2353
2372
2480
2472
2399
2522
2424
2477
2436
2413
2325
2308
2367
2321
2305
2285
2237
2241
2257
2284
2316
2213
2393
2605
2756
2987
3133
3031
2864
2636
2355
2279
2322
2259
2255
2203
2182
2194
2237
2172
2226
2189
2228
2170
2120
2185
2107
2200
2131
2191
2205
2240
2305
2297
2345
2186
2158
2202
2156
2145
2192
2248
2275
2462
2552
2638
2488
2376
2216
2131
2192
2235
2151
2208
2171
2093
2185
2094
2114
2152
2133
2183
2151
2127
2146
2174
2128
2110
2055
2110
2100
2132
2154
2206
2129
2177
2246
2178
2212
2177
2076
2147
2093
2071
2099
2221
2174
2208
2335
2161
2207
2158
2146
2080
2092
2124
2112
2110
2111
2045
2148
2157
2168
2125
2091
2055
2134
2061
2160
2041
2126
2180
2177
2117
2114
2188
2159
2206
2035
2222
2094
2157
2109
2163
2171
2137
2083
2233
2162
2200
2267
2329
2445
2625
2614
2453
2387
2393
2331
2245
2258
2251
2095
2149
2214
2102
2159
2092
2155
2130
2259
2197
2167
2273
2224
2312
2262
2226
2185
2266
2168
2136
2177
2236
2146
2111
2140
2241
2224
2218
2260
2261
2334
2278
2331
2450
2425
2393
2391
2454
2489
2443
2413
2318
2460
2451
2407
2586
3405
6317
13436
25815
39599
46719
41893
28274
15348
6787
3436
2574
2422
2893
3975
5745
7604
8258
7354
5469
3749
2658
2413
2352
2611
3116
3974
5198
6065
5832
4817
3695
2725
2397
2302
2194
2168
2227
2188
2232
2225
2227
2151
2192
2176
2249
2168
2195
2161
2264
2276
2296
2245
2265
2303
2255
2335
2236
2306
2227
2334
2270
2279
2334
2300
2247
2225
2211
2359
2368
2356
2320
2230
2178
2145
2021
2076
2017
2001
2063
2066
2122
2234
2851
4136
6322
8722
10090
9154
6449
4053
2656
1929
1847
1987
2428
3450
4901
6509
6971
6036
4493
2956
2161
1715
1634
1686
1705
1752
1794
1737
1798
1636
1670
1704
1723
1858
1873
1769
1742
1632
1665
1736
1690
1719
1754
1675
1716
1655
1645
1637
1642
1646
1715
1709
1674
1640
1546
1596
1602
1728
1775
1750
1719
1603
1522
1585
1583
1607
1754
1763
1794
1689
1607
1502
1396
1333
1371
1362
1328
1343
1367
1408
1340
1371
1410
1373
1378
1358
1417
1312
1327
1403
1384
1294
1397
1288
1377
1351
1342
1306
1361
1342
1365
1441
1488
1539
1698
1832
1907
1827
1654
1494
1368
1247
1194
1270
1166
1202
1200
1178
1209
1204
1167
1180
1204
1174
1176
1167
1221
1251
1707
2319
3513
4423
4894
4376
3244
2062
1448
1131
1067
1045
1060
1041
1037
1030
1004
1004
1025
989
966
1029
1022
1009
1064
1083
984
1102
1056
1103
1014
1021
998
946
994
972
934
880
997
900
930
964
921
930
942
932
918
889
854
898
867
930
840
948
908
985
985
905
958
911
884
916
883
859
857
916
904
947
919
890
865
901
896
886
895
903
856
897
861
861
847
906
981
992
1019
936
943
889
977
934
922
1078
1110
1083
987
957
892
853
871
866
873
768
838
853
799
881
911
878
906
883
867
907
864
956
972
954
921
946
885
878
877
889
861
854
874
863
937
906
857
891
970
946
1020
1067
960
903
938
854
834
786
800
882
851
789
844
773
841
802
844
848
904
845
915
943
934
850
850
872
892
913
912
859
898
885
910
898
912
881
845
800
890
857
835
854
897
891
871
805
890
1040
1548
3728
10245
24228
45718
66728
74511
62855
40533
19943
7380
2382
1011
725
727
769
763
777
788
732
766
848
971
968
899
795
669
646
648
708
707
685
615
613
584
623
607
659
664
655
603
573
629
574
557
588
562
595
652
668
672
677
679
642
664
622
575
612
577
619
578
628
577
597
631
575
603
637
635
594
641
607
628
681
676
639
649
574
597
607
585
563
596
576
564
581
635
669
663
709
688
640
610
587
635
638
808
1039
1471
1766
1817
1575
1125
871
705
649
603
599
646
696
731
731
844
769
754
670
627
604
576
572
604
598
557
597
633
610
645
732
874
845
815
710
674
650
638
612
667
683
645
619
662
603
635
600
570
583
662
631
630
637
595
643
614
592
577
644
616
624
622
578
611
625
641
604
615
606
567
588
592
569
600
560
624
620
607
609
582
641
626
664
658
627
667
655
670
757
694
744
773
691
702
637
601
628
593
632
644
605
655
614
630
610
627
618
615
613
615
663
621
669
575
635
609
633
586
609
629
574
565
631
617
653
773
773
847
872
787
700
682
684
620
650
625
619
605
636
635
679
654
681
676
640
571
604
585
580
671
593
604
630
605
627
602
579
658
748
698
693
632
660
684
745
735
708
697
651
617
594
599
628
623
628
722
709
707
726
698
733
778
758
709
670
613
632
602
686
786
975
1109
1169
1090
894
745
676
635
623
629
618
583
585
569
602
602
642
662
755
749
839
759
656
651
601
583
631
631
612
662
629
651
628
667
634
608
682
673
607
618
607
577
598
635
561
566
528
584
608
564
599
558
589
590
631
609
608
631
655
635
710
795
826
841
799
817
745
784
789
763
705
687
610
607
583
595
628
614
582
626
614
618
617
554
623
606
629
551
650
644
713
693
713
750
714
638
688
634
609
654
601
615
582
562
600
578
537
643
609
602
567
647
657
653
668
689
674
628
634
620
607
593
594
600
635
656
739
897
1029
1154
1122
1074
876
791
686
648
633
670
655
671
665
718
706
691
649
660
648
629
650
589
623
597
583
636
657
668
694
652
663
677
685
701
702
675
751
730
689
745
789
821
787
726
675
656
688
712
734
711
689
672
668
623
618
604
631
648
631
594
639
585
572
639
659
595
685
629
639
619
619
584
639
541
615
594
579
582
652
731
788
843
988
954
894
703
702
696
620
616
579
640
594
585
600
588
643
616
627
721
744
812
714
742
730
748
675
727
729
693
648
642
635
566
607
582
553
585
625
661
679
744
918
1161
1256
1230
1096
939
699
674
696
656
691
652
598
663
622
635
603
655
609
613
607
608
593
578
628
649
701
727
688
648
642
579
609
568
560
544
610
566
552
529
545
512
539
570
554
575
569
567
634
606
677
602
574
537
555
553
548
561
549
581
635
629
629
611
580
548
554
570
529
578
551
554
599
593
611
675
832
944
1234
1282
1322
1171
868
679
584
557
584
573
665
716
656
577
558
514
517
538
510
575
617
709
865
941
953
915
742
614
551
604
593
583
670
609
591
570
563
525
557
528
526
516
556
499
632
600
663
717
681
672
588
565
576
573
587
555
547
498
533
527
531
540
508
549
510
530
579
557
555
533
607
543
565
522
533
551
523
543
588
628
607
704
670
677
610
681
824
807
770
728
692
578
597
585
567
572
535
547
546
524
540
529
516
501
532
545
542
590
597
597
526
563
588
559
568
607
633
602
583
585
537
532
512
547
531
559
573
631
691
722
717
789
740
654
648
631
598
576
556
571
547
556
501
500
508
497
529
564
661
773
965
1119
1128
965
761
591
537
506
480
493
503
499
510
469
535
537
625
652
748
764
750
666
576
539
549
474
453
501
494
522
489
465
546
559
530
480
502
565
531
481
548
555
579
597
667
671
686
696
621
666
604
538
573
533
601
620
741
1050
1431
1956
2420
2332
1855
1384
941
649
556
502
477
509
454
488
458
525
535
546
568
563
611
539
521
556
655
859
1024
1303
1281
1150
972
719
601
507
545
527
591
594
610
563
520
530
593
608
596
623
578
564
564
568
647
774
806
730
607
545
509
467
462
456
485
440
491
458
487
477
518
457
516
517
528
514
534
658
865
1159
1613
1893
1804
1575
1272
951
732
567
526
523
515
533
564
575
549
576
523
557
615
561
604
532
523
482
536
559
614
555
528
568
552
546
477
440
492
428
435
500
483
478
530
527
582
652
752
779
755
725
634
531
505
457
462
452
446
538
479
497
463
473
534
475
488
449
471
458
488
493
521
570
621
589
540
509
476
521
453
501
480
553
480
481
484
452
494
487
466
512
521
505
517
524
515
519
501
533
535
518
525
488
478
413
454
507
511
527
491
517
517
454
463
476
474
496
465
477
451
489
485
501
471
493
494
532
515
630
559
572
610
559
511
518
501
558
567
619
684
685
558
503
511
474
469
487
465
468
472
477
473
475
465
528
496
521
588
622
765
680
661
628
590
494
475
436
519
460
488
488
465
485
482
487
527
555
565
543
584
524
504
547
556
653
732
747
742
675
607
514
515
507
549
557
663
700
721
675
604
558
536
504
484
509
516
489
489
456
523
500
446
452
546
551
622
728
713
693
583
536
512
491
504
496
508
503
545
646
792
1131
1543
1943
2268
2347
2247
1659
1285
969
822
749
820
821
763
640
615
532
559
557
548
577
556
558
517
494
511
504
535
526
520
554
552
546
587
584
600
598
731
848
990
1056
1106
989
848
650
619
624
697
806
1010
1242
1358
1238
1017
834
681
612
569
543
569
567
545
577
617
617
647
626
701
682
724
665
668
626
579
595
547
599
563
576
583
640
673
711
646
647
616
597
562
539
572
564
598
543
598
591
627
610
666
673
778
937
1030
1159
1182
1089
1046
875
855
771
685
677
628
607
566
563
561
512
542
554
546
554
552
614
583
666
725
808
756
715
709
593
576
548
598
585
591
627
594
624
579
559
571
566
563
578
599
585
588
561
568
588
579
555
576
560
549
583
545
573
600
611
572
540
580
535
557
538
595
527
591
584
607
647
647
668
635
638
648
607
622
542
562
577
568
558
524
554
540
566
525
592
578
592
573
568
551
578
567
566
603
562
546
579
574
511
558
589
581
589
587
622
597
592
550
650
620
579
584
611
538
559
612
583
601
603
650
636
633
525
570
588
556
593
581
560
541
591
583
546
638
608
618
654
654
577
578
590
598
615
619
630
564
608
626
598
608
630
625
590
611
589
641
594
621
610
635
545
628
584
635
655
711
720
750
689
628
617
613
651
627
624
634
534
629
597
557
583
587
639
579
589
621
590
607
615
598
550
621
597
650
635
664
734
702
737
672
692
699
618
730
761
767
827
803
769
693
710
654
591
606
599
611
612
597
573
611
576
595
624
638
644
674
644
704
675
730
745
773
782
738
746
782
646
647
614
607
644
631
573
610
609
635
627
653
659
580
623
623
630
653
655
669
583
601
655
649
609
648
670
674
805
840
783
768
713
639
650
641
627
612
633
644
674
710
732
834
816
791
783
671
605
619
558
553
608
566
634
590
615
633
638
645
628
579
609
650
647
614
657
613
607
619
599
584
561
549
563
570
585
606
635
574
585
574
546
586
599
638
677
726
727
658
607
569
582
616
577
560
635
618
588
573
549
567
602
566
575
534
585
553
586
655
692
751
770
691
688
677
614
634
578
576
586
511
633
559
537
524
529
525
544
497
536
557
520
542
562
568
569
583
638
574
575
555
538
540
617
649
543
592
544
514
518
475
541
482
499
511
507
498
543
497
544
497
508
502
482
477
520
500
465
483
479
510
477
554
576
638
760
761
740
677
566
511
543
533
534
525
634
612
696
736
672
673
583
562
549
555
554
620
675
738
736
701
593
575
520
442
468
479
468
481
441
491
425
442
445
426
468
496
475
523
588
623
601
568
522
439
493
488
520
508
540
575
607
608
624
477
475
460
426
497
452
408
493
457
449
443
470
401
445
427
463
444
465
473
469
486
462
383
433
416
440
393
458
427
430
438
389
418
402
412
512
486
479
527
528
504
437
485
462
529
541
482
481
437
439
458
418
445
421
381
410
391
364
413
366
378
393
420
393
419
418
415
455
417
439
371
405
414
411
385
425
443
404
414
399
388
447
423
449
418
427
480
446
441
455
438
446
462
404
435
433
383
382
377
393
367
402
401
379
422
360
383
393
390
404
375
388
401
385
359
417
352
389
359
398
404
361
381
415
365
350
417
387
377
322
395
356
412
440
506
904
1705
3160
5478
7880
9454
8989
6953
4495
2358
1195
683
479
471
515
527
463
459
399
394
409
416
391
417
316
373
361
364
350
374
353
395
433
417
437
550
554
540
521
442
433
395
421
406
428
348
397
404
384
360
361
356
373
334
377
346
337
390
362
373
377
343
363
368
428
493
642
862
1034
1157
1148
1026
864
648
610
539
538
480
425
397
405
321
377
329
333
338
357
383
460
423
379
392
377
379
371
373
411
402
438
475
649
1067
1661
2280
2684
2639
2119
1419
845
514
403
349
350
361
358
341
343
352
353
343
372
383
385
381
338
344
377
365
381
383
394
368
372
390
373
385
413
448
450
407
459
433
380
351
356
314
346
302
307
322
336
299
359
359
369
314
347
338
391
392
405
362
391
383
300
337
291
318
308
325
327
411
487
599
724
871
832
757
628
458
446
346
340
319
342
327
328
315
301
342
317
300
299
329
325
296
298
334
304
342
330
354
304
294
344
328
383
400
401
429
366
352
378
356
379
379
411
384
386
378
390
333
351
358
368
349
366
340
324
316
282
302
325
325
277
336
319
385
372
403
426
415
424
399
347
382
321
310
317
287
307
316
293
297
292
334
322
291
313
300
300
310
338
309
364
362
415
354
389
385
376
393
352
344
347
341
347
361
333
359
376
323
350
341
340
329
294
300
341
315
345
351
352
361
300
390
358
356
352
407
385
367
384
308
308
320
296
315
359
430
582
868
1031
1141
1075
894
693
512
386
337
317
295
302
290
317
297
285
301
298
315
334
251
294
342
297
329
358
362
358
370
326
292
283
283
315
312
277
280
275
286
305
312
340
313
329
330
314
308
329
299
299
292
307
293
258
263
255
317
278
289
282
315
268
269
293
287
327
284
287
290
305
314
307
301
317
301
298
270
283
286
285
275
268
255
322
309
330
361
409
446
479
500
483
461
409
402
434
416
370
328
335
348
338
389
380
377
352
310
331
306
243
288
309
302
275
333
309
303
346
325
316
301
332
279
312
343
358
357
387
383
367
378
340
330
378
392
417
384
338
334
293
320
281
364
308
335
331
304
378
375
408
411
390
347
345
322
286
278
289
283
320
305
339
334
354
369
381
376
353
352
349
330
319
319
295
292
309
265
303
308
287
323
295
308
302
277
319
331
298
299
348
334
351
284
342
325
294
332
293
338
311
297
331
340
415
519
734
1033
1337
1635
1737
1758
1483
1281
1087
978
922
850
777
759
783
987
1120
1205
1093
892
673
524
425
412
383
371
387
330
360
350
335
417
393
407
435
413
444
406
399
376
385
349
332
298
347
346
332
333
370
366
384
378
408
373
449
424
510
491
515
481
444
386
334
360
386
399
393
487
542
608
662
527
503
481
474
407
418
368
409
402
389
387
405
395
359
381
354
333
352
368
363
377
353
357
333
339
399
336
331
351
369
384
422
416
512
575
638
633
623
549
481
380
372
343
342
347
355
339
330
357
340
348
353
365
374
418
467
515
522
480
429
392
369
350
413
447
390
406
424
422
453
453
436
451
368
377
381
370
363
386
368
340
350
401
401
372
398
360
357
359
357
383
360
372
353
353
340
335
336
353
356
354
379
354
351
357
362
359
341
326
372
381
367
384
350
367
380
377
352
375
381
322
363
344
321
331
344
347
347
350
337
333
332
340
359
352
359
408
456
438
465
444
401
340
352
384
402
369
417
440
447
410
355
358
369
367
374
345
342
361
373
333
329
402
332
370
384
385
397
367
358
350
370
358
368
413
437
474
487
467
487
455
404
442
414
368
390
398
387
403
389
366
425
369
381
380
365
355
351
403
362
378
368
366
361
343
356
385
371
389
415
384
397
382
373
394
370
360
355
374
377
370
367
347
337
343
345
332
355
389
390
374
391
341
355
352
347
375
350
398
404
342
364
353
396
349
397
419
449
472
521
556
531
552
492
473
446
447
432
370
408
379
365
442
365
362
383
429
392
367
382
383
376
367
332
382
393
378
377
383
398
336
362
351
382
389
401
369
389
365
382
385
400
408
397
387
404
362
413
378
382
397
365
364
408
384
388
386
371
373
397
440
372
409
384
398
388
361
354
367
359
355
354
340
351
360
370
327
370
362
333
362
336
353
364
335
344
340
334
381
338
390
414
393
419
350
364
360
345
321
364
382
304
364
357
367
356
369
343
294
376
337
392
355
477
505
565
635
608
592
521
459
414
404
360
378
402
380
385
344
368
372
347
338
335
347
314
366
345
393
399
395
442
477
557
651
652
624
581
485
437
415
376
337
348
359
342
363
335
329
336
338
355
365
328
342
371
285
334
319
325
332
354
346
397
413
429
403
363
356
327
343
327
334
296
326
321
329
307
317
312
299
322
335
320
310
339
348
344
350
312
353
330
307
345
295
325
317
294
324
258
292
268
312
326
274
341
310
299
298
310
284
344
297
280
288
329
333
347
373
387
388
349
338
320
299
304
293
284
311
288
281
284
278
269
282
303
302
257
304
299
258
285
302
294
279
303
257
260
291
268
287
285
305
314
311
304
306
344
373
329
314
265
312
282
289
282
275
252
259
279
280
292
246
261
271
255
302
288
310
271
267
277
279
270
278
287
287
274
295
255
292
283
292
264
288
259
276
286
312
305
333
318
354
382
364
406
407
381
391
307
350
293
284
287
286
277
327
269
281
312
308
314
277
305
299
275
314
284
268
328
312
283
360
304
324
287
341
295
305
322
327
310
318
309
295
320
290
324
318
302
286
302
319
290
299
346
307
301
331
327
306
334
300
332
307
334
370
419
405
412
430
405
380
356
322
301
354
339
356
374
487
577
940
1531
2591
3704
4621
4908
4475
3840
3136
2797
2782
2649
2460
1967
1554
1050
741
524
412
410
383
411
438
432
427
447
445
467
432
406
408
415
407
477
492
529
495
454
405
354
337
365
355
364
366
342
379
353
398
439
475
468
446
472
408
396
362
381
398
435
387
397
392
347
371
387
393
374
374
369
376
414
417
447
482
524
491
497
450
423
384
377
366
336
348
348
338
354
361
364
396
377
407
377
356
362
373
364
306
349
337
344
352
333
361
377
376
406
365
389
402
390
382
381
417
339
356
341
328
361
379
383
360
349
379
402
386
358
378
414
351
357
354
340
343
333
351
353
444
489
588
612
650
613
495
412
363
377
361
347
411
355
361
403
404
411
368
401
346
357
340
392
352
332
327
375
335
354
327
348
332
364
327
322
309
343
309
336
319
350
335
386
383
409
408
419
365
396
383
389
354
343
334
340
389
378
379
363
351
323
326
341
357
361
360
304
345
335
378
347
369
324
383
337
368
334
322
371
377
406
408
346
381
371
371
338
355
320
348
344
337
335
347
350
359
352
374
358
377
415
375
372
368
348
375
352
325
353
389
409
426
461
442
478
465
407
418
378
356
352
372
347
361
383
361
338
359
349
372
346
356
359
364
341
358
377
384
380
402
405
449
477
440
436
380
406
385
362
378
343
381
398
359
366
358
342
354
341
374
388
368
434
370
395
365
386
409
362
402
404
400
364
378
342
380
367
359
348
365
328
315
355
350
335
333
351
389
376
358
412
388
391
408
399
424
417
392
380
397
374
375
419
418
387
403
371
414
388
362
356
370
342
384
365
396
395
413
366
414
416
419
362
396
369
405
388
385
356
351
362
361
395
359
355
361
378
369
353
354
353
385
371
415
399
431
404
456
455
416
397
414
367
357
343
337
346
326
337
343
334
326
307
320
325
351
321
342
301
303
310
328
311
367
327
343
340
323
358
326
334
323
307
300
309
317
328
301
310
304
306
308
334
332
350
337
338
369
389
430
439
380
382
368
387
378
382
415
397
364
352
347
322
307
328
299
300
311
265
356
292
326
360
432
564
762
926
960
913
872
678
496
378
362
301
313
289
287
299
298
351
346
326
315
284
277
301
309
320
285
303
282
311
289
317
250
314
272
268
311
299
268
285
274
252
265
300
284
243
257
259
267
236
253
256
245
241
249
271
269
279
258
255
254
273
239
246
270
268
247
276
250
306
271
255
247
260
284
277
255
317
328
298
289
298
262
289
246
274
260
288
319
330
324
303
277
286
277
265
248
231
261
242
229
235
238
248
235
241
207
235
223
206
212
231
249
251
263
228
234
247
243
257
239
220
243
258
278
323
342
357
341
323
284
243
232
259
217
230
201
218
218
203
217
209
196
229
170
210
178
198
195
175
199
209
188
202
208
214
179
207
206
212
204
213
205
222
203
204
221
231
246
285
328
304
320
328
287
254
221
219
219
222
221
239
261
298
322
366
338
303
293
321
268
247
234
227
219
214
217
189
204
223
186
198
217
186
210
184
215
202
213
199
216
221
241
245
241
237
229
228
255
207
245
251
238
239
210
231
273
301
279
267
252
242
226
216
185
224
186
225
195
198
182
227
229
206
203
209
207
188
211
199
191
216
228
227
227
317
439
806
1441
2473
3661
4793
5544
5365
4507
3094
1903
1052
586
297
222
220
244
266
294
375
430
443
449
451
382
333
308
241
251
248
212
214
199
182
202
193
171
201
186
206
221
239
256
315
375
468
515
530
453
428
326
283
293
265
222
243
209
214
174
187
170
170
178
167
168
208
259
382
447
602
633
672
551
447
357
267
220
210
177
184
221
205
224
239
229
241
229
251
247
188
213
232
208
223
258
256
238
256
254
274
295
360
379
478
467
443
416
358
343
293
246
226
209
220
213
205
251
224
241
263
249
230
276
294
270
244
239
189
177
182
177
165
174
180
175
159
169
187
186
176
164
190
185
206
171
185
164
171
179
171
170
178
175
201
185
176
206
223
240
239
244
227
195
209
219
193
197
191
192
187
190
181
226
172
198
196
194
188
186
179
201
188
183
191
202
193
173
184
208
224
181
196
240
231
230
209
257
208
182
188
217
214
231
201
218
201
191
222
219
208
205
190
193
200
197
208
203
219
199
227
285
338
381
411
374
329
331
250
241
225
180
202
190
206
199
183
213
176
173
207
212
225
226
271
288
393
428
501
502
485
377
330
268
205
225
205
218
208
200
180
197
180
169
183
228
199
201
183
206
205
218
231
205
195
192
197
218
216
202
228
205
203
210
218
217
236
228
236
202
151
221
190
198
206
176
197
206
227
213
253
239
252
264
312
257
277
225
218
229
246
224
183
193
178
190
203
196
175
200
209
222
208
189
219
217
219
235
263
228
308
310
283
280
230
224
252
212
205
235
232
256
232
234
225
250
193
203
262
262
319
350
364
395
373
405
324
308
302
259
252
257
220
238
226
184
246
205
205
216
225
203
210
206
212
219
235
239
217
230
268
302
452
464
526
525
516
440
385
309
274
234
204
202
205
242
226
204
200
224
229
221
230
240
205
240
214
242
236
189
233
261
235
231
234
214
213
181
184
194
213
241
210
184
217
193
206
190
208
208
238
193
265
248
234
283
253
252
255
257
277
250
297
287
291
294
257
258
241
212
223
223
233
223
204
220
200
190
203
206
224
205
227
215
229
223
208
229
230
225
224
214
213
229
242
200
233
233
255
244
252
249
233
200
197
186
214
195
201
212
188
204
207
207
197
198
207
211
199
205
206
204
208
217
228
236
211
176
211
197
216
226
199
197
187
219
217
202
207
205
209
205
190
197
198
204
220
213
205
194
214
206
209
216
296
260
303
304
297
291
279
243
231
196
210
212
222
230
212
201
202
202
198
213
222
233
192
208
213
235
212
244
199
208
230
184
199
208
194
190
213
205
185
207
243
229
210
209
175
224
194
221
205
215
195
198
246
210
252
216
235
241
214
194
183
219
253
266
255
276
299
276
267
274
210
204
246
201
209
220
235
181
219
218
235
200
218
208
256
241
259
274
266
287
290
275
274
325
286
340
358
400
346
293
258
250
270
281
334
444
559
688
770
822
808
743
642
511
441
375
414
465
614
784
879
997
967
839
667
457
324
307
285
257
245
273
270
294
340
367
442
456
429
428
398
332
337
265
245
273
254
246
298
324
351
390
419
419
432
371
312
271
295
276
270
272
256
229
241
286
275
270
254
280
261
263
226
246
278
285
260
229
246
232
245
244
231
235
233
270
263
258
236
282
268
259
242
285
277
297
276
300
285
259
250
277
250
251
246
283
241
237
247
239
257
243
241
245
253
254
300
294
294
320
314
305
274
280
248
285
244
234
253
219
244
266
223
235
215
240
242
267
242
244
251
221
228
293
264
249
240
244
255
256
258
253
240
270
210
253
241
254
244
240
239
233
243
260
236
266
260
273
267
256
339
341
379
409
454
459
478
431
410
404
458
472
578
657
757
722
706
643
533
486
390
388
309
284
265
281
263
254
228
269
269
288
287
306
286
252
230
265
255
231
235
243
264
238
237
285
275
261
262
261
258
264
269
237
259
268
235
256
255
281
254
235
254
262
244
235
214
259
244
235
249
261
248
245
248
243
279
273
261
231
267
251
249
261
256
270
259
268
271
259
271
248
257
233
256
275
318
287
290
301
293
326
304
290
261
273
285
295
286
355
328
322
329
314
325
266
250
254
280
288
288
279
275
292
280
298
331
389
512
650
853
1145
1298
1395
1433
1289
1046
849
622
490
398
381
369
364
309
321
342
308
281
306
287
265
288
297
289
282
296
306
289
294
278
282
273
265
272
280
265
294
265
308
286
250
299
296
272
256
284
281
318
300
276
288
309
271
291
320
301
286
293
288
276
253
270
269
254
272
262
277
278
280
282
271
281
267
268
295
289
293
295
273
264
261
259
262
283
292
278
310
294
274
292
265
274
268
247
261
279
256
275
271
294
264
256
273
288
290
293
288
301
295
293
282
271
266
325
278
293
297
278
254
262
284
274
296
253
300
296
305
328
447
436
530
585
557
609
533
453
414
390
369
306
304
297
266
281
308
325
303
322
284
285
273
267
275
258
256
299
303
313
352
433
543
613
783
869
864
806
640
407
378
327
295
257
299
271
288
250
269
268
272
271
257
309
325
330
313
288
335
317
288
334
278
330
333
330
292
286
262
264
289
304
279
256
267
286
269
269
272
265
235
271
293
298
314
342
400
341
354
352
267
300
281
320
288
307
298
284
280
262
228
248
255
258
256
265
270
232
246
263
263
241
251
247
240
249
275
241
235
234
256
274
256
246
253
257
243
248
255
242
248
261
235
262
266
238
259
269
235
245
237
236
239
240
278
244
243
227
261
223
242
238
250
225
263
238
252
208
243
261
245
287
276
229
223
251
246
244
259
237
260
247
243
228
273
214
227
237
284
212
219
248
253
224
244
279
237
237
257
239
264
237
252
266
283
268
262
257
236
280
236
286
249
239
266
274
268
276
276
283
328
336
359
327
337
296
285
236
245
261
247
268
232
269
256
243
276
272
279
252
275
252
255
248
223
264
265
272
255
280
231
264
303
310
349
346
399
555
603
676
687
694
554
490
422
376
341
312
289
270
271
250
238
274
302
278
292
277
315
369
364
372
454
393
429
387
345
338
307
302
254
302
286
275
285
298
312
319
430
581
823
981
1201
1328
1340
1202
1010
861
791
878
1207
1667
2367
3190
3852
4233
4267
3846
3045
2244
1468
936
657
458
407
332
390
419
445
503
576
630
701
597
525
482
420
331
333
340
316
342
307
336
298
329
351
307
332
276
330
309
309
312
288
314
345
307
341
298
309
339
335
302
292
340
315
337
341
306
344
349
291
307
314
297
284
329
306
344
384
364
328
337
328
361
294
327
347
286
301
304
285
313
294
278
323
317
290
334
299
315
300
306
287
340
308
306
292
340
337
371
381
338
385
395
365
378
323
298
318
316
333
300
309
295
326
316
269
317
279
285
289
274
276
297
287
295
311
293
307
301
313
332
284
283
306
310
277
277
310
306
292
295
302
273
275
250
328
270
280
269
317
321
378
402
458
558
589
621
536
508
423
361
310
291
295
276
259
283
248
266
269
292
274
282
306
298
342
324
299
279
316
291
328
276
288
294
329
308
308
304
301
313
280
310
347
325
319
333
316
288
301
289
263
295
290
285
294
298
301
304
285
312
282
300
307
279
279
295
306
285
328
279
312
298
311
303
292
283
299
308
270
320
299
307
280
297
292
304
295
279
310
295
297
303
313
327
329
326
343
341
369
370
388
352
368
334
343
305
336
308
292
329
282
307
285
317
299
313
329
329
340
342
369
323
360
357
365
392
470
533
787
1064
1483
1784
2161
2441
2443
2141
1695
1215
866
661
600
589
551
517
542
466
386
367
379
326
329
318
352
319
325
286
329
311
332
305
317
326
345
322
288
302
323
299
327
301
330
331
296
352
333
339
283
285
295
323
333
301
309
281
301
274
319
314
300
324
310
305
351
341
291
311
323
312
285
298
298
293
339
323
313
307
320
309
325
328
295
325
301
305
332
306
317
303
302
323
302
298
277
325
309
334
301
313
334
318
292
307
289
298
257
296
278
299
274
257
290
254
243
254
271
254
256
290
267
290
261
275
240
248
295
292
267
273
287
252
244
269
236
248
286
258
288
257
283
234
244
264
266
239
244
278
269
269
270
241
256
257
240
272
237
266
226
228
247
254
255
268
278
259
242
245
209
255
280
262
258
274
277
292
295
284
244
236
267
248
216
250
246
285
237
256
254
263
266
216
235
251
257
287
374
345
354
409
389
344
333
255
254
228
201
223
222
222
232
213
210
186
223
200
186
217
193
235
201
206
222
257
229
240
250
237
230
177
232
200
197
197
188
165
207
179
192
184
171
201
167
180
198
175
192
187
153
172
157
165
169
166
191
156
178
158
156
184
147
163
181
162
153
162
162
163
137
158
181
137
149
142
122
128
139
153
147
144
136
143
127
118
137
145
129
138
150
119
127
137
167
131
130
130
141
114
128
112
133
127
117
124
130
125
127
131
118
139
115
131
140
131
124
109
136
105
119
111
126
114
130
119
124
133
112
126
132
136
133
116
119
119
134
114
123
144
146
164
180
230
248
227
249
228
201
171
156
131
124
124
115
133
111
128
125
108
110
122
113
132
142
114
113
102
115
120
100
117
93
127
122
127
153
179
239
298
439
556
740
752
762
657
512
351
277
171
137
114
133
110
122
102
110
141
148
180
216
261
269
255
273
250
168
181
143
132
116
100
105
98
120
98
102
100
101
105
124
105
87
106
102
115
105
116
130
135
185
258
459
875
1529
2518
3762
5091
5923
6139
5561
4441
3023
1734
941
429
267
139
119
112
93
85
85
94
96
85
95
100
95
94
105
86
91
91
92
81
100
97
98
114
116
91
87
92
91
76
80
76
77
98
81
65
70
80
80
80
75
83
83
65
74
83
91
71
85
84
68
91
87
98
120
149
149
182
193
179
177
164
131
131
109
80
95
85
61
89
79
83
61
86
69
89
81
85
108
95
74
88
68
75
82
112
110
109
124
94
87
90
88
78
91
80
71
70
86
82
68
76
71
77
93
71
72
64
86
74
77
77
77
75
90
72
74
85
71
73
71
71
69
78
66
74
85
61
63
70
63
79
85
60
72
68
70
62
62
76
63
60
75
75
54
75
71
61
69
67
60
67
61
73
67
60
70
68
76
65
55
86
70
97
73
75
67
105
88
109
122
84
87
90
83
72
71
77
71
88
79
80
105
99
99
91
65
68
71
68
64
66
59
72
46
70
67
64
52
81
66
62
52
56
56
66
66
75
64
71
70
50
69
79
59
65
69
64
61
59
50
78
60
59
80
68
66
55
65
59
77
60
74
63
69
60
71
55
62
66
56
66
67
64
73
60
60
77
60
68
72
62
79
95
104
113
129
153
148
135
111
98
94
93
79
76
121
182
262
376
543
608
672
616
592
473
382
298
260
238
306
342
390
420
419
395
313
234
160
117
95
66
67
77
63
61
65
71
72
75
71
72
80
75
63
74
75
65
69
60
75
59
92
87
84
83
62
43
66
65
65
66
74
65
67
68
61
80
54
64
63
60
69
76
65
66
68
63
64
59
76
64
80
50
82
62
74
76
77
69
64
66
55
74
59
50
63
61
83
70
77
87
94
140
145
202
240
305
282
296
261
207
167
137
105
77
71
82
65
71
74
71
85
70
78
82
101
99
96
92
82
90
77
69
73
76
74
73
86
71
73
83
78
58
70
64
80
77
67
104
76
72
60
79
67
85
69
72
58
77
87
75
78
81
76
83
90
95
77
110
95
96
90
84
88
74
70
78
77
85
86
90
93
137
117
125
135
113
111
101
88
116
92
106
107
111
99
87
90
87
87
87
106
128
162
205
257
278
367
319
263
224
167
127
107
152
158
188
192
226
234
230
180
160
144
110
95
92
77
54
71
62
83
82
87
80
87
74
71
93
67
95
89
76
75
68
85
66
69
76
68
86
77
77
55
71
61
80
66
69
61
73
62
62
71
84
80
70
67
73
74
83
79
81
79
64
66
69
73
59
62
80
65
59
74
65
82
78
62
63
71
80
63
74
82
66
63
84
67
69
76
89
83
73
68
66
85
64
87
74
66
77
77
71
69
86
88
67
79
89
88
95
73
63
71
56
70
87
68
69
79
70
65
82
75
74
69
77
80
64
72
65
82
78
81
66
72
81
67
74
69
63
81
72
77
79
85
72
87
85
74
81
66
62
77
74
81
84
73
95
76
85
75
71
79
57
74
83
75
82
71
85
63
73
78
60
84
71
55
81
76
70
67
79
77
70
79
88
72
100
118
141
174
217
314
395
531
557
606
579
506
382
296
228
152
140
111
93
75
107
80
83
86
92
88
93
98
91
86
95
73
83
87
80
83
76
79
95
96
87
90
88
84
94
96
88
93
86
86
68
81
94
104
83
117
89
80
78
108
81
82
74
89
69
103
92
81
79
77
78
90
83
95
88
115
81
92
87
82
94
93
82
82
74
87
77
92
87
83
77
79
85
82
82
67
78
78
75
86
72
87
85
78
66
86
111
110
116
138
163
196
253
219
264
190
173
148
120
115
94
87
71
86
87
81
78
82
94
85
82
81
87
70
86
88
76
78
80
87
96
109
97
101
104
97
71
97
89
67
74
77
80
87
81
81
76
78
76
87
89
74
79
93
71
72
76
82
85
82
77
73
81
74
57
76
67
97
72
76
77
80
80
70
65
94
84
75
83
73
59
77
66
75
80
91
65
63
57
89
68
92
85
79
78
70
64
74
75
78
83
75
81
71
96
61
75
60
66
93
81
97
81
113
119
105
121
98
100
98
74
73
58
71
81
78
75
68
78
63
69
91
64
91
66
73
65
79
76
100
75
72
96
78
84
75
57
52
70
96
82
79
73
78
82
75
75
77
83
74
63
65
77
73
86
84
87
86
75
80
67
75
87
84
80
89
83
67
78
84
66
77
97
84
84
95
79
83
87
85
76
77
93
97
94
110
146
200
289
352
474
522
516
507
425
387
280
189
145
114
97
95
76
94
114
127
136
194
234
344
393
471
468
471
419
324
289
207
147
122
111
71
84
74
95
93
87
95
92
87
82
76
92
92
95
97
87
89
111
96
89
107
91
77
122
82
107
104
99
118
103
105
109
89
96
89
88
79
83
79
89
92
85
88
84
76
79
83
75
90
72
70
97
76
82
87
96
84
96
113
105
79
74
94
82
80
95
80
89
76
78
97
76
83
96
112
96
157
198
254
301
364
416
381
335
250
212
171
120
107
102
98
87
84
89
106
135
141
164
146
182
215
197
192
186
144
115
110
109
89
79
79
88
86
79
72
78
74
87
75
78
76
79
88
69
78
78
83
87
89
83
93
78
82
76
85
91
82
65
86
79
86
128
123
124
97
122
85
93
98
89
74
85
79
93
75
75
80
88
87
85
114
110
123
104
129
123
140
115
109
85
92
92
75
80
79
67
83
67
69
86
88
65
91
88
92
94
121
166
197
280
402
492
540
606
621
491
387
324
219
163
119
89
87
86
98
92
88
78
74
89
94
89
77
69
71
70
83
89
80
88
70
79
74
69
84
69
71
79
87
78
73
81
77
91
76
78
88
73
71
60
85
74
89
61
82
67
72
69
70
86
69
76
73
63
76
69
72
56
72
66
73
86
82
69
70
77
82
76
59
66
68
78
85
73
83
74
85
66
76
72
68
80
83
77
80
70
82
72
69
75
84
79
69
70
72
63
66
58
68
77
85
71
75
83
60
67
71
72
60
65
75
73
87
72
75
86
95
80
87
72
58
72
80
68
75
79
99
71
79
69
80
79
87
71
69
70
84
74
70
64
93
64
64
71
67
87
72
65
51
76
76
61
81
76
59
75
71
64
53
82
61
62
78
66
64
67
87
70
63
64
81
69
79
80
113
150
206
293
436
586
658
705
665
570
452
294
225
135
110
82
70
84
61
56
72
62
70
63
73
52
53
68
61
58
75
71
62
69
64
56
60
66
61
61
62
66
51
51
67
62
70
74
60
72
56
59
68
59
67
57
66
69
55
72
67
68
64
53
81
47
68
57
53
64
62
65
73
59
61
59
59
54
63
46
50
74
51
45
55
62
54
58
61
51
50
58
48
38
48
57
65
63
59
62
53
50
64
60
46
59
51
46
52
52
46
65
47
53
39
52
59
52
56
52
48
47
49
65
59
58
58
41
47
63
31
46
48
53
53
47
40
49
50
39
53
51
40
41
71
38
45
45
48
46
50
42
46
57
37
46
30
46
50
50
42
38
48
42
46
47
54
41
37
51
52
38
36
56
40
43
37
49
37
48
39
46
33
25
42
34
40
45
28
30
48
41
40
40
33
32
28
41
36
34
36
41
49
54
45
39
52
64
54
48
48
38
35
50
20
26
27
49
36
31
30
31
38
28
29
31
29
35
32
37
37
33
36
32
39
39
38
35
24
38
26
27
44
35
34
36
22
29
36
25
29
35
33
39
34
29
27
26
26
30
30
32
29
34
35
29
23
28
26
21
25
24
29
29
30
21
29
31
29
32
30
35
33
34
23
38
30
34
23
22
22
29
14
25
27
23
31
30
31
28
19
35
41
61
103
139
190
308
369
490
567
510
449
362
244
150
86
61
34
43
39
24
35
58
89
129
221
301
376
453
470
468
386
332
230
154
105
54
34
27
26
16
13
15
13
22
16
18
22
30
23
14
20
23
23
11
17
16
18
10
12
16
15
20
14
18
19
13
12
15
16
16
12
16
16
15
9
22
16
22
12
18
8
9
13
16
15
7
11
14
14
13
16
17
25
33
24
38
28
35
21
18
28
13
16
14
18
16
10
9
10
9
8
11
14
9
14
21
9
17
9
10
10
9
14
6
10
11
12
13
11
20
17
13
33
52
78
106
126
151
173
144
131
97
61
40
24
25
20
11
9
13
6
11
10
15
10
7
13
14
11
10
4
12
11
12
8
13
13
14
4
11
8
16
7
15
8
9
10
14
14
10
9
10
11
15
9
11
16
8
15
5
12
5
14
17
12
16
26
38
44
65
49
52
63
47
41
38
31
19
18
5
17
15
18
6
14
17
14
7
16
7
18
9
21
34
53
108
148
227
333
393
492
479
426
353
276
148
112
54
33
24
18
10
18
9
16
15
11
13
10
9
12
12
10
7
11
5
12
6
5
9
9
6
10
11
12
10
9
6
8
11
6
4
5
8
14
12
6
9
13
9
11
10
8
7
11
11
9
12
12
6
7
13
14
8
3
7
7
10
11
9
10
6
8
8
12
11
10
11
5
5
9
8
7
8
12
8
13
9
10
12
16
11
6
11
14
9
13
16
12
9
9
7
13
14
10
7
11
12
8
9
8
9
12
4
8
4
14
12
4
5
6
16
6
8
5
7
5
12
11
10
9
14
10
11
8
14
7
9
4
11
8
8
9
14
10
11
11
8
7
11
11
5
6
9
8
5
11
9
10
6
6
10
6
17
8
16
15
17
9
9
10
10
11
12
9
9
13
6
12
8
12
8
10
9
8
8
11
6
6
8
12
11
7
8
3
9
5
8
6
9
10
6
8
4
11
4
10
6
15
7
13
8
6
6
10
11
10
8
9
8
5
11
8
8
13
10
4
10
4
15
16
15
21
25
31
26
54
57
70
74
63
71
66
45
23
30
17
11
14
5
10
4
12
12
7
12
9
10
9
8
8
18
10
13
8
9
7
7
8
12
6
5
8
10
12
5
17
14
10
8
14
9
18
7
7
16
10
8
8
6
6
12
13
12
7
12
16
8
7
12
13
13
16
8
9
12
8
18
11
13
13
11
13
6
6
10
8
13
10
19
10
9
8
8
10
8
11
10
7
7
11
10
7
6
14
9
15
10
13
8
15
7
8
10
12
14
8
17
14
9
11
5
9
7
12
14
10
9
9
11
14
13
8
14
7
9
8
6
8
11
7
13
9
10
6
8
7
13
10
6
22
24
21
53
69
84
100
133
124
115
111
88
79
50
34
18
18
8
17
13
15
15
14
21
17
14
13
11
11
18
17
13
8
10
15
12
10
11
9
11
9
11
10
12
13
14
11
12
9
10
9
9
15
16
13
7
14
9
6
17
16
12
9
12
11
11
11
9
11
9
11
13
12
9
12
11
12
7
16
14
12
16
12
13
9
10
11
9
15
11
14
21
9
14
10
21
20
16
12
9
12
7
16
9
19
10
11
9
17
14
24
12
13
16
8
14
13
14
8
18
13
13
19
24
26
22
34
34
31
29
35
19
13
13
12
9
8
14
22
15
13
14
12
11
15
15
13
10
11
17
10
18
9
13
7
8
9
10
13
13
13
8
10
7
11
10
10
9
6
17
7
10
12
11
11
8
16
14
13
13
9
8
11
9
20
8
12
12
10
4
8
8
12
11
14
9
10
14
15
9
10
16
11
11
7
15
15
10
10
10
15
9
12
9
9
13
10
12
13
10
16
11
9
5
10
5
14
13
10
11
12
8
14
9
14
5
14
15
9
9
9
7
4
12
10
8
14
12
11
11
8
13
12
8
13
12
11
13
14
6
11
7
13
15
7
10
17
9
8
14
9
15
11
13
10
15
8
8
10
12
11
9
9
16
12
15
4
8
15
6
11
16
11
13
9
12
17
15
21
16
16
17
19
16
12
10
10
19
13
8
12
15
15
11
9
15
9
15
14
7
8
13
14
7
7
7
11
7
10
9
11
9
7
14
17
6
9
6
11
11
13
9
6
6
13
12
12
12
12
11
8
9
10
7
14
8
8
4
10
12
11
11
7
4
9
12
13
10
10
10
12
9
9
12
11
14
7
5
9
9
6
9
10
11
21
8
5
9
13
13
9
9
9
8
11
7
7
11
7
11
5
6
10
2
8
8
3
10
7
6
11
8
3
10
12
13
7
8
6
14
17
12
4
10
11
14
11
8
11
9
7
8
27
14
26
13
20
25
13
19
10
17
7
11
10
10
11
4
8
11
6
7
9
8
6
9
6
9
8
4
5
11
8
7
7
6
13
7
4
7
8
8
5
5
6
12
5
6
5
5
4
8
6
5
6
8
10
6
14
2
6
7
4
12
10
10
7
4
8
8
8
5
5
10
4
10
6
7
7
9
4
7
4
11
6
1
9
4
1
8
6
7
5
6
3
9
6
8
6
6
4
2
9
4
4
7
7
1
9
9
5
10
5
3
4
3
9
6
5
7
3
3
3
7
4
3
5
6
3
3
3
9
4
5
3
8
18
14
29
47
37
54
65
73
67
64
29
23
18
10
9
4
6
3
9
5
7
4
2
9
3
4
3
4
9
8
8
8
4
4
5
2
2
3
1
3
7
8
1
3
3
3
4
3
3
3
3
8
10
5
2
3
4
9
4
5
0
2
3
4
2
1
5
4
4
5
6
2
3
5
3
4
5
3
8
2
3
1
0
3
3
2
5
7
6
5
6
2
4
6
7
2
2
5
6
3
2
3
3
4
8
2
3
5
4
1
4
2
3
5
3
4
3
3
3
3
5
2
5
2
4
0
2
3
2
3
0
4
5
5
1
3
11
3
6
5
6
2
4
3
5
8
9
12
13
20
40
66
73
95
132
126
111
121
87
65
40
18
16
11
6
2
4
4
2
2
3
4
4
2
4
5
2
0
3
2
3
4
4
5
7
3
4
3
3
2
3
1
3
1
7
1
1
3
3
2
1
3
4
3
0
2
7
4
3
4
2
5
3
9
0
2
4
2
0
2
5
2
2
1
4
2
1
2
0
2
2
5
1
5
1
2
1
3
4
2
9
10
2
6
3
8
8
4
3
4
3
3
5
2
2
6
0
2
5
1
3
2
3
1
1
5
4
1
1
2
1
2
2
2
2
2
7
4
0
0
6
1
1
2
3
0
3
4
0
2
3
1
7
2
2
3
6
1
4
3
1
4
1
2
1
3
3
1
2
2
2
2
3
3
4
3
6
1
8
2
9
6
5
5
2
6
4
1
3
2
2
3
6
3
3
1
3
2
4
3
3
4
8
0
1
2
1
4
3
6
1
3
1
2
2
8
5
3
1
5
2
3
6
5
3
6
2
0
0
1
3
2
6
4
8
3
2
2
5
2
3
1
1
3
2
4
1
3
5
0
2
2
1
1
1
3
4
2
2
6
7
2
6
3
4
6
2
3
2
3
1
4
6
4
2
3
2
4
1
7
2
4
7
4
3
8
5
7
4
2
5
2
4
1
3
3
3
7
7
11
15
19
24
34
52
43
40
44
43
26
19
17
8
6
6
5
4
2
3
8
3
7
4
2
8
2
3
3
5
5
3
2
5
3
2
2
2
6
4
2
3
1
5
5
2
3
1
3
3
1
4
1
7
2
2
5
2
6
3
3
2
6
1
2
8
3
5
3
1
2
4
3
8
3
1
2
3
4
3
3
8
3
8
4
6
4
2
4
2
4
1
3
2
5
3
2
5
6
6
3
7
5
3
6
5
1
5
3
3
3
6
7
3
7
6
2
3
5
3
8
3
4
3
1
7
2
2
9
1
3
2
5
4
3
4
5
7
4
4
13
10
12
11
17
17
11
6
6
5
10
6
4
2
4
6
3
4
1
5
5
5
6
3
1
5
4
3
3
0
2
3
3
4
5
1
3
2
2
2
6
4
6
3
2
2
2
3
1
3
2
2
4
3
4
4
0
3
4
2
4
1
5
3
3
2
5
4
5
3
5
3
3
0
4
4
5
5
2
3
1
1
1
3
3
3
1
1
1
1
1
2
4
3
2
2
2
5
4
2
2
2
2
6
2
2
3
4
3
4
4
2
4
3
2
3
2
3
5
3
3
1
2
2
3
3
2
6
3
2
1
0
3
3
2
4
2
2
5
3
4
2
4
4
4
4
4
5
4
1
3
1
3
4
6
4
1
3
5
5
2
9
2
4
7
3
3
1
2
2
4
6
0
2
1
4
2
3
2
5
2
3
6
3
3
0
4
4
5
2
3
1
5
6
3
3
2
5
3
4
0
8
4
2
4
2
1
3
2
2
1
5
5
2
1
4
3
5
4
0
1
5
3
2
6
4
2
3
2
5
5
1
5
1
4
4
1
1
2
1
2
1
2
4
0
3
4
3
2
4
7
2
3
1
3
1
7
1
3
3
4
3
1
3
3
3
3
3
2
3
1
5
4
0
2
1
5
1
3
3
2
1
3
4
3
1
4
1
0
3
0
1
5
1
4
3
1
1
1
3
3
2
0
2
3
1
3
4
2
5
9
3
3
5
1
1
2
2
1
3
3
3
2
0
1
1
2
2
3
3
0
3
3
3
3
1
1
1
4
2
5
1
2
3
2
1
2
0
3
1
2
4
1
2
2
2
0
0
0
3
2
1
5
0
1
3
3
4
2
5
4
1
0
1
5
0
3
4
2
1
1
0
3
1
1
0
0
2
2
1
3
1
3
1
2
2
2
0
0
1
2
1
2
2
1
0
1
0
3
0
2
1
1
2
1
2
1
0
0
2
2
1
2
1
3
2
0
1
2
3
0
1
1
0
0
4
1
1
2
1
2
1
1
0
3
1
1
2
2
3
1
3
2
1
1
1
1
3
1
0
2
1
0
1
1
2
0
1
0
3
0
0
2
0
0
1
2
0
1
1
3
0
1
1
0
2
2
0
6
1
0
2
2
1
4
2
0
1
1
1
1
0
1
1
1
1
0
0
0
1
1
2
1
2
2
1
0
0
2
1
1
1
0
0
0
0
1
1
0
0
1
3
0
1
0
1
0
1
2
0
2
1
2
0
0
2
1
1
0
1
1
3
2
0
3
3
2
3
3
6
2
3
6
2
0
3
2
1
1
0
2
2
3
1
12
21
26
17
49
39
50
34
30
27
18
6
6
1
2
1
0
1
0
1
0
1
1
2
0
2
1
1
0
1
0
0
0
2
1
0
0
1
0
0
0
1
0
1
2
1
1
1
2
0
4
0
0
0
1
1
1
1
0
0
0
0
1
0
1
1
2
4
1
0
2
2
1
1
1
1
0
2
0
1
2
1
0
0
1
1
2
2
1
0
1
4
1
0
2
1
1
0
0
0
1
0
2
2
0
1
2
1
0
0
0
2
0
3
1
1
0
2
2
0
0
0
0
0
2
3
2
1
1
0
0
0
1
0
1
2
2
1
0
0
1
1
0
1
0
1
0
0
0
0
0
1
1
2
1
0
2
0
0
0
2
2
0
0
1
1
1
1
1
4
2
0
3
0
0
0
2
0
0
0
3
0
1
1
1
1
0
0
0
0
1
0
0
0
2
3
1
0
1
2
6
2
0
2
2
0
2
1
1
0
1
1
1
2
0
1
1
0
0
1
1
1
0
1
1
0
2
0
0
0
1
2
1
1
2
0
1
1
0
1
0
0
0
0
1
1
1
1
1
0
0
1
2
1
1
1
1
0
0
0
2
2
2
0
2
0
0
0
0
1
2
2
1
0
1
0
1
3
1
2
0
0
2
0
1
0
3
1
0
2
0
1
0
0
0
1
0
1
0
0
1
1
2
2
0
0
0
1
0
0
1
1
0
1
2
0
0
2
1
1
0
1
0
0
1
0
0
1
2
1
0
1
1
1
2
1
2
1
1
0
0
1
2
1
0
0
2
1
1
2
1
0
2
1
0
1
0
0
0
1
0
2
0
0
0
1
0
0
0
1
0
0
2
1
1
2
0
3
1
1
1
0
0
0
1
0
1
3
3
0
2
2
2
0
0
1
0
1
0
1
0
0
1
0
2
1
3
2
0
2
0
1
2
3
0
1
1
2
1
0
2
0
0
1
0
1
0
2
1
0
1
0
0
0
0
1
2
1
1
2
1
1
1
0
3
0
2
0
2
0
1
3
3
0
4
0
1
1
1
1
1
0
1
1
0
0
1
0
3
1
0
1
1
0
1
2
2
0
0
0
1
0
0
1
3
1
0
1
2
0
2
1
1
0
0
2
1
1
0
0
1
0
2
0
1
2
1
0
1
0
1
2
2
0
0
0
1
2
0
0
1
0
2
2
1
1
2
0
0
1
0
0
1
0
0
0
0
1
0
0
1
0
0
1
1
0
0
0
1
3
2
0
3
1
0
2
0
1
0
0
1
1
2
1
0
2
2
0
1
0
0
1
0
1
0
0
0
2
1
1
1
0
0
0
1
0
0
0
0
2
0
0
3
2
2
2
0
0
0
1
0
0
0
0
1
0
0
1
0
0
0
1
1
0
2
1
0
3
4
1
0
0
0
0
0
0
1
0
0
1
1
1
0
2
0
1
1
0
0
0
0
0
1
0
0
0
1
2
0
2
0
3
0
2
2
0
0
1
1
0
0
0
0
0
0
1
0
2
0
0
1
0
0
1
1
2
0
0
0
2
2
1
0
0
1
1
1
0
1
1
1
0
1
1
1
2
1
0
0
1
1
1
1
1
0
1
1
1
0
0
1
0
0
0
0
0
1
0
0
1
1
0
1
2
2
0
2
0
0
0
1
1
1
1
1
0
2
0
1
1
0
1
0
3
2
0
1
0
2
0
0
0
0
0
1
0
0
0
0
0
1
0
0
1
0
0
1
0
0
0
0
1
0
0
1
1
1
1
1
0
0
1
0
2
2
2
1
1
0
0
2
0
3
2
0
1
0
0
1
1
3
0
1
0
0
0
1
0
1
2
2
0
0
1
0
0
0
0
1
0
0
0
0
1
2
0
1
0
0
1
0
0
0
0
0
0
0
1
0
0
1
2
0
0
1
0
1
1
0
1
0
0
0
0
0
1
0
1
0
0
2
1
2
0
1
1
0
0
1
0
0
0
0
2
1
0
0
0
0
1
0
0
0
1
0
0
0
2
0
1
0
0
2
0
0
0
1
0
0
0
0
0
0
0
2
0
1
1
0
0
1
0
0
0
0
1
0
0
1
0
1
0
0
0
2
2
1
1
0
0
0
1
2
0
1
0
0
0
1
1
0
1
1
1
1
0
0
0
0
0
0
1
1
0
0
0
1
2
1
0
1
1
0
0
0
0
1
0
1
0
2
0
0
0
0
0
2
0
1
2
0
1
0
0
1
2
0
2
0
2
1
1
0
0
2
3
1
0
0
0
2
0
0
1
2
0
0
0
1
0
1
1
1
1
0
1
1
0
0
1
0
2
1
0
0
0
0
3
1
0
0
0
0
1
0
0
2
0
2
2
1
0
0
1
2
3
0
2
0
0
0
0
2
1
3
1
0
0
0
0
2
0
1
0
1
0
0
0
0
1
0
1
1
1
1
0
2
0
0
1
1
1
0
0
2
1
2
0
1
0
0
1
0
2
0
1
0
0
0
1
1
1
1
0
3
0
0
0
0
0
0
0
1
0
3
0
1
3
5
6
6
5
9
2
6
2
2
1
1
2
0
2
0
0
0
2
1
0
1
0
1
1
0
0
0
0
1
0
0
0
0
1
2
1
1
2
2
0
0
0
1
1
0
1
0
1
1
2
0
0
0
0
2
1
1
0
1
0
2
1
1
0
0
0
0
0
1
2
0
1
1
3
0
2
0
0
1
0
0
0
1
1
1
0
0
0
3
0
4
0
2
1
1
0
1
1
1
0
0
1
1
0
0
1
0
0
0
0
0
3
0
1
1
2
0
0
1
3
0
2
0
2
0
0
0
0
2
0
1
1
1
1
1
0
2
1
0
0
1
1
0
1
1
0
0
1
1
1
0
3
1
0
2
1
1
0
0
2
0
0
1
1
1
1
0
0
0
0
0
1
1
1
1
1
0
0
0
3
1
0
0
0
1
0
0
0
1
1
0
0
0
2
4
0
0
2
0
2
1
0
1
1
2
0
0
1
2
0
1
0
1
2
0
1
0
1
1
1
3
0
0
0
0
0
0
0
0
1
0
0
0
1
1
0
0
0
1
0
0
0
0
0
1
0
1
1
1
0
0
0
0
0
0
0
1
0
0
0
1
1
0
0
0
0
1
1
0
0
1
0
0
0
0
0
1
0
1
2
0
2
1
0
0
1
0
1
0
0
0
1
1
1
0
0
0
3
0
0
2
0
0
3
1
1
2
1
0
1
1
2
2
0
0
0
0
3
0
2
0
1
1
0
1
0
1
1
0
0
0
1
0
0
0
0
0
1
2
2
3
1
1
0
0
1
0
0
0
1
0
0
0
2
0
1
0
1
0
2
0
0
0
0
0
0
0
0
0
1
0
1
0
1
1
1
1
0
0
0
3
0
0
0
0
0
0
1
1
1
0
0
1
0
1
0
0
0
1
0
1
0
3
1
2
0
1
0
0
1
1
0
0
0
0
1
0
1
1
1
0
3
1
0
1
0
0
2
1
2
1
0
1
3
1
0
0
0
0
0
1
0
1
0
0
3
0
0
2
0
1
0
0
1
0
1
0
3
0
1
0
0
1
1
1
0
0
1
0
0
0
1
1
0
0
0
0
1
2
0
2
0
1
1
1
0
0
1
1
0
0
0
0
1
0
0
0
0
0
0
1
0
0
1
0
0
1
1
1
0
0
0
0
1
0
0
0
0
0
2
1
1
0
0
0
1
1
0
0
1
0
0
0
0
0
0
1
0
0
0
0
0
0
0
1
0
0
1
1
0
0
0
0
1
0
1
1
0
0
0
0
1
0
0
0
2
0
1
1
0
0
0
1
1
0
0
0
0
0
0
1
0
1
2
1
1
0
0
1
0
1
1
2
0
0
1
1
0
0
0
1
0
0
0
0
1
0
0
1
0
0
1
0
1
0
0
1
0
0
0
1
1
0
0
0
0
0
0
0
0
0
0
1
0
1
1
1
1
0
1
0
0
0
0
0
0
0
0
1
0
0
0
0
0
0
0
0
0
1
0
0
1
0
0
1
0
1
0
0
1
0
0
0
0
1
1
0
0
0
0
0
0
1
2
0
0
0
0
1
0
0
0
1
0
1
1
2
0
1
0
0
0
0
0
0
1
0
1
1
1
1
1
0
2
3
4
4
7
2
2
4
4
2
1
0
1
1
0
0
1
0
0
0
2
0
1
0
0
0
0
1
0
0
0
0
0
0
0
0
0
0
1
0
1
1
0
1
0
1
0
0
0
0
0
0
0
0
2
0
0
1
0
0
0
0
0
0
0
0
0
0
1
0
0
0
0
0
0
0
0
0
0
0
0
0
0
1
0
0
0
0
0
1
1
0
1
0
0
0
1
0
0
1
0
0
1
0
2
0
0
1
0
2
1
0
0
1
0
1
0
0
1
0
0
0
0
0
1
0
0
0
0
0
0
0
0
0
0
0
0
0
0
0
0
0
0
0
0
0
0
0
0
1
0
1
0
1
1
0
0
0
1
0
1
0
0
0
0
0
0
0
0
1
0
0
0
0
0
1
0
0
1
0
1
0
0
0
1
0
0
0
1
0
0
1
0
0
0
0
1
0
0
0
0
0
0
0
0
0
0
0
0
0
2
0
0
1
0
0
0
0
0
0
1
1
0
0
0
1
0
0
0
0
0
0
0
0
0
0
0
1
0
0
0
0
1
0
0
0
0
0
1
1
0
1
0
1
0
0
0
0
0
0
0
1
0
0
0
1
0
0
1
0
2
0
0
0
0
0
0
0
0
0
0
0
0
0
0
1
0
0
0
0
0
0
1
0
1
0
0
0
0
0
0
0
0
0
0
0
0
0
0
1
0
0
1
0
0
0
0
0
1
2
0
1
0
0
0
0
0
0
0
1
0
0
0
0
0
0
0
0
0
0
0
1
0
1
1
0
0
0
1
0
1
0
0
0
0
0
0
1
0
0
0
0
1
0
0
0
0
0
0
0
0
0
0
0
1
1
0
1
0
0
0
0
0
0
0
0
0
1
0
0
0
0
0
1
0
0
0
0
0
0
0
0
0
0
0
1
1
0
0
0
0
0
1
1
0
0
1
0
1
0
0
0
1
0
0
0
0
1
0
0
0
0
2
0
0
0
1
0
1
0
0
0
0
1
0
0
0
0
0
0
0
0
0
0
0
0
0
0
0
0
0
0
0
0
0
0
0
0
0
0
1
0
1
0
0
0
0
0
0
0
1
1
0
0
0
0
0
0
0
0
1
1
1
0
0
0
1
0
1
1
0
0
0
0
0
1
0
0
1
0
0
0
0
0
0
0
1
0
0
1
0
0
0
0
0
0
0
0
0
0
0
0
1
0
1
0
1
1
0
0
0
1
0
1
0
0
0
0
2
0
0
0
0
0
2
0
1
0
0
0
0
0
0
0
1
2
1
0
0
0
1
0
0
1
0
1
2
1
0
0
0
0
0
0
0
0
0
0
0
0
0
0
0
0
0
0
0
0
0
0
0
1
0
0
0
0
0
0
1
0
0
0
0
1
1
0
0
0
0
1
0
0
0
0
0
1
0
0
0
0
0
0
0
1
0
0
0
1
0
0
0
0
0
1
0
0
0
0
0
0
0
0
0
0
0
0
0
0
0
1
0
0
1
0
0
0
0
1
1
2
0
0
0
0
0
0
0
1
0
0
0
0
0
0
0
0
1
0
1
0
0
0
0
1
0
0
0
0
0
3
0
0
1
1
0
1
1
0
1
0
0
1
0
0
0
1
0
0
0
0
0
0
0
0
2
0
0
0
0
0
0
0
0
0
0
0
1
1
0
0
0
0
1
0
0
0
0
0
1
0
0
0
0
1
0
0
0
0
0
1
0
0
1
1
1
0
1
0
0
0
0
0
0
0
0
0
0
0
0
0
0
0
1
0
0
1
0
1
0
0
1
1
0
0
0
0
0
0
0
0
0
0
1
0
0
0
0
2
0
0
0
0
0
0
0
0
0
0
0
0
0
0
0
1
1
3
1
0
0
0
0
0
1
0
0
0
0
0
0
0
0
0
0
1
0
1
0
1
0
0
0
0
1
0
0
0
0
0
0
0
1
0
0
0
0
0
0
0
0
0
0
0
1
0
0
0
0
0
0
0
0
0
0
0
1
0
0
0
1
0
0
0
0
0
0
0
0
1
0
1
0
0
0
0
0
0
0
0
0
0
0
0
0
0
0
0
0
0
1
0
0
0
0
0
0
0
0
0
0
0
0
0
0
0
0
0
1
0
0
0
0
0
0
0
1
0
0
0
0
0
0
0
0
0
0
0
0
0
0
0
0
0
0
0
0
0
0
0
0
1
1
0
0
0
0
0
0
0
0
0
0
0
0
0
0
0
0
0
0
0
0
0
0
0
1
0
0
0
0
0
0
0
0
1
0
0
0
0
0
0
0
0
0
0
0
2
0
0
0
0
0
0
0
1
1
1
0
0
0
0
0
0
1
1
0
0
0
1
0
1
0
0
0
0
0
0
1
1
0
0
1
2
0
0
0
0
0
0
0
1
1
0
0
0
0
0
1
0
0
0
0
2
0
1
0
0
0
0
0
0
0
0
0
0
0
0
1
0
0
0
0
1
0
0
0
0
0
0
0
0
0
0
0
0
1
0
0
0
0
0
0
0
0
0
0
0
2
0
0
0
0
0
1
0
0
0
0
1
0
0
0
0
0
0
1
0
0
0
1
0
0
1
1
0
0
0
0
1
2
1
1
0
0
2
0
0
1
0
0
0
0
1
0
0
0
0
0
0
0
0
0
0
0
0
0
0
0
0
0
0
0
0
0
0
1
0
0
0
0
0
0
0
0
0
0
0
0
0
1
0
0
1
0
0
0
0
0
0
0
1
0
0
0
0
0
0
0
0
0
1
0
0
0
0
1
1
0
0
0
0
0
0
0
0
0
0
0
1
0
0
1
1
0
0
0
0
1
0
0
0
2
0
0
0
1
1
0
0
1
0
0
0
0
0
1
0
0
0
0
0
0
0
0
0
0
0
0
0
0
0
0
0
0
0
1
0
0
0
0
0
1
0
0
0
1
0
0
0
0
0
0
0
0
2
1
0
0
1
0
0
0
0
0
0
0
0
1
0
1
1
0
0
0
0
0
0
0
1
0
1
0
0
0
0
0
0
0
0
0
1
0
1
0
0
0
1
0
0
0
0
0
1
0
2
1
0
0
0
0
0
0
0
0
1
0
0
0
0
0
0
1
1
1
0
0
0
0
0
1
0
0
0
0
0
0
0
0
0
0
1
1
1
0
0
0
0
0
0
0
0
0
0
1
0
0
0
0
1
0
0
0
1
0
0
0
0
0
0
0
0
0
0
0
0
0
0
0
0
0
0
0
0
0
0
0
0
0
0
0
0
0
0
0
0
1
0
0
1
0
0
0
0
0
0
0
0
0
0
0
1
0
1
0
0
0
0
1
0
0
0
0
0
0
0
0
1
0
0
0
0
1
0
0
0
0
0
0
0
0
0
0
0
0
0
0
1
0
0
0
1
0
0
0
0
0
0
0
2
0
1
1
0
1
0
0
0
0
0
1
0
1
0
0
0
0
0
0
0
0
0
0
0
0
0
0
0
0
0
0
0
0
0
1
1
0
0
0
0
2
0
0
0
0
1
0
0
0
0
1
0
0
0
0
0
0
1
0
2
0
1
0
0
0
0
$ENER_FIT:
-1.8040 0.716145 0.000000e+00
$MCA_CAL:
3
-1.8040 0.716145 0.000000e+00
$ENDRECORD:
