$SPEC_ID:
Sample title.

$MEAS_TIM:
1757.39000 2229.17000
$DATE_MEA:
09/17/2019 2:04:15 PM
$DATA:
0 16383
0
0
0
6
9
9
1
1
1
0
0
0
0
0
0
0
2
8
27
322
1946
4362
5942
6826
7245
7445
7595
7569
7683
7713
7732
7624
7805
7737
7868
7868
7716
7840
7701
7745
7627
7495
7326
7169
6997
6841
6536
6337
6285
6038
5755
5773
5669
5540
5524
5589
5497
5564
5747
5877
5732
5973
6104
5770
5805
5927
6052
6120
6036
6295
6245
6158
6292
6418
6410
6629
6720
6818
6824
6818
6956
7126
7235
7437
7630
7679
7936
7974
8119
8208
8210
8508
8457
8657
8841
9042
9206
9053
9549
9428
9665
10385
11323
12751
14603
17331
19326
19833
20161
19914
18255
15035
12186
11249
10381
10127
10167
10715
11259
12234
12489
13110
13679
14624
14482
13807
13013
12842
12848
12733
11734
11101
10747
10496
10621
10786
10666
10789
10743
10691
10867
11013
10973
11271
11036
11399
11577
11786
11716
11954
11737
11798
11851
11736
11906
11707
11893
11873
11655
11856
11876
11876
12209
11929
11912
12018
12067
12095
12005
12103
12299
12529
12773
12710
12528
12390
12223
12293
12100
12120
12144
12202
12367
12255
12276
12232
12392
12357
12308
12338
12227
12513
12401
12416
12461
12318
12194
12445
12438
12467
12441
12312
12436
12060
12200
12233
12076
12200
12275
12072
12422
12278
12283
12367
12062
12304
12174
12100
12303
12241
12133
12207
12268
12154
12061
12123
12245
12139
11982
12129
12014
12105
12239
12134
12235
12097
12119
12309
12383
12357
12404
12388
12764
13429
14795
16699
17331
16108
13776
12658
12022
12207
11843
12103
12567
13270
13957
14000
13166
12515
11902
11670
11833
11644
11622
11621
11684
11456
11411
11404
11486
11447
11295
11497
11442
11433
11203
11382
11373
11727
11801
11685
11583
11265
10985
10986
10893
10825
10816
10951
10858
10851
10727
10672
10880
10579
10860
10953
11019
11188
10793
10722
10552
10478
10549
10378
10537
10387
10294
10389
10341
10327
10362
10387
10273
10162
10071
10265
10296
10338
10236
10458
10328
10339
10560
10598
10389
10317
10271
10100
10076
10240
10327
10275
10239
10228
10145
10367
10081
10281
10226
10105
9993
10003
10213
10225
10000
10121
10021
10086
10030
9993
9985
9893
9773
9891
9815
9692
9988
9845
9850
9674
9634
9612
9521
9492
9449
9536
9429
9393
9406
9255
9300
9257
9309
9247
9257
9068
9176
9187
9268
9450
9299
9165
9140
9276
9079
9081
9014
9112
9025
8915
9079
9049
8699
8745
8770
8733
8810
8799
8765
8801
8738
8798
8675
8657
8733
8865
8553
8729
8425
8720
8467
8481
8441
8533
8457
8596
8387
8498
8410
8357
8374
8337
8240
8404
8326
8306
8344
8253
8283
8239
8208
8062
8023
8033
7963
7973
7848
7810
8119
8126
8180
7897
7863
7753
7619
7656
7495
7592
7495
7459
7582
7421
7427
7536
7408
7333
7140
7341
7349
7326
7139
7201
7522
7465
7430
7718
8389
8642
8376
7735
7366
7128
6862
7046
6998
7126
7564
7989
8205
7838
7201
6707
6702
6495
6431
6492
6384
6494
6453
6639
7002
7461
8111
8400
7616
7034
6166
5968
6042
6016
5925
5960
5874
5742
5723
5766
5738
5768
5736
5656
5801
5887
6071
6114
5875
5787
5663
5517
5545
5732
5887
5982
5902
5729
5578
5490
5417
5324
5437
5377
5453
5264
5205
5264
5254
5198
5300
5236
5284
5179
5223
5254
5128
5287
5579
5591
5580
5234
5208
5150
4958
5026
5035
5008
4944
4883
4988
5014
5048
5006
4849
4992
4870
5021
5112
4911
5026
4954
4888
4802
4906
4942
4880
4946
4976
4938
5089
4904
4829
4704
4675
4846
4724
4649
4701
4638
4703
4540
4785
4648
4640
4707
4736
4481
4554
4576
4694
4671
4507
4549
4620
4448
4493
4562
4596
4599
4539
4641
4712
4772
4886
4741
4874
5029
5288
5196
4994
4787
4592
4874
5019
5090
4925
4580
4564
4340
4422
4432
4520
4453
4419
4569
4553
4595
4524
4576
4575
4597
4417
4388
4394
4429
4370
4465
4440
4483
4403
4416
4598
4620
4730
4814
4679
4521
4486
4751
5596
7370
10425
14257
17268
18571
18409
17749
17781
17790
17691
17789
17693
17645
17596
17144
17052
16384
15472
14180
12140
9704
7457
5524
4308
3930
3774
3758
3770
3752
3743
3763
3637
3773
3791
3743
3718
3735
3697
3699
3768
3899
3790
3789
3903
3830
3690
3790
3805
3956
4149
4326
4757
5664
8349
13685
21283
29031
33529
32288
25738
17386
10884
6977
5893
7254
9563
11113
12159
14341
16635
15603
11403
6512
4204
3395
3216
3131
3003
3054
3093
3119
3018
3060
3112
3037
3032
3128
3084
2998
3219
3037
2924
3024
2975
2974
2945
2939
3063
3016
2944
3021
3034
3009
3140
2948
2932
2910
2973
2991
2957
2949
2924
2927
2918
2925
2892
3040
2903
2881
3019
2966
3039
3005
3005
2922
2920
2936
2853
2955
2914
2901
3046
3028
3108
2992
2879
2889
2920
2995
3028
3032
3050
2892
2933
2914
2795
2962
2844
2872
3032
2954
2931
3006
2805
2913
2842
2914
3147
3607
4401
5379
5440
4722
3545
3098
2873
2811
2875
2776
2897
2993
3002
3188
3190
3126
2939
2924
2830
2934
2826
2813
2827
2779
2787
2858
2821
2832
2921
2808
2825
2789
2835
2703
2811
2828
2774
2795
2774
2750
2705
2760
2698
2775
2877
2695
2739
2824
2788
2765
2773
2746
2684
2744
2665
2825
2800
2731
2734
2694
2793
2767
2822
2742
2729
2736
2697
2834
2750
2789
2739
2658
2719
2777
2786
2716
2739
2749
2767
2681
2683
2684
2629
2667
2717
2792
2878
2950
2893
2791
2706
2699
2666
2738
2735
2753
2590
2625
2685
2647
2559
2652
2733
2681
2996
3527
3894
3789
3455
2919
2769
2663
2561
2696
2567
2693
2605
2555
2633
2634
2586
2610
2640
2605
2628
2599
2659
2596
2613
2654
2677
2637
2504
2655
2637
2617
2687
2636
2752
2676
2673
2687
2633
2651
2574
2502
2553
2752
2782
3066
3516
3623
3386
2969
2819
2583
2636
2669
2620
2646
2608
2539
2572
2533
2610
2587
2553
2589
2620
2621
2630
2596
2569
2636
2632
2501
2524
2540
2639
2622
2611
2640
2532
2500
2504
2541
2560
2503
2480
2627
2583
2535
2510
2483
2598
2561
2630
2883
3592
4751
5402
5105
4017
3055
2778
2576
2571
2519
2590
2576
2522
2609
2623
2756
2702
2634
2585
2525
2599
2558
2643
2574
2568
2577
2494
2591
2531
2488
2571
2533
2540
2598
2657
2836
3153
3205
3013
2726
2557
2611
2526
2567
2574
2579
2550
2606
2559
2688
2682
2640
2500
2542
2436
2491
2546
2614
2739
3281
4609
6403
7325
6722
4982
3490
2728
2567
2546
2546
2584
2494
2454
2595
2719
2755
2776
2831
2685
2518
2673
2841
3340
4443
5577
6602
7223
7343
6754
5207
3654
3029
2668
2460
2562
2550
2512
2541
2573
2616
2556
2528
2506
2440
2456
2436
2420
2324
2433
2433
2494
2454
2419
2495
2460
2529
2547
2577
2646
2615
2650
2543
2652
2667
2730
2609
2572
2479
2413
2536
2476
2488
2475
2449
2516
2489
2474
2500
2523
2531
2491
2547
2469
2568
2560
2444
2495
2696
2637
2518
2506
2557
2705
2668
2521
2454
2557
2462
2691
3062
3348
3570
3372
3106
2909
2798
2684
2687
2658
2809
2747
2563
2535
2564
2480
2497
2547
2498
2516
2590
2596
2645
2657
2619
2517
2524
2471
2537
2554
2533
2402
2566
2680
2645
2528
2525
2582
2621
2857
3221
3353
3434
3297
2966
2736
2876
2850
3043
3062
2741
2670
2581
2546
2448
2538
2446
2539
2535
2455
2470
2544
2476
2492
2512
2551
2540
2422
2462
2506
2543
2655
2649
2594
2522
2493
2528
2528
2741
2976
3379
3568
3406
3003
2666
2585
2461
2551
2496
2546
2534
2503
2479
2492
2454
2554
2597
2562
2382
2433
2569
2460
2570
2599
2499
2505
2546
2635
2659
2675
2688
2933
3214
3292
3178
2819
2720
2521
2438
2531
2545
2550
2543
2550
2510
2496
2505
2551
2428
2564
2485
2515
2568
2510
2537
2620
2688
2621
2578
2496
2546
2639
2801
3060
3383
3650
3506
3197
2833
2648
2473
2475
2430
2486
2455
2487
2461
2471
2425
2502
2466
2466
2405
2594
2445
2472
2539
2523
2681
2728
2848
2845
2785
2594
2434
2473
2458
2408
2419
2404
2493
2450
2465
2391
2476
2397
2582
2822
2978
2894
2964
2872
2759
2716
2598
2601
2510
2487
2553
2696
2655
2644
2621
2448
2526
2744
2691
2772
2741
2638
2552
2524
2428
2394
2456
2371
2375
2440
2360
2428
2484
2598
2506
2583
2663
2570
2536
2633
2619
2562
2553
2481
2394
2454
2448
2449
2363
2333
2453
2401
2420
2546
2615
2600
2515
2517
2413
2471
2495
2613
2747
2847
2602
2612
2460
2613
2484
2510
2496
2410
2464
2436
2353
2447
2431
2361
2337
2300
2388
2387
2378
2464
2450
2427
2369
2514
2659
2754
3096
3062
2825
2781
2495
2348
2393
2489
2373
2420
2450
2375
2429
2377
2366
2474
2419
2395
2344
2312
2388
2378
2427
2428
2377
2390
2340
2383
2378
2348
2360
2384
2358
2486
2515
2404
2331
2428
2579
2442
2414
2469
2366
2375
2377
2327
2435
2442
2531
2529
2555
2477
2403
2393
2447
2351
2339
2426
2299
2309
2301
2325
2324
2411
2320
2430
2520
2556
2633
2493
2426
2372
2321
2279
2289
2416
2366
2286
2417
2439
2423
2529
2541
2414
2348
2348
2303
2355
2380
2351
2303
2376
2496
2743
2771
3045
2997
2850
2566
2469
2238
2392
2374
2357
2369
2259
2360
2457
2359
2576
2523
2477
2557
2504
2527
2470
2472
2508
2503
2748
3076
3382
3435
3227
2946
3064
3296
3269
3264
3065
2750
2501
2404
2280
2345
2476
2340
2307
2373
2349
2392
2484
2405
2418
2345
2421
2386
2364
2296
2365
2343
2370
2361
2541
2918
3409
3666
3713
3317
3000
2776
2820
3273
3703
4507
4684
4577
4020
3483
3017
2777
2927
3566
5147
7213
9408
9509
7574
5119
3425
2653
2566
2713
2660
2738
2561
2331
2355
2316
2406
2301
2352
2357
2361
2374
2306
2344
2286
2305
2394
2345
2393
2512
2713
2837
2951
2912
2915
2638
2390
2334
2278
2302
2223
2301
2403
2384
2372
2358
2236
2342
2275
2260
2350
2701
3110
3683
3563
3233
2775
2364
2315
2378
2235
2235
2283
2317
2334
2316
2297
2304
2307
2333
2360
2434
2306
2396
2384
2312
2391
2380
2428
2266
2389
2303
2341
2373
2367
2347
2398
2402
2333
2379
2355
2570
2451
2541
2538
2545
2485
2356
2282
2244
2338
2320
2383
2290
2365
2374
2421
2407
2284
2402
2400
2293
2298
2361
2458
2378
2601
2691
2737
2538
2596
2358
2231
2470
2493
2439
2434
2409
2403
2472
2328
2377
2513
2707
3191
3769
4073
3983
3619
3060
2881
2597
2515
2507
2575
2578
2706
2754
2683
2594
2846
3520
5353
7341
8540
7791
5671
3738
2815
2445
2331
2393
2362
2329
2336
2327
2378
2456
2456
2424
2360
2408
2324
2386
2310
2259
2316
2412
2389
2475
2635
2526
2413
2354
2430
2317
2291
2376
2310
2349
2320
2482
2497
2486
2486
2569
2509
2597
2591
2525
2527
2475
2405
2429
2386
2403
2359
2286
2439
2413
2311
2331
2363
2372
2326
2368
2416
2372
2312
2390
2386
2522
2490
2509
2587
2592
2547
2664
2692
2789
2766
2658
2432
2400
2409
2411
2441
2368
2312
2359
2264
2392
2316
2410
2380
2324
2464
2422
2489
2439
2453
2410
2512
2463
2474
2435
2471
2487
2415
2449
2523
2383
2470
2571
2606
2677
2652
2666
2562
2463
2454
2527
2598
2640
2782
2585
2550
2539
2517
2534
2502
2513
2435
2552
2582
2605
2570
2542
2498
2548
2585
2575
2778
2758
2770
2746
2658
2585
2584
2535
2712
2797
3052
3729
4799
5750
5553
4701
3629
2901
2649
2612
2512
2691
3195
3875
4739
4962
4575
3764
3075
2759
2644
2659
2600
2657
2697
2600
2701
2632
2775
2680
2683
2646
2766
2726
2687
2598
2623
2628
2758
2740
2854
2791
2814
2737
2768
2807
2894
2812
2807
2718
2865
2757
2760
2766
2842
2776
2772
2725
2697
2769
2824
2793
2745
2750
2970
2832
2773
2793
3023
3232
3602
4136
4737
5140
4855
4711
4117
3882
3591
3428
3039
3066
2970
3031
2983
3011
3012
2969
2995
2915
2946
2969
3064
3235
3177
3123
3011
3052
3006
3007
3049
3022
3089
3084
3074
3048
3039
2941
2937
2928
2976
2902
2980
2920
2919
2996
3035
2947
3007
3137
2971
3115
2950
2959
3002
2974
2806
3001
3003
3025
3073
3034
3042
3039
2974
3032
3059
3026
3122
3262
3506
3800
4188
4442
4268
3875
3561
3394
3344
3270
3169
3284
3329
3379
3600
3825
3640
3469
3342
3150
3159
3098
3181
3220
3242
3434
3612
3550
3622
3512
3406
3201
3157
3208
3142
3162
3195
3158
3141
3124
3263
3115
3194
3133
3289
3163
3206
3274
3363
3416
3500
3516
3518
3429
3365
3167
3147
3185
3201
3214
3194
3147
3122
3198
3232
3239
3267
3154
3367
3212
3252
3337
3164
3184
3356
3331
3243
3339
3281
3296
3311
3323
3350
3383
3288
3424
3447
3302
3322
3307
3132
3279
3197
3255
3417
3161
3248
3273
3307
3328
3288
3366
3385
3360
3398
3511
3417
3523
3383
3358
3459
3393
3416
3342
3258
3328
3280
3407
3462
3362
3550
3425
3396
3416
3421
3363
3291
3297
3252
3373
3287
3410
3386
3372
3281
3276
3389
3366
3349
3507
3543
3552
3772
3967
4025
3975
3946
3838
3895
3891
3707
3606
3642
3639
3504
3419
3481
3449
3398
3394
3371
3539
3405
3380
3558
3540
3587
3721
3949
4365
4437
4202
3971
3706
3543
3524
3501
3629
3536
3448
3445
3438
3473
3756
4173
4734
5369
5615
5167
4553
4114
3771
3893
3925
4074
4123
4177
4071
3943
3852
3908
3847
3784
3624
3730
3578
3836
3850
3640
3576
3689
3728
3647
3636
3613
3770
3743
3759
3816
3858
3914
3927
3854
3802
3957
3935
3881
3832
3816
3769
3767
3836
3793
3917
3958
3847
4033
3861
3838
3865
3832
3713
3735
3732
3862
3984
3916
3931
3902
3885
4066
3943
3935
3986
3958
3881
4040
3934
4010
4000
4172
3956
4013
4143
4398
4728
5276
5695
5731
5404
4922
4571
4437
4307
4274
4257
4176
4124
4142
4160
4199
4236
4230
4154
4243
4247
4301
4301
4265
4286
4162
4220
4284
4268
4382
4295
4297
4391
4418
4407
4405
4404
4378
4311
4465
4555
4514
4389
4521
4570
4587
4618
4765
4743
4755
4744
4767
4676
4663
4753
4931
5445
6529
7905
9312
10208
10418
9384
7397
6042
5109
4692
4510
4397
4325
4370
4369
4326
4320
4566
4640
5317
6474
7636
8059
7421
6444
5412
4841
4734
4548
4477
4433
4136
4157
4174
4194
4061
4245
4090
4106
4101
3992
4087
4254
4130
4171
4298
4248
4344
4164
4199
4171
4122
4135
4174
4182
4135
4049
4152
4095
4114
4012
4152
3991
3987
4116
3994
4069
4080
4096
4102
4220
4165
4214
4298
4244
4167
4169
3983
4035
4074
4049
4055
4012
4110
4018
4038
3923
4000
4027
4097
4025
4204
4303
4610
5660
6842
8263
8275
7227
5721
4653
4101
3935
3980
3721
3906
3970
4091
3983
4072
3965
3994
3840
3778
3867
3889
4126
4025
4145
4005
3990
3848
3786
3758
3672
3685
3731
3865
3787
3786
3708
3668
3786
3642
3700
4041
4574
4981
5072
4969
4652
4290
3941
3891
3782
3660
3727
3573
3541
3602
3618
3673
3598
3605
3482
3723
3619
3536
3594
3547
3673
3629
3654
3577
3591
3797
3596
3587
3571
3558
3457
3550
3598
3742
3885
4211
4316
4334
4300
4045
3644
3656
3560
3530
3440
3551
3506
3570
3653
3474
3544
3510
3489
3437
3564
3557
3514
3463
3469
3533
3443
3462
3469
3640
3562
3651
3799
3597
3670
3538
3588
3546
3526
3536
3501
3456
3510
3561
3501
3725
3715
3607
3615
3589
3498
3444
3423
3556
3578
3399
3353
3437
3398
3322
3360
3500
3459
3559
3487
3513
3522
3513
3618
3521
3470
3557
3642
3618
3688
3658
3625
3538
3556
3417
3472
3498
3582
3515
3662
3601
3557
3607
3583
3868
3987
4292
4193
4048
3977
3918
3762
3885
3664
3704
3571
3500
3483
3635
3508
3553
3577
3545
3567
3691
3574
3791
3794
3714
3629
3776
3592
3544
3612
3731
3669
3651
3598
3486
3509
3704
3847
3760
3855
3718
3894
3831
3813
3959
3870
3782
3708
3997
3949
3913
4013
3727
3918
3881
3863
4119
5348
9633
21265
41624
66792
80923
73999
50830
27703
12319
5961
4098
3746
4028
4907
6186
7763
8229
7931
6237
4918
4021
3876
3850
3957
4347
4880
5854
6610
6673
5894
4881
4128
3860
3628
3680
3654
3662
3650
3754
3679
3662
3598
3746
3704
3613
3646
3782
3707
3625
3706
3807
3776
3798
3772
3757
3791
3766
3765
3730
3725
3752
3814
3823
3664
3677
3839
3770
3863
3976
3872
3805
3740
3535
3513
3520
3523
3570
3316
3248
3281
3424
3629
4428
6622
10310
14817
17365
15761
11689
7162
4412
3357
3077
3246
3927
5481
8165
10775
12007
10563
7894
5312
3555
2869
2691
2849
2790
2963
3066
2992
2904
2835
2725
2664
2936
2890
2885
3008
2865
2870
2743
2784
2850
2879
2888
2801
2843
2778
2759
2565
2666
2712
2746
2786
2645
2620
2508
2605
2679
2806
2746
2732
2619
2615
2511
2577
2649
2723
2997
2970
3046
2752
2650
2510
2426
2334
2414
2414
2336
2313
2301
2258
2297
2351
2234
2259
2310
2254
2198
2210
2224
2256
2222
2304
2314
2343
2329
2287
2282
2315
2282
2242
2365
2315
2410
2576
2667
3025
3014
2915
2610
2397
2203
2092
2020
2016
1938
2039
1979
2009
1920
2000
1917
1951
1938
1876
1890
1971
1960
2165
2489
3616
5098
7081
7892
6966
5283
3479
2464
1941
1759
1764
1771
1765
1769
1740
1664
1725
1726
1696
1708
1719
1671
1740
1714
1844
1705
1732
1717
1658
1717
1601
1686
1670
1603
1554
1533
1501
1468
1523
1627
1449
1548
1531
1491
1557
1536
1432
1451
1534
1489
1469
1501
1537
1649
1616
1640
1661
1518
1558
1554
1527
1417
1445
1510
1434
1472
1543
1533
1536
1511
1473
1472
1412
1425
1559
1505
1506
1447
1481
1449
1465
1582
1643
1629
1696
1617
1582
1517
1495
1481
1587
1652
1703
1585
1651
1530
1489
1386
1415
1398
1398
1384
1380
1409
1356
1418
1439
1393
1476
1439
1485
1532
1551
1656
1649
1663
1611
1518
1573
1503
1431
1378
1369
1386
1418
1398
1437
1393
1541
1613
1631
1664
1627
1619
1546
1438
1393
1407
1340
1326
1352
1379
1342
1349
1313
1343
1347
1433
1354
1347
1433
1389
1411
1418
1363
1431
1474
1439
1461
1538
1560
1461
1509
1520
1467
1546
1448
1482
1455
1367
1442
1439
1399
1450
1435
1424
1422
1362
1511
2301
5193
14368
36023
70972
106952
123644
108040
72061
35627
13884
4566
1840
1279
1175
1209
1214
1248
1192
1247
1249
1397
1578
1582
1478
1310
1120
1062
1100
1123
1040
1088
1096
1065
1040
1031
1023
1107
1053
1061
1035
1005
1042
982
1013
1035
1003
1019
1038
1063
1050
1079
1105
1065
1034
1035
1045
1028
1025
1014
991
951
968
951
1017
1004
1016
987
1016
1029
980
1055
1102
1065
1087
1050
1048
1115
987
1040
995
991
987
984
981
999
1028
1061
1164
1146
1153
1103
1084
1037
1055
1067
1250
1630
2288
2852
2949
2567
2087
1387
1156
1091
1033
1016
1067
1080
1245
1239
1322
1256
1190
1065
1076
974
998
952
945
957
938
910
983
941
1024
1138
1138
1135
1173
1125
1069
1065
1066
1012
1100
1081
1103
1025
1031
1007
1007
1010
981
1015
992
1110
974
1001
1089
1016
1007
1006
993
1068
1035
987
1017
995
1010
979
961
1023
942
993
943
989
981
959
965
987
973
1021
967
959
1024
1097
1109
1104
1113
1110
1085
1029
1065
1136
1100
1148
1077
1105
1041
971
991
951
999
1045
1007
1026
1049
1037
980
1087
950
1034
1043
1058
1042
1068
1093
1080
1007
994
982
1044
1040
1010
987
1008
990
981
1039
1082
1200
1297
1444
1436
1267
1183
1089
1086
1096
1090
1071
1018
999
1017
1081
1044
1060
1086
1085
1013
1004
1010
933
1049
985
1031
1072
1047
1036
996
1006
1060
1119
1155
1126
1148
1166
1105
1118
1202
1228
1260
1230
1143
1016
1067
1012
996
1079
1098
1153
1139
1206
1169
1086
1067
1192
1121
1147
1091
1009
1014
1015
1118
1315
1577
1733
1869
1627
1521
1231
1096
1004
1078
1019
962
1005
933
993
982
1027
1027
1142
1199
1285
1259
1212
1117
1077
1045
985
995
1049
1066
1058
1007
1038
1022
1078
1018
1077
1033
1109
1034
1012
1035
979
898
892
960
914
1006
962
1009
917
1010
997
1005
1015
989
1019
952
994
1023
1033
1101
1120
1189
1255
1216
1193
1148
1260
1292
1266
1220
1125
1063
995
934
992
925
909
998
1014
1006
1029
941
978
999
957
938
962
965
991
1063
1008
1085
1066
1010
1020
969
1004
939
998
986
994
954
980
892
971
958
1002
979
940
972
1003
1058
1043
1089
1051
1039
1049
1051
1008
1038
1070
962
1021
946
1024
1157
1389
1630
1845
1862
1681
1411
1220
1097
1009
1036
1106
1081
1107
1055
1042
1106
1087
1080
1077
1085
990
993
1014
971
911
1040
1002
1025
981
982
1007
1113
1057
1029
1054
1120
1139
1149
1218
1158
1211
1229
1281
1208
1179
1134
1017
1022
1077
1040
1037
1052
1041
964
1010
942
1023
960
998
986
970
947
972
975
1029
985
1078
1040
1020
1017
962
1018
1026
961
946
948
946
988
1031
1032
1120
1264
1483
1585
1580
1457
1273
1184
1093
989
1040
975
976
967
974
997
1033
1005
1026
1050
1134
1190
1179
1192
1182
1224
1128
1175
1208
1178
1119
1030
1000
1006
975
952
977
1021
1012
910
978
996
1227
1481
1850
2179
2135
1888
1578
1333
1154
1126
1097
1074
1064
1023
955
944
1017
1005
960
882
945
942
1010
1010
953
994
997
966
1031
1053
970
968
940
950
914
928
891
915
955
967
903
909
972
903
892
924
891
958
939
988
994
923
985
917
878
972
920
980
916
908
948
886
927
893
950
919
850
859
863
960
917
888
981
939
930
975
1077
1310
1605
2137
2223
2299
1976
1562
1256
1029
899
897
933
955
977
1031
993
959
904
916
887
936
931
1007
1078
1154
1260
1235
1150
1079
982
928
912
937
950
983
1025
997
945
900
898
851
875
849
892
847
945
997
1027
1092
1202
1112
1039
1008
991
914
932
941
944
878
898
902
856
930
838
881
850
879
850
874
904
922
879
912
857
953
838
901
920
906
885
949
1031
1012
1130
1056
1012
1113
1133
1301
1382
1344
1237
1114
1015
970
965
941
939
958
906
855
876
841
869
863
890
880
980
950
939
969
960
934
864
885
881
958
972
1006
1063
1019
946
827
839
813
816
860
907
912
984
1097
1173
1168
1168
1060
1067
998
976
990
950
920
902
810
793
839
780
794
804
842
814
996
1173
1503
1734
1750
1571
1319
1079
904
849
785
788
810
785
826
856
857
855
967
1097
1181
1169
1176
1118
1032
862
841
818
749
813
839
873
806
819
866
877
863
848
859
855
886
919
836
900
869
964
945
1071
1055
1046
1049
984
955
855
917
852
917
1008
1203
1580
2259
3176
3912
4034
3350
2530
1685
1155
926
863
877
833
814
808
788
856
873
940
902
913
960
908
878
879
1055
1284
1629
2000
2079
1932
1582
1138
1029
931
922
916
969
997
1056
965
930
940
913
1000
1000
973
937
849
872
922
944
965
1045
971
930
854
858
781
731
797
758
764
733
825
765
778
777
766
789
821
822
845
888
947
1021
1226
1534
1798
1874
1685
1415
1194
1001
928
898
795
838
814
907
846
881
947
962
921
881
888
807
797
786
839
852
921
968
925
954
881
899
797
751
741
797
785
754
757
775
812
840
873
908
992
1079
1224
1206
1085
992
913
820
791
783
794
869
815
846
882
834
779
796
794
761
799
802
766
755
861
883
939
992
971
945
845
875
792
762
849
774
807
807
835
785
773
816
856
790
864
855
881
838
903
848
839
857
899
908
898
812
819
777
791
762
823
805
852
819
849
830
789
746
815
787
779
812
839
831
851
797
821
853
851
840
864
888
967
931
959
1020
918
886
863
903
943
965
1016
1130
1056
985
889
823
831
797
782
815
728
776
795
812
802
857
855
814
927
867
955
892
1015
994
918
896
825
807
807
772
814
829
812
812
823
741
799
862
915
975
978
935
871
833
918
943
1013
1129
1075
1039
1012
932
864
846
856
886
908
952
1061
1133
1098
1039
1002
840
903
851
881
786
843
800
808
830
879
835
835
892
838
916
986
969
957
924
857
868
830
864
857
844
846
846
1003
1244
1636
2228
2850
3498
3726
3368
2907
2120
1634
1355
1270
1308
1250
1242
1118
1101
936
929
896
895
896
876
888
892
829
907
788
839
822
905
843
926
848
910
939
989
1007
1113
1306
1561
1771
1726
1638
1338
1096
1026
991
999
1037
1245
1408
1484
1486
1394
1212
1097
982
950
933
905
948
901
910
932
994
1036
1081
1131
1188
1266
1052
1087
1041
956
1015
908
969
924
912
988
987
1136
1093
1122
1107
994
966
915
929
864
926
954
940
911
940
980
1087
1037
1135
1275
1460
1601
1856
1879
1957
1777
1624
1520
1311
1219
1077
1055
1043
956
943
937
902
885
916
972
895
940
995
1003
1023
957
1105
1091
1141
1103
937
971
932
904
947
1008
1002
968
1038
982
950
896
959
946
954
1011
986
937
949
935
953
953
985
959
931
971
910
951
960
890
886
898
876
920
902
981
897
893
974
904
954
976
995
1097
1151
1086
1054
1082
1014
1023
901
938
945
902
956
894
880
923
938
926
914
882
859
922
910
904
925
926
968
1015
976
1020
973
1032
959
963
946
906
939
924
998
991
974
967
1025
1021
994
989
990
1010
1004
1009
1017
1050
1064
1096
1086
1010
1030
968
941
938
956
970
884
905
916
953
962
1004
1026
1004
970
1021
966
984
957
966
1002
948
992
976
982
973
1034
991
1000
1020
980
1005
977
1029
923
1031
973
933
970
1014
1034
995
1060
1152
1216
1136
1205
1089
1035
985
998
1086
1062
1051
993
962
1015
926
1045
929
1027
994
1073
980
967
975
963
996
986
1116
962
1099
1119
1173
1209
1201
1241
1121
1141
1156
1118
1146
1226
1389
1295
1379
1212
1185
1132
1045
1013
956
993
1093
1008
983
979
990
950
1022
969
1011
1034
1114
1172
1137
1169
1134
1248
1281
1300
1359
1234
1175
1091
1051
995
1014
1047
1077
1066
1008
1038
995
969
1040
993
1031
994
1053
1036
1040
984
1015
990
1088
978
1072
1012
1114
1075
1189
1290
1326
1273
1202
1094
1088
1023
1060
1039
961
944
998
1108
1160
1193
1312
1293
1263
1166
1138
1038
971
959
952
942
974
941
936
976
964
942
997
975
983
937
980
956
978
999
938
954
1009
1019
983
996
931
968
926
973
950
958
981
938
940
912
919
908
996
1016
1076
1054
1078
1011
1010
977
943
948
964
937
900
967
910
963
965
970
998
969
931
987
998
943
1017
1013
1126
1222
1192
1131
1085
1002
979
957
965
936
954
934
891
918
879
857
876
907
850
883
860
893
862
891
893
935
910
1010
1022
955
957
923
860
894
949
962
883
927
900
843
835
790
843
777
836
847
855
807
850
861
806
869
789
783
825
822
825
774
791
840
862
848
893
1008
1140
1241
1243
1200
1063
1026
923
843
840
900
899
969
1034
1078
1131
1135
1075
1049
938
960
878
927
934
1117
1229
1264
1249
1100
952
861
846
752
776
800
732
749
734
737
755
677
747
753
776
732
814
861
847
905
879
806
777
786
786
788
855
996
1035
1070
1064
1030
982
813
752
796
750
724
798
788
811
788
749
740
724
747
719
734
808
770
760
767
786
717
734
705
766
726
752
667
734
683
681
666
696
689
697
757
854
819
826
790
807
796
819
773
822
753
689
712
710
695
689
678
678
707
695
650
699
669
662
656
637
697
633
709
743
817
773
764
796
721
729
697
661
633
660
698
674
706
695
694
625
709
725
695
710
708
687
684
754
700
680
681
660
686
701
689
685
692
656
652
666
612
660
676
652
651
611
562
618
643
617
693
691
692
657
626
600
646
655
659
656
693
660
650
721
652
654
635
639
638
595
591
638
671
830
1188
2232
4287
7590
11745
14176
14300
11609
7832
4420
2179
1175
828
854
851
855
794
767
685
662
685
635
655
668
602
586
615
611
638
591
606
636
619
662
699
807
828
776
746
711
658
591
633
663
627
629
609
662
589
606
618
583
594
555
586
573
634
586
591
624
611
607
599
600
665
728
959
1233
1695
1852
1941
1796
1410
1204
1005
838
787
709
739
676
657
613
595
565
525
538
608
595
580
645
670
648
644
587
630
670
595
617
690
753
1073
1662
2619
3813
4437
4446
3730
2555
1620
986
721
667
607
574
558
576
597
596
546
575
597
550
617
647
647
628
643
657
562
607
602
661
652
641
600
674
613
673
706
718
722
628
619
574
574
586
587
542
521
546
562
540
545
609
529
551
566
582
563
584
654
624
668
610
566
555
517
535
540
539
617
615
780
930
1166
1351
1324
1237
994
809
695
610
568
585
544
518
538
562
525
570
515
570
555
535
524
546
517
561
558
548
539
534
543
521
574
587
675
734
705
690
699
611
598
626
598
681
574
582
579
545
587
615
563
586
636
619
594
580
548
528
538
515
514
562
513
609
589
622
663
699
700
804
723
739
669
605
573
563
508
511
555
514
489
507
518
497
485
505
534
568
539
546
544
571
611
647
616
623
677
703
677
609
637
586
610
581
583
598
584
584
616
644
577
598
585
538
541
510
539
535
568
629
548
584
537
517
515
625
624
584
619
554
563
551
523
532
487
541
571
730
958
1300
1664
2013
1951
1629
1286
980
737
588
528
553
493
496
566
548
578
506
543
520
504
514
539
525
519
518
554
543
598
558
556
537
489
463
494
474
504
505
500
512
510
524
526
572
509
550
541
534
498
531
545
542
520
496
488
481
505
492
531
521
439
506
469
492
494
486
461
484
494
508
451
530
498
520
564
513
531
555
534
472
514
496
521
442
485
499
486
547
579
616
608
677
667
594
626
595
606
587
566
534
525
573
570
609
678
631
587
557
528
489
504
482
530
525
480
560
539
523
539
552
542
612
560
535
530
518
582
584
590
605
636
610
585
589
649
703
757
692
646
603
574
544
539
483
569
483
527
521
588
672
696
695
728
649
538
511
561
552
528
509
508
494
536
549
579
593
639
647
594
603
630
528
552
501
545
491
530
521
483
486
512
533
496
491
500
470
563
472
499
546
547
619
591
619
638
605
591
591
562
537
513
538
520
585
667
789
1114
1517
2105
2687
3003
2976
2654
2322
1866
1637
1460
1364
1311
1211
1260
1519
1796
1932
1767
1585
1221
939
759
643
632
594
566
623
604
654
555
609
616
626
660
670
741
659
624
599
600
590
600
559
565
587
614
561
615
590
650
637
611
647
706
784
851
892
856
870
724
696
691
624
600
671
707
804
914
952
1039
969
847
785
710
651
658
728
665
686
659
600
625
612
604
589
599
583
592
578
617
620
598
581
617
598
556
564
581
582
634
666
649
742
725
815
826
940
865
876
694
632
642
614
589
641
593
599
572
594
595
559
605
594
678
662
767
851
831
830
759
680
663
611
672
674
718
688
728
716
812
766
742
706
715
634
640
685
630
685
629
649
639
641
645
606
643
617
589
641
607
631
582
581
628
567
572
592
646
616
583
568
619
588
566
603
617
582
557
607
569
619
602
576
600
568
586
591
593
560
572
578
594
623
551
527
585
602
559
629
625
579
553
584
590
590
632
630
693
667
719
667
630
612
644
604
663
679
651
698
706
690
667
593
590
623
613
580
581
606
587
643
625
659
630
611
639
657
612
610
614
581
622
599
598
604
678
726
706
671
714
745
714
700
648
639
665
613
699
635
659
649
660
650
621
599
612
620
617
617
594
658
626
584
626
620
645
630
572
588
605
601
653
642
602
628
668
651
638
581
615
615
599
620
624
575
621
582
637
615
674
642
609
598
621
562
642
666
623
660
653
628
635
601
663
591
685
666
762
789
852
849
882
825
749
715
717
730
662
674
632
603
679
638
668
625
603
632
616
643
656
675
688
631
621
632
618
662
618
646
649
620
637
597
625
651
646
689
652
661
653
653
681
645
728
675
687
640
639
670
699
696
641
680
653
719
658
669
690
685
628
659
690
688
677
623
642
573
604
616
628
560
548
633
604
602
576
569
578
551
551
605
583
571
621
581
598
581
575
560
629
624
695
665
647
697
634
577
604
570
540
644
625
595
566
607
577
587
538
590
587
612
611
700
779
866
1035
1139
1208
1249
1084
930
770
679
686
691
644
677
618
610
535
581
549
605
540
537
516
583
613
578
696
699
717
837
916
973
983
1028
965
823
725
650
705
581
577
571
566
540
598
558
610
553
592
554
571
598
576
531
532
526
570
558
587
618
636
678
712
605
650
592
527
538
586
535
529
552
495
513
542
516
478
515
508
499
533
557
564
593
593
580
544
510
537
577
480
543
567
540
527
509
525
474
510
476
480
570
513
504
502
482
501
467
523
495
509
512
537
508
560
599
586
634
597
583
522
524
531
503
487
466
473
470
486
471
484
434
497
501
467
471
443
482
459
466
498
450
510
491
504
491
485
471
441
479
497
511
546
572
579
593
543
507
546
521
451
461
493
467
479
481
418
431
452
448
460
436
439
430
411
489
467
478
457
486
439
476
456
491
421
508
466
480
474
475
435
435
437
467
489
454
534
490
532
592
641
677
706
677
656
584
550
535
525
473
499
512
457
493
486
484
502
503
502
509
480
494
494
470
491
518
466
510
509
519
530
508
513
475
527
519
549
505
500
490
520
521
459
517
519
558
481
465
544
458
525
500
519
516
486
478
527
517
532
493
532
495
521
535
624
648
768
768
739
652
621
541
513
565
535
562
536
676
931
1363
2365
3939
5860
7607
8364
7907
6737
5378
4562
4192
4163
3812
3245
2597
1789
1340
902
701
636
628
605
659
652
656
636
720
724
671
667
617
628
568
647
697
664
685
653
591
605
648
582
559
584
619
553
559
570
635
683
761
762
795
726
720
672
651
682
581
598
623
637
597
600
605
598
604
587
588
593
574
563
584
644
667
714
707
657
647
617
642
561
527
508
556
556
556
550
552
584
603
605
615
580
572
630
597
557
555
572
531
563
577
544
535
573
584
556
625
636
629
574
637
598
586
564
539
630
597
565
612
628
600
624
574
580
600
606
596
597
572
592
553
574
589
540
569
602
653
818
966
1018
1045
985
845
766
638
610
561
596
546
572
584
590
616
572
635
596
588
598
611
619
584
617
613
602
579
570
549
534
548
558
567
554
549
531
530
514
544
560
551
540
570
590
615
603
634
582
579
539
533
578
593
561
570
556
573
564
594
589
595
577
557
601
544
551
523
588
560
557
556
555
594
567
561
605
605
560
587
588
628
608
616
559
570
569
553
550
530
556
513
549
540
528
532
585
567
549
530
539
612
606
637
562
553
584
577
559
611
644
703
721
722
725
763
677
619
616
639
591
609
598
607
599
590
584
550
603
588
596
555
575
581
588
527
557
562
616
589
624
635
663
620
655
610
609
568
573
595
557
599
616
616
579
599
533
561
573
544
575
629
561
624
651
619
650
637
644
618
629
625
570
610
574
550
585
570
563
588
565
584
556
559
577
568
561
585
593
572
633
612
641
643
622
630
681
622
614
600
590
604
579
625
676
646
621
654
630
596
612
606
554
617
588
637
656
666
694
693
652
665
653
655
651
608
641
604
579
573
573
611
555
559
585
612
590
521
565
566
559
599
600
623
689
644
632
647
703
597
590
617
594
580
538
543
526
557
505
548
545
538
537
598
488
524
509
528
537
516
521
517
513
526
509
490
533
527
488
481
518
533
527
520
495
511
518
454
521
484
554
482
524
571
552
497
561
574
554
621
616
603
620
624
574
627
617
598
607
575
554
577
527
486
461
490
491
521
509
492
492
506
563
733
954
1181
1438
1693
1748
1556
1155
848
681
567
518
491
471
494
454
467
489
471
477
472
451
507
455
488
448
489
474
497
479
450
437
458
450
425
443
500
463
449
472
435
397
433
420
453
442
453
440
443
435
374
427
438
375
461
423
416
428
452
423
408
425
425
457
424
401
441
412
410
401
417
443
439
457
449
419
483
487
510
479
463
462
408
426
400
442
430
512
499
623
581
584
517
490
393
416
388
388
381
410
361
417
340
394
382
355
361
329
356
359
363
336
354
375
354
375
376
382
367
355
361
404
388
438
484
530
610
607
602
614
500
427
403
406
340
357
402
353
355
332
364
326
353
343
330
353
339
337
341
316
303
330
316
320
308
363
308
338
317
305
340
325
365
366
365
357
341
371
393
426
443
481
532
493
527
467
387
365
374
330
368
419
430
489
551
532
540
523
531
500
404
386
377
371
368
378
351
337
322
351
345
321
350
321
337
349
362
323
337
380
349
403
380
457
421
422
399
367
381
390
427
398
391
405
393
386
458
478
481
438
462
414
425
356
332
317
315
327
335
320
350
353
358
359
357
359
354
365
332
344
330
367
325
339
347
436
610
1057
1862
3177
5160
6929
8284
8683
7432
5622
3514
2066
1015
597
377
360
338
407
424
528
516
605
674
630
600
543
540
459
438
448
405
373
346
339
325
327
318
327
319
309
366
354
401
497
579
702
854
879
856
693
631
530
484
433
405
360
319
339
318
320
304
303
276
306
325
309
366
389
469
564
650
680
656
533
452
410
347
339
324
318
310
336
308
344
375
369
386
414
419
402
345
368
381
411
431
448
434
437
460
441
502
512
632
708
739
735
722
610
537
459
373
345
387
315
353
378
358
403
442
433
413
437
365
405
375
333
346
305
320
312
296
277
313
296
298
293
312
288
306
316
288
317
337
318
307
288
319
316
298
296
326
313
281
296
309
327
356
388
380
405
386
389
370
289
356
325
293
277
319
308
344
330
346
292
295
335
306
286
295
319
312
334
317
294
320
307
326
302
301
327
346
342
350
408
406
400
360
385
349
357
320
329
334
307
354
323
347
326
316
328
340
336
310
340
280
291
313
300
335
357
367
354
454
462
455
463
413
376
355
333
351
339
326
313
291
332
307
304
309
316
306
327
355
347
429
576
681
759
728
754
667
547
461
366
379
324
300
295
311
292
294
311
351
322
315
282
325
346
300
334
316
354
327
355
348
377
348
345
320
373
379
337
341
311
329
388
380
334
342
341
353
337
312
313
333
317
329
321
335
377
387
409
489
423
425
420
397
392
335
327
325
361
317
328
334
321
311
328
324
339
348
289
340
356
327
329
356
400
446
492
452
484
452
440
358
360
350
356
352
354
401
366
393
367
388
374
346
372
447
479
508
615
602
597
654
580
498
480
451
419
350
323
339
290
343
340
319
350
334
335
336
328
347
378
336
335
342
369
344
367
406
437
493
536
573
569
575
493
423
369
420
349
341
322
344
359
335
341
335
327
365
326
341
359
351
375
391
363
372
371
353
367
360
352
311
374
313
362
322
315
336
323
360
345
333
360
315
314
346
365
360
354
398
355
412
417
394
429
382
416
362
387
381
403
382
435
364
363
332
320
339
341
357
348
351
357
351
314
301
326
357
317
327
362
343
347
355
334
319
363
367
338
358
378
344
371
343
422
412
369
391
395
362
352
310
337
315
373
309
298
322
331
333
308
331
310
333
306
314
276
315
282
322
344
324
315
319
326
313
318
329
350
332
290
297
320
320
306
322
323
300
321
332
331
280
301
347
322
314
281
342
357
387
399
445
490
506
517
441
367
383
335
352
323
338
324
375
335
340
312
293
334
356
325
346
321
315
352
340
315
327
339
361
342
333
329
302
307
306
292
290
317
320
359
292
292
322
316
301
335
331
307
337
336
332
315
325
318
338
320
317
399
335
357
369
373
425
448
443
435
491
431
398
408
342
349
347
336
347
325
339
342
325
324
341
350
338
344
376
360
417
445
444
444
448
475
472
529
541
563
578
566
505
445
401
393
448
533
623
847
1040
1233
1392
1388
1211
1063
857
688
656
602
681
876
1118
1485
1625
1634
1490
1185
856
635
518
437
442
409
428
472
488
592
663
781
786
937
878
800
679
603
491
456
444
439
383
438
499
518
620
679
669
718
604
556
505
451
432
403
391
426
380
369
400
395
463
437
441
458
433
444
404
447
378
409
381
380
390
412
370
418
412
384
433
414
425
395
404
432
393
394
371
417
428
440
444
453
431
423
443
407
374
387
410
381
363
358
417
428
416
353
439
437
444
450
484
485
553
483
511
500
450
431
440
402
459
391
407
429
367
397
401
386
393
384
411
405
407
374
374
392
401
431
400
403
423
428
405
436
440
404
392
405
417
445
392
435
396
406
426
367
400
382
398
415
419
423
480
456
577
661
771
893
904
984
854
781
728
698
779
943
1025
1210
1257
1225
1027
845
755
593
527
467
420
404
388
364
429
416
443
491
488
483
464
493
423
386
398
393
403
396
422
407
390
422
412
431
420
396
452
417
421
392
387
387
394
438
383
459
407
393
394
376
389
359
399
424
394
404
402
399
391
377
383
379
383
442
407
426
441
407
410
420
374
369
408
410
397
440
441
423
379
448
405
410
426
422
465
432
475
456
449
492
433
430
428
424
418
474
423
457
475
444
472
472
434
436
410
472
435
439
483
418
426
463
460
506
511
578
673
811
980
1162
1274
1301
1278
1082
938
745
616
546
541
510
512
455
467
446
465
425
442
460
439
449
437
447
445
462
468
475
462
545
437
414
465
458
401
447
415
430
423
451
402
450
443
419
463
437
416
426
418
448
455
450
475
422
463
427
489
374
427
464
454
452
427
440
416
407
451
404
437
399
436
462
451
452
413
426
431
443
426
464
409
442
440
437
431
431
450
433
422
450
444
409
426
417
403
449
436
449
496
448
472
515
465
460
462
452
439
447
394
439
407
434
429
397
393
405
440
399
430
417
481
426
441
429
453
471
445
502
604
688
805
888
970
916
809
749
749
636
575
515
511
422
454
447
471
475
455
454
445
410
461
426
445
394
436
438
442
456
480
498
609
674
754
902
919
793
716
631
551
518
452
445
439
482
460
431
378
419
428
452
441
482
474
484
508
478
488
486
440
421
438
463
475
460
455
424
439
496
426
383
422
383
394
402
399
417
400
388
389
385
412
436
471
535
530
573
620
562
474
504
443
442
424
450
439
439
408
423
404
416
409
416
348
388
383
383
385
358
385
345
405
394
362
355
364
366
415
373
370
414
408
378
392
374
368
359
384
378
383
405
390
376
369
364
387
361
369
370
383
369
380
365
341
330
343
360
369
349
361
341
375
337
371
324
342
385
387
359
354
369
409
387
366
329
374
329
345
320
344
313
357
380
365
365
320
386
317
369
360
369
352
354
358
380
356
333
342
345
368
353
369
376
394
383
399
372
385
361
363
379
376
352
402
392
363
416
456
464
502
507
624
510
473
474
467
399
417
420
408
370
357
394
364
375
394
436
387
386
371
394
422
370
392
365
388
368
395
384
382
383
429
435
503
569
619
762
873
1058
1058
1082
986
820
710
567
521
435
416
376
434
406
428
405
405
418
428
394
460
510
503
589
658
629
638
615
597
520
486
433
409
377
383
432
422
422
461
555
606
808
1101
1498
1937
2093
2252
2113
1813
1438
1222
1358
1619
2365
3445
4798
6013
7056
7283
6632
5604
4237
2938
1818
1219
868
663
589
572
591
725
863
1054
1203
1203
1178
1097
942
687
630
574
571
537
546
559
487
504
469
506
461
497
509
538
534
522
516
488
538
481
518
494
481
484
470
497
488
500
508
512
480
494
505
541
490
466
511
493
477
487
469
515
468
486
498
521
522
508
483
540
500
493
497
477
474
448
489
449
503
507
515
452
516
493
450
473
473
492
469
492
480
528
505
522
580
558
545
628
638
630
605
539
549
511
470
531
474
492
500
522
529
461
474
482
484
475
460
499
469
466
511
474
508
515
499
477
496
510
485
464
462
465
458
498
494
442
483
471
467
462
460
436
488
461
484
474
496
586
645
816
946
1097
1201
1155
1031
865
701
580
564
530
459
466
427
450
442
447
459
489
495
494
518
492
471
465
526
481
483
533
493
487
463
462
474
460
453
475
491
481
506
512
456
511
536
489
513
500
489
462
495
490
467
471
482
509
462
489
503
490
473
445
490
488
447
444
500
498
489
481
477
497
459
489
465
481
476
452
520
500
471
460
452
484
507
480
520
519
460
508
502
488
501
485
514
490
565
557
526
563
533
534
538
544
499
506
505
484
493
509
442
505
560
512
493
563
516
510
559
551
578
528
518
502
580
619
648
797
968
1265
1597
1801
2097
2121
1945
1759
1333
1070
833
786
663
711
733
659
609
621
522
535
529
510
504
496
498
496
492
507
515
491
486
490
486
470
534
481
505
498
512
502
501
453
548
521
493
497
502
498
503
485
522
485
519
529
521
507
497
492
485
485
461
521
489
532
491
491
483
497
517
485
498
531
502
517
472
486
507
498
529
536
518
534
531
503
521
527
460
485
488
457
485
457
496
511
494
473
540
469
525
531
442
503
522
468
430
439
424
426
423
457
442
463
414
417
452
445
449
459
408
446
466
412
398
412
418
452
448
472
407
463
457
440
407
432
449
425
418
416
431
407
461
400
400
413
421
444
405
422
429
409
396
392
409
368
420
392
393
402
392
394
413
415
407
415
399
408
431
396
425
425
395
403
372
426
419
443
419
417
397
407
400
405
397
401
381
406
396
338
386
357
387
348
410
446
461
498
534
587
604
626
535
527
497
420
384
376
362
347
361
389
350
364
365
350
353
316
344
343
344
298
331
334
346
354
325
356
327
316
302
334
294
274
286
292
317
301
301
260
261
270
316
261
248
278
265
303
302
253
233
284
234
248
240
267
224
275
225
256
250
262
281
221
245
220
226
242
230
223
238
207
222
226
238
225
219
222
213
187
211
215
206
193
205
185
178
207
185
203
211
231
207
215
240
228
219
214
207
185
205
193
183
190
217
204
182
174
204
170
174
187
198
189
161
160
174
166
166
173
179
188
197
193
190
163
177
187
168
183
168
192
170
170
160
177
157
175
199
213
211
280
332
370
399
388
368
349
259
241
205
193
196
178
172
146
152
161
144
166
187
169
156
179
147
190
162
171
170
170
157
188
190
162
166
178
214
287
397
593
822
999
1188
1133
1034
801
624
404
294
219
187
168
154
167
181
169
203
197
218
252
255
303
345
340
313
317
273
241
187
202
159
160
154
171
187
148
133
152
164
154
147
141
151
168
171
158
155
146
174
220
350
573
1083
2006
3349
5382
7738
9636
10443
10184
8613
6122
3879
2184
1076
526
271
175
136
147
133
139
132
135
156
132
137
136
114
136
139
133
105
106
129
125
140
163
159
157
135
146
166
146
139
134
149
135
125
119
132
125
120
134
117
115
109
127
102
118
116
122
129
105
92
105
124
116
125
119
134
166
187
196
214
223
219
146
170
129
132
128
104
117
129
117
115
110
113
132
124
125
135
114
116
144
101
96
131
132
117
159
124
150
120
134
134
137
114
106
89
123
117
113
123
102
111
125
112
93
109
127
110
120
112
106
122
115
118
103
123
92
118
115
117
104
98
89
106
121
111
87
119
122
103
102
106
104
100
105
95
102
110
97
109
112
90
91
110
95
96
93
94
89
119
107
98
104
106
87
89
110
103
103
113
96
104
81
100
118
118
134
133
139
132
168
180
149
138
138
129
118
114
118
104
103
139
143
137
150
155
133
117
118
90
101
86
96
102
103
102
102
106
96
98
92
86
102
89
107
92
94
103
107
89
100
90
98
98
89
98
88
102
81
88
102
95
101
99
98
88
85
96
122
92
107
99
106
87
86
96
97
100
92
89
89
120
98
100
99
119
100
107
81
80
87
87
95
128
141
173
218
273
301
304
269
209
196
132
121
128
131
164
200
291
438
532
609
561
556
513
446
417
374
385
329
386
399
416
427
384
304
260
197
132
117
120
102
116
104
108
129
127
98
109
104
91
122
128
95
115
124
109
108
117
100
115
129
130
114
112
137
126
119
110
107
98
110
106
114
113
103
111
102
94
124
112
106
93
96
92
88
113
103
100
101
117
121
112
110
110
106
114
104
111
90
103
91
102
103
106
99
103
85
127
116
134
168
185
228
290
370
422
484
466
468
369
298
230
193
126
112
131
129
107
112
112
118
124
123
132
124
140
147
162
155
134
121
138
109
114
114
126
111
130
108
121
112
134
128
97
100
113
132
120
107
103
107
105
115
106
106
118
91
113
96
126
113
116
116
131
141
154
156
175
170
157
178
146
150
147
118
110
115
131
143
136
157
199
202
215
202
168
149
174
132
145
170
165
172
175
163
146
135
110
128
143
141
152
260
278
363
458
439
474
478
350
277
204
202
214
215
231
314
382
350
346
308
265
218
180
155
117
142
115
121
106
121
115
113
113
137
110
121
167
131
133
139
152
139
142
110
116
136
135
133
109
112
120
136
112
127
124
109
129
115
144
138
105
121
108
119
103
130
112
117
109
99
106
116
133
115
96
116
119
99
118
124
118
104
109
127
110
110
108
122
109
119
123
132
123
103
114
119
122
138
127
134
121
126
122
111
139
126
123
118
113
109
113
115
130
116
134
107
139
140
134
113
124
132
100
110
107
93
120
112
134
104
108
102
143
121
80
132
123
109
123
121
117
124
126
116
121
127
122
134
118
135
137
140
137
116
117
103
138
126
128
118
127
122
115
130
129
123
102
125
114
102
113
130
112
126
107
123
114
115
116
113
119
119
118
105
109
97
116
122
135
125
120
114
139
139
129
135
119
149
144
163
215
269
309
422
495
530
518
450
417
344
290
189
185
138
131
150
134
148
125
118
120
122
121
125
145
131
107
124
116
123
141
116
113
125
108
129
126
98
132
127
130
143
124
131
176
118
119
150
121
121
144
121
142
154
112
142
133
116
128
126
122
133
118
135
114
134
123
119
116
165
116
132
137
116
129
132
134
117
146
128
135
141
124
113
137
131
134
143
151
99
119
146
103
117
117
100
133
134
109
135
132
116
130
131
127
147
180
175
223
234
242
231
207
194
161
133
143
116
130
130
133
90
108
110
125
109
127
123
148
112
119
118
115
122
135
121
148
148
139
156
171
168
138
144
129
120
114
117
102
113
93
115
118
109
108
114
122
101
121
133
105
82
113
106
126
98
124
106
105
108
108
106
123
107
114
107
129
112
96
103
111
97
129
111
114
112
98
123
109
113
106
104
108
103
109
118
114
118
125
118
107
103
107
92
103
124
125
106
116
118
118
102
114
118
112
113
116
115
146
165
181
186
183
178
151
152
117
114
123
120
132
102
109
109
115
120
108
121
117
124
115
106
110
109
120
122
103
116
99
109
118
129
123
118
115
114
93
114
125
119
108
100
112
120
111
116
103
114
114
102
108
133
111
108
126
111
125
119
113
103
125
105
107
110
102
114
103
95
123
108
127
112
120
119
110
126
131
122
131
131
133
172
266
321
451
660
821
1013
1126
1192
1095
888
717
527
316
262
195
157
153
139
129
175
231
288
392
609
759
881
1065
1056
997
824
663
503
349
251
211
198
162
153
164
136
131
148
151
147
122
134
136
154
146
159
131
145
139
150
139
117
142
126
151
133
176
162
152
164
138
160
144
118
159
121
144
140
118
153
124
138
131
130
124
122
120
134
148
149
133
125
126
139
139
126
152
160
151
162
151
142
150
139
157
136
138
148
129
129
125
115
125
124
159
164
170
202
262
328
440
506
575
616
559
479
353
286
189
163
140
157
138
169
154
156
165
213
214
251
289
300
313
325
284
260
211
197
150
164
122
135
125
146
112
137
144
136
135
121
144
133
131
130
128
130
140
127
118
131
126
121
119
110
139
131
144
107
143
131
139
159
168
186
190
225
183
178
169
163
150
148
147
122
117
134
137
135
138
165
158
172
172
204
209
213
204
200
174
175
170
163
135
146
142
126
134
148
136
133
140
152
159
145
167
129
152
157
195
205
300
386
492
637
667
640
623
494
396
284
253
161
162
157
121
138
139
144
129
143
167
141
128
146
140
120
135
155
128
125
139
117
102
121
128
142
134
116
117
139
112
136
119
151
141
131
137
120
136
140
138
107
149
139
127
136
126
132
125
103
128
133
148
125
132
110
113
123
121
140
116
139
131
111
120
124
129
131
135
120
117
130
128
145
118
117
134
121
125
147
137
116
118
136
123
148
137
101
134
120
123
127
136
117
131
123
132
102
124
132
128
107
107
122
139
120
131
127
121
127
130
116
111
130
117
135
104
126
125
136
129
132
142
113
133
160
134
136
118
133
133
105
126
113
110
122
133
123
130
121
120
135
128
111
102
122
119
113
128
110
119
114
113
107
109
92
140
124
133
110
116
120
99
111
107
108
114
130
122
110
125
100
112
109
139
140
147
205
241
330
405
493
593
571
559
482
380
283
185
150
103
125
94
90
104
109
129
93
79
97
108
101
107
88
116
116
87
121
97
114
104
117
105
92
93
82
110
96
86
84
93
97
88
87
104
100
97
99
105
89
119
127
122
123
114
112
124
138
97
100
129
97
96
109
92
86
98
92
96
103
89
98
85
111
85
102
80
105
91
91
87
107
90
97
72
97
95
75
94
89
95
95
89
100
78
78
72
91
77
95
93
90
62
71
75
81
82
85
70
79
72
72
75
70
65
77
72
62
86
61
57
72
73
68
72
76
73
59
72
80
71
68
78
75
58
70
63
67
67
74
71
73
56
63
52
64
56
62
67
63
71
64
66
54
59
54
62
51
53
65
61
43
59
57
54
69
57
49
77
49
60
48
54
56
48
57
61
53
42
43
43
47
54
60
47
47
41
56
43
54
48
50
41
47
48
50
46
55
47
51
56
49
68
53
52
60
61
41
50
51
51
34
38
34
50
38
38
53
34
37
47
28
45
38
43
40
38
35
40
45
47
30
30
35
47
40
50
37
37
41
44
38
40
41
39
44
37
38
41
33
41
33
35
50
47
37
36
43
43
31
43
44
37
37
26
28
25
36
22
39
49
38
37
31
44
31
36
37
31
42
28
36
41
46
39
35
31
28
24
29
31
40
36
31
42
28
31
54
65
115
202
327
492
717
913
1054
1077
1072
875
677
454
281
140
100
53
38
52
55
63
128
188
308
416
605
804
955
993
1024
767
675
444
239
144
94
56
41
30
28
23
28
26
18
27
16
18
28
28
22
21
26
22
29
19
21
14
15
27
20
24
19
23
13
20
18
15
21
18
21
19
14
17
12
19
21
17
20
14
10
13
26
19
16
21
21
20
12
11
19
25
30
38
38
52
54
39
49
28
23
16
21
18
20
27
9
18
16
11
15
10
11
12
16
16
20
23
13
16
19
15
21
19
20
20
18
14
14
18
27
21
36
56
103
125
172
203
234
204
201
165
133
86
54
40
27
19
8
13
17
16
15
10
16
20
8
10
13
12
13
15
10
18
8
12
13
17
18
20
9
12
19
10
20
20
11
10
17
7
22
14
15
19
15
9
15
13
14
10
8
16
16
21
18
20
41
47
40
81
91
100
83
86
75
63
41
40
30
26
25
16
16
10
12
22
7
12
9
18
21
19
22
29
35
66
79
160
210
288
346
331
361
311
229
192
99
70
44
26
10
16
15
14
16
16
23
17
15
8
10
7
15
4
13
10
10
8
12
15
8
11
7
12
11
13
20
12
8
17
9
18
15
18
11
15
13
10
8
14
17
15
21
11
13
17
12
19
12
13
9
11
8
11
10
13
14
12
16
13
14
8
19
13
9
12
10
12
10
16
7
10
8
13
12
14
14
11
10
15
9
9
17
17
15
23
15
15
13
17
22
19
23
19
11
20
21
12
17
12
18
14
10
13
5
13
8
16
18
14
19
15
12
15
8
15
9
16
18
16
15
11
8
15
13
16
17
16
6
5
10
12
7
10
8
14
15
14
13
17
11
15
12
16
16
10
9
10
6
11
13
10
15
13
14
10
13
12
9
12
13
19
13
14
21
19
15
11
26
19
18
10
9
9
10
12
12
16
7
12
19
15
12
9
14
9
11
13
11
10
12
13
12
14
10
12
12
14
17
20
15
14
11
11
13
15
12
10
14
8
14
10
11
7
7
11
9
12
18
8
16
17
18
28
26
39
57
73
102
109
101
120
113
84
61
43
34
24
21
20
16
9
13
13
11
14
16
15
18
15
13
13
14
10
12
13
11
11
24
12
18
15
6
7
9
7
8
11
17
12
10
12
14
15
18
12
11
17
8
11
14
14
17
9
15
13
12
13
13
13
17
8
21
19
13
18
10
7
16
12
19
16
15
21
9
13
9
11
11
10
13
11
11
9
22
12
12
16
18
16
13
12
18
13
13
12
14
11
16
16
17
24
12
16
9
9
13
15
15
17
16
11
12
11
10
13
13
15
5
13
12
18
20
6
10
17
17
22
14
8
13
12
18
18
17
14
17
16
13
14
8
18
31
38
42
66
72
99
112
127
97
76
58
43
31
29
20
18
21
17
13
9
16
12
14
16
10
18
20
16
15
12
15
27
13
17
15
15
17
11
13
12
17
19
26
16
14
12
17
14
20
13
13
14
15
13
19
13
12
20
13
22
17
17
15
13
11
15
22
18
17
7
15
14
21
13
14
12
14
5
24
20
17
18
17
17
10
17
11
17
17
12
16
17
20
17
22
27
24
18
13
11
14
20
16
14
12
16
17
19
17
20
18
14
12
11
15
14
18
18
11
12
19
15
33
46
49
51
48
42
40
39
20
18
20
16
24
11
15
20
19
19
21
18
12
20
19
13
12
9
12
19
15
12
13
14
13
15
16
13
19
13
15
15
12
12
16
5
12
12
12
17
14
10
14
15
17
12
16
10
14
11
14
22
10
11
11
12
22
11
16
12
19
14
11
10
13
18
18
20
14
20
18
11
10
17
18
12
16
18
18
17
13
9
13
12
6
14
11
10
16
10
9
13
13
11
13
14
9
10
20
16
18
11
13
7
11
9
16
10
8
10
19
14
8
12
14
7
11
11
15
13
12
16
13
14
13
11
13
14
12
10
11
16
14
15
13
7
15
14
19
21
12
10
14
16
15
12
10
17
17
15
13
15
15
10
18
9
9
13
11
11
15
19
26
22
33
28
24
32
34
30
24
14
14
13
14
9
12
12
8
14
14
10
9
13
11
16
11
10
12
13
14
6
13
15
8
9
9
9
10
14
12
8
10
14
13
16
20
13
16
15
14
16
15
12
15
5
5
9
9
9
9
20
14
9
10
16
12
11
18
6
9
14
9
11
8
13
16
9
9
13
11
6
16
7
12
15
14
11
13
14
17
16
14
11
9
18
16
8
10
11
12
10
13
15
11
10
12
11
12
11
7
13
10
4
8
16
13
8
17
11
6
9
8
8
14
10
10
14
16
10
15
14
17
6
16
9
20
15
20
13
27
26
29
24
27
32
38
35
22
25
19
20
15
16
12
15
8
13
9
10
11
12
12
6
11
9
16
5
9
9
6
12
14
13
11
11
8
11
9
16
6
6
9
16
11
13
7
13
5
13
7
10
11
11
10
9
13
7
6
10
8
6
6
6
5
11
9
11
8
9
5
13
6
13
9
8
5
5
11
11
7
7
4
9
4
6
5
7
17
9
8
7
12
10
9
15
4
10
6
10
6
6
8
10
8
8
11
6
9
8
4
2
8
10
5
6
12
5
8
6
3
8
5
10
5
9
7
9
6
8
7
9
10
10
24
25
26
52
60
82
95
116
97
100
72
65
41
18
16
12
5
8
9
6
8
6
8
8
7
6
10
6
9
13
12
8
4
7
10
2
8
6
7
1
7
5
8
5
6
4
5
10
4
5
6
10
8
7
6
5
4
10
10
5
13
5
11
5
4
6
5
6
6
3
4
8
2
7
5
6
6
3
3
5
6
8
4
8
2
8
3
11
6
8
6
6
8
7
13
5
6
6
6
8
8
9
0
4
6
12
7
5
2
6
6
6
3
6
1
4
7
9
5
8
6
10
6
4
12
8
3
5
7
11
5
2
4
5
6
6
7
6
6
5
5
9
8
7
8
9
11
15
8
12
20
31
57
82
81
103
96
99
86
57
42
28
13
10
11
8
8
4
5
6
5
7
5
5
6
6
9
8
7
1
4
8
5
4
6
1
4
9
5
8
0
3
11
4
7
6
6
6
6
11
9
9
7
3
7
4
9
7
5
6
10
6
6
9
5
8
6
7
2
4
3
4
6
7
9
4
10
8
7
11
9
7
7
4
8
8
5
12
4
7
7
11
8
10
12
15
8
6
4
8
6
6
2
7
5
4
2
5
13
4
5
8
9
3
1
3
5
10
2
7
8
5
5
8
1
2
7
4
3
6
7
5
2
4
6
6
6
5
6
7
6
3
5
5
5
7
3
7
5
3
5
3
5
5
3
7
5
5
6
5
3
11
2
6
8
7
5
7
5
2
4
5
9
4
5
7
2
5
6
10
6
5
4
4
8
5
2
7
12
3
2
8
4
4
3
3
5
3
3
8
7
4
8
5
6
6
3
4
9
2
5
7
1
5
7
2
3
2
2
4
4
8
5
4
8
3
8
6
6
7
9
4
3
5
7
1
1
5
4
3
5
3
7
6
5
3
6
0
4
4
9
10
4
2
4
6
5
3
10
7
3
5
3
10
5
6
5
4
6
5
9
6
12
8
6
6
8
17
3
9
5
9
4
4
6
6
7
11
12
10
28
31
55
59
90
113
117
112
84
83
61
49
39
10
13
11
6
6
10
8
8
7
7
10
8
6
7
6
4
13
8
9
8
10
7
4
9
13
6
7
8
8
6
3
7
5
4
9
8
4
9
9
9
6
2
6
12
4
8
7
5
9
7
3
2
5
5
7
4
10
5
6
11
8
8
4
7
12
4
5
7
4
5
5
8
8
3
6
4
6
8
5
2
7
3
7
6
8
6
11
5
5
8
4
7
4
3
5
11
5
10
4
5
8
8
5
9
6
10
9
7
5
11
7
9
4
6
8
5
11
9
8
3
9
1
10
5
6
8
10
14
17
19
22
32
31
31
21
23
24
9
11
6
10
7
17
6
4
7
7
9
5
4
4
6
10
9
6
5
4
5
6
4
7
5
6
10
2
4
7
10
12
8
4
6
8
6
6
10
8
7
7
7
7
8
9
10
3
9
4
5
8
4
6
8
6
5
5
3
2
6
7
2
7
4
11
7
9
4
7
4
4
7
1
3
5
11
5
4
5
9
5
6
5
8
4
5
7
6
6
11
4
15
11
4
6
8
2
2
3
8
9
9
11
12
4
4
9
8
5
3
12
6
4
3
7
8
6
4
7
6
11
3
6
6
3
6
5
4
7
9
6
2
2
8
5
5
2
8
11
5
5
6
5
7
4
5
4
10
5
11
4
16
6
8
7
7
2
6
3
4
6
7
6
5
4
6
8
7
2
3
4
5
6
5
7
7
7
5
1
4
2
4
4
5
3
2
5
6
5
5
4
5
7
8
5
5
7
8
3
12
3
1
7
5
9
5
3
4
5
8
5
4
6
3
7
6
4
13
4
3
6
5
3
11
8
5
9
2
7
5
3
6
1
7
5
7
11
5
7
8
4
6
4
7
5
5
3
7
7
6
3
5
2
10
2
6
5
6
8
6
7
3
6
3
5
6
6
5
5
3
5
3
2
3
4
3
7
3
3
7
2
6
3
5
5
3
6
1
3
6
2
3
1
1
5
5
3
3
3
8
3
4
8
5
6
7
5
4
5
1
3
4
2
7
7
7
5
6
0
8
4
8
7
5
4
6
4
3
3
3
3
4
6
3
2
4
8
3
6
5
7
8
0
3
3
1
3
6
4
6
2
8
4
4
3
4
1
4
2
1
6
2
2
6
2
5
5
4
2
3
4
2
6
3
1
2
4
2
3
1
3
1
1
4
3
2
5
2
5
2
2
2
2
5
8
1
2
4
1
3
3
2
3
3
2
7
5
1
1
1
1
6
0
3
5
4
3
2
2
2
3
3
4
2
2
5
0
0
4
1
2
1
4
1
3
2
4
2
4
3
6
3
1
0
6
4
1
9
2
6
0
4
1
4
2
2
1
1
3
2
2
1
1
2
1
3
4
4
3
2
0
1
4
3
1
1
2
2
4
4
0
5
4
2
1
2
2
2
4
1
1
2
2
1
2
2
2
0
3
2
2
1
3
2
0
5
1
1
4
0
2
5
1
1
6
0
1
2
4
2
1
1
3
1
1
2
1
2
2
0
3
4
1
1
1
2
1
1
0
1
4
2
5
1
11
7
5
3
8
5
4
2
2
2
1
4
1
5
3
4
3
9
17
25
37
49
61
69
77
97
81
72
40
29
18
6
6
5
7
2
1
4
3
3
1
1
2
4
1
3
0
0
2
2
1
2
1
1
1
4
1
1
3
0
0
2
2
1
1
1
0
1
2
0
0
3
2
1
2
1
0
1
1
3
4
2
1
2
2
1
2
3
4
3
1
0
2
1
2
1
4
3
3
2
0
0
3
0
0
3
1
0
2
0
1
5
3
1
2
1
4
1
0
3
3
0
3
2
3
1
1
1
3
0
2
2
1
2
3
1
2
1
1
4
2
1
1
0
2
1
3
3
1
1
2
2
0
1
1
3
3
0
3
0
1
0
4
3
0
2
1
2
1
1
1
1
0
2
0
1
0
1
0
2
0
3
1
2
1
2
0
1
0
0
0
4
0
2
1
2
1
4
0
2
0
0
1
1
0
0
3
2
0
1
7
0
2
2
0
1
0
0
0
0
5
1
0
1
1
0
1
1
1
2
1
2
1
3
2
2
1
0
1
4
4
2
2
3
1
3
2
2
0
0
1
5
3
3
0
0
2
2
3
2
1
1
3
1
0
1
0
0
1
0
1
2
2
2
3
0
2
2
0
1
2
1
2
2
2
0
2
2
1
1
2
1
1
0
1
1
2
2
0
2
1
0
2
0
0
0
2
0
0
1
2
1
2
4
0
1
1
2
2
1
2
2
0
1
0
1
3
1
0
3
1
0
1
0
2
1
0
0
2
2
1
1
1
1
0
2
0
0
0
2
0
2
4
2
1
2
1
2
3
1
1
0
2
0
0
2
0
0
1
2
1
1
1
0
0
1
0
1
2
4
4
2
3
1
1
0
0
0
0
1
2
4
2
1
3
1
2
2
1
1
1
2
0
1
1
0
0
1
0
2
4
0
1
2
1
3
2
1
1
2
4
0
1
6
5
3
1
5
2
2
5
2
2
1
2
3
1
2
1
0
1
0
0
0
0
1
0
2
1
2
1
0
0
1
1
1
1
2
3
1
1
4
3
1
0
2
0
1
1
2
3
3
2
3
1
4
3
0
3
1
2
3
2
0
0
1
2
0
1
2
0
2
2
1
0
2
0
2
2
3
1
1
1
1
0
0
2
4
2
1
0
1
0
0
0
3
1
0
1
1
3
3
1
1
1
2
1
0
1
0
2
4
2
2
0
1
2
2
2
1
2
5
0
3
0
2
2
1
2
0
0
1
0
0
0
0
1
0
2
3
0
3
1
1
1
4
0
2
2
2
4
0
1
1
3
2
3
1
1
0
0
0
3
1
2
2
1
0
3
0
1
1
0
1
1
0
1
0
0
0
0
0
2
1
1
0
1
3
0
2
4
2
1
2
2
2
1
2
0
2
1
1
3
3
1
1
1
0
3
1
2
0
2
2
1
0
0
0
2
1
2
4
1
1
0
2
0
2
1
0
1
2
1
2
1
5
0
2
0
1
1
0
1
0
0
1
1
2
0
0
0
0
2
3
1
1
1
0
1
1
1
0
1
1
1
0
0
1
0
0
2
2
1
1
0
0
0
1
1
1
1
2
0
3
1
2
0
3
1
3
2
2
1
3
6
6
4
0
1
0
0
0
1
1
1
1
3
0
2
0
0
0
0
1
0
1
0
1
1
1
1
1
0
1
0
1
2
1
0
1
1
0
0
1
0
1
1
0
1
0
3
1
2
1
1
1
1
1
0
0
1
2
3
2
2
2
1
1
0
2
2
0
3
2
1
2
2
5
1
2
0
1
3
1
2
0
1
1
4
1
1
2
0
3
4
1
3
2
1
1
0
0
1
0
1
1
1
2
3
2
1
1
0
0
3
0
2
2
0
1
2
0
0
2
2
0
1
0
0
0
2
2
2
0
3
0
1
0
0
1
1
1
2
1
1
2
0
0
0
1
1
0
0
1
2
0
0
5
0
0
0
0
0
0
1
1
1
3
0
1
1
0
0
2
2
0
1
0
0
2
0
1
1
3
0
0
1
0
1
0
2
1
1
2
0
5
1
2
0
0
1
0
2
1
2
0
0
3
0
0
1
0
0
2
0
0
1
0
2
2
2
0
1
1
0
2
2
1
3
0
0
0
0
0
1
2
1
1
1
4
1
0
1
2
1
0
0
3
1
0
0
0
0
0
1
0
0
0
1
2
0
2
0
2
1
3
1
0
1
1
2
1
0
0
0
0
0
0
0
1
1
1
3
1
0
1
2
1
1
1
0
1
2
0
0
1
4
0
1
0
1
2
1
2
0
0
1
1
0
1
0
1
1
1
2
1
1
3
0
1
1
1
1
0
3
2
0
1
1
2
1
2
0
3
2
2
2
1
0
0
0
2
1
0
0
1
0
1
0
1
3
0
0
1
2
1
2
0
2
4
2
0
1
1
0
3
3
2
1
0
0
1
0
0
1
2
1
3
1
0
0
3
2
0
1
1
1
1
0
0
1
0
2
1
0
0
0
1
0
0
1
0
1
3
1
0
0
0
2
0
1
1
0
1
1
0
0
1
1
2
0
2
3
2
3
1
6
6
11
7
16
9
10
11
7
3
1
2
0
0
1
0
0
1
0
2
2
1
0
2
0
0
1
2
2
1
1
2
1
3
0
1
1
0
1
3
2
2
0
0
0
1
1
1
1
1
0
1
1
0
0
1
0
1
1
0
0
0
0
2
2
6
4
0
0
1
0
2
3
0
0
1
0
1
2
0
2
1
2
0
2
2
0
0
0
2
2
0
1
3
1
0
1
1
1
1
1
1
2
1
0
1
3
3
0
2
2
0
3
1
1
0
1
1
0
0
1
1
1
0
1
2
2
2
0
1
0
1
2
2
1
2
2
0
0
0
1
0
1
2
3
0
1
1
0
1
1
1
2
0
2
2
0
2
1
0
2
0
0
0
1
0
1
2
2
1
0
1
1
0
1
1
2
1
0
2
0
0
1
2
2
0
0
2
1
0
0
1
0
1
0
1
0
0
0
0
0
0
1
1
1
1
0
1
0
0
1
0
2
2
0
2
1
0
0
2
0
0
1
1
1
0
1
0
2
0
0
1
0
0
0
0
2
1
0
0
1
3
0
1
1
0
2
2
0
3
1
0
0
2
0
0
1
1
0
0
1
1
1
1
0
2
1
0
2
1
1
0
1
4
2
0
1
1
0
0
0
2
0
1
1
0
2
0
1
0
0
2
0
1
3
0
0
1
1
0
0
1
1
0
3
1
1
0
0
0
1
2
2
0
3
1
2
0
0
0
2
1
1
0
2
1
2
1
3
1
2
1
2
0
0
0
1
1
0
0
1
0
0
1
0
4
0
1
0
0
0
0
0
1
1
0
2
0
0
1
0
0
0
1
0
0
2
0
0
1
2
2
2
0
2
0
1
1
2
1
0
1
0
0
1
1
1
2
1
0
0
2
2
1
2
0
0
0
0
1
0
1
1
0
0
2
2
1
0
0
0
0
0
2
1
1
0
2
2
0
0
0
1
1
0
1
1
0
0
0
1
1
1
0
0
1
3
0
0
0
0
0
0
1
1
0
1
0
1
0
0
1
1
1
1
1
1
0
0
0
0
2
0
1
0
1
1
0
1
1
0
0
1
0
2
1
0
0
0
0
1
1
0
1
0
0
0
0
1
0
1
1
0
1
0
1
1
1
1
0
0
0
0
2
0
1
1
3
1
0
0
1
1
0
0
0
1
1
0
3
0
0
1
1
0
0
0
0
0
2
0
0
0
0
1
1
1
1
1
0
1
0
1
0
0
2
0
0
0
0
0
0
0
0
2
0
0
1
0
0
0
0
0
0
0
0
0
0
5
1
0
0
0
1
0
2
0
1
0
1
1
0
1
0
0
1
1
0
0
0
0
0
0
0
0
1
0
0
1
0
4
0
0
0
0
0
0
1
0
1
1
0
1
1
0
1
0
0
0
0
0
2
0
0
1
0
1
0
0
0
0
1
1
0
1
1
1
2
1
1
0
1
0
0
1
0
1
1
1
1
1
1
0
0
0
0
0
1
0
0
0
1
1
0
0
1
1
1
0
1
1
2
2
0
0
2
0
1
1
1
1
2
0
2
1
0
2
0
0
0
1
0
0
2
0
1
2
4
1
1
1
0
1
0
0
1
0
1
1
2
0
1
5
4
4
3
7
13
7
6
6
3
2
2
1
0
0
0
0
1
2
0
0
0
0
0
0
1
2
0
0
1
0
1
1
0
0
0
0
0
3
1
1
0
1
0
0
1
0
0
1
0
1
1
1
1
0
1
2
1
0
0
0
0
0
0
0
0
1
0
1
0
0
0
2
0
0
1
0
0
1
0
0
0
0
0
0
1
0
2
0
0
1
0
1
0
0
1
1
0
0
0
0
0
1
3
0
1
2
0
1
1
0
1
0
1
2
0
0
1
0
0
1
0
2
0
0
1
0
1
0
0
0
0
0
1
0
0
0
2
0
1
0
0
0
0
0
1
0
1
0
2
0
1
1
0
1
0
0
0
0
1
1
0
0
0
0
0
1
0
1
0
1
0
1
0
1
0
1
1
0
1
1
0
0
0
0
0
1
0
1
1
1
1
1
0
0
0
0
0
0
0
0
0
0
0
0
0
0
0
1
1
0
0
1
0
0
1
0
0
0
1
0
2
1
0
0
0
0
0
0
1
1
0
1
1
1
1
0
0
1
0
1
0
1
0
0
0
1
0
0
0
0
0
0
0
0
0
0
1
0
0
2
1
0
0
0
0
0
0
0
0
0
0
0
0
0
0
1
1
0
0
1
1
0
2
0
0
1
0
0
1
0
0
0
0
1
0
0
2
1
0
0
0
0
0
1
0
1
0
1
1
0
1
0
0
0
0
0
1
1
0
1
1
0
0
1
1
0
1
0
1
0
2
1
3
0
0
2
1
0
0
0
0
0
1
0
0
0
1
0
1
0
0
1
0
0
0
0
1
1
0
0
1
0
0
0
0
0
0
0
0
1
0
0
0
2
0
1
0
0
0
0
0
0
0
0
1
0
1
1
0
0
1
3
1
0
0
0
0
0
0
0
0
0
0
0
1
1
0
0
0
0
1
1
1
3
0
0
0
1
0
0
1
1
2
0
0
0
1
1
0
1
1
1
1
0
0
1
0
0
1
1
0
0
0
0
0
0
2
0
1
0
0
0
0
1
1
0
0
4
0
1
1
0
2
1
0
1
0
1
0
0
0
1
0
0
1
1
1
1
1
2
1
0
0
0
0
0
0
0
2
0
0
0
0
3
0
0
0
0
0
0
2
1
0
2
0
0
1
0
1
0
0
0
1
0
0
0
0
0
0
0
0
2
0
0
0
1
0
0
1
0
0
0
0
2
0
1
0
0
0
1
0
0
0
0
0
0
1
1
0
0
1
0
0
0
0
0
0
0
0
1
1
0
1
0
0
0
0
0
0
0
0
1
0
0
0
0
0
0
0
0
0
0
1
0
0
1
0
0
0
0
0
1
1
0
0
0
0
0
0
0
0
0
0
1
0
0
1
0
0
0
0
1
0
1
0
2
1
0
0
0
0
1
0
0
1
0
0
0
0
1
0
0
1
0
0
1
0
1
1
0
0
1
0
0
2
0
1
0
0
0
0
0
1
0
0
1
0
0
1
0
0
0
0
0
1
0
1
1
0
0
2
0
0
0
0
0
0
0
0
0
1
0
0
0
0
1
0
0
0
0
0
1
1
1
0
0
0
0
1
0
2
0
0
1
0
1
0
0
0
1
1
0
0
0
0
0
1
1
0
0
1
0
0
1
1
0
0
1
0
1
0
0
0
0
0
1
0
0
0
0
0
0
0
1
0
1
0
0
1
0
1
1
1
0
0
0
0
0
0
1
1
1
0
0
1
0
1
0
0
0
1
0
1
0
1
0
0
1
0
0
0
0
0
0
0
0
0
0
0
0
0
1
0
1
0
0
0
0
1
1
0
0
0
0
0
1
1
0
0
0
0
0
0
0
2
0
0
1
0
1
1
0
0
0
0
0
0
0
0
0
0
0
0
0
0
1
0
0
1
0
2
0
0
0
0
0
0
0
0
0
0
0
0
0
0
0
1
0
0
0
1
0
1
1
0
0
0
0
0
0
0
0
1
0
0
0
0
1
0
0
1
0
0
2
0
0
0
0
1
0
1
0
1
0
0
2
0
0
0
0
0
0
0
1
1
0
0
1
0
0
0
0
0
0
1
0
0
0
0
1
0
0
0
0
0
0
0
0
1
0
0
0
0
0
0
1
0
0
0
2
1
1
0
0
0
0
1
0
0
0
0
1
0
0
2
1
0
0
0
0
1
0
0
0
2
0
0
0
0
0
0
0
0
1
0
1
1
0
0
0
0
0
0
0
0
0
0
0
0
0
0
0
0
2
2
0
0
0
0
0
1
0
1
0
0
1
0
0
1
0
0
2
0
0
0
1
1
0
0
0
0
1
0
0
0
0
0
0
0
1
0
0
0
0
0
0
0
0
0
0
0
0
0
0
0
0
0
0
0
0
0
0
2
0
0
0
0
0
0
0
0
0
0
1
3
0
1
0
2
0
0
0
0
0
0
0
0
0
0
1
0
0
2
0
1
0
0
0
0
0
0
0
0
1
0
0
0
0
0
0
0
0
0
0
0
0
1
0
0
0
0
0
0
0
0
1
1
0
0
0
1
0
1
0
0
0
1
0
0
0
0
0
0
0
1
0
1
1
0
1
1
0
0
0
0
0
0
0
1
1
0
1
0
1
0
0
0
0
1
0
0
0
1
0
0
1
0
0
0
0
0
0
0
0
0
0
1
0
1
0
1
0
0
0
0
0
0
0
0
1
0
0
0
0
0
0
0
0
0
0
0
0
0
1
0
1
0
1
1
0
0
0
0
0
0
0
0
0
0
1
0
0
0
0
1
1
1
0
0
1
0
1
0
0
0
0
0
0
1
0
0
0
0
0
1
0
0
1
1
0
0
0
0
0
0
0
0
0
0
1
0
0
0
0
0
0
1
0
0
0
0
0
0
0
0
0
0
1
0
1
1
0
0
1
1
0
0
0
1
0
0
1
0
0
0
0
0
0
0
0
0
1
0
0
0
0
0
0
1
1
0
0
1
0
0
0
0
0
0
0
0
0
0
0
0
0
1
0
0
1
1
0
0
0
0
0
0
2
0
1
0
0
0
0
0
1
1
0
0
0
0
1
0
0
0
0
0
0
0
0
0
0
0
0
0
0
0
0
0
0
0
1
0
0
1
0
0
0
1
0
0
0
1
0
0
0
0
0
0
1
0
0
0
0
1
0
0
0
0
0
0
0
0
1
0
0
0
0
0
0
0
0
0
1
2
0
0
0
0
1
0
0
0
0
0
1
0
0
0
0
0
0
1
0
0
0
0
0
0
0
0
0
0
1
0
0
0
0
0
0
0
0
0
0
0
0
0
0
1
1
0
0
0
0
0
0
0
0
0
0
0
0
0
0
0
0
0
0
0
0
0
0
1
0
0
0
0
0
0
1
0
0
0
0
0
0
1
0
1
0
0
0
0
0
0
0
0
2
0
0
0
0
0
0
0
0
0
0
0
0
1
1
1
0
0
0
0
1
0
0
0
1
0
1
1
0
1
0
0
0
0
0
0
0
1
0
1
0
0
0
0
1
0
0
0
1
1
0
0
1
0
1
0
0
0
0
0
0
0
0
0
0
0
0
$ENER_FIT:
-1.8040 0.716145 0.000000e+00
$MCA_CAL:
3
-1.8040 0.716145 0.000000e+00
$ENDRECORD:
