$SPEC_ID:
Sample title.

$MEAS_TIM:
1332.17000 1687.32000
$DATE_MEA:
09/17/2019 9:59:47 AM
$DATA:
0 16383
0
0
0
7
5
2
1
0
0
0
0
0
0
0
0
2
3
5
18
184
1264
3046
4165
4589
4880
5135
5140
5289
5210
5342
5393
5415
5551
5392
5597
5620
5406
5514
5438
5337
5308
5008
5328
5007
4965
4835
4572
4472
4424
4224
4050
3974
3874
3863
3844
3942
3788
3841
3979
3838
3957
4258
4054
4042
3975
4018
4010
4130
4050
4229
4158
4229
4158
4211
4285
4342
4486
4614
4513
4608
4665
4667
4866
4967
4895
5003
5136
5128
5271
5387
5394
5557
5443
5633
5760
5827
5905
5949
5882
6069
6261
6603
7112
7756
9078
10714
11638
12232
12211
12310
11473
9591
7884
7150
6778
6386
6621
6678
6942
7607
7851
8045
8510
9046
9020
8446
8119
8027
8069
7874
7353
6883
6390
6381
6381
6508
6608
6667
6557
6574
6542
6762
6643
6813
6954
6913
7105
7300
7329
7296
7366
7285
7136
7171
7143
7184
7298
7291
7314
7344
7163
7381
7400
7332
7278
7338
7302
7409
7455
7455
7500
7665
7988
8082
7821
7595
7476
7565
7384
7516
7639
7586
7506
7637
7456
7421
7529
7654
7542
7559
7511
7709
7744
7770
7773
7623
7675
7659
7716
7603
7560
7674
7678
7622
7525
7569
7548
7696
7467
7612
7593
7610
7638
7733
7613
7679
7676
7645
7622
7634
7695
7630
7639
7747
7595
7571
7765
7559
7727
7614
7458
7774
7778
7666
7801
7776
7678
7795
7856
7973
7842
8143
8210
8627
10076
11697
12196
11081
9471
8314
7816
7752
7693
7894
8173
8826
9588
9345
8893
8095
7699
7588
7383
7485
7398
7437
7323
7347
7396
7295
7307
7367
7116
7298
7153
7252
7281
7163
7299
7482
7641
7878
7519
7213
7098
7086
7192
7130
6883
7080
6855
6940
7074
6952
6966
6981
7047
7171
7470
7365
7117
7084
7013
6978
6801
6921
6749
6846
6601
6879
6978
7033
6925
6731
6807
6783
6813
6829
6922
6918
6824
6791
7025
6830
7100
7092
7006
6828
6923
6919
6858
6818
6897
6890
6686
6745
6831
6825
6882
6648
6849
6801
6846
6845
6805
6876
6743
6711
6953
6788
6723
6698
6654
6759
6850
6606
6706
6725
6707
6786
6632
6637
6640
6567
6452
6389
6315
6570
6508
6455
6579
6457
6368
6334
6345
6354
6371
6356
6220
6268
6455
6536
6427
6263
6244
6220
6282
6343
6181
6444
6314
6360
6220
6143
6077
6082
6218
6032
6032
6082
6173
5975
5958
5894
6083
5989
5958
5911
6153
6150
5938
6072
5949
5954
6121
5804
6039
5912
6008
5828
5973
5893
5937
5944
5812
5894
5792
5829
5831
5735
5702
5775
5633
5788
5606
5714
5634
5490
5437
5588
5644
5611
5594
5745
5488
5287
5273
5206
5385
5204
5181
5197
5212
5188
5185
5130
5096
5130
5096
5097
5096
5048
5138
4943
5030
5053
5187
5501
5973
6084
6050
5352
5095
5046
4908
4887
4952
5122
5298
5871
6017
5768
5189
4728
4589
4646
4484
4568
4506
4645
4720
4738
4819
5237
5945
6046
5672
4797
4333
4238
4171
4198
4050
4155
4137
4155
4056
4102
3996
4015
3942
3898
4060
4149
4177
4246
4146
3989
4031
3878
3910
4065
4119
4314
4283
3981
3889
3838
3784
3880
3853
3835
3885
3787
3809
3703
3815
3654
3608
3815
3751
3590
3560
3719
3730
3731
4209
4152
4126
3794
3661
3662
3547
3544
3542
3528
3509
3519
3581
3526
3566
3563
3589
3513
3529
3538
3497
3555
3535
3472
3485
3457
3406
3517
3564
3416
3611
3634
3539
3437
3368
3503
3448
3257
3337
3322
3362
3388
3308
3286
3490
3283
3363
3379
3234
3372
3260
3252
3285
3302
3326
3437
3281
3339
3300
3258
3355
3337
3282
3208
3340
3549
3492
3437
3560
3733
3917
3945
3690
3448
3397
3532
3596
3833
3619
3494
3318
3203
3177
3234
3138
3076
3147
3298
3371
3382
3295
3294
3176
3205
3127
3269
3135
3229
3238
3315
3267
3384
3095
3240
3363
3475
3590
3513
3285
3356
3252
3637
4230
5929
8469
11857
14533
15923
15838
15596
15657
15690
15767
15605
15728
15590
15535
15414
15072
14533
13717
12647
10617
8592
6045
4306
3300
2925
2676
2642
2711
2547
2681
2570
2667
2652
2643
2562
2641
2704
2650
2586
2604
2803
2761
2700
2634
2674
2681
2672
2765
2808
2842
2921
3173
4065
5585
8565
13048
17920
20676
20186
16383
11414
7209
4934
4764
6139
8710
10114
10935
12603
14287
13642
9808
5656
3343
2563
2405
2238
2211
2260
2255
2202
2260
2252
2210
2243
2161
2256
2308
2295
2183
2213
2220
2196
2195
2191
2156
2251
2242
2246
2185
2192
2140
2262
2287
2181
2266
2138
2191
2183
2164
2242
2128
2169
2225
2128
2124
2240
2201
2166
2179
2165
2159
2143
2249
2174
2157
2184
2195
2194
2175
2207
2246
2287
2159
2191
2112
2205
2285
2224
2178
2188
2294
2175
2179
2139
2169
2165
2248
2248
2198
2214
2164
2112
2180
2051
2178
2197
2310
2796
3710
4816
4862
4042
3035
2444
2132
2114
2093
2110
2130
2175
2283
2298
2291
2183
2062
2094
2125
2095
2093
2007
2067
2006
2069
2050
2028
2132
2057
2038
2159
2086
2055
2040
2065
2035
1997
2049
2040
1992
1972
1992
2059
2111
2009
2080
2040
2131
2097
2122
2018
1957
1992
2058
2058
1973
1965
2024
2057
2024
1972
2038
2001
1967
1992
1997
2130
2069
2005
2001
2015
2006
2007
1976
2067
2080
2037
1996
1985
2026
1977
1915
1923
2028
2015
2105
2138
2184
2125
2115
2053
2066
2063
2056
2119
2013
1976
1926
1969
2005
1878
1988
1911
2071
2222
2592
2941
3014
2656
2225
2078
2005
2029
1926
2004
1978
1939
2003
1983
1918
1872
1947
1883
1976
1956
1968
1935
2004
2015
1963
1981
1842
1924
1938
1916
1939
2071
2016
2029
2005
1939
1922
1865
1971
1907
1932
1917
1984
2086
2301
2626
2808
2609
2235
2110
2004
1860
1909
1985
1943
1970
1860
1927
1971
1984
1812
1918
1929
1888
1956
1965
1901
1950
1945
1968
1970
1983
1912
1978
1923
2024
1879
1936
1877
1863
1871
1966
1917
1940
1912
1930
1834
1936
1949
1867
1885
2042
2264
2838
3827
4487
4127
3282
2545
2110
2042
1969
1842
1855
1878
1895
1972
1981
2020
2053
2024
1967
1884
1921
1941
1957
1962
1954
1926
1891
1961
1869
1961
1896
1981
1859
1917
2066
2174
2441
2434
2391
2142
1985
1945
1845
1931
1904
1970
1878
1959
2062
2034
2038
1980
1903
1877
1888
1797
1862
1870
2081
2479
3535
4747
5638
5232
3930
2663
2149
1954
1903
1866
1871
1965
1872
1954
1933
2133
2139
2161
2140
2068
2006
2142
2889
3905
4995
5942
6676
6988
6218
4759
3151
2285
1995
1955
1824
1879
1850
1873
1927
1954
1974
1969
1795
1839
1769
1839
1860
1826
1819
1824
1822
1884
1917
1906
1839
1889
1913
1930
1951
2048
1982
1990
2048
2019
2188
2058
2037
1915
1854
1901
1946
1814
1859
1836
1899
1878
1906
1953
1804
1913
1875
1853
1894
1904
1803
1886
1837
1933
1954
1944
1933
1991
1827
1941
1904
1929
1926
1994
2104
2336
2737
2808
2680
2377
2237
2279
2102
2144
2291
2305
2158
1990
1979
1913
1915
1912
1929
1867
1965
1954
1959
2025
2043
1966
1895
1957
1949
1928
1924
1921
1936
2002
1981
1929
1935
2034
1996
2098
2250
2340
2620
2593
2564
2283
2226
2158
2140
2188
2222
2088
2078
1995
1923
1963
2053
1944
1858
1854
1876
1856
1836
1911
1858
1905
1812
1930
1928
1904
1865
1963
2047
2028
1959
1956
1874
1920
1942
2054
2290
2555
2707
2581
2327
2034
1946
1924
1944
1924
1911
1902
1892
1835
1949
1948
1835
1932
1961
2024
1887
1998
1897
1891
1943
1968
1971
1951
2024
2009
2022
2092
2257
2532
2635
2436
2279
2096
2047
1987
1959
1988
1969
1926
1913
1890
1886
1993
1887
1889
1949
1902
1919
1880
1940
2017
2020
2085
2096
1993
2001
1947
1931
2160
2399
2667
2908
2888
2644
2245
1961
2043
1924
1848
1949
1988
1966
1985
1992
1975
1917
1944
1867
1965
1836
1944
1925
1937
1925
1996
2118
2175
2232
2160
2084
1895
1921
1904
1854
1945
1849
1893
1880
1892
1848
1820
1884
2038
2258
2443
2397
2250
2200
2145
2174
2028
1893
1909
1885
1961
2022
2098
1979
1972
1949
1861
2073
2051
2102
2070
2039
1920
1859
1838
1862
1869
1854
1790
1878
1815
1930
1917
1896
1999
1903
1924
1967
2042
2131
2114
2094
1990
1949
1862
1905
1893
1818
1859
1855
1912
1820
1951
1901
2066
2025
2026
1871
1847
1935
1973
2069
2123
2168
2067
2001
1886
1920
1939
1922
1928
1880
1927
1897
1805
1919
1815
1849
1784
1805
1765
1853
1858
1860
1826
1821
1931
1866
2002
2174
2345
2393
2310
2012
1887
1772
1848
1828
1841
1833
1909
1866
1819
1799
1869
1879
1859
1746
1822
1865
1735
1773
1870
1766
1873
1867
1848
1799
1805
1703
1800
1813
1827
1888
1850
1906
1974
1859
1813
1827
1895
1806
1763
1802
1827
1742
1804
1934
1986
2103
1908
1963
1868
1824
1923
1838
1782
1798
1862
1794
1749
1708
1808
1804
1699
1898
1913
1955
2021
1967
1888
1795
1784
1768
1802
1776
1769
1802
1784
1932
1907
1847
1863
1848
1754
1792
1836
1746
1812
1821
1832
1922
1945
2116
2276
2355
2418
2244
2043
1875
1745
1792
1760
1785
1803
1800
1770
1921
1892
1920
1863
1991
2019
1997
2014
1862
1904
1834
1885
2063
2497
2752
2774
2562
2421
2471
2713
2845
2728
2576
2355
2051
1912
1796
1800
1810
1812
1745
1777
1872
1925
1938
1912
1969
1914
1902
1865
1767
1861
1788
1750
1895
1811
1920
2201
2735
2997
3036
2707
2461
2207
2219
2487
2976
3601
4053
3657
3266
2758
2410
2316
2363
2998
4503
6650
8682
8911
7090
4754
2838
2190
2067
2150
2064
2004
2105
1926
1891
1808
1805
1779
1730
1716
1683
1762
1794
1799
1789
1827
1711
1848
1864
1922
2080
2235
2308
2301
2270
2018
1921
1755
1734
1702
1797
1724
1725
1808
1753
1735
1813
1765
1810
1755
1896
2062
2450
2747
2822
2389
2152
1885
1768
1691
1710
1749
1710
1699
1768
1763
1739
1627
1726
1833
1818
1810
1806
1760
1812
1776
1712
1811
1822
1831
1825
1800
1817
1822
1762
1731
1746
1769
1776
1797
1873
1900
1989
1988
1883
1836
1859
1850
1769
1857
1756
1710
1699
1797
1716
1889
1800
1797
1757
1786
1769
1821
1775
1817
1759
1891
2060
2056
2006
2107
1903
1772
1856
1868
1912
1879
1858
1810
1884
1825
1845
1810
1888
1987
2402
2733
3232
3181
2820
2453
2278
2000
1981
1846
1888
2035
2033
2097
2050
2049
2190
2890
4191
6105
6958
6363
4759
3189
2253
1849
1863
1840
1855
1775
1853
1829
1839
1719
1836
1908
1833
1801
1863
1757
1782
1816
1784
1793
1934
1987
1983
1888
1933
1799
1770
1875
1835
1820
1812
1784
1839
1836
1829
1883
1965
2014
1998
1947
1957
1884
1880
1923
1866
1858
1767
1799
1824
1805
1807
1799
1856
1816
1814
1801
1789
1764
1776
1807
1841
1821
1862
1862
1962
2000
2090
1949
1912
1978
2126
2193
2226
2062
2006
1828
1838
1939
1845
1827
1822
1901
1887
1843
1842
1967
1869
1906
1913
1865
1983
1849
1933
1889
1977
1888
1998
1995
1952
1899
1954
1823
1951
1891
1949
1957
1988
2096
2147
2011
1991
1953
1960
1975
1961
2050
2089
2069
2036
1902
1872
1936
2008
1922
1885
1932
2034
2064
2056
2052
2141
1970
1979
2131
2228
2213
2243
2173
2068
2059
2025
2124
2087
2199
2422
3126
4002
4652
4741
3938
3050
2402
2074
1990
2027
2133
2518
3186
3814
4159
3775
3003
2537
2160
2209
2069
1968
2056
2108
1972
2026
2059
2052
2081
2163
2098
2175
2123
2117
2092
2119
2137
2113
2171
2213
2273
2172
2217
2214
2184
2268
2172
2178
2171
2226
2239
2222
2202
2191
2144
2224
2206
2261
2195
2203
2315
2192
2303
2207
2200
2256
2287
2338
2531
2938
3254
3897
4146
4270
3947
3591
3286
2821
2717
2563
2387
2428
2447
2467
2406
2432
2454
2332
2398
2303
2358
2460
2526
2456
2566
2542
2421
2483
2449
2341
2454
2507
2414
2534
2506
2412
2351
2410
2374
2388
2314
2357
2491
2358
2399
2404
2425
2353
2444
2312
2428
2367
2449
2347
2353
2450
2457
2314
2465
2456
2421
2376
2324
2336
2379
2496
2415
2470
2612
2770
3131
3451
3598
3541
3105
2809
2850
2734
2702
2597
2619
2548
2763
2877
2858
2911
2842
2556
2625
2581
2517
2554
2633
2769
2769
2980
3020
2916
2935
2692
2696
2604
2690
2581
2545
2614
2623
2598
2454
2595
2613
2472
2563
2594
2617
2618
2540
2666
2733
2884
2834
2802
2784
2676
2679
2614
2673
2493
2535
2554
2582
2536
2514
2691
2648
2632
2582
2701
2552
2555
2635
2626
2680
2586
2689
2603
2636
2626
2614
2711
2592
2635
2743
2737
2767
2784
2672
2703
2600
2566
2653
2652
2637
2636
2606
2664
2643
2668
2644
2699
2726
2792
2795
2810
2778
2715
2675
2739
2830
2741
2764
2754
2733
2698
2668
2762
2741
2795
2766
2813
2892
2724
2623
2700
2655
2612
2725
2804
2685
2716
2724
2686
2677
2812
2730
2795
2712
2791
2825
2892
2877
3066
3130
3265
3193
3134
3183
3094
3229
3138
2977
2850
2872
2780
2786
2792
2814
2765
2741
2722
2754
2789
2755
2940
2863
2942
3096
3404
3648
3763
3691
3465
3129
3098
2859
2840
2886
2800
2945
2982
2800
2875
3099
3328
3718
4085
4120
3982
3730
3277
3059
3129
3227
3316
3400
3388
3318
3115
3170
3168
3227
3150
3063
3129
3067
3147
3087
2984
2968
2977
2962
3070
3043
2963
3017
2991
3062
3212
3153
3197
3165
3206
3200
3140
3234
3264
3251
3201
3045
3062
3163
3156
3221
3207
3225
3329
3305
3207
3198
3187
3168
3065
3045
3253
3158
3297
3187
3327
3279
3372
3223
3379
3207
3171
3181
3258
3301
3341
3247
3385
3277
3289
3358
3592
4009
4470
4846
4736
4529
4077
3849
3733
3607
3439
3520
3418
3381
3458
3452
3432
3456
3433
3555
3625
3516
3530
3556
3547
3546
3522
3594
3559
3600
3517
3724
3482
3590
3619
3596
3570
3558
3657
3629
3718
3816
3671
3694
3697
3642
3834
3784
3823
3977
3959
3894
3869
3989
3853
3838
4030
4450
5249
6411
7643
8244
8157
7317
6173
4904
4297
3870
3727
3564
3545
3477
3582
3518
3569
3563
3854
4144
5038
5840
6151
5837
5051
4368
4024
3895
3874
3693
3600
3543
3455
3530
3339
3495
3311
3304
3329
3335
3268
3334
3333
3381
3345
3405
3396
3453
3275
3293
3359
3395
3286
3482
3437
3417
3397
3325
3322
3369
3288
3356
3284
3245
3319
3241
3353
3351
3335
3310
3335
3422
3442
3441
3481
3396
3265
3339
3204
3384
3242
3440
3294
3242
3333
3307
3217
3286
3269
3303
3351
3455
3447
3841
4380
5643
6503
6527
5692
4599
3713
3271
3156
3122
3109
3170
3206
3214
3273
3243
3265
3218
2979
3028
3175
3161
3216
3276
3357
3242
3164
3176
2892
3009
2981
3025
2946
2910
3002
2906
3053
2969
2963
2990
3081
3336
3601
4100
4424
4342
3929
3462
3184
2991
3025
2876
2909
2834
2875
2856
2904
2847
2797
2928
2892
2786
2929
2757
2769
2882
2872
2758
2833
2928
2793
2861
2866
2889
2822
2792
2819
2687
2852
2944
2982
3255
3450
3468
3410
3095
2976
2834
2833
2972
2803
2752
2774
2847
2848
2817
2696
2773
2776
2745
2742
2755
2846
2775
2694
2695
2762
2779
2715
2785
2721
2815
2825
2752
2751
2812
2744
2750
2779
2741
2687
2758
2742
2701
2839
2836
2779
2832
2752
2771
2730
2617
2714
2793
2703
2691
2730
2781
2741
2681
2724
2713
2705
2704
2780
2909
2722
2739
2797
2860
2802
2792
2752
2673
2888
2800
2715
2755
2853
2811
2719
2692
2732
2758
2661
2784
2712
2837
2941
2979
3127
3226
3461
3260
3219
2990
3003
3035
2935
2800
2699
2883
2727
2773
2702
2773
2780
2811
2722
2715
2772
2798
2910
2844
2861
2816
2935
2819
2828
2829
2829
2839
2749
2748
2785
2797
2860
2863
2931
2893
2968
3019
3067
3032
2971
3055
3000
3125
3059
3131
3084
3003
3006
2963
3149
3181
4203
8193
17894
36006
57913
70318
65472
46535
25356
11396
5246
3425
2998
3154
3975
5348
6973
7387
6902
5482
4132
3261
2973
2950
3102
3476
4079
5039
5706
5786
5097
4040
3471
3018
2809
2703
2825
2738
2850
2839
2778
2865
2780
2833
2865
2828
2891
2855
2813
2830
2801
2912
2837
2840
2845
2820
2959
2939
2794
2809
2767
2837
2969
2913
2764
2725
2908
2870
2836
2995
3015
3025
2814
2773
2754
2688
2528
2605
2596
2527
2613
2663
2885
3541
5379
8736
12437
14585
13700
10194
6378
3749
2671
2341
2507
3139
4472
6780
9238
9948
9319
6861
4435
2950
2268
2132
2048
2217
2287
2341
2253
2263
2213
2236
2132
2168
2226
2150
2169
2242
2221
2126
2252
2142
2224
2214
2172
2105
2050
1993
2023
1982
2113
2163
2168
2017
1963
1967
1955
2047
2163
2169
2131
2110
1996
2012
1853
2039
2199
2281
2390
2259
2240
2082
1931
1860
1740
1701
1759
1741
1821
1735
1701
1784
1725
1674
1732
1713
1748
1718
1673
1688
1731
1696
1765
1716
1729
1757
1716
1709
1821
1719
1745
1779
1751
1798
1974
2101
2373
2363
2290
2063
1891
1725
1668
1543
1528
1460
1470
1483
1478
1456
1480
1498
1531
1466
1433
1433
1440
1454
1570
1993
2764
4034
5785
6413
5708
4478
2745
1956
1529
1382
1383
1369
1266
1346
1299
1316
1248
1299
1312
1263
1325
1269
1327
1336
1289
1420
1412
1284
1268
1269
1289
1231
1262
1225
1203
1206
1183
1213
1168
1157
1148
1207
1123
1183
1095
1127
1109
1134
1162
1151
1169
1145
1164
1250
1187
1213
1165
1150
1154
1172
1145
1168
1084
1165
1083
1205
1145
1168
1191
1181
1158
1085
1126
1127
1079
1128
1133
1148
1130
1188
1190
1209
1268
1257
1263
1193
1181
1152
1180
1171
1264
1242
1300
1234
1273
1205
1188
1120
1059
1075
1091
1095
1064
1091
1110
1070
1113
1112
1132
1126
1127
1177
1213
1216
1304
1278
1167
1169
1206
1103
1077
1068
1105
1091
1090
1149
1164
1097
1126
1242
1341
1412
1410
1355
1189
1092
1128
1101
1039
1031
1073
1063
1054
1006
1091
989
980
1045
1037
1081
1041
1067
1075
1097
1060
1041
1051
1090
1080
1093
1194
1134
1137
1123
1186
1134
1158
1093
1038
1065
1091
1062
1072
1048
1134
1062
1104
1176
1295
1806
4044
10789
26743
52732
80382
93521
83275
56488
28608
11620
4000
1617
1035
922
892
940
952
881
953
949
1066
1174
1211
1085
934
918
859
833
898
895
843
749
839
768
785
780
769
819
825
761
763
756
756
732
694
760
727
791
797
810
858
820
809
774
789
777
770
815
734
762
749
772
758
789
762
767
697
736
785
780
761
837
758
788
784
779
807
801
749
801
732
729
714
795
704
755
804
864
903
908
854
803
816
832
887
981
1386
1895
2339
2464
2220
1713
1243
993
792
823
808
753
869
987
1073
1033
977
977
837
821
782
780
712
720
702
733
748
711
753
870
905
874
906
939
916
818
843
859
810
865
922
891
876
816
794
779
787
771
766
731
793
756
786
801
761
828
816
818
807
803
742
723
765
727
808
780
769
768
743
752
733
769
717
738
784
798
774
794
800
780
801
828
865
848
807
878
808
847
817
865
878
871
806
817
846
747
790
790
777
825
755
813
726
726
750
783
731
774
747
762
838
851
799
744
777
768
814
757
756
750
747
757
747
767
841
947
1044
1113
1143
1033
972
837
907
829
871
874
805
799
818
790
839
822
804
829
831
753
803
787
809
813
748
807
813
728
815
741
802
946
878
946
928
777
823
877
930
912
1003
990
894
799
776
806
738
794
833
876
911
885
899
903
867
921
975
906
843
808
732
805
909
1014
1244
1404
1421
1417
1198
961
849
800
803
739
795
750
713
769
739
794
842
847
1013
1022
1084
1018
866
842
765
751
786
777
739
823
825
819
798
804
831
869
868
889
813
748
778
736
752
732
739
758
743
728
734
763
763
798
724
751
784
781
758
825
799
760
835
915
1002
946
929
951
988
1029
1065
1061
971
865
808
799
731
757
785
754
735
770
772
756
794
791
768
750
762
714
782
802
813
858
893
898
857
836
793
804
767
794
758
751
779
778
740
697
720
753
761
712
799
783
807
844
825
803
791
799
886
866
795
815
777
798
768
851
879
1114
1293
1529
1487
1386
1178
986
861
805
806
836
821
932
909
861
847
886
793
827
809
781
764
746
715
773
712
807
776
772
799
836
812
853
839
899
857
935
899
967
945
962
968
960
1010
904
902
879
854
860
849
834
835
848
766
778
721
788
756
751
771
777
784
769
804
788
764
830
798
843
814
788
754
727
785
743
761
779
785
789
864
877
981
1170
1271
1228
1162
1027
862
830
809
779
757
762
761
796
769
722
799
782
805
876
940
955
1006
938
920
963
909
900
967
845
807
820
745
789
774
712
770
699
701
724
781
927
1206
1503
1781
1746
1638
1297
1093
955
875
925
888
850
748
781
802
717
759
763
781
714
740
791
717
764
724
750
819
902
793
770
706
750
777
722
720
735
715
650
687
686
723
692
715
711
687
715
717
758
754
770
817
730
728
711
745
719
709
676
740
629
721
735
713
759
726
703
634
733
724
730
694
708
760
720
797
838
972
1306
1689
1902
1870
1657
1245
979
786
757
673
798
785
805
770
755
755
677
677
634
651
725
742
823
909
1031
973
978
890
779
711
707
726
736
745
753
664
684
669
682
694
701
683
687
658
696
726
819
924
888
907
817
761
695
690
759
689
720
720
677
677
667
628
683
684
665
692
661
692
700
721
743
693
707
683
700
654
683
672
708
733
802
805
823
850
853
857
867
942
999
1074
965
844
758
724
743
735
739
734
672
674
687
723
617
698
666
680
665
737
666
722
736
685
702
698
709
694
794
782
836
800
740
661
653
617
657
682
641
657
770
812
956
1022
943
934
858
827
818
743
747
716
720
660
645
592
634
629
593
686
646
811
980
1177
1364
1525
1368
1142
874
759
628
584
655
622
641
638
645
711
710
710
801
914
978
889
860
819
686
654
656
633
668
621
631
629
674
638
657
693
680
653
674
641
647
642
745
738
787
802
837
838
822
797
802
701
715
714
734
716
833
883
1310
1967
2647
3315
3443
2972
2153
1329
944
764
637
677
691
600
606
631
624
647
741
699
726
745
666
663
709
810
1046
1470
1852
2004
1811
1468
1090
832
688
669
754
754
739
810
754
739
723
700
817
793
708
693
751
756
701
705
791
842
839
750
715
656
608
589
604
568
579
593
606
611
619
616
608
664
625
663
651
709
751
823
1072
1318
1631
1666
1556
1216
979
861
671
628
685
634
659
672
647
617
647
642
673
708
688
667
637
636
630
687
747
806
753
803
706
658
655
614
622
591
634
601
622
557
598
653
701
743
810
902
969
932
939
888
726
621
585
585
610
622
624
624
627
608
627
637
631
635
563
677
596
616
721
699
777
811
752
749
616
637
626
641
608
636
612
610
571
577
590
589
631
608
623
623
667
634
632
674
716
696
736
754
710
640
592
590
577
617
619
677
640
646
687
652
622
616
616
632
570
615
646
583
661
597
656
676
693
678
658
663
771
740
773
747
693
650
679
651
747
751
782
876
882
827
705
636
634
617
648
571
627
603
643
675
609
624
647
622
623
694
766
758
775
770
717
684
617
651
599
597
631
586
633
592
607
602
635
622
711
753
770
757
724
662
711
749
836
887
888
857
841
707
680
675
595
626
706
767
867
892
849
776
754
704
760
668
681
629
632
677
631
658
637
585
663
640
696
761
793
849
803
745
718
691
634
632
615
659
685
741
789
955
1300
1766
2324
2793
2988
2888
2483
1906
1442
1095
1035
1028
1042
933
910
830
743
702
714
714
701
732
734
665
696
716
708
634
685
647
618
710
684
704
756
803
838
911
1135
1274
1492
1435
1302
1144
946
784
794
784
961
1064
1172
1329
1331
1228
954
874
806
807
786
758
735
757
764
762
784
766
828
947
912
928
863
856
831
756
709
806
741
739
759
805
819
853
898
931
920
815
775
759
773
742
690
756
693
710
738
755
781
828
915
977
1105
1425
1415
1584
1582
1461
1269
1197
1038
864
805
814
788
741
750
718
717
721
694
683
704
725
733
722
749
790
852
916
885
850
824
779
718
719
755
769
811
724
806
791
784
712
779
758
799
764
718
719
759
753
719
721
769
750
697
769
725
745
729
756
732
690
722
771
690
711
762
683
728
716
756
826
818
807
855
820
880
843
809
689
775
818
753
727
775
744
696
697
729
742
751
672
762
727
692
746
711
776
746
788
770
783
776
739
714
752
763
773
730
729
750
822
777
816
741
808
823
815
688
727
737
832
803
833
867
810
834
772
740
747
764
745
727
704
732
704
733
807
828
751
772
780
781
821
783
760
794
777
815
811
719
782
758
771
805
809
757
810
763
798
770
802
793
807
794
825
827
773
782
837
902
937
980
940
983
872
884
825
846
750
834
846
803
820
749
725
802
766
768
833
802
765
770
796
749
806
802
806
800
905
865
957
847
951
973
910
875
932
885
987
1031
1063
1138
1082
1022
977
905
903
843
830
831
834
754
764
764
831
781
816
832
830
905
892
922
910
908
891
970
994
946
952
933
890
849
835
815
863
851
834
815
855
847
843
826
802
784
825
835
809
833
805
799
854
752
844
824
818
821
836
911
969
1053
1078
1079
920
901
862
851
838
828
822
854
905
817
893
993
1121
1091
1108
1042
869
814
827
833
787
704
752
737
770
774
773
747
793
780
761
799
754
764
802
782
791
822
753
854
797
805
815
821
787
800
790
748
777
757
772
760
743
750
807
822
858
876
868
817
810
841
842
777
798
751
794
781
786
754
764
796
698
748
758
734
758
767
808
872
960
983
1016
940
899
875
767
799
781
785
765
748
687
699
727
718
681
681
713
715
710
740
711
736
773
756
771
787
753
738
708
714
703
792
719
682
733
710
699
689
665
642
639
683
690
642
617
663
665
667
643
703
661
670
654
649
666
633
688
632
626
680
757
812
937
1047
1070
1068
955
775
747
705
677
725
767
767
860
913
960
1039
963
880
760
763
695
711
739
871
936
989
955
878
725
669
611
578
590
640
596
605
565
576
597
560
558
584
660
672
647
718
690
697
664
625
605
581
598
642
654
664
777
769
749
703
690
596
589
588
614
650
584
655
632
636
597
567
577
573
583
585
594
638
628
593
602
580
597
556
545
570
545
537
535
557
559
521
568
547
571
601
621
677
676
683
664
621
582
587
634
616
641
561
595
557
565
538
528
555
534
507
533
551
530
536
529
555
473
518
562
580
613
586
622
580
559
553
531
503
560
507
567
560
531
601
515
536
524
516
595
544
526
540
543
603
600
598
537
527
470
531
524
522
548
529
475
465
486
502
507
513
495
508
511
494
474
490
528
499
517
536
472
474
519
491
531
500
540
528
552
457
531
499
508
500
502
500
471
481
659
916
1773
3543
6165
9324
11850
12141
10033
6808
3778
1789
1060
729
636
657
686
670
608
579
545
534
530
479
489
508
484
475
499
473
465
450
479
483
571
582
638
683
681
609
647
520
508
450
499
473
471
489
472
453
545
454
499
462
476
457
472
441
471
465
479
475
455
458
462
518
579
832
1031
1355
1537
1654
1608
1263
978
817
687
631
617
580
565
546
484
443
447
426
472
483
470
478
478
488
535
488
481
470
423
483
495
486
588
889
1420
2178
3221
3771
3932
3344
2415
1478
937
579
515
427
453
448
438
437
476
469
468
457
486
532
511
511
519
492
478
490
503
499
473
447
483
492
479
492
527
577
606
574
551
472
425
386
425
414
397
418
399
398
444
451
463
410
395
445
424
468
447
475
518
489
453
433
439
430
402
427
450
446
509
620
784
973
1088
1153
999
837
665
554
468
432
451
437
417
392
465
420
418
400
414
398
411
425
419
414
426
418
426
414
422
411
433
405
448
536
604
597
549
553
502
475
474
496
485
486
454
513
466
460
461
457
473
484
495
508
439
419
390
409
398
413
372
432
468
463
434
434
497
562
532
531
457
443
435
444
423
419
384
413
413
449
396
412
402
389
402
428
409
406
427
475
457
488
494
494
526
590
548
539
536
512
473
485
448
452
453
398
491
457
452
429
425
440
423
421
394
435
412
476
494
474
463
465
461
475
413
471
459
463
470
438
411
430
403
437
449
430
564
736
1073
1421
1706
1699
1505
1141
796
563
453
433
390
387
403
391
393
420
368
418
452
383
393
357
391
388
416
451
437
394
412
426
421
413
407
364
380
351
385
360
372
396
384
408
406
436
399
424
434
380
421
423
417
401
363
397
394
382
356
378
405
365
338
353
376
357
361
342
372
376
334
349
395
357
432
396
442
418
391
421
393
377
409
365
342
372
382
377
403
459
467
514
506
498
497
480
479
479
450
407
418
404
429
502
511
551
532
499
422
446
402
391
376
391
421
388
402
398
404
362
388
404
434
397
337
416
427
429
475
458
513
457
520
454
432
443
482
489
462
434
424
433
386
410
365
398
416
405
428
481
510
555
529
517
450
427
468
418
389
389
413
414
388
427
420
466
487
447
483
486
468
460
446
418
377
424
400
356
371
424
353
396
378
367
374
411
407
353
420
409
431
402
437
424
446
425
464
481
374
422
424
434
443
444
495
540
711
858
1333
1748
2313
2648
2672
2302
1951
1581
1399
1210
1178
1075
1074
1152
1254
1601
1775
1734
1444
1146
823
685
522
514
481
506
483
490
407
485
487
449
466
518
546
469
558
521
484
480
451
442
442
450
475
498
449
462
474
464
515
495
560
570
639
699
730
730
639
603
533
512
484
497
494
591
588
715
835
802
787
695
609
568
561
534
504
550
523
511
540
487
495
477
433
465
523
479
443
497
473
457
488
503
439
469
452
453
493
458
491
496
588
582
703
696
743
735
697
603
553
504
453
453
495
425
452
478
449
440
465
483
460
516
543
574
660
702
689
642
560
539
483
508
513
509
558
572
640
593
637
609
522
570
527
524
520
505
512
536
471
478
486
508
496
507
499
440
478
500
453
493
473
459
469
443
481
476
448
433
437
469
452
457
462
443
467
465
423
457
484
470
483
461
448
475
506
502
457
481
456
529
483
454
391
469
429
470
471
476
509
478
447
471
523
470
502
520
573
559
562
546
508
458
471
499
549
536
530
569
525
504
511
480
473
470
444
454
462
460
471
494
478
497
508
507
515
506
441
471
457
493
448
479
486
517
580
558
614
613
602
570
574
545
532
505
536
533
487
478
446
547
501
468
508
469
520
501
482
473
508
437
490
470
499
505
510
541
493
507
534
528
527
499
530
518
499
542
494
519
483
519
482
504
485
455
480
514
493
514
528
486
507
486
500
516
469
473
476
519
490
523
498
497
487
551
529
565
667
688
709
736
624
624
580
570
534
558
541
490
524
506
514
522
564
531
495
463
457
513
526
511
485
487
551
519
507
486
512
522
520
461
525
561
543
522
498
488
502
527
506
560
556
559
572
541
530
562
513
531
542
511
502
558
567
560
581
497
525
540
599
534
559
570
512
519
496
508
415
468
435
440
447
464
491
459
475
494
439
439
460
449
472
468
516
457
436
454
497
491
546
521
548
595
519
504
489
453
474
484
488
448
467
453
490
501
447
473
430
472
505
536
516
595
645
681
755
835
722
678
652
514
568
501
543
522
517
494
473
475
445
481
489
480
456
442
463
473
519
515
529
589
647
735
826
829
853
834
689
554
536
519
466
464
491
430
425
455
410
448
459
441
489
446
426
405
426
429
443
452
448
470
487
503
527
531
549
543
474
449
463
444
434
430
401
418
407
398
395
439
387
415
424
395
423
440
460
421
427
417
437
394
417
424
388
420
385
423
409
404
401
434
384
372
393
391
368
387
400
412
372
387
409
399
411
401
431
409
432
481
422
430
422
427
448
378
369
357
390
406
358
345
346
383
396
354
387
364
357
405
353
355
297
348
408
391
339
372
373
364
377
378
372
372
399
462
453
435
488
435
433
448
394
397
379
353
373
412
358
327
359
356
320
334
361
305
341
361
381
381
342
375
382
384
353
320
380
363
393
385
367
387
348
342
355
385
388
393
395
399
408
410
437
464
518
573
499
483
450
448
391
369
394
351
362
384
403
405
366
354
373
395
370
387
375
370
392
402
369
359
372
378
390
405
384
387
394
397
410
436
462
459
432
412
422
412
403
405
402
438
377
423
399
397
368
408
357
430
387
411
424
424
405
408
386
423
432
483
488
486
538
480
473
449
428
400
426
389
391
438
559
737
1141
2004
3410
5181
6652
7402
7047
6110
4952
4010
3579
3552
3343
2799
2155
1560
1062
785
592
554
528
532
568
515
561
574
586
542
500
495
516
515
475
525
523
562
560
564
505
465
426
463
464
443
439
513
450
469
505
558
627
625
681
635
649
534
523
472
522
479
484
471
480
492
457
474
482
484
486
478
442
435
502
566
607
581
623
589
561
495
450
485
466
446
449
454
404
423
414
469
457
508
473
451
491
480
473
407
457
439
416
449
454
433
450
451
459
518
492
479
492
482
499
480
445
458
472
474
451
430
502
458
470
466
473
482
454
500
451
458
433
459
435
447
414
454
460
499
580
662
772
867
937
797
690
611
523
479
469
413
455
457
454
435
495
468
546
499
525
520
516
484
476
470
478
443
453
445
458
460
466
388
400
432
373
413
477
405
448
419
425
456
484
488
470
464
474
480
492
459
446
454
491
468
450
430
474
454
445
473
447
436
441
456
433
454
423
456
440
441
464
465
443
443
443
432
423
498
459
484
514
496
466
470
450
438
438
415
418
400
406
430
463
444
413
417
442
446
483
452
492
453
474
480
475
436
469
452
464
530
567
596
623
623
619
578
530
458
494
476
491
471
458
457
477
490
487
459
442
440
463
400
455
449
434
419
450
497
465
503
527
503
530
556
491
490
457
458
416
499
453
491
495
461
455
462
425
449
458
458
493
505
520
525
502
467
486
506
550
509
550
527
460
460
501
485
455
464
484
469
454
454
476
473
455
489
468
448
453
489
475
444
500
524
486
472
487
487
493
491
490
515
517
485
476
475
493
508
494
477
467
488
460
488
525
539
484
553
562
538
512
541
510
487
462
504
508
455
443
485
483
455
459
450
478
456
494
441
444
495
470
464
505
501
518
525
547
544
524
506
481
477
464
464
428
449
394
446
395
419
416
397
431
437
418
466
392
417
408
434
422
396
416
392
387
417
466
428
439
417
395
418
384
409
407
385
387
362
415
410
402
402
415
394
462
434
459
482
456
501
523
452
458
453
515
489
497
468
468
431
444
419
357
386
414
423
422
423
364
386
471
459
590
747
987
1272
1465
1539
1416
1009
771
610
461
435
371
410
382
394
390
381
398
389
392
376
381
404
362
347
341
380
340
370
390
386
359
367
362
368
359
358
359
406
341
344
336
348
360
350
326
334
319
322
303
315
339
329
286
295
295
352
358
347
337
342
296
318
349
302
342
337
343
332
375
358
324
326
360
363
384
387
393
383
395
362
326
307
305
306
365
344
357
401
403
413
400
358
343
325
307
321
283
299
300
297
283
288
278
277
264
271
288
288
292
275
290
309
298
303
328
311
300
304
273
297
322
335
335
433
479
476
524
483
444
380
345
308
285
294
251
288
234
247
233
234
237
242
253
232
249
248
225
282
277
254
256
237
260
237
242
280
268
252
274
251
269
256
262
286
282
278
321
325
334
401
414
433
405
360
325
308
264
293
291
296
325
375
425
507
414
478
424
345
315
344
284
287
264
306
256
270
250
246
245
262
257
254
273
272
254
250
233
253
249
259
299
298
287
288
316
312
299
277
296
277
277
283
302
336
336
387
376
363
382
304
310
293
263
284
262
228
260
246
262
260
261
269
271
240
284
280
271
260
282
274
265
285
243
352
504
841
1497
2600
4211
5654
6926
7242
6333
4779
2960
1738
925
530
322
280
294
320
308
423
480
546
554
593
526
469
331
320
333
289
269
254
275
261
252
222
261
251
239
298
263
263
318
394
495
642
752
725
702
624
545
478
372
340
329
306
269
263
239
221
212
223
209
250
256
258
281
327
442
500
543
606
567
493
369
330
285
277
241
236
246
253
264
289
274
297
309
306
322
285
278
273
264
265
303
266
314
295
323
357
352
418
509
582
636
597
559
526
477
385
323
290
281
271
255
293
303
319
322
297
289
322
286
303
337
278
272
249
249
233
258
229
219
214
245
234
231
265
215
241
220
236
215
222
247
225
232
227
235
203
232
236
244
234
236
263
234
278
303
312
276
275
270
268
258
234
248
248
240
242
246
230
216
227
248
256
221
232
246
228
253
265
232
216
235
239
271
250
255
238
260
268
320
299
291
306
314
281
254
254
280
259
282
273
280
267
253
228
240
257
275
258
231
228
239
248
229
233
250
283
302
350
400
413
433
366
356
263
302
256
257
249
218
244
237
217
231
262
271
227
271
274
275
279
362
424
516
612
615
612
493
445
359
296
268
292
250
224
241
253
217
257
230
263
245
268
243
265
246
288
282
218
269
248
272
267
249
277
282
297
278
265
284
273
281
277
244
265
301
299
258
250
236
273
224
261
269
302
273
282
299
341
373
364
374
352
292
290
269
286
256
283
233
271
234
233
246
244
237
252
267
247
240
293
271
236
270
309
389
347
441
384
372
334
280
269
261
234
260
278
323
276
357
288
264
277
294
311
341
391
437
499
518
539
500
465
420
405
358
354
285
306
266
262
275
259
262
301
286
276
224
275
231
248
265
261
252
248
262
289
350
399
393
449
530
490
471
418
338
310
294
261
280
252
289
234
251
224
277
278
294
291
258
340
313
303
307
303
268
287
283
284
291
278
276
243
244
254
246
265
260
240
250
241
273
256
236
272
260
269
269
302
319
314
292
337
322
296
294
315
305
309
327
354
321
346
304
284
255
256
235
262
259
275
270
253
295
237
221
267
245
258
225
261
289
264
279
288
277
265
283
280
275
293
260
259
275
305
312
318
309
274
306
254
285
243
243
254
230
245
242
235
242
254
245
246
236
229
253
251
270
241
228
269
266
253
239
233
246
264
261
256
243
259
278
245
233
216
233
250
238
254
244
278
258
248
271
266
256
229
232
301
263
328
365
401
434
381
380
353
317
272
252
262
255
260
249
286
261
264
243
276
244
250
267
215
225
254
273
237
269
283
264
288
266
256
261
233
283
242
235
228
244
236
248
270
263
250
265
252
265
254
263
275
245
253
243
251
241
250
276
246
278
280
322
312
368
328
380
376
362
292
317
321
275
258
240
244
240
238
229
249
255
268
274
276
291
278
292
323
332
356
348
361
364
339
377
408
413
476
445
434
384
343
347
326
375
453
587
741
912
1091
1212
1231
1107
904
753
621
498
531
595
748
986
1238
1479
1484
1323
1038
785
550
410
376
331
329
350
351
383
426
468
526
540
570
510
524
471
436
374
337
338
346
331
363
374
409
496
508
561
518
505
416
377
371
314
348
288
314
305
309
350
349
342
330
351
356
350
313
305
343
316
316
329
335
309
306
316
343
293
343
303
335
311
347
310
338
326
349
335
324
373
352
375
373
389
307
314
331
299
324
332
325
333
304
282
328
339
303
327
336
358
376
394
428
454
426
394
391
370
384
347
331
342
319
309
306
318
287
301
328
314
281
302
323
301
329
322
308
302
349
310
296
328
312
319
323
319
327
327
338
353
307
362
315
318
343
293
293
321
339
303
335
303
307
327
400
417
459
507
514
600
608
557
528
508
539
650
787
938
1036
1143
1000
872
731
646
519
449
363
343
322
332
315
309
329
354
345
363
321
322
343
296
361
310
320
329
353
298
347
324
342
321
335
340
328
341
318
308
313
340
344
323
322
333
310
326
309
314
327
324
299
307
325
297
313
318
308
320
303
316
301
325
305
349
306
307
292
326
342
286
344
336
298
332
294
333
353
301
293
353
330
372
343
368
351
398
356
382
361
361
360
368
330
379
378
364
410
376
377
392
365
317
350
300
355
373
337
373
346
316
360
363
359
366
463
587
660
899
1054
1196
1231
1158
980
821
675
560
495
434
404
414
403
371
369
340
364
357
361
387
389
336
368
391
338
379
388
356
383
346
333
369
317
349
356
351
369
327
340
361
330
324
375
356
340
351
345
342
336
370
357
372
355
311
366
363
347
382
368
365
355
368
327
334
347
330
333
348
340
331
369
344
340
357
341
324
348
384
336
347
335
331
337
332
335
357
354
372
319
355
351
348
323
357
314
380
406
344
344
351
372
352
351
346
349
353
362
359
364
365
347
361
375
335
329
311
355
355
344
329
332
339
358
324
329
392
418
508
585
695
802
819
802
709
686
608
569
470
451
390
376
361
370
341
364
410
354
363
360
349
329
351
352
333
352
355
341
386
411
489
564
701
746
768
781
623
551
410
391
363
381
348
380
344
335
362
354
353
360
362
401
353
419
404
392
395
399
376
367
374
364
393
374
350
358
377
373
372
305
352
345
320
323
327
327
319
336
326
347
350
393
387
465
445
466
454
404
397
394
370
355
360
393
355
337
308
323
329
351
305
350
312
314
302
318
313
288
277
315
323
296
323
326
312
309
310
317
270
312
321
332
296
323
292
314
314
323
319
324
280
306
293
299
316
279
329
315
300
317
299
280
301
267
302
255
301
311
294
283
310
291
296
280
283
313
313
320
289
324
294
314
267
309
301
314
286
289
306
279
301
319
273
310
274
287
296
297
271
310
278
288
286
277
293
292
268
286
295
295
315
315
322
299
287
296
310
291
300
306
289
325
282
334
327
352
360
389
445
432
470
453
403
371
421
374
327
310
335
322
275
329
325
330
287
301
313
327
319
338
308
300
321
295
312
295
319
339
339
358
318
338
392
445
558
671
781
783
873
863
745
670
553
517
398
417
332
328
329
330
355
324
368
340
341
351
351
421
440
476
511
540
548
561
531
462
422
397
387
351
344
327
355
374
388
425
545
653
994
1334
1668
1903
1975
1876
1544
1344
1091
1203
1494
2151
3026
4096
5351
6243
6477
6091
5006
3872
2593
1695
1072
752
634
520
513
460
522
615
669
761
761
777
715
626
568
518
443
424
448
468
470
431
465
429
437
427
431
422
446
436
420
410
451
411
415
422
465
384
381
380
401
418
407
424
440
407
434
441
411
399
419
438
433
394
409
461
419
430
444
433
480
460
443
434
424
405
418
410
433
440
394
430
424
453
392
429
440
415
413
452
404
437
418
390
428
417
432
463
432
462
516
519
484
510
543
527
447
475
429
415
434
397
419
445
417
426
383
382
410
396
387
428
405
414
390
428
392
425
413
451
419
424
424
424
403
423
404
418
372
401
388
397
409
416
420
372
396
412
408
407
375
427
454
503
556
686
761
743
745
666
568
526
423
413
401
418
405
372
416
395
429
396
423
406
410
343
408
436
410
387
435
420
420
389
386
411
423
394
375
375
401
379
420
416
411
469
469
454
424
407
388
417
430
395
398
376
420
366
381
401
425
400
373
395
384
428
416
399
375
429
406
440
379
425
377
379
405
401
400
402
418
384
396
373
438
388
437
424
437
408
444
410
431
416
412
414
408
402
490
467
485
427
509
450
477
483
481
497
438
408
411
414
434
419
413
406
421
427
453
421
421
448
455
462
474
417
437
501
572
619
779
925
1148
1478
1752
2005
2099
1887
1702
1246
984
776
660
618
638
638
594
568
527
501
438
419
464
403
476
398
462
438
430
399
418
426
425
490
460
419
419
435
401
414
468
421
418
440
420
422
408
427
376
424
421
435
465
424
384
424
411
406
434
480
417
414
484
436
442
432
421
408
454
428
410
453
398
427
452
419
446
466
446
393
412
436
398
431
429
439
463
439
448
405
419
372
402
453
402
394
435
437
455
438
393
420
452
419
424
419
344
398
373
399
394
379
362
358
357
372
383
358
401
384
369
357
364
373
372
374
382
341
337
360
322
342
388
378
369
348
349
371
354
339
353
350
383
347
380
357
362
335
347
348
361
330
338
326
347
325
346
312
324
328
340
343
356
319
349
338
329
335
317
289
332
354
322
393
343
353
367
342
353
357
333
316
318
329
292
328
342
306
303
310
324
326
315
328
340
417
394
466
480
489
499
455
453
379
340
306
300
300
336
274
291
317
283
292
265
237
294
292
270
264
287
263
274
285
284
260
321
273
278
286
239
273
239
250
257
247
230
261
236
252
218
243
205
242
223
229
231
228
212
224
213
222
213
211
193
232
199
199
205
207
194
200
206
207
210
195
190
203
241
159
180
160
194
196
198
195
162
185
179
179
173
163
171
172
170
175
163
168
179
177
178
190
184
171
158
189
184
161
149
158
165
140
144
167
151
162
132
132
146
149
147
147
162
142
139
156
151
154
136
140
135
148
141
136
132
133
132
122
141
148
142
141
126
120
135
147
133
139
154
172
270
249
303
359
357
299
274
233
190
182
155
130
140
125
145
146
143
138
134
117
135
124
143
136
139
124
124
126
114
124
146
115
136
141
166
175
232
341
469
677
871
931
976
905
753
549
368
237
164
153
129
122
130
126
132
148
169
175
181
250
266
268
255
225
229
230
205
151
155
142
125
119
104
131
112
125
120
109
115
117
118
99
143
142
101
136
128
151
175
299
520
973
1703
3127
4731
6680
8424
9527
9029
7667
5591
3544
2062
1002
467
236
146
115
106
94
88
102
101
97
109
101
91
88
81
103
89
93
104
87
112
89
101
116
113
105
113
101
90
97
89
80
87
100
76
86
77
82
66
97
109
86
78
77
94
96
91
97
75
76
89
84
103
112
101
107
154
150
193
182
147
181
167
127
114
124
79
85
84
85
94
78
98
86
102
99
101
113
89
92
75
113
83
86
103
95
121
111
119
114
98
111
91
99
98
95
89
87
83
92
102
100
76
97
91
81
97
77
88
63
88
87
79
98
82
95
72
74
74
90
80
76
72
97
84
71
75
80
77
79
86
88
79
70
63
72
77
87
89
62
61
58
77
76
82
69
64
65
70
79
61
66
74
82
63
61
53
70
72
76
67
56
60
87
91
80
98
141
144
119
123
118
115
117
88
82
82
106
69
86
89
96
117
112
111
97
90
98
78
69
81
76
74
51
65
73
68
69
73
66
73
66
84
69
70
51
64
82
95
68
85
76
55
71
77
67
69
82
58
63
68
78
75
76
89
75
79
57
58
70
65
72
63
71
62
65
74
74
85
78
65
79
75
66
62
74
70
79
72
71
54
62
62
97
102
119
132
119
157
164
153
139
115
98
77
105
115
149
187
270
411
482
556
541
505
446
360
319
277
223
242
263
304
318
366
339
290
237
164
119
112
78
71
64
75
61
66
64
88
62
77
78
78
87
82
72
80
78
73
86
80
84
85
86
90
84
88
94
69
88
70
71
65
46
87
58
61
66
69
73
69
67
72
68
73
81
71
65
75
62
80
73
91
64
79
77
72
72
84
83
56
72
66
62
58
68
76
65
63
82
82
76
106
128
179
223
273
348
404
411
349
301
226
166
148
105
86
88
73
77
91
72
79
99
102
101
113
108
106
95
99
81
90
80
82
81
80
84
92
94
103
81
78
68
79
77
89
78
78
78
89
74
70
81
75
75
67
79
71
83
77
87
85
80
77
69
83
95
94
117
120
94
119
110
100
98
87
77
83
77
93
104
113
130
164
160
166
128
140
129
130
109
124
128
129
107
103
101
98
106
86
97
104
118
156
233
290
358
420
427
366
295
229
192
122
136
155
175
198
200
235
215
206
182
133
145
102
101
82
82
71
90
72
73
81
88
89
76
97
82
86
79
97
75
88
98
85
82
78
69
68
60
81
91
72
85
71
82
96
88
82
86
80
79
79
82
79
70
73
87
76
65
81
79
66
70
84
77
63
88
80
68
81
64
73
84
76
75
76
82
77
71
71
65
86
75
81
90
70
95
86
78
92
84
93
93
83
91
84
84
83
75
76
70
98
69
98
99
84
88
101
105
91
97
77
77
61
79
76
59
84
69
74
75
76
87
87
77
92
79
80
80
70
94
80
70
83
71
83
69
67
70
79
99
66
66
72
77
77
69
82
79
75
98
66
65
87
97
89
95
92
84
100
79
94
99
82
78
89
80
85
88
75
59
79
84
91
95
85
88
80
92
79
80
68
94
75
76
90
95
95
120
125
180
207
320
383
410
473
482
446
392
345
232
182
146
107
114
99
105
102
75
101
103
100
87
101
104
91
88
87
93
104
77
84
92
97
79
77
91
93
89
81
104
112
126
89
92
80
103
85
119
83
114
91
81
89
87
84
94
88
100
95
89
102
98
75
86
83
92
115
77
80
99
102
93
100
91
105
79
82
109
74
74
77
106
82
77
80
85
76
74
88
71
104
74
84
84
83
89
93
77
109
82
87
102
102
106
134
150
179
166
223
188
182
181
150
106
116
97
93
81
92
82
76
86
84
86
91
78
68
91
74
73
61
80
76
88
111
113
95
119
125
91
98
98
113
97
84
96
91
89
94
74
78
86
81
88
71
81
79
66
91
73
85
90
85
82
99
92
80
80
79
67
82
84
76
74
76
83
72
84
73
76
83
73
80
87
78
69
72
79
71
76
68
72
85
79
79
51
83
67
89
87
77
65
84
78
80
83
68
70
69
81
81
83
76
101
89
95
96
94
131
131
116
113
116
106
102
85
101
82
87
64
77
71
76
106
69
82
78
90
76
68
69
64
72
83
87
69
78
76
75
80
84
89
72
83
75
86
58
86
78
73
71
57
67
72
79
71
77
77
78
89
82
82
81
73
72
73
88
78
75
80
75
107
83
87
81
84
75
87
77
73
76
101
99
82
88
100
95
84
85
93
107
143
192
242
401
452
528
582
591
515
490
334
218
209
154
102
134
106
110
107
105
162
182
246
323
394
463
537
517
518
438
342
269
207
163
128
115
91
96
88
93
83
92
111
99
79
91
98
97
89
103
104
101
95
88
83
97
101
87
83
120
117
115
101
114
105
82
92
92
99
101
80
89
86
109
79
72
84
81
102
80
96
99
92
89
96
84
82
95
94
94
103
89
94
91
94
87
87
98
93
78
94
72
79
95
84
80
97
79
82
90
101
143
194
234
346
412
452
501
468
365
305
204
133
120
73
105
96
112
82
110
111
137
150
149
214
207
242
248
239
203
166
137
117
90
73
92
81
98
84
92
73
78
92
71
77
79
79
77
75
85
84
77
81
86
78
87
84
88
77
79
73
80
83
94
92
99
103
110
117
121
121
127
127
94
101
82
98
88
80
74
91
91
88
91
97
101
101
150
155
137
147
141
147
130
91
86
103
90
92
74
73
91
90
90
106
99
95
113
103
103
95
101
126
171
195
291
389
502
504
523
449
439
324
237
195
151
121
85
85
100
100
79
81
89
60
90
78
89
88
99
88
65
78
91
75
81
91
92
77
76
82
79
86
85
69
107
90
94
76
84
85
88
80
85
88
89
70
82
99
86
90
92
78
101
79
81
76
89
67
82
73
84
83
94
77
94
77
74
87
87
79
61
83
65
74
90
88
77
97
73
70
89
96
90
85
82
80
65
68
79
82
85
82
69
71
71
71
71
80
90
79
81
84
72
84
72
77
76
78
84
66
98
85
90
80
75
77
74
85
74
89
95
84
79
84
74
82
56
78
93
81
76
90
80
87
77
78
62
77
76
71
69
81
63
79
80
87
88
88
62
75
81
81
75
64
63
80
73
62
76
67
65
72
68
77
83
75
82
93
74
70
81
70
67
80
77
70
76
73
88
122
158
206
307
384
457
569
525
530
453
321
219
164
110
59
86
79
89
60
69
56
81
58
84
73
62
60
72
76
87
71
72
64
60
75
66
71
80
70
68
58
75
78
60
45
69
62
65
61
76
62
67
65
85
75
66
90
79
77
75
81
85
80
61
57
86
60
77
72
71
83
61
64
63
59
60
68
72
58
51
54
58
53
55
44
56
64
54
74
58
65
62
64
60
64
66
64
57
54
55
61
58
59
49
48
47
72
54
63
51
54
53
51
57
54
62
45
58
52
49
42
64
58
68
53
53
58
55
48
68
55
44
45
45
52
62
44
51
54
51
50
47
39
31
55
33
39
44
46
43
37
38
35
43
47
41
39
34
34
41
31
52
50
34
39
43
44
43
41
48
43
45
48
45
48
42
42
49
39
37
31
43
37
36
37
50
41
38
36
28
38
37
40
36
40
46
37
25
22
34
40
35
44
42
38
48
46
47
55
46
52
36
28
40
25
27
33
38
29
26
38
32
26
36
40
28
37
31
38
25
33
36
44
32
25
26
32
41
25
22
25
33
22
35
29
32
34
20
30
35
27
39
37
42
36
20
42
36
29
36
21
19
30
23
21
24
30
27
30
27
28
35
30
25
36
26
26
27
25
28
23
31
26
28
31
32
31
30
22
28
28
30
31
30
20
29
22
38
31
22
33
36
50
58
122
176
271
415
506
652
620
600
505
336
240
171
83
49
48
37
28
32
50
89
109
199
267
340
471
532
558
549
465
355
203
145
75
52
30
16
23
20
27
21
31
13
18
9
20
19
22
19
21
21
19
16
22
13
19
17
12
9
16
22
17
17
23
15
18
14
18
12
14
14
9
18
14
11
17
17
15
11
19
13
12
16
18
11
13
15
10
14
19
29
36
38
32
40
43
24
30
13
13
13
15
16
14
7
15
11
13
11
11
11
11
7
19
17
8
17
17
10
14
11
14
15
12
13
15
16
17
17
14
27
48
78
87
143
184
209
205
185
144
98
77
46
24
18
18
15
11
13
9
14
13
19
19
14
17
11
10
10
10
20
8
18
3
18
14
17
10
12
12
16
14
12
12
14
12
15
16
9
9
9
9
10
17
10
14
14
14
14
8
25
5
20
16
34
40
38
56
76
95
83
78
72
61
38
29
20
25
13
11
9
10
15
6
13
9
15
14
18
16
14
16
33
67
94
147
221
274
319
389
347
355
277
163
110
66
32
23
19
12
19
15
17
17
15
12
14
8
11
8
11
13
9
9
14
8
11
9
8
9
5
18
3
7
7
9
8
9
15
10
15
12
12
11
5
10
5
5
8
16
15
13
12
13
17
16
7
13
11
10
7
7
4
7
6
6
8
5
8
15
8
8
6
11
12
13
6
8
11
12
12
11
11
5
14
14
7
8
13
13
10
12
14
13
7
5
20
12
8
19
12
16
11
10
10
12
11
10
8
16
10
15
15
10
7
11
12
15
11
10
7
8
9
8
19
6
12
10
14
10
14
14
10
14
4
16
11
12
12
6
11
8
7
5
9
7
8
6
8
11
11
11
10
9
10
10
9
11
13
13
15
4
11
11
12
18
11
12
10
11
14
8
17
14
8
6
7
11
13
13
10
10
5
9
8
11
4
14
9
12
6
7
11
9
7
10
10
9
13
12
7
11
17
18
8
6
10
14
8
14
4
9
9
5
13
15
9
2
6
12
7
9
6
17
7
13
7
7
18
12
18
17
34
30
57
85
70
82
93
87
95
70
51
51
28
20
18
17
14
7
9
7
12
9
10
8
15
11
8
10
12
15
9
7
10
15
9
19
10
14
16
12
11
11
16
15
13
13
13
15
10
9
9
8
9
11
10
10
9
16
10
8
10
17
16
12
13
10
14
9
8
13
8
7
12
12
6
10
13
7
15
9
13
7
8
12
15
5
12
17
11
11
11
13
13
12
11
8
10
9
10
20
12
12
14
11
11
5
14
6
13
7
18
14
7
12
10
10
12
10
19
13
8
15
13
6
11
10
12
10
9
12
9
9
8
8
12
11
13
11
15
10
16
8
8
20
10
16
17
18
20
35
55
55
75
87
98
94
92
73
72
68
39
32
14
13
11
9
10
9
5
16
12
4
20
9
7
15
13
19
21
14
20
15
13
10
5
12
15
12
9
12
18
16
17
15
10
12
9
8
11
14
8
8
13
18
13
23
11
10
10
8
9
17
11
15
13
9
13
18
14
13
13
12
11
19
15
12
14
7
8
12
11
12
16
11
14
15
18
13
22
18
10
17
14
13
14
17
12
10
12
10
17
9
12
14
10
12
19
15
11
13
17
14
16
15
15
13
13
15
16
23
23
38
39
46
47
52
36
27
31
15
20
11
19
15
24
23
18
17
15
17
11
15
17
12
10
15
8
12
8
9
11
11
9
6
5
12
13
14
12
13
10
12
13
15
13
12
9
14
17
7
7
10
9
16
10
12
11
15
8
11
9
5
8
9
7
14
8
9
14
9
10
6
4
12
13
15
11
9
16
16
9
12
12
10
11
11
16
11
8
15
10
8
12
11
13
21
9
13
13
10
6
13
12
11
12
12
7
17
2
15
11
16
9
15
8
12
15
18
12
9
8
11
14
10
11
8
12
14
12
16
11
7
15
9
11
9
10
12
16
11
9
8
10
9
11
15
11
14
13
10
9
9
15
11
8
11
11
13
22
15
12
10
11
10
5
12
8
9
11
12
13
19
20
19
13
16
21
19
20
11
13
17
8
7
14
11
13
16
10
11
9
13
13
12
7
11
16
13
10
16
15
4
7
9
12
7
14
5
8
7
13
14
13
6
13
6
12
12
11
8
3
9
12
10
6
7
10
11
7
14
16
11
11
9
7
5
6
13
11
13
11
12
11
14
6
4
10
6
11
15
9
7
6
19
4
3
12
5
6
9
11
10
9
7
11
10
14
11
5
8
10
7
3
13
12
10
8
7
10
9
11
6
10
6
4
4
12
11
9
7
11
8
15
8
10
9
7
11
9
9
7
11
13
6
14
18
14
16
14
18
13
23
25
26
22
26
12
20
18
13
12
12
11
8
8
6
8
9
8
9
8
9
4
12
11
10
8
9
8
7
2
8
12
7
7
8
9
10
6
11
15
11
8
11
6
9
8
4
4
5
5
5
11
7
3
14
5
5
5
5
9
8
7
6
14
7
5
5
8
8
5
7
5
7
3
7
12
6
9
12
8
2
9
8
8
11
6
3
6
6
7
5
9
3
3
2
1
4
5
11
8
5
7
6
4
5
7
4
4
4
7
4
9
9
2
8
5
7
7
5
8
6
6
3
5
9
4
8
4
10
7
8
8
33
22
40
60
75
89
78
95
76
67
50
34
16
13
9
4
8
3
8
8
4
6
7
8
6
1
7
10
7
11
5
4
1
8
5
7
7
4
8
3
1
2
4
3
9
6
8
3
5
0
6
4
3
4
6
3
5
4
5
5
4
4
7
5
4
8
3
3
4
2
2
3
4
3
5
5
6
5
3
3
2
2
3
3
1
2
3
4
5
4
3
2
4
4
9
4
5
1
1
7
4
3
1
3
2
5
2
2
9
4
3
7
2
4
2
6
3
3
1
6
3
5
1
5
4
5
2
2
6
5
5
2
2
3
5
3
8
3
5
2
2
4
3
4
7
7
4
13
13
17
37
58
69
77
93
88
101
87
71
45
30
17
5
5
6
4
5
6
6
4
4
4
4
6
0
6
7
4
3
6
5
3
3
6
3
2
4
4
4
7
2
5
4
6
3
4
3
3
4
4
2
8
3
4
2
4
5
2
4
3
1
3
3
3
5
1
4
7
2
1
1
3
2
2
4
5
3
4
4
1
3
7
3
8
7
6
4
7
6
10
9
8
10
11
10
4
6
4
5
4
1
2
2
3
6
4
3
6
3
6
4
3
6
3
5
5
6
3
0
1
5
1
5
5
5
3
4
2
6
2
3
3
6
3
2
4
3
7
2
6
2
0
3
6
3
6
2
1
4
3
1
3
1
2
4
1
3
5
7
2
3
4
1
3
2
4
4
2
5
4
1
5
4
4
3
2
3
9
3
2
0
5
3
3
3
1
3
3
7
5
1
6
3
4
5
2
1
3
4
6
7
3
3
4
3
7
3
2
2
5
4
5
2
1
2
4
4
6
3
3
1
7
3
6
5
4
6
4
4
3
1
0
2
2
2
5
7
2
4
2
1
1
4
1
3
5
7
3
2
2
7
1
5
3
4
3
3
0
4
3
3
2
3
5
1
2
2
5
10
5
7
8
2
5
5
4
10
7
4
4
4
5
8
1
3
3
6
7
11
13
18
27
44
48
64
59
50
60
33
37
24
21
11
11
5
8
5
4
3
3
2
5
2
5
4
4
8
3
3
6
4
3
9
3
3
7
3
3
3
1
8
3
9
3
3
4
2
6
2
6
4
7
2
3
4
1
8
4
2
3
5
5
5
3
2
7
4
2
2
3
4
5
12
3
7
5
4
2
1
1
2
5
5
5
5
8
7
6
3
4
5
1
1
2
2
9
9
2
2
3
8
6
3
3
5
2
6
6
3
3
3
6
9
4
6
3
3
1
2
4
4
2
5
2
5
3
3
4
0
6
9
5
4
10
1
4
7
6
14
8
13
10
18
13
16
14
12
15
6
11
7
5
5
8
2
4
7
5
3
3
5
2
7
2
2
2
5
5
4
5
6
5
5
2
7
2
2
5
6
4
4
0
3
4
5
6
1
5
1
1
5
5
6
5
5
5
6
4
3
4
4
2
4
5
5
10
4
3
3
1
10
0
2
7
2
3
4
1
6
1
1
4
4
2
5
5
1
5
4
5
8
1
5
4
4
3
3
6
4
7
6
3
3
4
5
4
4
2
8
4
7
2
3
5
4
3
2
5
6
4
1
3
8
3
5
9
4
3
2
2
9
2
1
5
3
6
5
4
5
1
7
2
4
2
1
6
3
1
11
4
1
4
6
1
5
9
1
3
5
10
3
4
3
3
8
4
4
6
5
9
1
7
2
2
2
7
1
2
3
4
2
1
5
3
6
1
2
1
3
4
1
6
6
2
5
3
2
3
2
1
5
1
9
2
3
5
1
6
2
2
7
2
4
7
2
3
5
2
3
5
3
2
4
7
4
3
0
2
6
4
5
8
3
2
5
6
2
6
2
5
4
5
5
3
1
1
2
5
4
5
2
5
6
1
4
6
4
4
2
3
5
6
0
4
4
1
6
5
1
1
0
2
4
2
3
2
0
3
0
4
0
5
5
2
4
6
3
5
2
4
2
4
3
2
2
5
3
3
4
5
3
0
1
3
4
5
2
0
5
3
3
8
4
0
3
2
4
5
2
4
5
5
2
3
0
3
1
2
9
2
6
3
8
0
5
3
2
4
3
2
1
2
1
2
2
3
5
3
3
0
4
1
2
3
2
3
8
4
6
2
3
3
1
4
2
6
2
3
5
4
3
3
2
2
2
3
1
3
1
2
4
1
1
2
3
3
2
3
3
3
2
1
4
3
2
1
3
2
4
1
1
0
3
4
5
1
1
2
1
1
1
3
1
1
4
2
3
2
2
0
2
3
0
0
2
0
2
4
0
1
2
1
2
1
3
1
1
0
4
2
3
0
4
2
0
2
1
3
1
2
2
1
3
1
1
4
2
3
3
4
2
1
2
0
1
2
1
1
2
0
1
1
1
1
0
1
2
1
1
1
1
1
0
1
0
1
1
4
3
4
1
1
3
1
1
5
1
4
0
1
2
1
2
1
3
1
0
2
0
1
4
2
1
1
2
0
1
2
1
1
2
0
4
3
1
1
1
2
0
0
2
0
0
4
0
1
1
1
1
1
1
1
3
2
0
0
3
2
0
4
2
2
0
4
4
7
6
5
12
1
2
1
6
0
1
3
1
1
1
3
3
3
10
17
30
37
28
40
49
46
52
35
22
15
10
8
4
1
2
1
1
1
1
2
1
0
0
4
2
2
2
3
1
1
1
0
2
2
0
1
1
1
1
0
0
1
1
0
3
2
0
1
1
0
1
0
2
3
1
0
2
0
2
1
1
1
0
1
2
3
1
3
0
1
1
1
1
0
1
0
1
0
4
2
1
0
1
2
3
0
1
3
1
0
2
1
2
1
1
3
3
3
1
1
1
0
2
0
1
3
2
4
1
1
2
0
2
1
1
0
0
2
1
2
1
2
2
0
2
1
1
1
0
1
1
1
1
3
0
1
1
0
0
1
0
1
0
2
1
0
4
0
3
2
1
1
1
2
1
1
1
4
0
1
1
0
1
2
0
0
1
2
2
0
3
2
2
0
1
0
0
1
3
1
1
2
1
0
1
2
1
1
1
0
0
3
2
2
1
0
3
2
2
0
0
1
2
1
1
1
1
2
0
2
4
0
0
0
1
0
0
2
1
0
2
1
0
1
1
1
1
0
0
1
1
4
2
1
0
2
3
1
0
0
0
3
0
0
1
0
2
2
2
2
0
1
2
2
1
1
1
0
1
0
1
4
1
2
1
3
1
1
0
1
0
1
1
2
2
1
1
0
2
2
3
3
1
1
5
1
1
0
1
2
0
0
2
0
1
0
0
0
0
0
0
1
0
0
1
2
3
0
0
0
3
0
3
1
0
2
1
1
0
1
1
1
1
1
0
1
1
1
2
2
2
4
3
1
1
2
1
0
4
4
1
2
2
2
1
0
2
1
1
1
0
3
1
2
1
3
2
0
1
1
0
1
1
2
3
1
2
0
1
3
0
0
0
2
2
0
0
0
2
0
0
2
2
0
0
0
0
1
0
0
0
0
3
2
2
0
1
1
3
1
0
1
0
2
1
0
4
1
3
0
0
1
0
0
2
2
0
3
0
2
2
1
0
2
0
0
1
1
3
1
3
3
1
3
1
1
0
2
0
0
1
1
0
3
0
1
0
0
1
3
2
0
1
0
0
3
0
0
1
1
1
3
0
0
0
1
0
3
1
2
1
1
0
0
0
2
0
0
0
2
1
1
1
2
0
0
2
0
0
1
1
0
0
2
0
1
1
0
0
0
1
0
0
0
1
1
0
0
0
2
0
0
0
2
1
0
1
0
0
2
1
1
0
4
2
2
1
0
0
1
2
1
2
3
2
0
0
0
0
3
0
0
1
0
1
0
1
1
0
0
0
0
2
1
2
1
2
3
0
0
0
1
1
0
2
2
2
2
3
2
1
0
2
1
1
1
1
0
2
2
2
2
3
1
2
1
1
1
2
0
1
1
1
1
2
1
0
3
0
0
3
3
1
2
1
2
0
1
5
0
0
1
0
2
3
0
2
2
0
1
0
1
0
1
0
0
1
0
4
0
0
0
0
1
2
1
1
0
0
2
2
2
0
0
0
0
1
1
0
0
3
1
3
2
2
0
2
0
0
0
0
1
2
1
0
0
2
0
0
1
0
1
1
1
1
1
1
0
0
1
1
0
1
1
0
1
1
1
0
1
3
1
3
0
0
2
2
1
4
4
1
0
1
2
2
0
0
1
0
2
0
2
1
2
1
2
1
4
1
0
1
1
0
0
1
1
1
0
1
2
2
0
2
0
3
0
0
2
1
3
0
0
1
3
0
1
0
1
0
1
0
0
0
0
0
0
1
1
0
3
2
1
1
1
2
0
2
1
1
1
0
0
1
0
1
1
0
0
0
1
4
5
4
0
0
0
2
1
0
4
1
1
1
1
1
0
1
2
0
1
0
2
2
0
0
0
0
2
2
0
1
0
0
0
0
0
0
1
1
0
1
1
2
0
1
0
1
1
2
0
1
1
0
0
0
0
1
1
0
1
1
3
1
1
1
0
1
0
1
1
0
1
0
1
1
1
1
1
0
1
0
1
2
1
1
1
3
1
0
1
0
0
1
0
2
0
2
1
1
0
0
1
0
0
2
1
0
0
0
0
0
1
0
1
3
1
2
0
0
1
1
0
0
2
2
0
0
0
0
0
0
0
1
1
1
0
0
0
2
1
0
0
1
1
2
0
0
1
0
0
2
3
0
1
1
0
1
1
0
0
0
2
0
3
0
0
1
0
1
2
1
1
3
0
0
2
1
2
0
1
0
0
2
2
1
0
0
3
1
1
0
0
0
1
2
1
1
0
0
1
1
0
0
0
2
0
0
0
0
1
1
0
2
1
0
0
0
0
2
2
2
3
1
0
3
0
2
1
0
2
0
0
1
1
0
0
0
0
1
0
0
3
2
0
1
1
1
2
0
0
0
0
1
0
1
2
0
0
1
0
0
2
1
1
2
3
0
3
2
1
0
0
0
1
0
0
1
1
1
2
0
0
0
1
1
0
3
1
1
2
0
0
1
4
1
0
1
1
0
0
1
0
0
0
0
1
1
0
0
1
1
1
0
0
0
1
0
0
1
0
1
0
1
0
1
0
3
0
1
2
0
0
2
4
4
1
1
9
3
10
4
1
13
8
9
4
2
2
4
3
0
2
1
1
0
1
1
1
1
0
3
1
0
1
0
0
0
2
2
1
1
3
0
1
1
2
2
2
0
2
0
0
0
1
0
0
1
3
3
1
2
0
1
3
1
2
2
0
0
0
0
0
1
0
2
1
1
0
0
1
0
0
0
0
1
2
2
3
1
0
0
0
0
0
1
2
0
2
1
1
1
2
1
1
1
0
0
0
2
1
1
1
0
3
2
1
0
1
2
0
1
0
1
2
1
1
1
1
3
0
1
0
0
0
1
2
0
1
2
1
1
0
1
0
0
2
0
1
2
0
0
1
1
1
0
0
0
1
0
1
1
1
0
1
1
0
1
1
1
0
1
1
0
0
1
0
0
2
0
0
2
3
0
1
2
0
2
3
2
1
2
0
1
0
0
1
0
0
1
0
0
1
1
2
0
0
1
0
0
1
2
1
0
0
0
1
0
1
1
1
0
0
2
1
1
0
0
0
0
0
0
0
1
0
1
0
0
1
0
0
1
1
1
1
0
2
3
1
0
0
1
1
0
1
1
3
1
1
0
1
1
0
0
1
0
1
1
2
1
1
0
2
0
1
0
0
3
1
0
0
1
1
1
1
0
1
1
1
1
0
0
0
0
1
0
1
0
0
2
0
1
0
0
1
1
0
0
0
0
1
0
0
1
0
0
1
0
0
1
0
0
1
3
1
1
0
0
3
0
1
1
3
0
2
1
0
0
2
1
0
0
1
0
1
0
2
0
1
1
1
2
0
1
0
0
0
0
0
1
2
1
0
0
0
0
1
1
0
0
0
1
2
0
1
0
0
2
1
0
0
1
0
1
0
2
0
1
0
2
0
0
0
2
0
0
1
0
1
0
0
0
0
2
0
0
0
1
0
1
2
0
1
3
1
0
0
0
0
1
0
1
2
0
1
1
0
1
0
1
0
0
0
0
1
0
1
2
0
3
0
1
0
0
0
1
1
0
1
0
0
0
0
0
1
1
0
0
1
0
0
1
1
2
0
3
2
1
1
1
1
0
0
0
1
0
0
0
1
0
0
0
0
2
2
1
0
0
1
0
0
1
0
2
0
2
0
0
2
0
2
1
1
0
1
0
0
1
2
1
0
1
1
0
0
0
0
1
1
1
1
0
1
1
0
0
0
0
2
1
1
1
0
2
0
0
0
1
0
0
1
0
0
0
0
1
0
0
0
0
0
2
0
1
0
0
0
1
0
0
1
0
0
1
0
0
0
1
1
0
2
0
1
0
0
0
0
5
0
0
0
1
1
0
0
1
0
0
1
0
0
0
0
0
0
0
1
1
0
0
0
0
0
0
1
0
0
0
0
0
0
1
0
2
1
1
0
0
1
1
1
0
1
0
0
0
1
0
0
0
0
1
0
0
0
3
0
0
0
0
0
0
0
0
0
0
0
0
1
0
0
0
1
0
0
0
1
2
0
0
1
1
0
0
0
1
1
0
0
0
1
0
1
0
1
0
0
1
0
0
1
0
1
1
2
2
1
2
0
0
0
0
1
0
0
3
0
0
0
0
0
1
1
0
0
0
0
0
0
1
2
0
1
0
0
0
2
1
4
8
2
5
4
6
6
7
2
6
9
3
2
0
0
2
1
0
0
0
0
0
0
0
0
2
0
1
1
1
0
0
0
0
1
0
0
1
2
0
0
0
0
0
0
0
0
0
0
0
0
2
0
0
1
1
0
0
0
0
0
0
0
0
0
0
0
0
0
0
1
0
0
0
0
0
1
2
0
0
0
0
0
0
0
1
0
1
0
0
0
1
1
1
0
0
0
0
2
0
0
0
2
0
1
1
0
0
0
0
2
0
0
0
3
1
0
1
2
0
2
0
3
0
0
0
0
0
0
0
0
0
0
1
0
0
1
0
1
1
0
0
1
0
0
0
0
2
0
1
0
0
1
0
0
0
0
1
1
0
0
0
0
0
0
0
0
0
0
0
0
0
0
0
0
0
1
1
1
0
0
0
0
1
1
0
1
1
0
0
0
1
1
0
2
0
1
1
0
0
2
1
0
0
2
0
0
0
0
0
0
0
0
0
0
0
0
1
0
0
0
0
0
0
0
1
1
0
0
1
0
0
0
0
0
0
0
0
0
0
0
0
0
0
0
0
1
0
2
0
2
0
0
0
2
0
0
1
0
0
0
0
0
1
0
0
0
1
0
2
0
0
0
0
0
0
1
0
1
0
0
1
0
1
1
0
0
0
0
0
1
0
0
0
0
0
1
0
0
0
2
0
1
0
0
0
0
0
0
0
1
0
1
0
1
1
0
1
0
1
2
0
0
0
0
1
3
2
0
2
0
0
0
1
0
1
0
1
0
0
1
0
0
0
0
0
0
0
0
0
0
0
0
0
0
0
0
0
1
1
1
0
0
1
0
0
1
0
0
1
0
0
0
0
0
0
0
0
1
1
0
1
1
0
0
0
0
0
1
0
0
0
0
0
0
0
0
1
0
0
0
0
0
1
0
0
0
0
0
0
0
1
0
0
0
1
0
0
0
0
1
0
0
0
1
0
0
1
0
1
0
0
1
0
0
0
0
0
0
1
0
1
0
0
1
0
0
1
1
0
0
0
0
0
0
0
0
0
1
0
0
1
0
0
1
0
1
1
0
0
0
1
0
0
1
0
0
0
1
2
1
0
1
0
0
1
1
0
0
1
0
0
0
1
1
0
0
1
0
0
0
1
0
0
0
0
1
1
1
0
0
0
2
0
0
0
0
0
0
0
0
0
0
0
0
0
0
0
0
0
0
0
0
0
0
0
0
0
0
0
0
0
0
1
0
1
0
1
1
1
0
1
0
0
0
0
0
0
1
0
0
0
0
0
0
0
0
0
2
2
1
0
0
0
0
0
0
0
0
0
1
0
0
0
0
2
0
0
0
0
0
0
0
0
1
0
0
1
0
1
0
1
0
1
0
0
0
0
0
1
0
0
0
0
0
0
2
1
0
0
0
0
0
0
1
0
0
0
0
0
0
0
1
0
0
0
0
0
0
0
0
0
0
0
0
1
1
1
0
0
0
0
0
0
0
0
0
0
0
0
0
0
0
1
0
0
0
0
0
0
0
0
1
0
0
0
1
0
0
0
1
0
4
0
0
1
0
0
0
0
0
0
0
0
1
0
1
0
0
0
0
0
0
1
0
0
2
1
0
0
0
1
0
0
0
0
0
0
1
0
1
1
0
0
0
0
0
0
0
1
0
0
0
1
0
0
0
0
0
0
0
0
0
0
0
1
0
1
0
0
0
0
0
0
0
0
0
0
0
0
0
1
0
0
0
0
0
0
0
0
1
0
0
1
1
0
0
0
0
0
2
0
0
1
0
0
1
0
0
0
1
0
0
0
0
0
0
1
1
0
0
0
0
0
0
0
0
0
1
1
0
1
1
0
0
1
0
0
1
0
0
0
2
0
0
0
1
0
0
0
0
1
0
2
0
0
0
0
1
0
0
0
0
0
0
1
0
0
0
0
0
1
0
0
0
0
0
0
0
0
0
1
0
1
1
0
0
0
0
0
0
0
0
0
0
0
0
1
0
0
1
0
0
0
0
0
0
0
0
0
2
0
0
0
0
0
0
0
0
0
0
0
0
1
1
0
0
0
0
0
0
0
1
0
0
0
0
0
0
0
0
1
0
0
0
0
1
0
1
0
0
0
0
0
0
0
0
0
1
0
0
0
0
0
0
0
0
0
0
0
0
0
0
0
0
0
0
0
1
0
0
0
0
0
0
0
0
0
0
2
0
0
0
0
0
1
0
0
0
0
0
1
0
0
0
0
0
0
0
0
0
0
1
0
0
1
1
0
0
1
0
0
0
1
0
0
0
0
1
0
0
2
0
0
0
0
0
1
0
0
0
0
1
0
0
0
0
1
0
0
1
0
0
1
0
0
0
0
1
0
0
0
1
0
0
1
0
0
1
0
1
0
0
0
0
0
0
0
0
0
0
0
0
0
0
0
0
0
0
0
0
0
0
0
0
0
0
0
0
0
1
0
0
0
0
0
0
1
0
0
1
0
1
0
0
0
1
1
0
0
0
0
0
0
0
0
1
0
0
0
0
0
0
0
0
0
0
0
1
0
1
0
0
0
0
0
0
1
0
0
0
0
0
1
0
0
0
0
0
0
0
1
0
0
1
1
0
0
0
1
0
0
0
0
0
1
0
0
0
0
0
0
0
0
1
0
0
0
0
0
0
0
0
0
0
0
1
0
0
0
0
0
0
0
0
0
0
0
0
0
0
0
0
0
0
1
0
0
0
0
0
0
0
0
0
0
0
0
0
1
1
0
0
1
0
0
0
0
0
0
1
0
0
0
0
0
0
1
0
0
0
0
0
0
0
0
0
0
0
0
0
0
0
0
1
0
0
1
0
0
0
0
0
0
0
0
0
0
0
0
0
0
0
0
0
0
0
0
0
0
0
1
0
0
0
1
0
0
0
0
0
0
1
0
0
0
0
0
0
1
0
0
0
0
0
0
0
0
0
0
0
0
0
0
1
1
0
1
0
0
0
1
0
0
0
0
0
0
1
0
1
0
0
0
0
1
0
0
1
0
0
1
0
0
1
0
0
1
0
0
0
0
0
2
0
0
0
1
0
0
0
0
0
0
0
0
1
0
0
0
0
0
0
1
0
0
0
0
1
0
0
0
0
1
0
0
1
0
0
1
0
0
0
0
1
1
0
1
0
0
0
1
1
0
0
0
0
0
0
0
0
0
0
2
0
1
0
0
0
0
0
0
0
0
0
0
0
1
0
0
0
1
0
0
1
0
0
0
0
0
0
0
1
0
0
0
1
0
0
0
0
0
0
0
0
0
0
0
0
0
1
2
1
0
0
0
0
0
0
0
0
0
0
0
0
1
0
0
1
1
0
0
1
0
0
1
0
0
0
0
0
1
0
0
0
0
1
0
0
0
1
0
1
0
1
0
0
0
0
0
0
0
0
0
0
1
0
1
0
0
0
0
0
0
0
0
1
0
0
0
0
0
0
0
0
0
1
0
0
0
0
0
1
0
0
0
0
0
0
0
0
1
0
0
0
0
0
0
0
0
0
0
0
1
0
0
0
0
0
0
0
0
0
0
0
0
0
0
0
0
0
0
1
0
0
0
$ENER_FIT:
-1.8040 0.716145 0.000000e+00
$MCA_CAL:
3
-1.8040 0.716145 0.000000e+00
$ENDRECORD:
