$SPEC_ID:
Sample title.

$MEAS_TIM:
1631.19000 2185.68000
$DATE_MEA:
09/20/2019 8:34:57 AM
$DATA:
0 16383
0
0
0
4
8
2
0
0
1
0
0
0
0
0
0
0
5
7
43
342
2187
4753
6084
6963
7421
7779
7864
7925
7972
7805
8061
8132
8028
8235
8099
8131
8068
8015
7915
7772
7759
7658
7745
7578
7273
6843
6720
6295
6171
5816
5798
5655
5806
5564
5666
5475
5656
5800
6146
6384
6776
6910
6868
6349
6248
6211
6320
6285
6712
6685
6891
6869
6700
6658
6608
6831
6848
6853
7019
7265
7202
7364
7622
7777
8021
8035
8150
8334
8626
8394
8715
8821
8958
9051
9440
9507
9340
9730
9978
9832
10213
10957
11715
12871
14746
17054
18791
19592
19545
19766
18442
16294
14512
13716
12420
11272
10825
11088
11962
12719
13011
13354
13833
14792
15119
14872
14672
16194
17924
17771
15922
13173
10815
10314
10199
10359
10316
10553
10608
10484
10616
10621
10603
10729
10936
11117
11153
11287
11789
12034
12048
12154
12140
11688
11376
11385
11285
11489
11381
11467
11382
11546
11529
11543
11573
11460
11732
11548
11830
11725
11915
12242
12638
12756
12434
12157
11793
11811
11850
11837
11777
11846
11667
11715
11813
11952
11792
11771
11845
11954
12031
11765
12053
11943
12111
12047
12113
12050
12099
11940
11961
11908
11938
11764
11708
11766
12004
11969
11659
11972
12013
11849
11989
12106
12076
12293
11734
11880
11718
11759
12064
11831
11708
11936
12080
11950
11720
11745
11815
11768
11674
12143
11870
12016
12060
11934
12146
12141
12181
12356
12155
12207
12162
12832
13557
14710
14895
13918
13099
12407
11871
12084
12106
12354
13784
16361
19181
19381
16819
13724
12118
11766
11497
11245
11553
11500
11316
11366
11302
11196
11145
11340
11171
11212
10943
11188
11154
11229
11349
12227
13035
13233
12435
11540
11113
10675
10677
10762
10704
10833
10475
10724
10483
10643
10566
10437
10628
11097
11231
11468
11118
10870
10628
10498
10310
10245
10150
10472
10530
10274
10293
10381
10279
10313
10217
10326
10216
10135
10305
10322
10246
10564
10549
10749
10596
10629
10597
10321
10372
10184
10257
10310
10124
10419
10169
10314
10161
10271
10196
10252
10386
10328
10260
10170
10369
10341
10435
10078
10216
10200
10164
10186
10304
10067
10205
10128
10077
10112
10016
10361
10371
10149
9863
9780
9776
9666
9632
9739
9632
9652
9693
9758
9631
9709
9435
9518
9421
9458
9659
9450
9719
9799
9583
9677
9425
9549
9346
9320
9414
9638
9748
9790
9603
9264
9115
9191
9218
9306
9043
9312
9024
9156
9069
9085
8935
9058
8973
8972
9157
8753
8839
8875
8778
8764
8897
9039
8982
8909
9048
8991
8880
8721
8691
8674
8691
8623
8711
8591
8534
8541
8461
8429
8426
8363
8565
8383
8329
8197
8273
8203
8231
8606
8631
8488
8151
7974
7695
7559
7807
7586
7579
7815
7549
7511
7548
7694
7677
7562
7613
7447
7531
7621
7498
7422
7587
7593
8185
9273
11063
12132
11242
9457
7891
7287
7165
7060
7123
7502
8143
9164
9695
8798
7716
7032
6826
6701
6808
6482
6474
6537
6613
6814
7016
8040
9212
9450
8578
7266
6516
6189
6186
6183
6148
6210
6042
6192
6090
6023
6054
5816
5933
6036
5962
6163
6410
6616
6309
5905
5997
5837
6028
6023
6078
6210
6055
6029
5889
5825
5608
5489
5808
5634
5657
5507
5667
5783
5601
5533
5617
5633
5599
5523
5578
5541
5509
5555
5635
5519
5690
5433
5437
5357
5336
5385
5278
5327
5346
5477
5300
5392
5259
5311
5309
5344
5369
5297
5404
5319
5354
5328
5261
5264
5236
5158
5218
5160
5344
5411
5554
5446
5227
5132
5178
5132
5103
5043
5218
5153
4874
5053
5109
5050
5053
5211
4913
5000
4959
5097
5008
5087
5075
5026
4865
4964
5075
5055
5088
5006
5048
4938
4985
5006
5166
5259
5593
6644
7389
7417
6511
5542
5086
5067
5437
5218
5144
4900
4846
4984
5026
5019
4856
4909
4802
4890
4913
4975
5058
5239
5076
4919
4840
4873
4851
4932
5154
5045
4951
4992
4952
5078
4953
5011
5109
5035
5042
4992
4973
5257
6357
9081
15329
23665
30018
30444
25789
21284
19249
19116
18859
18811
18957
18725
18342
18559
18326
17547
16630
15550
13319
10979
8206
6294
5026
4440
4349
4177
4133
4263
4205
4122
4200
4189
4077
4118
4344
4183
4204
4286
4430
4626
4656
4679
4510
4468
4256
4448
4484
4532
4957
5073
5235
6036
8210
12691
19931
27615
32607
32069
26112
17984
11205
7111
5439
4954
5156
5580
6776
8626
10695
10719
8703
6535
5177
4707
4169
3884
3780
3741
3693
3624
3853
3790
3807
3605
3704
3803
3819
3773
3649
3812
3660
3754
3624
3658
3683
3736
3727
3662
3768
3658
3627
3561
3711
3617
3607
3598
3689
3590
3791
3565
3688
3570
3705
3639
3596
3612
3607
3623
3643
3691
3664
3544
3618
3618
3683
3661
3640
3738
3742
3923
3867
3859
3668
3709
3673
3657
3594
3677
3685
3785
3747
3752
3596
3636
3555
3531
3577
3507
3523
3474
3494
3577
3466
3472
3430
3594
3468
3840
4251
4477
4351
3937
3627
3426
3395
3286
3353
3363
3381
3445
3545
3419
3565
3638
3392
3498
3446
3358
3342
3348
3333
3452
3294
3362
3384
3306
3308
3316
3393
3487
3610
3502
3362
3432
3403
3348
3213
3309
3506
3408
3485
3387
3316
3382
3374
3472
3393
3402
3468
3283
3286
3252
3292
3222
3164
3276
3371
3342
3428
3407
3411
3258
3297
3266
3231
3185
3208
3306
3231
3296
3264
3255
3450
3344
3391
3326
3263
3198
3301
3159
3198
3175
3409
3746
4196
4546
4283
3790
3307
3256
3169
3120
3186
3241
3146
3174
3234
3225
3282
3137
3113
3250
3486
3547
3857
3805
3616
3417
3129
3190
3115
3193
3215
3149
3221
3229
3206
3201
3155
3271
3180
3214
3110
3312
3308
3353
3305
3373
3258
3159
3171
3135
3245
3304
3486
3426
3479
3270
3162
3143
3090
3122
3104
3148
3170
3156
3428
3717
4241
4300
4237
3673
3371
3209
3255
3307
3242
3232
3153
3164
3137
3080
3044
3068
3124
3123
3163
3171
3079
3145
3146
3207
3094
3181
2967
3254
3366
3511
3432
3327
3128
3048
3147
2996
3024
3160
3057
3090
3044
2984
2977
3125
2982
3080
3030
3224
3611
4247
4687
4574
4167
3388
3338
3191
3056
3107
3085
3114
3207
3242
3275
3406
3581
3550
3335
3239
3158
3229
3215
3241
3223
3214
3184
3084
2967
3057
3060
3154
3224
3218
3436
3979
4446
4545
4343
3833
3421
3211
3080
3161
3118
3075
3086
3159
3134
3215
3233
3278
3227
3057
3108
3057
3068
3315
3854
5950
11678
20354
26139
24174
16267
8635
4570
3241
2967
2975
2898
2943
3109
3208
3448
3664
4003
3963
3754
3497
3267
3128
3131
3337
3504
3704
3817
3752
3755
3563
3296
3316
3264
3187
3047
2983
2965
2951
2966
2906
2917
2953
2959
2977
2880
2991
2873
2986
2946
2961
2865
2923
2959
2893
2885
2926
2889
3007
3066
3171
3164
3053
2972
3120
3142
3119
3081
3025
3030
2971
2999
3055
2984
2857
2850
3031
2908
3034
3115
2989
3031
3066
3206
3275
3130
3040
3131
3167
3110
3110
3117
3090
3217
3305
3319
3170
3000
3065
3194
3585
4091
4375
4266
3988
3722
3600
3366
3183
3371
3333
3240
3244
3136
2945
2993
2977
3108
3017
3039
2988
2994
3097
3054
3000
3039
2913
3028
3044
3150
2907
3002
3027
3065
3046
3032
3143
3179
3473
4235
5420
6414
6267
5524
4462
3696
3831
4363
5017
5138
4620
3702
3203
3018
2965
3053
2973
2981
2896
2964
2927
2945
2948
2901
3107
3115
3093
3095
3009
3045
3101
3276
3326
3483
3227
3065
3009
3061
3343
3944
4819
5061
4923
4111
3428
3178
2997
3177
3072
3078
3092
3012
2996
3041
2944
3007
2964
2961
2906
2893
2940
2960
3059
3120
3216
3210
3221
3226
3280
3180
3224
3133
3317
3462
3346
3242
3122
3025
3097
2928
2994
2853
2985
2891
2946
2823
3040
2966
3003
2955
3000
2900
2947
2989
2989
3139
2916
3071
3108
3138
3106
3164
3388
3638
4523
5409
5421
4898
4040
3398
3047
2926
2919
2951
3022
2974
2976
3012
3067
2988
3047
2910
2896
2993
2974
3010
3039
3118
3420
3759
4244
4383
4070
3535
3141
2907
2895
2959
2931
2997
3033
3038
2968
2928
3037
2964
2921
3002
3071
3310
3505
3857
3949
3701
3486
3112
3096
3018
3281
3565
3585
3620
3318
3105
2974
3043
3071
3116
3143
3125
3058
2924
3010
2850
2994
2864
2955
2842
3010
3025
3235
3246
3228
3166
3155
3021
3252
3128
3257
3289
3310
3190
3047
2947
3135
3160
2952
3113
3028
3089
3054
3181
3228
3366
3133
3006
2987
2950
3127
3287
3257
3358
3163
3145
3128
3167
3037
3060
3071
3051
3064
3049
3032
2972
2936
2859
2936
3033
2921
2905
2891
3007
2938
2940
2960
2951
3084
3179
3277
3410
3445
3291
3120
3015
2971
2938
2925
3016
2912
2894
3097
3043
3023
3031
3040
2947
3043
2834
2850
2947
2985
2898
2911
2949
2905
2876
2879
2905
2909
2920
2842
2884
2982
2915
3127
3181
3042
3059
3095
3176
3080
3083
3017
3085
3051
2910
2964
3080
2997
2955
2916
2933
2827
2926
2952
2871
2853
2945
2924
2832
2958
2929
2881
3105
3332
3514
3308
3235
3015
2902
2812
2826
2859
2808
2880
2816
2960
2966
3217
3239
3249
3024
2945
2858
2792
2886
2870
2847
2885
2807
2824
3107
3634
4099
4335
4118
3570
3123
2861
2800
2827
2801
2730
2819
2871
2996
3109
3159
3277
3626
3798
3611
3336
3055
3071
2902
2907
2959
3272
3406
3480
3260
3075
3036
2977
3132
3058
3026
2900
2796
2747
2772
2786
2791
2745
2783
2850
2899
2960
3015
3151
3176
3119
3010
2893
2860
2888
2963
2783
2711
2786
2876
3076
3423
3787
3817
3845
3616
3504
3490
3428
3708
4216
5183
6414
7426
7134
5948
4483
3402
3108
3303
3563
3997
4206
3815
3422
2949
3019
2994
3036
2995
2988
2875
2897
2787
2709
2739
2835
2820
2829
2778
2938
3020
2991
3032
3016
2989
2953
3184
3420
3784
4243
4592
4878
4868
4162
3459
2960
2759
2684
2676
2717
2721
2677
2821
2762
2796
2709
2720
2621
2865
2992
3347
3955
4017
3797
3314
2891
2792
2742
2610
2794
2683
2687
2660
2683
2752
2667
2685
2549
2710
2872
2701
2818
2615
2760
2816
2733
2863
2839
2887
2926
2820
2867
2772
2828
2686
2719
2754
2783
2787
2787
2913
2968
2938
2936
3007
2934
2783
2742
2816
2699
2792
2855
2898
2879
2812
2754
2794
2766
2846
2868
2900
2851
2952
3278
3912
4502
4729
4208
3565
3120
2866
2821
2852
2744
2789
2707
2716
2910
2770
2775
2846
3031
3236
3810
4178
4146
3806
3624
3507
3522
3252
3179
3204
3165
3113
3187
3170
3238
3537
4786
7935
12658
16191
15603
11593
6851
4152
3124
2937
2862
2970
2851
2770
2767
2858
2926
3008
2984
2880
2754
2665
2636
2694
2592
2722
2744
2807
2755
2813
2849
2818
2819
2820
2854
2738
2740
2785
2805
2660
2771
3045
3025
3487
3859
4102
4003
3754
3366
3143
2967
2876
2755
2701
2749
2728
2784
2784
2795
2776
2756
2793
2712
2613
2594
2783
2811
2786
2824
2889
2987
3235
3397
3465
3302
3070
2938
2949
3011
2907
2948
2821
2844
2826
2863
2783
2818
2717
2763
2778
2847
2785
2860
2732
2793
2674
2797
2794
2907
3044
3069
3156
3387
3393
3245
3017
2912
2824
2886
2753
2898
2870
2801
2809
2874
2955
2909
2959
2792
2848
2884
2851
2982
3022
2985
2770
2906
2731
2865
2839
2829
2837
2964
3001
3124
3209
3314
3319
3275
3103
3201
3449
3783
3856
3651
3358
3110
2997
3093
3078
3092
3349
4414
6070
7660
8212
6983
5066
3834
3149
2856
2874
2820
3012
3483
3880
4140
3934
3536
3148
2946
2884
2804
2834
2818
2813
2902
2878
3108
3064
3069
3076
3060
3093
3107
3029
3020
2905
2937
3128
3086
3272
3322
3331
3166
2995
2950
2976
2908
2959
2940
3026
3076
3088
3050
3100
3012
2912
2994
3019
2988
3037
3102
3062
3138
3076
3047
2975
2989
3030
3030
3238
3530
3831
3987
4013
4038
3827
3808
3571
3346
3250
3209
3267
3266
3264
3190
3018
2927
2919
2972
2987
3137
3280
3486
3507
3434
3313
3250
3069
3193
3062
3157
3179
3054
3165
3129
3070
2974
3045
3104
3055
3021
3062
2991
3063
3103
2983
3032
3057
3119
3117
3094
3206
3078
3037
3157
3075
3050
3045
3219
3040
3095
3135
3127
3119
3134
3172
3212
3396
3660
3950
4261
4357
4220
3934
3637
3511
3426
3386
3314
3282
3279
3382
3750
3966
4013
3959
3523
3372
3266
3121
3194
3232
3240
3343
3446
3564
3642
3638
3633
3368
3322
3260
3415
3428
3372
3545
3314
3359
3381
3357
3371
3364
3276
3222
3258
3278
3190
3286
3300
3380
3495
3421
3573
3313
3339
3262
3223
3237
3155
3163
3311
3353
3403
3505
3400
3499
3480
3439
3366
3298
3353
3374
3319
3152
3374
3343
3340
3410
3361
3427
3395
3388
3418
3567
3547
3514
3515
3353
3323
3439
3276
3412
3320
3291
3239
3359
3286
3261
3244
3514
3396
3452
3598
3456
3358
3431
3384
3307
3398
3360
3400
3409
3357
3420
3458
3603
3470
3583
3706
3772
3717
3468
3475
3311
3264
3359
3278
3311
3304
3247
3247
3275
3233
3312
3293
3258
3329
3345
3326
3519
3570
3679
3983
4083
3991
3884
3804
3829
3989
4010
3725
3718
3698
3627
3506
3548
3343
3425
3318
3327
3343
3375
3357
3406
3427
3448
3566
3587
3521
3531
3391
3475
3404
3454
3352
3384
3401
3361
3332
3361
3310
3518
3596
4074
5003
6148
7271
7441
6718
5302
4461
4174
4659
5699
6523
6550
5707
4750
4343
4190
4221
3896
3878
3836
3732
3713
3581
3604
3424
3480
3372
3439
3576
3682
3586
3895
3826
4113
4273
4156
3948
3756
3632
3615
3573
3568
3670
3666
3682
3593
3549
3626
3564
3488
3492
3692
3484
3476
3510
3437
3639
3601
3652
3677
3698
3552
3518
3676
3689
3662
3558
3604
3731
3600
3699
3664
3764
3753
3811
3854
3851
3814
3735
3998
4076
4283
4566
4714
4583
4291
4163
4145
4046
3944
4014
3906
3879
3872
3782
3872
3934
4057
4023
3947
3982
3839
3935
3881
3949
3994
3965
3843
3991
4010
3996
3964
4001
4047
4091
4104
4104
4144
4132
4117
4151
4320
4191
4056
4028
4122
4219
4405
4577
4729
4964
4782
4511
4528
4450
4646
4891
5773
7374
9172
10561
10797
9803
8122
6324
5383
4678
4498
4427
4337
4298
4216
4350
4186
4334
4514
4814
5426
6504
6900
6699
5802
5087
4638
4278
4379
4346
4150
4206
4372
4135
4228
4145
4227
4144
4171
4169
4169
4122
4164
4143
4142
4169
4190
4178
4247
4206
4182
4290
4293
4227
4379
4216
4383
4412
4337
4208
4255
4106
4195
4207
4158
4123
4256
4212
4237
4249
4334
4472
4493
4528
4448
4359
4366
4318
4344
4286
4202
4250
4305
4262
4241
4246
4299
4170
4131
4181
4234
4315
4757
5504
7621
11798
16057
17907
15860
11441
7466
5306
4489
4242
4177
4136
4195
4128
4211
4243
4091
4212
4104
4135
4196
4314
4556
4842
4910
5114
4992
4650
4424
4257
4264
4179
4120
4144
4179
4267
4158
4088
4075
4092
3874
4083
4100
4179
4388
4359
4332
4390
4297
4093
4181
4203
4100
4169
4158
4105
4078
4057
4140
4284
4139
4271
4037
4054
4175
4224
4279
4310
4363
4434
4220
4244
4210
4040
4063
4105
4190
4203
4009
4180
4257
4477
4568
4690
4661
4388
4444
4267
4187
4174
4233
4107
4114
4267
4199
4114
4149
4255
4104
3999
4091
4117
4110
4010
4008
4054
4009
4137
4194
4170
4238
4292
4263
4382
4448
4383
4270
4256
4173
4086
4204
4106
4181
4298
4372
4480
4641
4570
4396
4243
4183
4128
4047
4071
3980
3930
4109
3948
4071
4122
4132
4146
4131
4236
4067
4244
4336
4292
4304
4222
4198
4255
4196
4224
4217
4243
4115
4130
4157
4116
4146
4187
4103
4208
4183
4088
4270
4241
4298
4231
4454
4552
4595
4676
4626
4408
4379
4262
4438
4258
4226
4266
4082
4158
4209
4219
4352
4350
4267
4286
4449
4415
4535
4406
4632
4401
4396
4365
4366
4280
4358
4278
4333
4223
4295
4295
4291
4351
4468
4625
4921
5151
5451
5414
5214
4983
4708
4628
4501
4635
4385
4588
4414
4306
4430
4542
4806
5830
9999
18317
30808
41668
42797
34699
21738
11541
6528
4908
4503
4373
4609
4867
5183
5567
5340
5165
4879
4632
4845
4922
5102
5425
5509
5198
5161
5194
5039
4800
4701
4538
4541
4568
4599
4424
4503
4367
4436
4506
4537
4548
4497
4476
4660
4759
4552
4739
4524
4483
4476
4576
4564
4489
4479
4624
4380
4536
4446
4588
4577
4537
4554
4673
4605
4576
4731
4610
4577
4630
4474
4374
4516
4166
4314
4274
4186
4061
3998
3878
3977
4085
4930
6405
8793
10354
10703
9123
6847
5110
4072
3948
4078
4816
5530
6601
7720
8503
8112
6726
5268
4058
3727
3532
3540
3762
4100
4460
4761
4629
4162
3909
3599
3582
3606
3631
3680
4065
4099
4205
4118
3944
3913
3943
3904
3783
3826
3759
3534
3458
3423
3358
3362
3311
3289
3300
3377
3655
4034
4341
4381
4098
3637
3305
3262
3251
3489
3556
4071
4346
4452
4050
3595
3197
3033
2981
2935
2899
2892
3043
2927
3089
2993
2962
2949
3023
2899
2846
2841
2939
2825
2847
2949
2946
2839
2935
2988
3017
3029
3240
3439
3588
3789
3728
4286
5057
5790
5705
5304
4141
3510
3092
2905
2775
2786
2659
2501
2615
2568
2570
2484
2600
2543
2495
2590
2523
2577
2642
2600
3270
4797
8043
12157
15482
15399
12407
8090
4685
2894
2538
2395
2298
2325
2250
2362
2402
2261
2364
2258
2293
2230
2276
2391
2335
2467
2489
2452
2352
2328
2315
2104
2180
2130
2210
2081
2154
2111
2079
2012
2083
2039
2025
2083
2083
2087
2062
2018
2043
2026
1982
2039
2168
2156
2116
2151
2176
2152
1979
2055
1935
1943
1927
2030
1928
1946
2098
2170
2299
2328
2195
2070
2009
1940
1940
1965
1946
1972
1929
1954
2014
1999
2051
2122
2186
2128
2113
2126
2254
2220
2255
2213
2139
2026
1936
2010
1943
1953
1921
1822
1896
1868
1844
1850
1855
1914
1905
1872
1865
1879
2010
2023
1989
1903
2014
2024
2039
2007
2025
1943
1982
1816
1885
1811
1829
1950
1846
1931
2039
2023
2157
2310
2409
2466
2358
2142
1910
1969
1801
1875
1805
1939
1819
1822
1814
1913
1818
1896
1993
2005
2020
1916
1957
1870
1783
1799
1855
1931
2059
2157
2347
2413
2337
2509
2549
2580
2557
2360
2170
2033
1931
1852
1981
2041
2043
1997
1953
2004
1931
1941
2357
3890
9654
25726
57686
100133
133152
136149
103426
59719
26511
9575
3489
1965
1823
1888
1835
1980
1918
1887
1811
2138
2415
2489
2505
2261
1850
1625
1594
1625
1694
1705
1770
1671
1699
1605
1576
1573
1569
1563
1499
1498
1478
1414
1417
1385
1364
1346
1406
1399
1483
1457
1479
1520
1470
1538
1472
1548
1567
1617
1516
1402
1449
1407
1471
1426
1384
1384
1512
1518
1500
1579
1625
1662
1737
1716
1551
1521
1536
1439
1415
1508
1411
1403
1440
1415
1478
1680
1745
1950
1952
1861
1652
1507
1465
1427
1616
1846
2325
2839
3389
3358
2909
2318
1874
1718
1604
1552
1622
1533
1540
1446
1572
1575
1474
1414
1457
1303
1302
1427
1347
1420
1423
1422
1442
1482
1496
1483
1513
1702
1508
1447
1496
1462
1512
1453
1455
1445
1378
1377
1413
1328
1365
1414
1424
1374
1362
1370
1433
1414
1366
1392
1480
1487
1464
1535
1584
1528
1427
1370
1377
1354
1404
1385
1395
1388
1366
1426
1406
1413
1413
1313
1373
1316
1375
1355
1503
1600
1719
1756
1635
1575
1559
1539
1397
1432
1369
1343
1391
1355
1385
1419
1334
1369
1398
1373
1427
1450
1585
1513
1612
1518
1459
1430
1393
1406
1491
1575
1637
1676
1552
1437
1441
1307
1399
1374
1443
1425
1486
1474
1415
1537
1496
1618
1805
1824
1798
1599
1538
1441
1486
1436
1442
1426
1385
1455
1625
1739
1848
1945
1811
1585
1463
1416
1423
1386
1459
1493
1439
1581
1538
1467
1493
1451
1497
1479
1530
1566
1548
1463
1436
1501
1481
1468
1516
1438
1379
1375
1331
1446
1425
1676
1748
1883
1901
1830
1712
1680
1633
1605
1656
1567
1488
1454
1503
1511
1896
2368
2882
3342
3148
2718
2173
1702
1482
1385
1376
1390
1405
1330
1318
1366
1315
1354
1303
1441
1356
1416
1455
1474
1419
1329
1328
1367
1424
1428
1436
1486
1516
1568
1521
1477
1529
1472
1512
1507
1420
1417
1373
1338
1363
1334
1320
1344
1376
1349
1436
1392
1334
1368
1386
1368
1283
1359
1365
1337
1284
1356
1419
1438
1495
1445
1401
1431
1492
1534
1498
1545
1457
1396
1304
1323
1321
1305
1358
1359
1319
1359
1417
1326
1329
1341
1346
1378
1321
1328
1365
1383
1349
1457
1402
1352
1386
1417
1328
1342
1373
1380
1361
1373
1343
1376
1397
1339
1350
1348
1377
1455
1485
1600
1696
1693
1752
1613
1541
1459
1414
1374
1367
1351
1395
1390
1442
1766
2144
2768
3657
4120
3963
3447
2578
1845
1570
1525
1482
1574
1523
1516
1521
1388
1492
1435
1461
1418
1364
1387
1315
1286
1280
1363
1377
1319
1281
1263
1351
1331
1370
1378
1402
1396
1433
1535
1681
1723
1910
2175
2386
2559
2435
2094
1702
1514
1428
1353
1357
1367
1374
1336
1367
1339
1343
1358
1314
1386
1281
1422
1361
1326
1324
1339
1389
1384
1369
1320
1365
1374
1401
1344
1321
1352
1370
1367
1368
1381
1472
1458
1563
1716
1653
1718
1685
1698
1710
1602
1468
1377
1311
1342
1368
1308
1392
1353
1410
1413
1509
1536
1658
1809
1837
1926
1903
1818
1725
1711
1627
1599
1576
1562
1475
1314
1311
1335
1318
1257
1293
1287
1419
1546
1664
1850
1850
1863
1739
1596
1602
1592
1729
1727
1657
1527
1516
1594
1638
1611
1527
1400
1441
1425
1471
1318
1363
1216
1244
1349
1328
1303
1316
1358
1380
1406
1434
1381
1318
1384
1262
1307
1354
1253
1341
1347
1248
1228
1189
1260
1342
1455
1547
1599
1522
1388
1422
1417
1342
1287
1284
1300
1229
1282
1260
1248
1235
1261
1236
1246
1283
1258
1244
1245
1267
1279
1223
1310
1311
1398
1502
1747
1828
2020
1948
1642
1465
1355
1266
1229
1303
1218
1306
1308
1236
1339
1277
1333
1268
1240
1266
1281
1295
1330
1378
1400
1437
1371
1317
1320
1326
1296
1309
1440
1403
1333
1338
1367
1353
1271
1323
1278
1312
1294
1337
1417
1292
1305
1380
1441
1358
1372
1333
1350
1399
1366
1386
1325
1341
1372
1381
1362
1384
1365
1293
1339
1268
1278
1272
1334
1303
1307
1333
1304
1310
1265
1303
1296
1348
1395
1403
1456
1485
1496
1491
1421
1509
1562
1642
1584
1590
1523
1539
1478
1530
1621
1671
1613
1427
1364
1353
1249
1282
1235
1225
1247
1387
1451
1515
1466
1478
1311
1264
1301
1181
1251
1246
1307
1378
1285
1331
1285
1262
1275
1259
1293
1316
1489
1590
1952
2419
2659
2815
2649
2492
2090
2008
1948
1807
1639
1479
1284
1268
1276
1206
1273
1194
1269
1300
1308
1407
1526
1669
1751
1684
1540
1369
1194
1278
1194
1215
1270
1213
1306
1245
1256
1295
1342
1485
1677
1919
2029
1966
1747
1539
1366
1234
1265
1267
1208
1266
1189
1270
1324
1193
1259
1226
1266
1229
1244
1247
1245
1192
1256
1382
1459
1495
1490
1604
1468
1402
1270
1250
1325
1359
1453
1696
1858
2023
2172
2553
2740
2920
2824
2352
1766
1538
1368
1283
1327
1284
1331
1240
1257
1283
1292
1505
1517
1595
1510
1447
1327
1255
1245
1262
1353
1411
1402
1432
1403
1326
1316
1230
1215
1256
1270
1377
1356
1420
1387
1442
1592
1725
1760
1734
1620
1473
1391
1279
1211
1153
1223
1279
1180
1199
1151
1146
1143
1230
1182
1129
1156
1187
1202
1187
1262
1232
1309
1292
1326
1383
1564
1600
1526
1470
1428
1422
1479
1572
1550
1521
1366
1275
1237
1199
1219
1207
1176
1206
1209
1181
1195
1271
1237
1271
1185
1208
1092
1154
1151
1157
1205
1202
1189
1170
1142
1128
1090
1129
1116
1091
1195
1213
1161
1109
1195
1298
1244
1358
1312
1382
1265
1413
1269
1238
1181
1140
1175
1164
1235
1183
1193
1193
1282
1240
1217
1282
1252
1197
1135
1087
1181
1160
1241
1256
1282
1302
1249
1281
1211
1219
1252
1343
1343
1283
1205
1215
1207
1326
1251
1236
1319
1309
1242
1393
1366
1272
1336
1283
1255
1227
1277
1336
1307
1323
1199
1131
1144
1223
1235
1336
1359
1344
1391
1388
1301
1316
1200
1234
1234
1218
1205
1141
1194
1265
1242
1255
1343
1276
1219
1262
1326
1397
1404
1425
1438
1352
1388
1488
1585
1861
2051
2166
1911
1710
1401
1234
1230
1201
1171
1179
1185
1188
1190
1244
1150
1152
1174
1173
1165
1179
1178
1193
1258
1210
1193
1231
1157
1169
1236
1304
1389
1429
1425
1393
1334
1261
1280
1298
1292
1335
1349
1305
1311
1255
1319
1393
1442
1494
1474
1393
1267
1229
1249
1202
1217
1297
1282
1335
1335
1440
1308
1348
1330
1297
1348
1225
1282
1293
1275
1295
1393
1420
1398
1334
1252
1232
1264
1293
1374
1339
1296
1275
1269
1300
1272
1308
1298
1288
1257
1526
1827
2460
3559
4799
6391
7552
7729
6812
5495
4028
2934
2465
2302
2577
2556
2377
2138
1817
1691
1522
1497
1520
1528
1598
1460
1464
1411
1335
1352
1387
1410
1380
1478
1447
1419
1448
1403
1445
1472
1601
1887
2390
2659
2841
2839
2446
2013
1703
1508
1534
1491
1509
1558
1548
1487
1523
1433
1456
1490
1428
1506
1505
1454
1542
1492
1475
1447
1452
1513
1617
1589
1608
1659
1661
1667
1538
1491
1490
1525
1502
1566
1521
1495
1492
1538
1535
1505
1459
1481
1377
1389
1492
1424
1385
1424
1427
1416
1540
1511
1598
1751
1927
2125
2211
2396
2503
2476
2464
2358
2179
1973
1648
1726
1520
1494
1506
1485
1452
1423
1452
1459
1467
1454
1437
1472
1540
1496
1535
1554
1607
1563
1599
1548
1489
1508
1492
1522
1506
1489
1450
1521
1565
1459
1504
1589
1582
1588
1561
1465
1519
1471
1523
1542
1597
1520
1549
1432
1458
1491
1603
1528
1578
1543
1555
1535
1468
1473
1518
1507
1573
1578
1465
1515
1574
1734
1798
1816
1831
1695
1673
1664
1587
1576
1508
1467
1450
1430
1436
1467
1447
1466
1547
1520
1398
1438
1518
1383
1462
1481
1516
1566
1588
1549
1500
1566
1534
1465
1386
1464
1427
1488
1477
1512
1561
1636
1558
1632
1488
1583
1502
1529
1601
1582
1599
1607
1702
1712
1738
1689
1560
1573
1439
1530
1457
1484
1471
1458
1563
1473
1549
1549
1590
1562
1667
1559
1562
1580
1630
1454
1534
1556
1520
1554
1543
1614
1523
1601
1689
1698
1643
1619
1560
1587
1605
1599
1624
1687
1586
1637
1588
1533
1649
1738
1788
1852
1825
1840
1710
1644
1613
1642
1738
1596
1701
1609
1581
1571
1605
1591
1559
1527
1506
1648
1594
1580
1491
1539
1577
1567
1569
1611
1697
1718
1663
1684
1600
1619
1678
1691
1570
1643
1704
1675
1691
1742
1649
1720
1669
1623
1717
1630
1627
1654
1663
1621
1651
1677
1702
1613
1728
1881
2066
2113
2287
2204
2044
1910
1916
1871
1928
2003
1864
1828
1783
1702
1622
1658
1665
1612
1643
1584
1664
1690
1762
1643
1590
1685
1602
1587
1652
1592
1715
1669
1610
1603
1648
1740
1612
1716
1683
1779
1819
1836
1795
1827
1755
1697
1604
1605
1574
1681
1609
1601
1521
1669
1669
1717
1684
1789
1836
1817
1785
1884
1668
1581
1526
1451
1440
1383
1455
1477
1519
1422
1457
1427
1396
1441
1430
1455
1464
1429
1437
1455
1437
1385
1478
1358
1396
1461
1430
1525
1583
1574
1565
1616
1435
1470
1500
1406
1459
1397
1444
1437
1538
1566
1735
1670
1679
1636
1610
1580
1553
1477
1359
1440
1398
1479
1449
1478
1377
1459
1441
1631
1626
1744
1641
1609
1602
1487
1387
1433
1461
1392
1413
1466
1425
1334
1326
1298
1285
1327
1301
1373
1355
1412
1476
1327
1382
1352
1394
1516
1469
1508
1602
1483
1497
1401
1276
1271
1262
1224
1233
1227
1235
1284
1198
1253
1255
1286
1245
1255
1267
1289
1296
1230
1294
1230
1201
1199
1136
1141
1138
1152
1203
1208
1216
1239
1229
1223
1305
1438
1392
1401
1303
1217
1250
1277
1286
1357
1360
1352
1391
1317
1270
1287
1235
1210
1269
1146
1264
1196
1269
1360
1424
1472
1420
1223
1294
1150
1103
1120
1084
1146
1104
1096
1077
1049
993
1046
996
1030
1043
1015
988
1051
1002
1023
1079
994
1021
1083
984
1087
1033
1117
1214
1285
1298
1204
1050
1020
976
1020
1041
1186
1199
1149
1209
1114
1086
1063
1034
1060
1107
1066
1175
1241
1257
1204
1235
1182
1093
1063
1012
992
939
905
900
938
894
873
963
950
1085
1292
1394
1511
1448
1367
1268
1123
1073
1092
1139
1166
1170
1034
991
980
917
929
999
952
933
897
871
927
868
892
876
889
846
829
897
874
956
943
934
922
937
902
935
971
999
922
890
903
921
890
832
931
956
1023
914
1003
930
942
854
976
914
997
1020
1042
997
929
980
912
857
850
829
836
843
817
848
855
873
818
843
889
1022
1077
1062
1084
1011
978
903
885
855
881
936
924
1018
1053
1052
960
957
880
860
795
855
899
867
986
1382
2364
4957
10237
18308
27078
32571
31424
25151
16165
8333
3809
1968
1554
1623
1954
1891
1764
1540
1259
1119
1000
952
914
802
851
762
822
807
686
799
813
729
803
798
759
835
857
892
782
793
748
775
739
772
768
823
754
835
867
794
721
811
708
728
764
742
759
737
808
775
796
791
796
785
795
818
868
1137
1316
1556
1796
1851
1932
1855
1787
1485
1341
1211
1145
1057
972
899
810
751
725
756
740
772
802
819
803
780
700
669
689
732
672
708
778
848
951
1368
1819
2345
2843
2703
2290
1744
1138
924
748
719
737
692
766
772
837
919
950
898
882
888
928
1041
973
942
958
917
903
791
823
865
908
959
850
897
891
863
859
923
814
770
800
725
657
666
711
741
714
753
774
852
795
743
736
767
746
839
890
1000
1192
1121
1166
1027
865
793
758
757
726
755
847
951
1229
1677
2157
2543
2459
2141
1829
1285
948
889
733
714
717
730
691
713
727
745
721
720
733
677
654
706
697
695
713
699
749
666
705
690
664
710
727
712
736
814
776
847
915
1007
1188
1206
1110
975
824
788
839
872
996
1031
1025
979
885
786
735
670
681
677
689
704
758
734
740
751
799
853
889
939
903
843
842
843
794
741
785
713
789
720
701
685
671
692
655
653
653
713
703
696
735
715
771
747
810
757
758
762
735
715
722
750
751
785
765
816
771
851
828
956
939
894
892
775
795
741
730
727
704
688
725
728
724
718
766
809
834
799
788
754
737
711
682
694
645
614
713
754
889
1074
1197
1288
1358
1164
988
892
762
789
730
687
689
699
678
744
774
739
738
702
699
673
656
685
646
707
734
754
758
789
897
891
874
764
717
653
686
623
605
636
634
708
628
687
649
726
807
723
728
688
680
717
638
626
671
643
639
652
663
639
606
639
606
648
605
608
607
632
584
625
592
591
653
650
671
632
647
640
613
658
605
622
656
630
611
693
702
708
662
703
733
743
756
765
757
684
697
676
646
631
633
606
674
623
624
679
640
640
628
629
636
673
727
747
745
740
746
747
713
687
682
653
647
659
686
777
881
1033
1130
1202
1055
919
888
804
832
888
837
810
755
733
741
705
716
717
668
677
695
731
855
899
1097
1087
1006
937
800
764
687
684
660
670
632
749
818
891
1020
1059
1076
1114
1058
1062
964
895
766
655
661
634
670
647
579
667
645
653
658
639
600
613
653
601
684
697
699
756
768
729
748
756
745
786
744
708
703
681
653
670
690
811
900
1191
1444
1737
1946
1903
1948
1936
2046
2224
2387
2401
2157
1759
1341
1064
1037
1041
912
915
855
828
811
807
754
794
733
728
692
684
706
691
710
790
906
980
1046
1025
1000
953
803
794
675
679
669
746
645
678
650
703
730
767
804
929
965
965
1041
990
916
846
825
736
779
729
747
870
947
1139
1435
1592
1719
1560
1336
1109
999
1013
990
1022
977
905
813
714
753
720
680
692
676
760
713
780
822
813
750
724
732
728
708
689
747
789
792
916
1024
1119
1199
1385
1560
1741
1609
1427
1143
891
748
761
655
683
783
700
760
717
731
760
728
695
683
772
774
844
858
875
867
820
872
829
961
992
1014
1033
917
915
861
744
790
784
755
751
714
748
709
777
783
762
702
740
776
736
754
764
696
715
735
696
735
723
737
726
694
704
721
664
665
657
684
629
648
653
647
716
722
721
661
689
656
696
710
643
650
642
662
660
680
671
640
598
686
705
719
692
696
690
653
699
688
684
693
641
661
669
708
757
766
763
716
733
686
801
843
865
1006
1029
963
877
774
752
694
660
679
655
654
682
686
701
736
742
730
701
700
668
670
720
685
671
722
690
738
728
799
716
750
767
777
736
856
834
848
797
787
747
810
698
719
744
707
715
706
710
665
708
701
715
715
645
641
675
677
665
732
688
672
734
677
676
703
734
739
743
757
769
774
800
715
740
739
717
706
658
699
681
676
725
720
708
715
721
716
725
763
648
742
706
690
716
680
695
683
749
769
986
1117
1242
1408
1675
1717
1501
1398
1175
1041
881
790
755
780
747
762
742
712
709
707
704
715
706
751
748
770
768
742
789
811
720
701
696
729
689
736
761
735
770
751
749
808
737
755
704
683
719
743
742
692
762
747
818
856
841
768
752
734
746
693
675
696
688
733
788
800
716
823
759
762
774
714
671
631
744
691
817
772
762
763
740
721
733
642
690
646
679
657
704
686
678
724
737
838
937
1105
1111
1132
1026
897
801
746
665
675
677
663
697
661
639
698
676
682
690
625
727
697
692
823
927
1099
1122
1201
1145
1045
973
923
877
923
1029
1016
956
906
846
735
749
675
694
690
665
614
700
697
764
728
708
764
767
843
866
877
854
863
750
779
799
787
683
772
690
698
623
622
694
644
740
703
684
665
699
657
620
683
660
666
699
716
898
956
1069
1123
1115
1017
854
758
719
654
662
618
649
580
616
585
628
642
607
679
639
567
697
631
670
702
705
671
692
593
733
682
694
682
687
663
583
582
576
592
627
570
620
601
616
597
587
653
618
621
634
626
647
608
620
615
641
652
683
685
657
690
633
569
614
571
600
575
590
563
568
613
590
588
566
594
631
633
632
651
618
614
610
571
546
594
569
626
594
619
592
611
612
669
635
667
642
659
602
686
651
615
602
589
609
606
569
547
587
648
572
567
573
592
589
553
601
598
602
595
566
615
623
614
581
603
633
605
605
590
577
606
602
593
587
604
606
641
729
829
933
1176
1402
1535
1524
1457
1235
911
806
730
705
649
649
680
609
659
624
703
717
698
689
625
703
626
707
691
710
679
695
724
739
755
711
663
723
801
849
884
955
920
894
843
813
774
751
749
770
816
762
774
733
678
720
675
663
709
702
742
741
681
753
699
705
726
795
843
950
989
1003
915
825
771
781
715
714
732
757
774
729
872
1103
1614
2451
3478
4494
5209
5501
5588
6170
6928
7894
8638
8176
7269
5515
3886
2568
1755
1356
1067
1041
1005
965
948
940
886
875
897
869
830
821
861
886
887
911
809
879
847
853
860
834
874
838
872
899
859
809
831
905
862
937
956
929
962
847
911
876
941
916
868
882
794
833
877
929
854
896
876
833
901
886
841
796
828
862
853
830
836
836
901
894
883
932
818
879
848
851
823
951
946
918
948
1020
1033
973
931
914
878
871
855
895
840
833
797
867
895
868
825
819
845
875
859
899
811
923
855
831
857
868
919
945
929
918
894
905
917
938
942
957
966
907
946
866
842
795
780
860
861
918
1007
1015
1012
1038
1053
967
924
838
850
817
822
798
857
830
832
821
840
894
924
928
984
973
1010
972
960
961
928
892
812
824
810
875
835
875
740
832
784
858
815
823
821
806
797
777
861
836
844
877
919
825
796
849
867
849
942
860
916
904
899
924
947
950
961
908
871
854
846
851
829
840
839
842
862
878
883
878
879
838
824
919
844
871
872
881
917
878
904
857
889
834
836
847
843
846
850
862
856
879
856
816
907
889
885
877
842
867
851
936
987
1012
1062
1211
1250
1366
1353
1247
1186
1047
1009
946
944
893
966
932
913
949
898
894
892
876
801
845
833
864
856
892
824
842
885
917
883
898
912
888
931
961
945
912
921
970
935
971
960
1008
917
924
926
938
897
903
932
844
886
955
905
917
899
939
937
923
907
960
914
888
828
889
880
943
906
885
913
916
869
897
904
913
904
919
903
898
932
983
997
985
998
989
1010
1030
979
942
1074
1015
1072
1191
1156
1174
1295
1136
1095
1088
1055
1023
1031
1014
986
1043
1066
1131
1100
1152
1153
1140
1132
1105
1036
1023
980
950
919
994
929
895
923
921
878
937
960
905
870
924
945
928
999
1062
1145
1164
1228
1170
1071
1019
908
852
817
818
766
840
813
847
801
790
752
775
788
785
853
815
809
784
763
847
859
813
827
881
847
847
877
837
772
845
828
806
797
804
808
775
770
729
806
725
796
749
821
846
780
800
795
849
817
863
906
929
929
982
991
1066
1063
1082
1055
957
956
833
835
765
807
738
778
785
755
721
742
704
800
801
916
1073
1243
1280
1385
1248
1105
915
803
745
714
731
699
698
687
737
731
742
743
743
800
799
735
775
736
736
768
726
755
674
677
730
668
678
715
682
673
684
607
652
674
662
647
630
651
606
607
630
631
609
582
570
619
580
599
613
591
640
593
589
591
606
569
582
577
576
593
601
599
604
583
616
600
569
599
568
606
633
610
601
557
584
558
506
550
572
641
650
708
755
692
655
595
565
567
518
523
482
475
476
498
536
502
482
499
479
504
473
461
518
485
492
498
489
486
465
443
455
492
501
477
498
485
526
534
565
625
621
637
582
567
570
552
517
466
495
468
437
439
423
422
405
432
394
446
427
416
428
386
406
408
417
409
419
412
436
432
419
440
393
432
438
442
429
471
464
525
639
655
861
963
1055
1039
986
854
722
592
527
465
458
494
487
486
524
555
563
585
575
590
574
464
527
446
433
465
403
428
407
398
426
385
451
447
410
426
427
393
426
463
442
480
459
557
547
548
555
525
543
656
600
591
522
498
465
476
539
501
523
542
548
486
438
427
381
431
422
427
426
410
400
409
380
398
425
417
417
412
463
463
491
490
452
492
461
649
972
1794
3450
6297
10203
14275
18139
19403
17269
13162
8626
4830
2479
1132
664
499
391
403
397
387
411
411
391
480
413
438
478
408
499
435
380
390
372
350
385
333
363
359
346
392
379
392
356
438
462
603
595
662
670
544
532
500
480
450
409
412
369
349
294
319
340
356
350
313
335
354
348
374
353
396
386
403
414
402
361
365
352
308
350
339
339
349
354
440
489
535
645
705
691
626
573
530
456
524
521
587
641
628
582
541
495
507
486
523
569
515
524
497
424
392
381
370
354
408
451
490
563
603
576
543
557
490
413
423
365
322
351
335
326
344
356
312
335
317
381
343
353
327
355
340
336
335
371
345
337
328
329
336
328
319
345
311
357
333
399
411
533
581
678
642
650
564
472
408
369
351
325
310
319
347
334
350
342
320
342
331
331
333
314
300
319
344
331
357
386
349
346
313
328
331
347
373
371
522
556
623
571
529
463
425
393
383
375
384
332
359
322
301
333
352
339
350
322
315
339
305
295
312
319
353
301
346
357
338
342
347
343
334
332
335
344
338
323
338
354
341
345
332
338
329
319
343
390
514
620
865
1033
1362
1466
1402
1185
943
726
507
421
399
391
333
335
350
327
346
337
328
342
329
315
347
323
352
341
349
355
352
343
327
348
390
362
352
378
353
390
410
434
497
474
505
448
447
393
380
297
307
350
310
344
343
406
340
352
399
389
424
377
357
306
354
345
362
376
301
325
332
332
313
303
299
361
344
341
309
352
340
331
361
358
383
371
424
452
465
428
405
383
401
377
389
491
522
656
722
734
654
531
468
395
373
430
428
493
564
619
669
695
702
808
779
791
691
623
474
470
399
375
346
305
327
379
341
294
337
317
327
345
340
332
330
345
376
371
338
330
357
360
380
354
325
326
298
316
318
332
328
294
322
334
326
357
357
351
386
425
449
443
523
471
448
427
417
383
386
371
365
343
334
328
363
344
339
310
333
332
306
324
324
321
338
323
390
393
438
538
627
664
732
775
709
622
519
469
404
363
367
364
315
335
347
339
388
352
364
342
333
359
323
349
333
348
339
337
333
319
304
319
331
300
340
355
311
329
341
306
337
309
380
402
420
460
481
472
440
401
361
365
324
309
306
309
323
313
280
280
328
306
302
314
305
328
293
297
269
325
266
309
292
310
327
351
327
309
321
330
327
294
290
303
288
305
292
314
310
323
335
322
351
287
320
306
285
282
297
343
351
386
396
397
388
351
390
371
336
305
334
327
302
285
292
330
306
325
324
268
303
279
308
323
310
321
328
322
339
307
313
347
313
299
269
318
332
311
314
327
313
312
293
312
262
293
307
303
305
295
304
301
320
332
325
320
283
312
317
292
328
328
378
390
486
552
591
623
569
460
385
367
342
294
310
312
325
326
283
307
309
312
364
311
324
359
414
432
460
459
433
459
536
718
1019
1230
1426
1589
1500
1138
970
668
534
423
428
434
531
650
746
812
848
801
760
675
542
474
457
505
597
696
883
955
961
869
809
646
533
424
428
372
380
396
415
461
497
599
646
699
777
841
741
702
559
479
444
417
371
355
391
431
440
529
550
648
642
552
513
450
371
335
369
363
381
333
352
327
341
384
381
351
343
361
346
395
339
356
341
368
373
346
361
353
350
331
345
372
376
316
360
358
345
339
362
358
349
350
303
342
336
363
348
353
350
361
338
336
340
371
358
361
336
344
357
417
346
385
376
394
380
413
424
381
385
353
360
344
343
318
322
336
330
330
306
326
354
352
349
383
356
352
333
318
322
360
361
394
352
369
361
344
390
369
350
304
351
345
345
400
379
330
336
376
330
360
311
349
336
352
357
400
380
486
620
713
879
1005
1114
1113
1072
974
796
695
664
749
754
762
694
621
533
456
391
374
357
335
352
330
349
344
363
376
392
412
410
405
412
394
372
363
375
375
332
343
368
344
363
377
381
373
378
342
323
365
363
339
348
382
366
352
344
357
344
297
341
326
313
360
316
303
334
308
373
369
340
330
332
350
346
342
331
312
321
284
282
304
324
352
318
291
358
336
340
343
341
342
343
335
302
307
345
345
332
352
342
328
337
346
385
362
346
372
398
389
405
405
396
429
404
355
393
387
440
403
379
417
357
427
373
339
358
390
421
433
503
492
479
499
486
412
397
367
331
331
337
354
327
324
341
339
338
341
332
388
373
368
363
455
479
496
494
539
468
403
351
345
356
340
318
325
327
338
311
288
303
351
298
317
263
341
292
338
328
336
337
365
345
341
303
349
349
331
332
312
316
337
315
301
341
333
326
317
317
320
301
324
303
299
336
342
306
349
315
296
300
324
311
314
344
347
339
343
360
344
334
346
309
332
341
325
332
323
340
368
353
362
339
336
308
305
324
322
316
322
333
367
359
330
305
343
280
316
348
298
311
331
329
353
362
389
360
423
447
572
618
703
869
929
1086
1149
1148
1066
861
663
536
393
348
302
312
319
332
346
311
301
293
335
319
334
293
316
307
344
346
322
341
371
380
401
384
377
402
333
296
342
343
310
380
340
311
310
318
358
355
454
515
515
665
686
607
513
454
393
375
310
329
323
333
344
398
375
369
389
388
336
313
296
300
318
329
287
306
314
322
418
586
661
806
985
1037
1050
873
721
577
416
397
343
347
306
308
306
320
295
296
286
280
302
334
312
298
315
297
270
298
281
263
294
279
258
306
285
278
321
288
288
276
318
314
265
291
284
271
282
318
316
291
288
277
299
230
281
317
273
283
272
243
264
278
275
279
253
238
273
258
289
301
271
255
250
259
308
293
290
295
321
322
295
298
293
295
244
249
254
297
289
320
246
281
249
261
266
264
254
243
224
265
256
281
274
271
261
256
264
249
281
271
316
286
256
267
286
263
285
274
252
275
260
286
294
285
327
339
354
359
402
375
354
348
334
331
278
279
295
292
253
272
257
265
277
278
269
278
287
271
306
292
282
303
293
277
316
319
320
309
302
378
444
543
702
904
1266
1533
1684
1658
1567
1367
1070
822
622
416
358
337
330
324
323
332
322
342
363
430
431
576
666
737
814
795
784
685
614
513
408
386
337
331
311
338
341
348
351
398
464
478
600
773
960
1163
1259
1247
1106
918
802
813
849
1226
1604
2418
3003
3573
3850
3728
3349
2570
1857
1273
852
604
523
435
456
474
584
694
791
918
997
1000
905
791
643
552
474
382
407
416
398
397
405
408
426
378
383
386
394
397
377
435
406
383
395
375
368
371
380
346
392
356
386
392
393
368
368
370
365
357
365
386
377
386
421
379
371
391
387
360
368
341
386
379
370
373
395
416
401
388
346
398
358
363
342
396
353
358
389
382
346
368
382
375
378
387
380
417
415
443
459
435
466
455
457
436
425
394
405
363
374
382
397
371
375
372
373
384
405
386
370
383
369
375
374
372
392
379
373
386
370
394
390
368
372
373
341
318
347
335
357
384
363
356
354
391
374
381
394
367
409
381
454
486
611
777
935
1036
941
879
769
645
531
424
367
403
375
353
366
366
372
402
326
385
362
373
352
385
371
383
391
360
374
396
401
372
374
415
339
379
385
410
409
428
446
451
456
492
454
418
406
407
413
350
370
405
374
341
423
381
379
348
353
371
360
341
418
337
390
371
363
392
359
380
363
376
369
408
366
371
400
359
394
341
428
360
375
388
401
398
396
359
388
418
363
378
386
400
369
414
462
408
388
369
429
408
411
396
438
403
429
397
374
373
387
370
382
396
416
449
457
473
537
504
542
497
481
459
445
444
444
446
492
546
633
702
757
744
681
573
537
467
463
429
455
395
421
450
412
415
391
396
383
378
412
388
403
367
406
362
366
397
375
431
401
392
372
395
409
408
384
377
406
388
389
388
397
404
369
373
349
393
362
404
377
394
362
412
421
358
344
369
383
387
385
358
379
387
362
383
376
351
377
379
358
424
378
425
373
382
378
375
355
361
375
385
370
401
367
372
373
369
380
363
401
410
412
440
495
482
486
451
450
390
396
354
360
339
312
357
348
326
360
352
343
345
319
358
344
357
328
313
319
348
329
335
356
367
350
370
343
345
345
337
345
373
331
338
317
338
310
324
329
310
311
304
346
332
337
313
292
295
321
345
308
313
291
325
305
326
292
322
324
329
329
305
311
308
298
339
319
347
346
345
363
406
421
461
424
429
399
339
397
360
373
366
399
341
366
338
315
309
313
310
311
387
466
562
652
665
685
652
585
466
411
364
315
295
298
291
276
266
318
279
290
274
256
265
259
287
244
272
296
285
264
238
267
258
247
274
230
283
289
259
281
218
248
218
234
222
220
234
231
233
211
243
230
222
237
236
235
199
217
204
215
191
219
210
205
226
211
216
221
202
225
194
231
185
174
182
199
197
234
203
190
185
190
163
172
190
170
178
170
206
186
195
201
213
193
194
209
228
238
260
264
229
198
218
199
169
173
168
156
158
153
174
173
161
211
176
166
173
181
173
177
187
165
161
164
176
161
165
138
184
180
151
179
174
175
190
184
161
159
164
153
173
160
143
146
171
217
215
253
295
269
291
235
199
202
190
158
173
175
159
155
163
135
156
144
178
156
168
165
142
132
177
136
144
156
152
149
141
188
167
193
260
318
563
909
1355
1802
2205
2388
2328
1993
1512
1060
578
349
219
193
170
164
160
141
153
152
181
226
297
412
583
690
791
835
762
581
455
308
259
194
188
170
135
155
169
149
163
150
149
154
180
169
136
156
178
165
150
196
211
325
519
872
1545
2588
3623
4770
5624
5650
5102
4009
2755
1691
906
493
278
179
149
148
150
160
110
171
155
168
125
127
127
119
110
131
122
124
135
135
166
143
151
161
155
171
162
140
147
157
136
137
148
144
150
141
135
132
125
115
141
130
121
125
130
128
147
113
132
117
100
132
125
150
128
144
160
181
151
157
153
144
142
131
134
140
135
128
145
128
143
145
137
125
122
112
118
141
144
162
138
160
142
176
198
211
264
253
281
290
232
254
220
169
160
130
126
125
154
134
124
118
124
121
127
153
155
143
142
144
123
130
128
133
145
145
126
131
140
123
120
116
129
124
126
121
132
132
124
116
128
143
136
133
125
113
137
121
118
118
118
137
121
111
123
121
124
118
120
112
99
123
125
116
118
135
113
121
113
112
115
105
146
130
144
136
140
174
188
223
188
203
179
186
160
159
147
131
136
175
144
184
190
207
162
170
164
144
127
149
121
129
129
121
127
108
124
126
109
109
108
127
125
120
101
111
110
114
123
105
136
111
116
117
125
104
126
108
102
115
103
118
112
105
110
130
124
88
113
129
115
126
144
105
111
93
106
107
120
115
120
132
129
113
118
118
137
133
118
95
98
136
119
131
185
209
242
273
278
270
215
220
170
142
134
137
137
130
151
156
202
215
223
234
288
247
275
279
295
286
276
246
197
195
193
158
153
154
126
131
126
120
102
123
121
100
116
123
134
96
134
114
152
119
122
130
139
119
98
124
138
149
154
148
146
130
146
136
122
111
93
122
104
123
104
114
115
124
130
111
135
115
115
107
141
128
109
137
138
127
120
108
128
146
141
159
157
110
144
121
115
108
110
116
116
122
118
128
143
151
149
193
255
327
456
632
777
950
1008
888
847
613
503
353
254
205
171
159
150
152
135
128
154
156
166
224
198
234
251
224
252
180
154
152
125
136
161
145
168
163
143
164
176
157
159
129
119
124
115
150
124
154
128
119
133
140
156
135
140
139
123
123
118
139
148
175
160
176
187
195
220
216
178
172
180
165
179
157
154
157
202
212
260
281
335
312
331
337
338
286
295
297
316
309
334
302
269
238
185
187
155
202
203
256
358
458
594
741
742
787
629
528
402
295
237
243
254
290
316
345
303
317
302
209
189
204
143
168
129
133
146
165
158
151
123
165
167
139
147
162
148
158
156
172
176
169
138
142
170
130
146
152
142
133
133
129
152
137
148
143
154
141
125
156
136
146
132
150
160
121
136
156
146
147
138
138
130
140
130
134
141
129
137
123
137
140
130
129
140
128
130
137
166
142
150
144
147
159
143
109
136
129
165
130
140
157
161
153
157
120
145
149
141
128
135
151
151
164
154
158
145
158
163
135
135
144
151
116
114
134
158
148
130
148
139
174
187
169
145
156
131
127
129
133
146
135
150
142
132
150
151
128
167
157
141
163
132
161
141
148
141
142
140
146
162
140
139
152
128
134
136
140
151
125
156
134
146
127
149
153
152
139
134
136
156
146
142
139
131
173
129
132
125
130
126
130
133
166
126
135
128
155
172
158
180
188
203
202
221
212
235
178
186
170
135
179
167
130
165
137
145
168
148
179
147
146
167
152
180
166
157
147
157
149
145
134
141
146
168
150
132
160
171
143
148
165
156
147
161
153
154
143
160
142
151
150
168
146
142
150
151
152
153
145
123
134
156
148
146
165
123
133
153
149
142
153
156
143
146
169
139
160
127
125
147
160
143
142
148
143
146
128
142
129
122
139
133
126
115
126
159
139
132
140
137
126
127
144
129
114
145
156
172
153
151
154
158
147
115
128
135
148
130
150
129
129
124
138
138
106
134
144
140
140
139
143
161
159
204
272
304
377
391
310
235
224
197
171
149
144
125
133
135
132
107
127
128
130
131
125
133
124
136
127
141
126
127
120
133
126
120
129
138
116
111
114
127
140
125
123
115
116
136
111
120
113
133
121
125
114
122
105
121
122
116
135
127
135
108
115
124
112
114
105
140
117
100
132
116
118
117
119
119
117
123
113
109
127
120
165
162
182
208
193
196
203
171
180
146
133
114
124
104
114
105
98
114
120
99
109
116
128
122
100
130
138
103
115
116
105
119
97
114
114
129
118
124
114
107
112
116
110
119
112
96
91
120
108
109
90
115
94
99
100
120
106
105
109
112
128
100
89
106
102
121
116
105
105
110
106
127
111
117
138
106
125
140
134
130
120
124
120
127
149
191
219
318
493
619
729
874
1022
1083
911
724
554
404
283
208
164
155
120
138
170
174
261
296
426
526
705
805
874
871
901
710
565
394
295
232
167
162
153
151
127
134
127
142
129
149
119
139
129
129
148
124
146
143
140
126
150
139
152
161
185
173
170
188
169
174
161
143
148
134
149
135
132
132
122
127
127
137
140
153
129
119
138
141
141
148
138
153
142
144
172
167
167
191
200
186
202
204
184
162
168
149
131
129
120
116
110
137
140
171
155
178
220
340
460
661
915
1125
1167
1230
1022
821
671
449
296
181
169
140
137
143
168
198
233
312
434
511
594
755
770
742
659
525
373
287
213
187
172
140
142
134
125
141
131
124
142
137
120
131
153
130
130
148
142
135
139
143
123
146
99
133
150
135
143
123
136
111
169
154
198
212
217
232
198
212
175
184
147
139
141
134
111
155
143
153
158
224
256
299
388
412
496
489
472
411
351
284
242
198
149
155
137
136
145
166
147
138
170
183
165
149
154
181
173
185
167
207
242
338
343
396
400
371
304
304
253
177
165
152
165
124
151
147
157
150
162
154
160
139
146
147
173
125
139
154
150
131
149
180
154
130
142
122
130
148
146
126
148
122
122
145
146
160
155
172
136
147
140
143
164
147
139
154
130
121
155
150
132
148
136
121
136
110
127
158
141
147
123
125
134
137
138
131
153
121
150
129
137
146
133
139
161
150
132
136
140
120
146
124
133
127
137
132
152
140
142
161
144
145
149
122
144
133
153
140
137
154
152
131
136
144
130
145
124
121
146
130
164
129
161
140
144
138
121
153
137
133
124
144
138
136
138
132
142
140
141
136
153
133
114
130
135
133
146
143
142
112
116
149
130
123
147
124
133
145
136
117
136
155
133
135
142
130
115
119
152
107
143
122
136
140
142
137
131
134
159
121
141
135
146
128
128
134
141
138
155
151
205
203
231
209
204
182
178
168
153
137
115
126
115
141
107
135
126
133
132
144
165
133
155
128
139
138
113
121
128
123
122
107
118
133
116
125
114
109
124
127
128
109
122
110
114
116
131
126
157
133
162
148
164
153
158
147
141
128
134
104
145
131
88
116
103
111
120
114
92
116
114
124
114
131
121
108
113
122
124
121
111
105
120
118
113
104
104
108
112
99
105
101
110
115
108
106
100
105
104
82
98
102
95
83
108
98
107
79
82
90
71
106
96
105
84
81
98
116
91
87
84
102
87
77
77
84
90
99
73
79
91
98
79
78
84
89
74
92
90
94
97
87
83
89
82
71
74
77
81
72
58
77
75
81
73
92
77
91
82
65
79
82
79
80
77
66
80
81
78
70
82
68
73
64
88
60
71
66
59
65
77
54
82
61
52
59
51
65
75
66
63
67
52
55
69
51
44
65
59
61
66
51
58
66
53
51
74
64
64
54
70
45
60
60
60
50
52
48
42
44
62
63
43
51
54
47
68
62
44
50
60
55
53
48
44
48
41
35
58
38
55
46
49
48
47
38
39
55
43
42
43
50
46
45
41
53
32
37
55
43
45
50
43
48
53
44
37
39
47
40
41
36
43
44
46
48
45
48
56
51
33
34
47
45
38
39
56
43
33
38
38
44
35
45
43
42
49
56
78
120
215
358
492
741
942
1045
1080
1034
769
608
371
237
132
82
45
47
35
46
73
98
182
290
450
620
761
956
940
858
676
489
324
190
133
71
33
40
35
37
28
29
31
23
23
25
26
23
20
17
25
26
31
23
20
20
19
14
28
14
24
15
20
27
24
22
18
26
26
22
23
27
24
18
24
21
16
14
26
15
20
31
20
19
26
29
16
23
28
38
37
61
80
93
106
102
106
103
58
54
36
24
22
17
21
17
24
18
18
23
19
15
13
20
25
17
20
18
19
19
18
22
15
13
23
14
19
30
34
42
49
110
146
272
394
498
649
771
764
686
506
369
228
128
93
44
23
24
16
12
19
19
22
17
14
19
13
20
13
18
24
18
16
23
15
18
10
17
9
9
14
13
14
17
12
13
17
14
14
17
12
16
14
12
11
9
16
12
21
19
15
30
30
46
71
100
169
249
299
434
424
396
394
275
204
124
62
56
25
18
18
13
22
16
9
14
13
20
11
24
13
18
17
21
28
39
58
57
69
65
87
83
64
57
48
32
18
21
17
23
19
21
18
26
15
18
16
18
15
14
14
15
23
20
13
19
15
11
20
14
18
13
19
9
13
15
14
13
12
20
23
18
16
12
19
16
11
12
8
8
6
14
17
12
9
11
16
12
10
11
9
15
16
10
17
11
16
7
12
18
15
14
18
20
18
21
11
7
21
18
10
7
9
12
13
8
13
18
18
16
14
20
22
17
21
21
19
14
21
16
17
21
13
17
17
18
14
13
16
10
16
12
13
19
12
11
13
12
21
18
12
18
8
22
13
14
10
15
18
17
12
14
14
8
18
13
12
17
8
9
13
12
19
15
12
15
8
13
15
13
16
12
13
12
14
18
9
15
12
13
13
8
14
12
11
16
11
11
15
14
13
17
16
16
15
23
13
9
16
14
16
15
13
8
5
14
9
19
13
16
16
18
15
11
18
7
12
14
13
18
15
6
22
17
20
17
16
13
15
12
20
10
10
7
11
13
14
13
6
20
14
8
15
16
19
18
16
24
13
20
27
23
42
49
75
123
160
212
213
249
233
238
151
112
98
57
35
23
23
28
27
17
27
21
20
20
25
17
15
25
21
16
13
13
12
26
20
19
11
16
17
18
19
15
24
10
10
22
16
14
28
12
17
22
16
17
24
26
22
21
25
11
19
18
17
16
19
27
9
15
21
18
8
17
26
13
23
23
20
22
20
20
14
16
18
12
12
18
12
20
19
14
18
19
16
30
17
20
22
15
20
19
16
16
24
11
18
15
14
12
8
15
19
15
19
23
13
13
22
25
21
12
17
16
18
24
20
17
15
21
22
16
23
17
18
13
16
13
23
17
12
17
17
13
13
17
20
15
18
24
23
15
19
33
28
26
40
31
31
36
33
27
20
17
21
25
12
12
11
14
20
16
14
16
13
21
22
16
19
18
16
16
14
19
23
11
15
11
21
21
18
14
12
19
14
15
14
23
12
13
19
22
17
22
19
19
17
21
18
17
18
16
13
14
18
16
15
16
15
20
23
27
16
12
17
16
18
17
11
12
19
18
26
18
19
25
11
20
23
22
11
10
20
16
26
20
19
20
19
15
25
17
26
21
22
13
13
17
14
17
17
15
17
20
22
19
15
22
8
21
10
20
25
16
14
23
30
23
24
14
16
12
25
22
19
26
25
24
21
39
27
25
29
25
21
20
24
17
22
13
18
14
18
15
20
16
18
19
15
16
16
17
12
11
15
16
18
27
25
13
11
11
21
21
15
13
15
18
17
12
18
10
14
17
18
13
14
13
16
27
11
12
19
18
24
20
16
21
20
23
21
18
15
12
14
15
18
21
13
14
11
22
15
16
17
16
17
11
12
16
17
13
15
9
11
19
16
15
22
19
16
19
17
9
21
11
11
18
9
15
22
10
21
17
22
13
14
13
15
13
14
23
10
20
10
17
17
11
11
13
25
12
18
14
15
13
14
16
13
21
8
14
8
17
12
8
16
13
15
16
7
16
19
16
21
17
9
11
12
9
13
10
21
24
14
24
35
35
39
31
34
28
21
21
10
11
15
14
26
13
10
15
13
16
19
9
12
14
13
18
17
12
18
15
8
15
5
11
9
18
12
18
11
10
15
17
15
8
13
14
14
13
14
9
10
12
13
11
13
19
9
13
9
13
13
20
13
8
18
10
18
12
11
13
14
17
10
12
10
9
5
9
12
9
15
11
13
9
13
10
14
11
8
8
13
8
12
8
9
9
11
12
14
12
9
9
11
14
6
12
8
18
9
7
12
12
13
10
9
8
9
15
3
10
10
8
12
12
11
9
13
12
5
10
11
12
14
14
11
24
18
15
31
30
30
37
37
38
25
36
23
18
15
15
12
6
10
12
8
12
13
13
8
9
8
9
6
13
12
10
10
14
11
7
13
15
7
12
11
10
9
4
15
7
5
9
9
5
6
12
11
9
6
9
8
7
11
10
5
3
8
4
10
8
5
7
12
10
6
6
9
13
10
8
13
7
17
3
7
10
11
9
7
8
8
10
7
7
9
10
12
11
7
5
5
11
3
8
10
10
7
10
2
7
9
8
17
5
8
6
5
9
7
10
8
8
10
10
6
6
10
11
8
8
12
11
8
10
8
8
9
8
10
11
10
28
42
73
93
147
185
212
257
234
209
168
115
89
61
27
21
7
5
6
8
10
7
12
10
6
13
5
6
13
9
5
11
8
4
6
6
7
7
9
6
3
10
8
3
6
5
9
7
2
9
6
5
8
9
4
4
6
4
4
6
7
6
8
5
5
10
6
6
5
9
5
10
12
4
6
9
6
7
4
3
6
5
5
8
2
5
9
2
8
9
5
3
8
8
9
9
11
7
7
4
4
7
6
4
7
6
5
9
5
5
7
8
8
8
9
9
3
12
11
3
9
9
10
6
5
4
4
8
5
8
6
8
4
6
7
6
8
4
6
6
1
9
10
5
3
7
8
0
5
6
6
11
23
20
26
20
32
23
17
18
14
14
6
6
6
10
7
12
8
8
5
10
5
3
7
5
11
8
9
10
12
10
9
6
5
7
5
7
10
5
7
4
3
8
10
6
5
7
1
8
14
3
5
5
3
6
5
5
4
9
6
4
8
5
9
10
4
3
4
7
7
6
7
12
6
10
9
6
2
10
6
6
12
5
7
8
11
7
7
5
12
8
10
10
7
14
5
9
10
10
4
6
8
8
4
6
5
9
5
7
7
5
8
9
7
8
4
11
4
2
6
7
3
6
7
6
6
5
6
8
6
9
3
5
7
11
10
3
8
4
9
6
5
5
10
4
5
5
7
7
7
6
3
6
5
5
3
7
6
2
5
3
9
5
5
6
7
4
4
9
10
4
10
4
7
7
6
2
9
7
7
2
5
3
6
10
5
6
4
7
3
6
5
10
3
4
10
3
5
4
9
6
8
7
3
9
3
4
7
5
8
4
5
7
9
5
5
7
9
5
5
5
2
5
7
4
5
8
2
5
6
7
2
5
4
4
6
4
7
2
8
9
4
3
5
8
5
5
6
1
7
7
4
7
4
5
5
7
2
6
6
9
4
5
5
2
3
9
9
6
5
4
10
4
6
2
4
9
10
7
6
6
7
6
7
9
4
5
16
15
15
35
41
57
82
98
91
102
87
78
60
44
42
21
17
7
7
12
7
10
4
11
12
9
7
4
11
7
7
7
9
10
5
6
4
2
16
9
7
1
3
4
9
8
5
13
5
4
9
6
3
3
5
8
7
13
4
7
10
7
6
7
8
7
8
6
3
10
4
4
4
7
9
6
9
5
10
6
7
6
8
6
12
5
4
2
5
5
5
5
9
9
2
7
9
7
6
5
9
4
11
9
9
4
11
6
7
4
5
4
8
2
5
3
3
10
10
7
6
10
7
7
11
8
11
3
7
11
6
5
4
5
4
4
2
7
6
7
12
9
16
21
14
23
28
24
24
25
18
18
5
4
7
9
10
9
3
5
8
8
8
14
6
5
8
4
8
7
8
5
5
6
11
12
5
5
9
11
8
5
8
9
9
2
11
12
5
5
7
3
5
5
5
8
11
7
2
2
4
2
7
4
3
7
7
9
8
6
6
7
6
4
5
10
8
10
10
6
9
3
5
9
6
4
8
7
8
9
8
3
5
6
8
5
9
7
3
12
10
6
12
11
8
6
6
7
4
3
10
9
8
7
2
6
6
8
5
1
6
6
5
3
8
5
11
7
4
9
6
8
6
4
4
6
2
10
3
3
6
4
5
5
4
5
11
7
8
11
7
9
8
9
5
3
8
8
6
4
8
7
9
3
10
4
12
6
6
9
7
4
10
5
6
5
5
6
4
5
5
8
9
6
3
14
6
7
8
6
1
7
3
6
2
5
7
5
6
5
6
5
11
5
5
5
7
4
4
7
6
7
8
7
5
9
7
1
6
3
2
2
3
4
9
8
7
5
2
11
7
5
7
5
4
5
5
5
6
7
1
3
7
15
4
2
1
5
5
5
5
3
7
7
8
4
2
2
6
6
3
10
2
7
9
11
5
4
10
8
8
5
2
5
2
8
4
5
5
6
3
5
7
4
11
8
6
6
3
14
5
3
3
5
7
3
3
4
5
8
1
6
4
4
6
2
8
9
3
7
6
6
10
6
8
6
10
10
17
7
6
3
5
4
10
4
6
7
1
5
6
5
6
4
3
2
5
4
1
9
6
2
1
5
3
7
6
4
1
4
8
3
3
6
5
5
4
3
8
6
12
2
3
8
5
3
5
2
6
2
4
3
2
2
5
10
7
6
3
6
1
1
7
2
8
4
9
4
4
3
4
5
3
6
7
1
6
1
4
1
5
6
3
3
4
3
1
2
1
3
3
5
3
1
6
1
1
4
4
3
2
3
3
1
0
4
6
1
4
2
4
4
2
3
3
1
3
2
2
4
5
1
1
2
1
3
4
3
5
3
2
4
8
6
3
6
6
4
3
2
0
3
0
2
0
1
3
1
1
3
1
1
1
1
0
2
2
1
1
2
0
4
4
3
4
2
2
3
5
4
3
6
8
4
0
10
2
2
2
2
3
3
1
4
3
1
1
3
3
1
1
6
1
8
0
4
3
1
0
4
1
2
6
3
2
2
3
3
0
3
1
2
0
3
3
1
2
0
2
1
6
4
1
2
2
4
4
3
6
5
5
1
6
5
4
5
3
5
5
7
6
8
6
5
5
7
3
4
2
3
3
2
3
9
6
18
19
29
42
69
78
87
85
77
65
42
37
23
13
8
3
4
2
1
0
4
2
7
3
2
2
3
4
2
2
1
4
2
1
1
1
3
2
3
2
0
1
4
0
1
1
1
2
0
4
1
1
1
3
3
2
2
2
1
2
2
1
1
2
1
2
3
3
1
3
2
2
3
2
3
3
2
1
3
3
3
4
3
1
4
3
1
4
2
2
5
3
2
3
1
0
2
2
2
3
0
2
2
2
2
0
3
1
1
4
3
0
1
2
2
2
2
1
4
3
2
0
3
1
3
1
3
1
1
2
4
1
3
3
3
4
4
1
1
1
4
2
1
4
2
5
1
1
6
2
1
2
0
5
3
2
0
3
3
3
3
3
1
1
3
1
2
2
3
1
0
1
3
2
5
3
3
2
2
3
0
3
3
2
0
4
2
1
0
5
3
3
1
1
2
2
0
4
0
3
2
1
0
5
3
3
2
2
0
0
4
2
2
1
4
4
1
3
3
2
1
1
4
3
4
1
2
1
2
0
0
2
3
5
2
2
5
0
1
1
1
3
5
4
2
3
1
5
1
3
2
1
2
3
0
2
2
2
1
1
1
2
4
0
1
1
1
1
2
3
1
1
0
2
2
2
3
1
2
1
0
0
1
1
2
1
1
1
1
0
3
2
1
2
2
4
1
2
1
2
1
1
1
0
3
2
1
3
2
1
2
0
1
5
0
1
1
0
3
1
3
4
2
1
1
0
1
2
2
1
1
0
2
3
3
3
3
1
5
3
2
3
3
4
0
3
0
2
0
2
3
3
2
2
3
1
0
0
1
1
7
2
5
3
2
0
3
3
2
3
3
0
1
2
3
1
1
1
2
1
2
1
1
2
2
2
0
2
3
0
1
0
2
2
4
2
2
0
3
1
0
3
3
4
3
3
3
1
7
7
7
7
4
4
4
2
4
3
2
3
1
3
3
3
1
2
5
1
2
1
2
3
1
3
7
3
2
1
1
1
4
1
3
3
2
2
1
1
2
1
2
3
2
1
6
5
10
2
3
3
3
1
2
5
2
0
1
1
1
4
1
1
2
1
3
1
4
2
1
3
3
1
1
3
1
1
5
3
1
1
3
0
2
3
7
3
1
1
0
3
0
1
1
4
1
1
5
1
1
2
4
0
1
2
4
1
1
1
0
3
0
0
1
1
3
3
3
1
0
1
4
1
1
1
4
3
1
1
3
1
3
4
1
4
0
0
0
2
4
0
0
1
1
1
2
2
1
4
6
2
1
0
4
2
1
3
1
1
2
2
0
2
2
1
2
0
1
0
4
3
1
4
2
1
5
3
1
1
4
1
1
1
2
1
3
3
2
2
1
2
2
1
0
1
1
0
0
0
2
1
1
3
1
3
0
1
1
4
1
3
1
1
0
1
2
0
0
0
2
1
0
2
2
1
5
1
2
0
0
3
1
0
2
3
0
2
1
1
3
1
2
0
3
1
1
2
2
3
1
2
2
0
1
3
2
3
2
0
2
1
6
1
2
3
1
1
0
3
2
0
3
1
2
4
1
0
2
3
3
4
1
4
2
3
2
1
4
3
2
1
4
7
0
4
1
0
1
0
3
0
1
2
3
3
0
0
1
2
2
3
0
1
1
1
2
0
0
1
1
1
2
2
1
1
1
1
0
1
0
2
2
3
3
2
1
4
1
1
1
3
1
2
2
2
2
2
2
2
1
0
1
2
3
1
2
1
0
2
2
1
0
0
0
2
2
0
2
1
1
0
1
0
5
2
0
3
1
3
2
0
1
1
3
2
1
2
1
0
0
1
3
4
2
4
2
5
4
2
2
1
0
3
1
2
0
0
1
1
1
1
1
0
1
4
1
2
1
4
2
1
4
0
1
0
0
1
1
6
3
2
0
0
1
0
1
2
2
2
2
2
2
1
0
1
2
3
0
2
1
0
2
1
1
2
2
1
2
2
3
2
1
2
1
2
1
4
3
4
2
2
4
2
1
1
1
1
5
2
2
1
1
2
0
2
2
1
5
0
1
1
2
0
2
1
0
2
1
0
1
0
0
2
0
2
3
0
1
3
1
6
2
0
1
0
0
6
2
0
1
1
2
1
1
3
1
3
1
0
4
0
1
1
2
1
3
0
3
1
1
0
3
7
3
2
0
2
1
1
0
0
2
2
0
1
1
2
1
1
0
2
1
2
2
0
1
0
1
2
0
1
1
6
2
1
0
1
4
0
1
5
1
1
0
2
2
1
1
1
1
2
2
1
5
2
2
1
3
2
1
1
0
1
0
6
0
0
0
2
2
2
0
0
3
1
0
0
1
1
2
0
1
0
0
1
1
1
1
1
1
1
1
4
0
0
3
3
2
0
4
4
3
3
2
3
3
1
3
1
1
1
1
4
2
1
4
2
0
1
0
0
1
1
3
4
0
1
0
2
2
2
2
3
1
0
1
1
3
0
0
3
2
1
1
0
2
2
0
0
1
0
1
1
0
1
0
5
1
1
3
3
1
0
0
2
2
3
4
9
9
10
16
23
22
21
19
17
12
15
6
4
4
5
3
3
3
1
2
3
0
3
1
1
0
2
4
0
0
1
2
4
3
2
2
2
3
2
2
4
0
0
0
3
1
4
3
1
2
0
3
2
2
6
1
1
1
2
2
4
3
2
2
2
1
0
2
2
2
2
3
1
0
1
2
1
5
3
1
4
2
3
0
1
1
1
2
1
0
5
2
2
2
2
0
2
2
0
1
3
1
2
0
5
1
1
1
5
2
0
3
1
2
1
1
1
2
4
1
0
2
2
2
3
1
3
2
1
0
2
3
2
3
1
4
1
2
2
1
2
1
3
2
1
2
1
3
4
6
1
3
2
1
2
3
1
3
3
5
3
1
2
3
2
0
2
1
1
0
0
0
0
3
3
0
1
1
5
3
2
1
0
5
2
0
2
1
1
2
2
0
0
2
1
2
0
3
1
2
0
1
0
0
3
1
3
0
3
1
0
3
0
2
0
3
0
1
1
2
1
3
1
1
1
1
1
1
3
0
2
4
0
1
1
2
2
3
2
4
1
2
1
1
4
0
2
2
3
0
1
3
3
0
2
1
1
0
1
2
1
2
3
1
1
1
1
3
0
2
1
2
4
1
0
2
1
1
0
1
1
2
3
1
1
2
0
3
1
1
0
1
1
1
1
3
3
2
1
0
0
0
2
0
3
0
2
2
3
2
1
3
0
2
2
0
3
4
2
1
1
0
2
0
4
1
1
1
0
1
1
2
2
1
1
3
0
0
1
3
3
1
3
1
4
0
2
1
3
4
1
2
0
2
2
1
0
3
1
2
4
2
1
1
0
0
4
1
1
2
1
1
1
1
1
3
2
3
2
4
2
0
1
1
3
0
0
1
3
0
0
2
1
0
2
2
2
1
2
1
1
1
2
2
1
2
2
2
3
1
1
1
2
1
1
1
2
1
0
1
1
1
2
1
1
1
2
0
2
2
1
0
1
3
1
1
1
1
1
3
2
2
0
0
1
1
1
2
1
0
1
3
2
0
2
0
2
0
2
1
2
1
1
0
1
1
1
0
0
3
2
4
0
3
3
3
2
3
1
1
1
2
2
2
1
0
2
0
0
2
0
1
1
2
0
2
0
2
2
1
0
1
0
1
1
0
0
1
0
2
0
0
1
0
0
1
2
0
1
1
3
1
1
2
0
0
2
2
0
0
3
1
5
0
0
0
0
1
2
2
2
0
1
1
1
0
0
2
0
1
1
0
0
3
1
1
3
0
2
2
3
1
0
2
1
2
4
1
3
0
1
1
0
1
0
0
2
1
2
1
3
0
3
0
1
2
1
1
0
1
0
0
0
2
1
0
1
1
0
0
1
2
1
0
2
1
3
0
1
1
0
0
1
1
2
0
1
0
1
0
2
2
1
1
3
2
0
0
2
0
0
1
0
0
1
1
1
0
0
1
1
1
0
0
1
0
1
0
0
2
3
2
0
0
1
2
0
1
0
1
0
0
1
2
1
1
2
1
0
0
1
0
2
1
0
0
1
1
0
0
0
1
0
1
2
1
0
3
0
0
0
0
0
1
0
1
0
1
1
2
2
1
1
0
0
0
2
0
0
1
6
1
1
4
7
9
9
12
18
13
18
10
10
4
5
5
1
2
3
2
0
2
1
0
0
2
0
1
0
1
0
0
0
0
0
1
1
1
0
1
1
0
0
0
0
0
0
1
1
2
0
0
3
1
1
2
1
1
2
1
2
0
0
2
0
1
0
0
0
2
1
1
1
2
0
0
2
0
2
1
0
0
0
1
0
1
1
1
0
2
1
1
1
0
1
1
1
2
0
2
2
0
1
1
0
0
1
0
0
0
0
1
0
0
2
0
0
0
0
0
0
0
1
2
0
1
0
0
1
0
0
0
1
0
1
0
2
0
0
1
2
1
2
0
1
1
0
0
1
0
0
0
0
0
1
0
1
1
2
1
0
0
0
0
1
2
0
0
1
1
0
0
2
0
0
1
1
0
2
0
1
1
0
0
0
0
1
0
1
0
0
1
2
3
1
2
0
0
0
0
0
1
2
0
0
0
2
0
0
0
1
0
0
0
0
1
1
2
1
0
0
0
0
0
1
0
0
1
0
1
0
1
1
0
0
0
2
2
1
0
0
1
0
2
0
3
1
0
2
3
0
2
0
0
1
0
1
0
1
1
0
0
0
0
1
1
0
1
1
1
0
2
1
0
1
0
0
1
1
2
0
1
1
0
1
1
2
0
0
0
0
1
1
0
1
2
1
0
0
0
0
0
1
0
1
1
0
0
0
0
1
1
1
1
0
0
0
1
1
2
2
1
1
1
0
1
1
1
0
0
2
1
1
1
0
0
0
1
2
0
1
0
1
0
0
1
0
0
0
0
1
1
0
1
1
1
3
0
2
0
0
0
0
0
0
1
0
0
0
2
0
1
0
1
0
0
0
2
0
0
1
3
0
0
0
0
0
1
0
0
0
0
0
1
0
0
0
0
0
0
2
1
3
0
1
4
1
0
2
1
1
0
1
3
1
0
0
0
0
0
1
0
0
0
1
0
0
0
0
1
0
0
0
0
1
0
0
0
0
1
1
0
3
1
0
0
0
2
0
0
0
1
0
1
1
0
1
1
0
0
0
0
1
0
1
0
2
1
0
0
2
0
0
0
0
0
0
0
0
0
0
0
0
1
0
0
0
0
0
0
1
0
0
2
0
1
2
0
2
0
0
0
0
0
1
0
0
1
0
0
0
0
0
1
0
0
1
2
1
0
0
0
1
1
0
0
2
0
2
1
0
3
0
1
1
1
0
0
0
0
0
0
0
0
0
0
0
0
0
0
1
1
0
2
0
0
0
1
2
0
1
0
0
0
0
0
1
0
0
0
0
0
1
1
0
0
0
0
2
0
2
0
1
1
1
0
0
0
0
0
1
0
0
0
0
1
0
1
0
0
0
0
2
2
0
1
1
0
0
1
1
1
0
0
1
0
1
1
0
0
0
0
0
0
1
1
0
0
0
0
2
0
1
0
0
0
0
2
0
0
0
0
0
1
2
0
1
0
0
1
0
1
0
0
1
0
1
1
1
0
3
0
1
0
1
2
0
0
0
1
0
1
0
0
0
0
1
0
1
0
0
0
0
0
1
1
0
1
1
0
0
0
0
0
1
0
0
0
1
1
1
0
0
0
0
0
1
0
0
1
0
0
0
1
1
0
1
0
0
0
0
1
0
0
1
1
0
0
0
0
0
2
0
0
0
0
1
0
0
0
1
1
1
2
0
0
0
0
0
1
0
0
1
1
0
1
1
0
0
0
0
0
0
0
0
0
0
0
0
0
0
0
0
1
2
0
0
1
1
2
0
0
0
0
0
1
1
0
0
0
1
0
0
2
1
0
0
1
0
1
0
1
0
0
2
0
0
0
1
0
0
1
0
0
0
0
2
0
0
0
0
0
0
0
0
0
0
0
0
0
1
0
1
0
1
0
1
0
0
0
1
0
0
2
0
0
0
0
1
1
0
0
0
0
0
0
0
0
0
0
0
0
1
1
2
0
0
0
0
2
0
0
1
1
0
1
0
0
0
0
0
1
0
0
0
0
0
0
1
0
0
0
0
0
0
0
0
1
0
0
0
0
0
1
1
0
1
0
1
0
0
1
0
0
1
0
0
1
0
0
0
0
0
0
0
1
0
0
0
0
0
0
0
1
0
0
0
0
1
0
0
0
0
0
0
0
0
0
3
0
0
1
0
0
0
0
0
0
0
0
0
0
1
0
0
0
0
1
0
2
1
0
0
0
0
0
1
0
0
0
0
0
0
0
0
0
0
1
0
1
1
0
0
0
1
0
0
1
0
0
0
1
0
0
1
0
1
0
0
0
0
0
0
0
0
0
0
0
1
0
0
0
0
0
1
1
0
0
0
0
0
0
0
0
0
0
0
0
0
1
0
0
0
1
0
0
0
0
1
2
0
1
0
1
0
0
0
0
0
0
0
2
0
1
0
0
1
1
0
1
0
0
0
1
0
1
0
0
1
0
0
1
0
0
0
0
1
0
1
1
0
1
0
0
0
0
0
0
0
0
0
0
0
1
0
0
0
1
0
0
0
1
0
0
0
0
0
0
0
0
1
1
0
0
0
0
1
1
1
0
0
0
0
0
0
1
0
1
0
1
0
0
0
0
0
1
0
0
0
0
0
1
1
0
2
0
1
0
0
0
0
0
0
1
0
0
0
0
0
0
1
0
0
0
0
0
0
0
0
0
0
0
0
0
0
0
0
0
0
0
0
0
0
0
0
0
0
0
0
0
0
0
0
0
0
0
2
0
0
1
1
1
0
0
0
1
0
0
0
0
1
0
1
1
0
1
0
0
0
0
0
0
1
0
1
0
0
0
0
0
0
0
0
0
0
0
0
0
0
1
2
0
0
0
0
0
0
0
0
0
0
0
0
1
2
0
0
1
0
0
1
0
0
1
0
0
0
0
0
1
1
1
0
0
0
0
0
0
1
0
1
0
0
0
0
0
0
0
0
0
0
0
1
0
0
0
0
1
0
0
0
0
1
0
0
0
0
0
0
0
0
0
1
0
0
0
0
2
0
1
1
0
1
0
0
0
1
0
1
0
1
0
0
1
1
0
1
0
0
0
0
0
0
0
1
0
0
0
0
1
0
0
0
0
0
0
1
1
0
0
0
1
0
0
0
0
0
0
0
0
0
0
0
1
0
0
0
0
0
0
0
0
0
0
0
1
0
0
0
0
0
1
1
0
0
0
1
0
0
0
1
0
1
0
0
0
0
0
0
0
0
1
0
0
1
1
0
1
0
0
0
1
1
0
0
1
0
0
1
0
0
0
0
0
0
0
0
0
0
0
1
0
0
0
0
0
1
0
1
0
0
0
0
1
0
0
0
0
0
2
0
0
0
1
0
1
0
0
0
0
0
0
0
0
0
0
0
1
0
1
0
0
0
0
1
0
1
0
1
0
0
0
0
0
0
0
0
1
0
1
0
0
0
0
0
1
0
0
1
0
0
0
0
0
1
0
0
0
2
0
0
0
0
0
1
1
0
0
0
1
0
0
0
0
2
0
0
1
0
1
1
1
0
0
0
0
0
0
0
0
0
0
0
0
0
2
0
0
0
0
1
1
0
1
0
0
$ENER_FIT:
-1.8040 0.716145 0.000000e+00
$MCA_CAL:
3
-1.8040 0.716145 0.000000e+00
$ENDRECORD:
