$SPEC_ID:
Sample title.

$MEAS_TIM:
51323.29000 53999.68000
$DATE_MEA:
02/03/2020 6:26:09 PM
$DATA:
0 16383
0
0
0
0
0
0
0
0
0
0
0
0
0
0
0
0
0
0
0
0
0
0
0
0
0
0
0
0
0
0
0
0
0
15866
15136
14902
14809
14434
14587
14651
14306
14786
16001
22167
33405
42599
42473
30940
19345
14643
14046
13917
13852
13866
13759
13922
13881
13831
13890
13946
14062
14335
14295
14472
14349
14486
14619
14993
14908
15133
14898
15235
15330
15573
15589
16010
16408
16881
16893
17069
17162
17104
17776
18134
18502
19328
19924
20191
20539
20753
20818
20623
20616
20273
20797
21419
22115
22628
23031
23605
23654
23978
26252
31395
36839
42810
49576
53920
54330
46969
36094
30582
26160
21538
19461
18765
18948
18775
19749
23167
27884
31651
31619
28526
26667
25801
23903
20929
18828
18374
17827
17749
17292
17356
17429
17370
17315
17241
17173
17287
17217
17189
17139
17268
17056
17143
17408
17364
17856
18253
18035
17663
17180
17423
17690
17641
18056
18121
18109
18120
17978
18184
18397
18197
18490
18761
18415
18505
18518
18690
18848
19245
20020
20666
20922
20640
20337
20570
20534
20562
20076
19476
19253
19470
19497
19723
19916
20011
19950
19409
19296
18932
19131
18899
18933
18815
19006
19408
19104
19400
19076
18253
18026
17762
18154
18300
17801
17976
17841
17780
17834
17762
17564
17236
17435
17519
17445
17284
17443
17636
17310
17184
17022
17154
17382
17166
17606
17460
17501
17495
17426
17604
17690
17244
17757
17348
17469
17642
17673
17521
17197
17236
17195
17154
16924
16907
16985
17094
16809
16755
16919
16890
16682
17011
16789
16675
16653
16914
16769
16650
16637
16392
16573
16450
16258
16424
16240
16351
16213
16201
16054
16154
16119
16014
16227
16104
16105
16432
16378
16763
17043
17167
16668
16241
16056
15825
15851
16061
16084
16192
16076
16040
16198
16022
16361
16557
16800
16853
17599
18194
18867
19275
19268
20181
21247
22809
23662
25159
26459
27088
27560
27413
26891
26276
24691
23324
22001
20952
19878
19144
18609
18210
18654
18497
19255
19495
19696
19584
18739
18344
18181
17929
17639
17597
17672
17740
17966
17959
17918
18123
18222
18511
18731
18719
19173
19590
19359
19554
19515
19314
19088
19094
18670
18452
18289
17995
17753
17308
17567
17010
16686
16651
16585
16499
16986
16550
16714
16783
16553
16695
16505
17144
16851
17149
17061
17277
17671
17919
18202
18471
18865
19533
20248
20744
21183
21548
22202
22607
22786
23499
23789
24258
24207
24444
24020
24490
24570
24011
23662
23670
23516
23299
22842
22061
21333
20706
20282
20061
19350
18611
18536
18052
17980
17495
17126
16900
16998
16837
16394
16588
16622
16446
16156
15878
15340
15434
15095
15173
15199
14953
14637
14722
14470
14439
14098
14369
13991
13748
13925
13620
13680
13644
13678
13691
13940
14346
14622
14338
13705
12906
12708
12706
12622
12361
12432
12485
12220
12509
12428
12306
12314
12127
11947
12163
12035
12101
11797
11873
11879
11619
11862
11683
11868
11829
11610
11757
11569
11438
11502
11656
11957
12276
12475
12115
11459
11093
10953
10799
10744
10667
10458
10765
10427
10629
11343
12511
14172
14400
13353
11401
10615
10355
10271
10188
10229
9946
10170
10241
9995
10064
10034
10018
10078
9865
9847
10155
10537
10347
10337
10193
9888
9788
9828
9563
9621
9739
9743
9656
9693
9637
9687
9543
9653
9616
9555
9662
10044
10702
11118
10977
10179
9777
9459
9558
9424
9298
9309
9322
9382
9207
9300
9147
9351
9225
9297
9317
9287
9178
9093
9072
9170
9461
10442
12616
14481
14530
12719
10271
9185
9108
8985
8886
9048
9112
8977
9026
9149
9018
9050
9269
9317
9349
9044
8868
8831
9075
8771
8925
8843
9126
8949
9009
9269
8746
8771
8910
8803
9001
8926
8770
8798
8785
8821
8739
8709
8669
8915
8857
8671
8782
8765
8777
8732
8823
8850
8811
8891
8676
8739
8739
8722
8760
8755
8674
8676
8602
8741
8650
8533
8653
8709
8726
8580
8727
8750
8632
8661
8580
8873
9078
9908
10883
11361
11135
10083
9053
8760
8789
8909
8975
8725
8726
8779
8603
8804
8862
8855
8893
8707
8898
9667
11532
15409
21235
27786
34088
38828
41784
44147
44773
45539
46579
46720
46621
46419
45472
44824
43410
41266
38651
33950
28508
22013
15875
11488
9019
8419
8173
8167
8181
8149
8262
8119
8075
8240
8117
8244
8296
8099
8098
8141
8150
8133
8238
8270
8319
8175
8185
8261
8257
8339
8369
8488
8861
10119
13191
20077
32440
47022
57698
56950
45630
31015
19102
12379
9804
8797
8825
8476
8317
8179
7922
8091
8091
7826
7923
7873
7889
7805
7861
7882
7823
7886
7933
7771
7879
7873
7821
7827
7916
7855
8052
7773
7893
7718
7928
7899
7814
7905
7826
7899
7834
7954
7742
7894
7807
7882
7780
7744
7938
8554
9110
9607
9594
8877
8275
8007
7751
7794
7848
7804
7840
7829
7870
7885
7852
7818
7845
7950
7813
7885
7965
7830
8019
7807
7845
8077
8126
8227
8247
8215
8159
8100
8110
8059
7949
7818
7954
7903
7763
7989
7910
8136
8176
8195
8091
7966
7965
8257
8729
9817
10641
10416
9656
8467
8194
7954
8182
8242
8436
8415
8084
7980
7700
7748
7802
7926
8070
8183
8145
8216
8007
8272
8226
8267
8167
8289
8372
8345
8276
8324
8232
8206
8309
8097
8151
8325
8425
8343
8217
8264
8126
8142
7955
7966
7993
7927
7972
8069
8130
8012
8052
7928
8020
8059
8047
8020
8016
7935
8034
7934
7863
7839
8017
7970
7845
7935
7964
7824
7784
7896
7827
7776
7897
7921
7868
7975
7895
7834
7911
7919
7905
7881
8003
7942
7775
8072
8016
8281
8287
8246
8164
8090
8085
8098
7918
8027
8037
7882
7907
7852
7997
8144
8329
8373
8384
8117
7912
7929
8017
8047
8153
7927
8163
7983
8133
8140
8071
8187
8038
7947
7906
7849
7948
8009
7832
7898
7975
7964
7945
7928
8094
8097
7960
7960
7980
7922
8142
7951
8034
8108
7919
7933
8111
8005
7918
7899
8063
7850
8128
8196
8485
8945
9375
9494
9325
8652
8400
8184
8287
8378
8299
8201
8199
8240
8119
8472
8010
8144
8006
8214
8232
8186
8323
8287
8230
8095
8250
8071
8252
8144
8146
8085
8266
8145
8222
8306
8337
8229
8117
8202
8167
8133
8032
8140
8309
7979
8218
8101
7969
7946
8171
8146
8198
8023
8180
7963
8166
8074
8133
8175
8157
8122
8199
8222
8035
8153
8277
8033
8133
8296
8090
8042
8155
8090
8145
8163
8164
8126
8061
8145
8078
8100
8035
8175
8182
8226
8370
8336
8366
8133
8244
8570
9098
9443
9392
9275
8691
8393
8257
8281
8209
8442
8186
8158
8309
8277
8394
8873
8904
8936
8978
8540
8452
8291
8253
8409
8198
7985
8121
8320
8310
8325
8395
8372
8209
8394
8429
8475
8372
8165
8205
8199
8360
8400
8931
9850
9984
9945
9314
8772
8259
8361
8201
8297
8102
8286
8155
8292
8237
8272
8362
8444
8277
8176
8128
8372
8252
8331
8372
8352
8017
8078
8324
8157
8299
8278
8237
8275
8448
8555
8582
8245
8373
8326
8216
8223
8273
8280
8217
8061
8311
8205
8253
8238
8176
8250
8287
8278
8227
8121
8123
8283
8557
8518
8585
9298
11303
14061
15365
14377
11977
9572
8783
8330
8276
8444
8206
8374
8494
8269
8367
8328
8412
8151
8224
8304
8545
9107
9702
10424
10643
10028
9087
8630
8359
8254
8256
8415
8313
8118
8491
8401
8307
8323
8298
8433
8181
8344
8350
8340
8754
8937
9171
9294
9585
9894
10385
10245
9654
8998
8605
8922
9795
9911
9749
9197
8515
8346
8311
8451
8305
8236
8291
8340
8253
8353
8406
8477
8375
8343
8366
8298
8301
8387
8339
8362
8550
8555
8583
8870
8904
8976
9029
9236
9218
9046
8680
8401
8440
8638
8582
9020
9081
8834
8567
8495
8552
8390
8321
8401
8540
8474
8440
8674
9248
9973
10306
10347
9341
8935
8514
8446
8431
8420
8581
8495
8528
8500
8456
8611
8504
8638
8484
8651
8613
8523
8527
8546
8601
8635
8615
8422
8392
8488
8612
8688
8648
8579
8684
8481
8629
8765
8431
8661
8724
8584
8623
8638
8909
8962
9673
11384
13346
14313
13445
11121
9643
8931
8979
8512
8702
8585
8578
8603
8726
8729
8783
8618
8605
8630
8699
8614
8688
8781
8676
8713
8834
8630
8655
8829
8901
8738
8679
8740
8772
8775
8687
8937
9334
9946
10518
10354
9932
9246
9057
9078
8935
8899
8663
8866
8986
9114
9136
9204
9160
8904
9157
9909
13009
19801
26742
28765
24303
17238
11470
9444
9182
9076
8994
9004
9048
9006
8898
9096
8914
8884
9108
9009
8957
9068
9084
8862
8797
8934
9033
9086
8877
9110
9031
8890
8933
9007
9238
9092
9127
9323
9006
9053
9357
9967
11027
13001
16862
20549
21098
18635
14056
10517
9509
9378
9424
9700
9443
9735
9896
10191
10037
9970
9521
9648
9616
9513
9428
9388
9472
9210
9366
9322
9244
9285
9415
9438
9499
9324
9310
9306
9371
9185
9278
9474
9468
9533
9526
9555
9600
9381
9450
9414
9680
9562
9328
9488
9859
9562
9545
9376
9641
9539
9576
9536
9759
9592
9868
9613
9683
9759
9672
9406
9543
9635
9577
9436
9726
9518
9711
9793
9835
9709
9841
9644
9521
9752
9740
9772
9944
10340
10930
12063
12483
12277
11113
10613
9886
9796
9684
9707
9919
9807
9596
9646
9854
9796
9680
9786
9773
10098
10218
10575
10581
10501
10269
10088
9881
9915
10093
9733
9917
9945
10038
9908
9677
9875
10174
10476
10842
11482
11633
12046
12175
11789
11080
10534
10383
10172
10218
9999
9890
10363
10083
10031
10194
10259
10437
10173
10026
10365
10166
10335
10298
10333
10291
10275
10232
10280
10505
10335
10580
10583
10720
11429
11828
12010
11345
10961
10619
10389
10274
10376
10273
10369
10328
10359
10162
10427
10399
10618
10525
10695
10855
10772
10854
10565
10627
10313
10681
10506
10511
10503
10621
10543
10795
10654
10705
10858
10604
10678
10531
10734
10603
10637
10630
10764
10738
10759
10727
10977
10923
10872
10759
10920
10624
10677
10785
10878
10874
11145
11348
11453
11463
11534
11700
11599
11198
11238
10960
11137
11528
11932
12293
12135
11782
11389
11195
11162
11036
10871
11151
11041
11068
11124
11157
11153
11421
11280
11064
11135
11179
11297
11352
11263
11207
11377
11405
11518
12003
12905
13016
12981
12432
11875
11464
11619
11673
12807
17503
29178
44512
54499
51802
37945
23419
15512
12824
12458
12164
12640
12445
12558
12449
12719
12713
12624
12617
12912
12783
12818
12720
12978
12698
12774
12766
12713
12887
12832
12907
13046
12937
12948
12776
13274
13029
12678
13108
13286
13224
13208
13411
13323
13281
13205
13436
13229
13312
13387
13304
13259
13344
13522
13367
13182
13387
13457
13463
13370
13479
13807
14021
14056
14044
13623
13815
13634
13513
13717
13693
13886
13813
13782
13691
13814
13816
13961
13864
13967
13780
13995
14354
14230
14607
15762
17950
20273
21326
20268
17662
16014
14954
15566
16724
18075
19270
19944
18850
17537
16233
15382
15215
15383
15345
15247
15077
14851
14777
14751
14768
14616
14755
15034
14962
14929
15868
17091
18149
18901
18011
16613
15682
15311
14869
14913
15269
15190
14932
15236
15110
15410
15285
15118
15424
15249
15170
15271
15353
15389
15398
15436
15271
15591
15683
15625
15423
16107
16262
16377
16584
16395
15764
15684
15930
15677
15660
15856
15766
16036
15695
15834
15735
15961
15864
15731
16090
16303
16747
17352
16902
16549
16272
16105
16173
16242
16149
16165
16328
16466
16279
16189
16460
16313
16315
16345
16300
16299
16177
16464
16207
16414
16481
16259
16527
16496
16605
16715
17398
17912
19311
20265
19876
18901
17694
16911
16723
16763
16833
16821
16692
16812
16891
17015
17003
17104
17028
17197
17083
16986
17194
17273
17162
17497
17439
17346
17448
17381
17190
17691
17589
18065
18426
18798
18456
18229
17605
17680
17476
17533
18038
17975
18613
19375
20231
20507
20714
20032
19466
18716
18504
18150
18193
18385
18617
19196
19662
19620
19030
18943
18654
18336
18540
18213
18669
18611
18696
18409
18849
18615
18649
18519
18773
18785
18867
19122
19025
18594
18430
18875
18923
18668
18888
18912
18848
19141
19025
19169
19057
19018
19791
21489
25168
28341
29706
28018
23980
21040
19835
19247
19198
19253
19124
19583
19661
19650
19496
19231
19331
19697
19476
19315
19307
19419
19622
19631
19467
19627
19581
20025
19684
19730
19844
20044
19935
20000
20051
20283
20608
20898
21096
20710
20883
20457
20162
20179
19968
20300
20408
20434
20120
20315
20300
20552
20370
20104
20479
20553
20461
20283
20285
20457
20587
20521
20594
20659
20713
20676
20794
20573
20343
20434
20557
20357
20878
20571
20815
20609
20635
20629
20474
20685
20868
20820
20773
21150
20969
21034
20850
20691
21025
21181
21049
20991
20966
20978
21347
21045
21448
21169
21299
21318
21345
21093
21248
21527
21669
21610
21793
21970
21716
21725
21862
21626
21811
22142
22271
22250
22108
22079
22065
22021
22134
21756
22056
22141
22033
22001
22218
22429
22376
22370
22254
22450
22655
22395
22217
22188
22341
22244
22407
22487
22606
22829
22794
22590
22585
22540
22791
22915
22831
22898
22660
23006
22945
22925
23129
23150
23149
23292
23092
22859
23307
23077
23415
23551
23850
25316
27266
28631
28452
27179
25169
24078
23681
23646
23765
23739
23677
23835
23628
23652
23813
23782
23930
23914
23912
23888
23853
23968
23687
24095
24086
23924
23882
23691
23731
23466
23646
24251
24028
23728
23819
23886
23770
23657
23482
23605
23508
23360
23404
23258
22886
22720
22570
22759
22811
22682
22327
22333
22227
22674
22321
22515
22255
21991
22345
22076
22089
22187
22211
22088
22151
22265
22013
21955
22044
21909
21816
21921
22148
21897
22144
21905
22074
22030
22238
22086
21796
22009
22236
22214
22193
22207
22530
23018
23602
25102
26356
26143
25472
24452
24048
23481
22817
22495
22346
22364
22487
22414
22365
22436
22251
22285
21789
22366
22347
22191
22267
22335
22326
22182
22419
22352
22597
22553
22526
22743
23125
23434
23428
23626
23172
22736
22680
22820
22566
22594
22787
22637
23101
23806
25561
29565
34298
37170
36208
31692
27123
24531
23358
23374
23314
23343
23461
23522
23283
23214
23511
24119
24376
24327
23687
23769
23530
23535
23558
23727
23744
24152
24072
24934
24946
24883
25208
24845
24400
24453
24417
24663
24686
24559
24824
24921
25038
24978
24958
25044
25095
25251
25421
25300
25275
25619
25884
25642
25667
25944
25922
26234
26159
25916
26166
26209
26141
26369
26279
26694
26608
26900
26808
26914
27310
27304
27724
28073
28643
28731
29330
32452
41497
57035
74128
81034
75039
61183
49416
42962
39247
35259
32438
30787
30222
30328
30434
30639
30773
30774
30974
31232
31545
31626
31526
31511
32118
32431
32388
32724
33063
33354
33293
33182
33890
33686
34338
34405
34396
34736
35135
35798
36463
37368
37300
38438
40026
45461
57681
83889
126718
178921
220045
229113
201002
151020
102449
69091
51783
44710
42271
41072
41747
41229
40876
41149
41444
41605
41817
42338
42656
42665
43230
42870
42794
42934
42785
42987
43245
43281
43591
43659
44023
44233
44527
44364
45189
44761
45087
44821
44603
44989
44873
44927
45261
45040
46000
45813
45853
45799
45853
45962
46022
46354
46433
46378
46622
46691
46899
46694
47079
47398
47351
47207
47262
47324
47790
47664
47706
47957
47763
49033
48172
48190
48402
47881
48516
48388
48439
48420
48748
48653
48793
48923
49350
49374
49613
49823
49602
49488
50133
52935
66182
107122
187213
291954
363488
351814
261132
154579
86331
58381
52227
51168
50989
50514
50005
50229
50467
50258
50251
50639
50657
50254
50645
50720
50707
50507
50778
50811
50898
50835
50904
51061
50816
51988
51168
51233
51277
51436
51667
51675
51468
51616
51939
52038
52183
51958
52310
52260
52245
52480
53052
52979
52388
52538
52707
52711
52666
52823
53193
53411
53140
53109
53246
54101
53587
53853
53887
54221
54170
53725
54053
54139
54245
54451
54530
54644
54888
54633
54859
54558
54962
54885
54927
55102
55103
55067
56043
56035
55404
55710
56263
56392
56370
56172
56455
56467
56945
56428
56481
57123
56446
56725
57250
57672
57085
57773
58213
59230
59789
61067
61610
60825
60091
58842
58941
58695
58688
58502
58462
58590
59584
59387
59900
59673
60617
60534
60486
60305
60385
60616
60122
60384
60668
60170
60926
60623
61222
61227
61497
61511
61510
61694
61856
62176
61953
62158
62585
62995
65569
73667
92424
124361
156264
170329
155712
122088
90886
72745
65949
64490
64556
64450
64490
64856
65040
64799
64958
65358
65139
65188
65456
65186
66455
65425
65651
66345
66152
66517
66617
66691
66983
67379
67116
67450
67450
67838
67791
68158
67875
68362
68543
68653
68602
69358
68791
69133
69774
69611
69619
69982
70225
70468
70050
70840
70887
71050
70805
71013
71014
72169
72605
73804
74285
74677
74940
74379
73429
73256
73043
73111
73312
73189
73659
73910
74216
74205
74579
74910
75217
75619
75128
75211
75553
75615
76131
76220
76585
76464
76344
77221
76980
76933
77565
77892
77743
78432
78365
78160
79125
78715
79528
79620
79479
79524
80163
80653
80508
80690
80952
80678
81430
81340
82017
81792
82083
82215
82664
82973
82521
82855
83566
83715
83811
83860
83805
83876
84510
84434
84845
85320
85008
85078
85130
85308
85620
85198
86072
86180
85907
86332
87662
88486
89396
88344
87691
86388
86376
86622
86617
86754
85124
84246
82763
81665
80139
78132
76567
74365
72387
70903
70133
71950
76338
82259
85614
84598
76889
69826
63881
61312
60383
60039
59946
59571
59228
58587
59400
59662
59535
59312
57893
57664
57209
56757
56189
56457
55475
55430
55101
55474
54777
54797
54869
54163
53969
53669
53828
53360
52623
52738
52718
52674
52214
52067
51939
51653
51638
51818
51573
51014
51424
50554
50683
49734
49846
49448
49808
48751
49255
48800
48013
48380
48516
47592
47525
47188
47046
46431
46556
46930
45795
45960
45792
45363
44907
45240
44831
44425
44170
43753
43629
43272
43097
42572
41938
42181
41553
41463
41207
40816
40835
40610
40161
39680
39781
39253
38779
38679
38546
38239
38087
37418
37139
36943
36580
36245
35972
35908
35831
35325
34826
34771
34198
34345
34138
34081
33427
33552
33225
32552
32303
31597
31710
31263
30777
30569
30105
30341
29747
29653
29144
29245
28806
28657
28735
27920
28166
27442
27220
26752
26577
26041
25731
25510
25443
24919
24725
24859
24465
23972
23837
23428
23400
23652
24807
26361
28000
28227
27115
24802
22118
21521
21212
20783
20507
20243
20125
19514
19312
19211
18685
18747
18483
17967
18016
17707
17647
17419
16879
16764
16601
16184
16368
16431
16383
16322
16229
16014
15280
15106
15084
14957
14613
14566
14445
14413
14903
15807
16872
18490
18385
17324
15939
14324
13623
13276
13155
13132
12810
13062
12932
12792
12596
12616
12587
12481
12446
12585
12368
12268
12155
12259
12171
11967
11990
11921
12007
12001
12028
12044
11828
11758
11817
11631
11664
11548
11742
11727
11520
11485
11573
11457
11815
12208
12262
12416
12185
11800
11631
11222
11341
11010
11199
11256
10896
10854
10956
11000
10756
10936
10857
10923
10834
10949
10821
10834
10584
10432
10285
10298
10248
10142
10262
10016
10111
10007
9946
9990
9812
9822
9912
9618
9952
9759
9712
9748
9766
9739
9727
9845
9753
9777
9695
9859
9769
9942
9813
9645
9942
9901
10070
10115
10448
11060
11349
11207
11229
11343
11288
11549
12592
16866
37815
125434
413943
1103140
2261058
3533155
4226500
3852513
2647225
1338418
488660
126352
25004
5369
2983
2622
2577
2519
2414
2417
2290
2385
2292
2218
2130
2253
2160
2069
2113
2037
2033
2059
2054
1996
2040
1910
2012
2053
2025
2036
2053
2037
1937
1978
1890
1791
1937
1985
2128
2382
2757
2972
3010
2637
2207
2093
1929
1988
2054
2071
2281
2309
2131
2013
1928
1813
1878
1826
1815
1987
2313
3083
4048
5467
6122
5841
4555
3396
2381
1976
1888
1922
2036
2030
2235
2520
3548
5424
8395
10920
11647
9641
6679
4062
2473
2015
1809
1718
1687
1750
1751
1678
1829
1893
1929
1993
1965
1759
1756
1676
1757
1815
1808
1906
1857
1862
1823
1606
1704
1717
1724
1671
1688
1703
1756
1921
2051
2227
2361
2313
2248
2137
1953
1853
1771
1713
1822
1760
1897
1983
2179
2363
2401
2310
2120
1936
1736
1838
1727
1722
1675
1693
1746
1701
1639
1694
1672
1713
1711
1667
1694
1732
1659
1762
1772
1657
1717
1678
1702
1664
1674
1666
1595
1747
1730
1701
1661
1757
1901
1938
1963
1981
1916
1849
1771
1635
1709
1680
1621
1628
1708
1652
1682
1659
1667
1749
1589
1691
1649
1575
1618
1567
1596
1580
1620
1542
1544
1568
1654
1623
1624
1588
1575
1541
1607
1558
1558
1598
1573
1632
1585
1566
1576
1611
1675
1757
1935
1919
1873
1764
1674
1641
1654
1634
1551
1622
1597
1556
1511
1598
1584
1553
1566
1484
1444
1486
1521
1562
1502
1525
1441
1500
1481
1405
1472
1494
1466
1470
1479
1485
1529
1455
1497
1539
1560
1490
1486
1519
1481
1541
1511
1535
1461
1418
1488
1433
1496
1426
1493
1561
1695
1737
1734
1639
1540
1473
1440
1436
1453
1502
1522
1513
1419
1542
1540
1506
1459
1430
1497
1459
1471
1435
1479
1429
1473
1456
1501
1426
1457
1448
1448
1535
1582
1757
1839
1941
1940
1749
1855
1984
2245
2771
3217
3404
3494
3403
3128
2773
2233
1886
1712
1615
1595
1565
1517
1533
1496
1509
1467
1532
1473
1489
1561
1431
1523
1451
1535
1554
1553
1539
1591
1581
1581
1596
1549
1537
1526
1543
1566
1463
1555
1615
1528
1621
1554
1554
1583
1526
1509
1453
1513
1634
1576
1659
1779
1771
1903
1653
1627
1571
1542
1600
1535
1538
1498
1550
1522
1508
1536
1614
1625
1543
1526
1555
1585
1742
1908
1989
2108
2033
1974
1797
1694
1659
1697
1724
1899
2190
2543
2570
2429
2174
1870
1748
1613
1615
1623
1843
2343
3739
7590
13579
20756
25345
24947
19759
12590
7400
4300
3021
2357
2040
1783
1724
1716
1712
1712
1600
1540
1627
1639
1622
1756
1723
1855
1856
1741
1732
1665
1683
1705
1667
1716
1641
1609
1652
1686
1639
1793
1736
1842
1835
1919
1925
1956
1737
1675
1803
1779
1841
1741
1730
1679
1680
1587
1627
1710
1701
1712
1707
1734
1759
1786
1905
1779
1834
1779
1781
1730
1845
1967
2077
2063
1895
1876
1779
1719
1781
1817
1943
2572
3298
4458
5276
5591
4842
3802
2756
2140
1897
1734
1765
1755
1760
1659
1731
1865
2497
3730
5717
7914
9406
8974
7026
4811
2994
2025
1799
1610
1698
1717
1643
1667
1643
1660
1658
1671
1633
1653
1627
1685
1687
1647
1664
1683
1685
1677
1727
1710
1670
1665
1683
1641
1695
1694
1707
1635
1770
1667
1704
1726
1685
1646
1656
1716
1662
1712
1924
2340
2898
3466
4004
4045
3492
2632
2106
1861
1745
1647
1682
1706
1622
1725
1736
1660
1740
1630
1817
1631
1621
1643
1627
1690
1609
1664
1702
1668
1714
1687
1723
1663
1700
1717
1675
1615
1735
1723
1676
1787
1781
2014
2452
3146
3497
3691
3285
2670
2265
1912
1811
1839
1841
1803
1828
1810
1735
1725
1716
1674
1783
1760
1709
1672
1706
1785
1738
1667
1798
1814
1749
1728
1759
1762
1784
1731
1820
1730
1795
1817
1729
1847
1782
1789
1782
1809
1753
1710
1771
1765
1843
1800
1807
1777
1837
1851
1780
1803
1828
1701
1751
1804
1802
1814
1853
1794
1784
1820
1792
1758
1756
1787
1805
1792
1815
1890
2038
2257
2662
2782
3055
3021
2526
2134
1952
1801
1793
1823
1760
1765
1811
1889
1845
1872
1843
1910
1871
1908
1825
1883
1915
1911
1856
1993
2109
2265
2324
2169
1982
1920
1983
2041
2187
2292
2270
2224
2075
1889
1770
1707
1686
1706
1650
1714
1751
1731
1785
1843
1838
1755
1728
1695
1722
1724
1642
1734
1872
1693
1700
1681
1833
1782
1813
1839
1857
1777
1745
1738
1730
1732
1715
1792
1751
1766
1729
1670
1761
1664
1720
1735
1699
1741
1785
1665
1813
1754
1709
1702
1678
1690
1733
1710
1746
1788
1676
1694
1758
1713
1734
1793
1796
1713
1742
1691
1591
1684
1652
1675
1639
1721
1756
1777
1848
1825
1868
1952
1906
1894
1846
1858
1737
1691
1601
1697
1719
1649
1628
1617
1613
1629
1682
1649
1643
1647
1592
1693
1548
1610
1533
1566
1579
1588
1506
1547
1611
1585
1639
1609
1595
1530
1511
1665
1939
2696
3944
5793
7409
8253
7305
5665
3653
2442
1869
1708
1856
2063
2702
3758
5274
6966
7979
7444
5798
3971
2728
1957
1730
1780
1707
1624
1636
1582
1530
1481
1512
1512
1530
1508
1485
1463
1505
1541
1474
1542
1516
1481
1423
1554
1560
1546
1521
1562
1614
1706
1535
1439
1477
1421
1483
1487
1515
1498
1498
1540
1546
1571
1556
1484
1434
1536
1427
1474
1418
1555
1442
1447
1451
1485
1381
1436
1445
1501
1571
1623
1614
1588
1570
1518
1572
1566
1671
1602
1599
1579
1576
1561
1598
1709
1686
1768
1786
1781
1569
1570
1462
1504
1463
1457
1476
1517
1513
1439
1457
1457
1455
1491
1379
1395
1456
1464
1461
1425
1476
1403
1436
1384
1434
1386
1300
1404
1429
1379
1355
1362
1396
1469
1416
1424
1348
1412
1374
1315
1380
1402
1537
1511
1685
1772
1796
1848
1651
1517
1491
1427
1380
1396
1398
1419
1379
1382
1430
1397
1367
1407
1413
1403
1360
1492
1406
1404
1370
1464
1381
1406
1424
1347
1350
1368
1391
1424
1439
1445
1386
1368
1420
1495
1497
1555
1576
1844
2229
2751
3265
3557
3728
3573
3327
3865
5478
8837
12890
16288
17089
14165
9659
5629
2975
1927
1487
1469
1462
1435
1485
1496
1503
1554
1490
1460
1482
1486
1553
1536
1446
1484
1508
1549
1524
1504
1478
1479
1432
1524
1520
1492
1491
1606
1663
1725
1808
1937
2033
2001
1929
1753
1640
1516
1529
1550
1530
1578
1538
1595
1518
1484
1529
1527
1480
1564
1497
1451
1577
1563
1571
1583
1595
1528
1546
1532
1503
1494
1553
1674
1816
2080
2702
3319
3811
3821
3547
2949
2328
2110
2174
2745
3531
4666
5680
6403
6199
5483
4308
3283
2468
1996
1853
1912
1985
1904
1933
2037
2488
3706
6036
9431
13120
15601
14740
11780
7642
4361
2600
1885
1699
1662
1754
1663
1603
1653
1653
1628
1624
1776
1695
1752
1741
1829
1909
1966
1937
1915
1851
1867
1798
1758
1680
1721
1685
1699
1709
1707
1727
1832
1688
1730
1691
1670
1784
1699
1750
1675
1747
1717
1833
1851
1840
1881
1748
1779
1727
1743
1819
1876
1862
1913
1982
1963
2021
2221
2569
2773
2931
3010
2844
2505
2129
2055
1946
1873
1778
1854
1880
1963
1911
1904
1741
1860
1804
1790
1756
1749
1746
1832
1776
1777
1818
1817
1763
1799
1829
1862
1867
1868
1913
1922
1965
1844
1849
1877
1929
1838
1919
1997
2123
2184
2182
2304
2220
2214
2026
1912
1902
1979
1884
1922
1979
1827
1890
1946
1901
1972
1895
1869
1907
1984
2000
2006
2148
2252
2322
2237
2204
2055
2032
1930
1921
1986
1941
2034
1957
1980
1898
1951
1989
2074
2140
2179
2253
2176
2260
2204
2115
2117
2066
2070
2080
2101
2074
2052
2082
2036
2121
2028
2016
2010
2048
2095
2026
2070
2127
2118
2144
2147
2117
2115
2261
2320
2783
3355
4483
6152
8079
9591
10271
9738
7983
6160
4561
3495
2883
2737
2700
2673
2641
2497
2379
2357
2304
2157
2268
2304
2241
2303
2247
2286
2281
2240
2280
2352
2411
2303
2317
2311
2394
2269
2573
2464
2387
2420
2494
2408
2291
2409
2401
2475
2481
2443
2455
2477
2416
2404
2376
2330
2424
2301
2392
2433
2475
2365
2464
2576
2506
2527
2554
2465
2478
2375
2454
2474
2388
2397
2347
2360
2504
2466
2328
2614
2482
2387
2503
2533
2488
2602
2463
2542
2429
2466
2446
2422
2518
2553
2505
2502
2484
2528
2424
2478
2579
2541
2524
2629
2854
2805
2903
2929
2790
2630
2490
2519
2423
2438
2511
2511
2484
2472
2472
2399
2479
2451
2472
2384
2471
2462
2418
2537
2407
2512
2562
2500
2537
2535
2532
2552
2536
2490
2566
2589
2701
2828
2973
3081
3160
3242
3216
2894
2810
2758
2667
2688
2560
2530
2598
2636
2500
2568
2609
2598
2594
2777
2820
2835
2757
2704
2608
2651
2511
2585
2483
2528
2496
2523
2645
2506
2598
2577
2575
2601
2573
2650
2564
2518
2480
2465
2485
2556
2582
2480
2584
2625
2945
3155
3422
3832
4054
4263
4182
3744
3123
2813
2501
2464
2426
2472
2453
2468
2467
2572
2451
2594
2568
2506
2502
2507
2504
2481
2524
2427
2450
2422
2440
2493
2409
2264
2412
2362
2483
2337
2402
2437
2345
2513
2476
2425
2358
2468
2421
2428
2389
2517
2622
2716
2929
3231
3249
3260
3273
2936
2899
2730
2709
2884
2777
2962
3211
3399
3340
3373
3155
2975
2682
2511
2408
2407
2493
2393
2452
2387
2450
2484
2503
2468
2469
2485
2316
2471
2471
2534
2553
2867
2951
3108
3199
3123
2850
2725
2652
2557
2479
2474
2496
2610
2605
2734
2572
2596
2667
2616
2500
2383
2394
2527
2364
2482
2447
2337
2291
2387
2392
2353
2445
2346
2329
2365
2383
2391
2586
2709
2914
3104
3286
3162
3028
2723
2569
2520
2272
2417
2377
2354
2320
2377
2386
2376
2388
2396
2352
2371
2337
2311
2392
2510
2409
2458
2484
2490
2448
2327
2418
2407
2490
2457
2497
2415
2410
2443
2354
2353
2395
2301
2347
2338
2278
2439
2386
2442
2505
2384
2363
2341
2386
2318
2334
2290
2367
2269
2256
2315
2256
2382
2375
2340
2383
2286
2303
2329
2278
2196
2202
2146
2166
2111
2059
2070
2097
2002
2010
2055
2102
2022
2008
2088
2089
1973
1930
1933
2001
2016
1958
2001
1950
1977
1943
1958
1981
1966
2071
2435
3177
4460
6510
9081
11137
11618
10388
7635
5211
3292
2445
2040
1942
1854
1955
1934
1902
1875
1930
1902
1885
1886
1869
1826
1915
2061
2032
2028
1966
1853
1952
2220
2501
3046
3486
3981
4033
3669
2999
2528
2172
2089
1955
1922
1874
1899
1877
1899
1846
1804
1808
1860
1949
1882
1896
1941
1956
1999
2026
2012
2009
2079
1991
1926
1928
1832
1806
1825
1854
1829
1830
1962
1846
1831
1813
1860
1829
1810
1755
1756
1766
1757
1848
1717
1782
1729
1827
1795
1775
1761
1798
1894
2092
2940
4725
8565
14118
20728
25842
27018
23495
16802
9810
5291
2994
2218
2268
2552
2698
2676
2534
2280
1995
1829
1789
1675
1617
1659
1609
1647
1576
1655
1595
1608
1558
1645
1604
1608
1583
1626
1599
1701
1640
1722
1725
1849
2188
2591
2798
2851
2715
2280
2037
1738
1547
1553
1481
1478
1555
1564
1551
1539
1563
1624
1509
1483
1569
1490
1559
1524
1490
1442
1461
1443
1396
1450
1445
1473
1433
1453
1454
1588
1618
1465
1487
1544
1802
2140
3008
4250
5927
7273
7763
7005
5603
3664
2551
1849
1603
1639
1628
1644
1649
1689
1628
1560
1551
1561
1422
1539
1546
1518
1480
1467
1453
1470
1428
1482
1465
1465
1390
1470
1442
1481
1495
1429
1477
1485
1511
1507
1669
1916
2212
2623
3108
3487
3627
3568
3116
2671
2126
1780
1657
1463
1467
1441
1445
1522
1437
1481
1394
1446
1519
1451
1390
1556
1577
1578
1681
1722
1685
1568
1502
1534
1472
1459
1343
1464
1401
1425
1350
1417
1446
1436
1405
1372
1450
1487
1447
1394
1464
1407
1482
1494
1456
1514
1559
1538
1631
1620
1578
1515
1510
1526
1477
1451
1552
1496
1590
1746
1762
1866
1828
1807
1698
1792
1922
2657
4575
8674
15036
24848
34599
40267
39275
31448
20542
11522
5804
3540
3121
3373
3563
3415
2790
2156
1783
1582
1409
1316
1368
1373
1423
1346
1345
1288
1389
1364
1330
1458
1370
1350
1380
1311
1406
1351
1458
1466
1421
1469
1469
1364
1381
1531
1649
1782
1895
1957
1908
1984
1878
1871
1803
1705
1536
1483
1481
1401
1393
1372
1343
1285
1304
1353
1402
1393
1394
1386
1425
1479
1364
1382
1392
1369
1330
1362
1324
1323
1412
1380
1361
1336
1372
1363
1376
1390
1419
1320
1341
1338
1355
1343
1379
1400
1394
1500
1534
1601
1794
2064
2415
3028
3483
3621
3480
3178
2509
2108
1821
1602
1553
1434
1427
1492
1366
1399
1362
1431
1329
1416
1390
1409
1405
1465
1363
1345
1421
1440
1403
1451
1388
1457
1430
1407
1422
1358
1424
1446
1393
1391
1381
1370
1430
1381
1370
1407
1419
1393
1372
1428
1423
1454
1477
1442
1392
1565
1711
1888
2129
2405
2557
2519
2131
1784
1694
1487
1469
1504
1423
1378
1402
1387
1455
1440
1406
1448
1361
1485
1500
1455
1496
1449
1471
1460
1425
1419
1433
1466
1407
1390
1499
1445
1393
1426
1498
1516
1443
1440
1384
1472
1452
1466
1532
1523
1579
1661
1857
1993
2101
2145
1981
1819
1710
1580
1462
1473
1501
1395
1485
1447
1422
1405
1466
1409
1404
1367
1425
1434
1361
1436
1462
1373
1397
1382
1446
1399
1416
1487
1630
1828
2382
3133
4044
5041
5393
4952
4138
3172
2443
2285
2378
2827
3157
3294
3092
2806
2269
1854
1567
1514
1511
1448
1475
1429
1514
1512
1572
1555
1581
1583
1599
1582
1585
1522
1516
1600
1834
2182
2907
3740
4521
4760
4536
3880
2888
2218
1881
1784
2012
2104
2388
2653
2835
2866
2830
2548
2148
1805
1728
1672
1636
1676
1644
1597
1556
1493
1482
1536
1389
1529
1518
1435
1529
1482
1555
1606
1719
1799
1749
1641
1614
1672
1732
1649
1542
1509
1498
1494
1445
1502
1426
1571
1591
1644
1615
1658
1611
1653
1633
1669
1728
1705
1701
1650
1623
1691
1575
1683
1733
1734
1739
1611
1581
1496
1451
1465
1502
1537
1472
1546
1508
1612
1711
1775
1897
1909
1895
1795
1670
1583
1590
1419
1569
1494
1477
1512
1516
1478
1494
1522
1493
1559
1521
1564
1526
1626
1609
1538
1564
1481
1562
1524
1646
1525
1543
1477
1510
1465
1535
1496
1555
1560
1585
1582
1723
1609
1550
1564
1522
1590
1544
1559
1536
1558
1618
1606
1620
1574
1584
1640
1661
1546
1625
1626
1591
1617
1565
1581
1524
1597
1583
1569
1539
1579
1559
1638
1567
1543
1597
1585
1626
1619
1633
1674
1752
1887
2426
3033
4006
5842
7856
10308
11892
12379
11517
9585
7104
4948
3417
2764
2279
2009
1872
1775
1806
1805
1851
1726
1703
1951
1793
1854
1866
1959
2162
2218
2394
2563
2659
2538
2272
2127
1884
1917
1871
1824
1854
1873
1916
1836
1873
1903
1799
1784
1705
1735
1683
1787
1832
1769
1754
1734
1775
1825
1742
1874
1769
1819
1812
1775
1828
1786
1783
1813
1796
1818
1724
1814
1844
1838
1769
1771
1791
1780
1874
1775
1780
1773
1827
1839
1865
1918
2007
1931
1890
1893
1855
1713
1849
1754
1797
1813
1885
1877
1762
1870
1884
1829
1813
1962
1928
2021
2001
2033
1984
1833
1881
1855
1844
1809
1783
1788
1775
1840
1829
1743
1778
1737
1840
1851
1800
1802
1817
1770
1814
1857
1831
1852
1895
1747
1772
1757
1836
1858
1761
1734
1824
1792
1889
1840
1861
1737
1779
1778
1721
1710
1814
1810
1840
1834
1814
1884
1785
1847
1837
1941
1839
1885
1871
1952
1986
1983
1997
2030
2025
2015
1982
1878
1775
1860
1828
1833
1845
1767
1855
1825
1834
1832
1811
1833
1831
1882
1855
2027
1928
1885
1994
2206
2711
3701
5141
7102
8816
9603
9284
7604
5566
3781
2646
2131
1876
1844
1796
1845
1880
1890
1910
1894
1816
1896
1977
2117
2221
2424
2496
2624
2711
2615
2362
2224
2112
1911
1817
1820
1849
1848
1860
1878
1875
1888
1895
1811
1861
1893
1821
1833
1929
1895
1858
1939
1930
1959
1933
1987
2039
2014
1954
2014
2037
1971
2012
2012
2163
2121
2432
2591
2946
3292
3453
3521
3285
3054
2613
2359
2204
2121
2050
2069
1888
2011
2017
1961
1911
1992
1916
2009
1947
1948
1941
1918
1957
1913
2044
1998
1880
2029
1990
1954
1873
1992
2044
1985
1971
1990
1951
2005
1977
2115
2046
1996
2054
2018
1981
2053
2089
2110
2117
2149
2162
2131
2230
2294
2280
2453
2475
2865
3211
3466
3870
4115
3787
3644
3209
2888
2586
2321
2201
2259
2048
2030
2060
2055
2027
2159
2142
2093
2146
2158
2122
2094
2116
2258
2178
2231
2169
2205
2349
2514
2786
3203
3870
4819
5822
6231
6056
5288
4212
3395
2851
2622
2525
2535
2655
2745
2907
3372
4148
5330
7308
8821
9782
9555
8181
6170
4361
3186
2616
2324
2224
2203
2164
2197
2195
2177
2257
2189
2167
2319
2515
2889
3299
3772
4267
4720
4657
4325
3797
3216
2806
2688
2476
2304
2236
2329
2196
2161
2244
2148
2158
2169
2080
2051
2083
2198
2183
2081
2157
2099
2096
2128
2106
2085
2123
2161
2127
2195
2220
2190
2145
2129
2228
2118
2126
2035
2129
2151
2020
2112
2103
2096
2071
2054
2162
2128
2101
2110
2108
2131
2023
2137
2161
2062
2118
2025
2073
2043
2119
2059
2046
2041
2115
2174
1936
2108
2038
2179
2104
2075
2145
2137
2120
2063
2131
2097
1991
2056
1999
2088
2061
2049
1923
2019
1994
1997
1923
1998
1997
2000
1992
1916
2030
1961
2073
2014
2042
1996
2072
2018
1973
1984
1990
2004
1936
1999
1970
1958
1987
1950
2036
1933
1976
1929
1895
1999
1892
1951
1868
2002
1945
1922
1899
1966
1829
1840
1945
1851
1903
1993
1851
1908
1928
2039
2038
2096
2165
2278
2425
2390
2191
2139
2053
1906
1945
1894
1791
1924
1829
1942
1929
2027
2003
2082
2326
2473
2676
2878
3046
3061
2840
2626
2364
2147
2006
1998
1918
1937
1959
1813
1875
1776
1840
1906
1863
1804
1904
1957
1902
1919
1929
1907
1913
1840
1806
1881
1795
1735
1809
1845
1844
1840
1826
1909
1763
1806
1975
1937
1985
2028
2240
2371
2439
2468
2504
2483
2526
2518
2664
2792
2697
2545
2489
2428
2488
2727
2760
3100
3117
2902
2716
2402
2278
2032
2093
1959
1931
1851
1935
2004
2044
2161
2295
2475
2652
2596
2329
2213
2093
1988
1902
1841
1823
1912
1895
1841
1872
1803
1923
1879
1841
1900
1915
1885
1863
1874
1838
1986
1873
1924
1881
1783
1870
1890
1895
1820
1854
1776
1862
1822
1831
1862
1872
1866
1941
1898
1887
1846
1858
1908
1770
1949
1796
1777
1924
1888
1992
1954
1900
1944
1900
1945
1908
1905
1956
1844
1938
1949
1830
1833
1864
1823
1880
1788
1907
1844
1917
1863
1786
1880
1849
1906
1905
1964
2211
2873
4245
7009
11631
18436
25882
32971
35568
32948
27070
18907
12297
7711
5138
3489
2663
2206
2023
1868
1954
1918
1814
1858
1818
1796
1888
1836
1844
1892
1842
1814
1871
1847
1909
1826
1842
1811
1875
1823
1954
1807
1793
1759
1878
1889
1959
2047
2075
2395
2787
2991
3182
3238
2938
2627
2388
2175
1990
1956
1915
1895
1982
1975
1943
1890
1866
1886
1950
1909
1918
1919
1954
1943
1925
1945
1921
1955
2019
2027
1919
1961
1999
1948
2002
2000
1966
2057
2075
1995
1908
1940
1858
1950
1931
1921
1905
1932
2011
2088
2176
2159
2113
2158
2146
1987
1977
1984
1950
1968
1934
1922
1909
1843
1919
1966
1907
1947
1898
1921
1919
1903
1959
2002
2002
2028
2009
1961
2103
2050
2042
1986
2022
1985
1935
1925
1895
1799
1832
1836
1915
1911
1854
1832
1822
1846
1884
1905
1818
1881
1799
1830
1767
1821
1873
1883
1818
1907
1884
1928
1900
1972
2036
1990
2323
2375
2694
2691
2995
3029
2869
2645
2510
2278
2028
1956
1794
1807
1843
1832
1855
1823
1790
1812
1742
1919
1796
1725
1770
1888
1840
1808
1848
1822
1744
1829
1833
1794
1772
1789
1841
1813
1811
1883
1761
1843
1752
1811
1800
1861
1821
1855
1837
1908
1992
2046
2345
2804
3400
3785
4243
4170
3980
3373
2782
2359
1980
1866
1811
1757
1859
1817
1824
1788
1813
1847
1778
1831
1789
1824
1801
1810
1816
1779
1778
1769
1796
1794
1732
1766
1842
1763
1897
1914
1815
1831
2026
2045
2380
2889
3715
4719
5586
6227
6314
5548
4648
3602
2768
2285
2031
1910
1975
1925
1788
1856
1983
1873
1770
1868
1859
1892
1817
1839
1883
1835
1907
1973
1893
1919
1943
1914
1936
1935
1951
1905
1976
1908
1952
1959
1998
1950
1988
1982
1962
1986
1939
1954
1951
2003
2080
2023
2167
2044
2094
2146
2157
2270
2534
2795
3550
4465
5613
6636
7181
6946
6300
5112
3977
3235
2741
2455
2289
2194
2216
2147
2225
2225
2120
2235
2112
2128
2131
2194
2250
2103
2201
2262
2399
2520
3042
3675
4678
6560
9308
12776
16804
20633
22644
22171
19719
15551
11311
7765
5535
4397
3823
3564
3471
3208
3070
2936
2766
2675
2674
2665
2564
2650
2655
2607
2548
2583
2581
2522
2568
2523
2649
2632
2777
2855
3123
3633
4401
5579
7285
9602
12301
14585
15966
16033
14838
12703
9955
7628
5751
4460
3815
3373
3068
3031
2903
3005
2934
2881
2997
2857
2797
2810
2860
2940
2788
2930
2866
2951
2821
2823
2855
2867
2892
2999
3135
2964
3001
3044
3055
2955
2882
2911
2962
2921
2914
2959
3065
2942
2960
2898
2938
3010
2951
2938
2865
2942
3033
2979
2996
3013
2993
2901
3022
2985
2924
3087
2938
3008
3077
3027
3089
3020
3069
3017
3088
3107
3059
3000
2943
3064
2993
3056
3007
2944
3079
3068
3043
3034
3007
2998
3008
3131
2926
3103
3017
3000
3009
3007
2969
3046
3062
3079
3080
2918
2959
3085
2948
3019
2966
2965
3026
3112
2918
3006
3038
3063
3092
3051
2973
3011
3046
2989
3000
3039
2946
2923
2993
3060
2984
2949
2978
2994
3016
2994
3007
2982
2950
2956
2988
3029
2953
2924
3025
2903
2986
2915
3038
2972
2970
2970
3038
3054
2982
3007
3028
3015
3145
3189
3273
3685
3947
4368
4848
5262
5578
5965
5992
5509
4811
4195
3574
3389
3011
2893
2894
2889
2943
2940
2975
3018
3037
3073
2975
3043
2978
2931
3036
3042
3007
3087
3020
2942
2993
2973
2982
2968
3024
3091
3004
3021
2974
3052
3021
3136
3175
3261
3474
3479
3798
3647
3567
3435
3406
3319
3098
3130
3102
3200
3242
3462
3871
4284
4951
5550
6138
6254
5901
5303
4631
3829
3501
3244
3167
3262
3102
3183
3068
3144
3130
3190
3215
3194
3260
3140
3156
3212
3127
3157
3211
3219
3263
3319
3263
3168
3127
3278
3121
3259
3217
3197
3204
3228
3194
3277
3263
3209
3207
3158
3169
3260
3285
3293
3218
3241
3270
3278
3229
3305
3458
3310
3450
3359
3359
3382
3335
3377
3379
3307
3430
3394
3293
3339
3422
3332
3381
3428
3399
3486
3388
3558
3444
3454
3400
3486
3385
3295
3423
3456
3455
3565
3434
3497
3445
3502
3417
3509
3497
3540
3365
3582
3574
3531
3560
3576
3802
4104
4372
5357
6395
8495
10610
13459
15849
17151
16799
15042
12197
9324
6994
5392
4231
3941
3786
3501
3550
3505
3506
3410
3534
3423
3493
3452
3448
3515
3442
3507
3427
3455
3492
3450
3524
3534
3515
3610
3517
3673
3849
4300
4929
5693
6960
8599
10034
10605
10823
9921
8575
7005
5612
4497
4011
3802
3488
3445
3370
3377
3386
3408
3349
3323
3328
3312
3347
3351
3325
3508
3444
3491
3410
3450
3493
3447
3436
3398
3668
3730
3596
3751
3736
3550
3400
3441
3481
3425
3389
3414
3307
3374
3288
3274
3286
3225
3139
3266
3194
3102
3178
3181
3109
3102
3106
3152
3079
3125
3063
3142
3149
3015
3216
3103
3143
3181
3103
3239
3301
3362
3308
3268
3357
3249
3205
3147
3031
3053
2991
2888
2916
2958
2997
2928
2927
2942
2927
2858
2863
2836
2843
2886
2800
2830
2803
2868
2806
2818
2798
2778
2800
2728
2715
2734
2785
2738
2758
2913
2975
3123
3368
4003
4509
4993
5218
4982
4670
4119
3525
3106
2770
2741
2655
2601
2576
2554
2531
2553
2459
2499
2484
2480
2558
2442
2428
2343
2447
2394
2397
2445
2458
2341
2422
2382
2336
2263
2225
2331
2397
2207
2218
2218
2204
2226
2260
2173
2218
2244
2231
2222
2292
2124
2207
2216
2175
2148
2150
2145
2166
2138
2167
2192
2182
2186
2154
2118
2180
2163
2175
2062
2095
2081
2118
2100
2001
2016
2005
2038
2104
1989
2003
2018
2071
1965
1986
2027
1961
2046
2000
2018
2097
2114
2130
2171
2245
2184
2209
2123
2187
2061
2042
2115
2057
1953
1959
1991
1970
1967
2025
2040
1950
1959
1993
2042
1972
1951
1979
1957
1912
1941
1969
1828
1923
1953
1899
1967
1934
1837
2024
1965
1965
1959
1978
1954
1931
1922
1947
1979
1914
1956
1939
1941
1965
2031
2084
1938
2003
1957
2036
2074
2175
2242
2142
2026
2029
2042
1949
1959
1983
1852
1958
1878
1888
1914
1886
1973
1903
1928
2064
1958
1989
2090
2097
2045
2137
2104
2063
2114
2161
2022
2111
2105
2077
2107
2361
2760
3766
5760
9508
15207
23588
33248
42279
48057
47339
40475
29901
19436
10855
5814
3360
2371
1963
1913
1898
1904
1857
1892
1885
1863
1903
1850
1895
1900
1878
1876
1917
1844
1917
1936
1873
1819
1935
1926
2189
2487
3373
4779
7314
11193
16410
22077
27868
31497
32320
29839
24595
18493
12657
8613
5640
3993
3064
2364
2047
1921
1758
1679
1646
1602
1709
1671
1644
1577
1623
1676
1716
1649
1596
1665
1662
1592
1607
1549
1596
1647
1469
1499
1542
1526
1519
1539
1521
1480
1522
1521
1490
1501
1498
1500
1580
1509
1486
1599
1556
1503
1451
1450
1450
1415
1433
1415
1483
1445
1462
1467
1467
1484
1420
1515
1537
1407
1451
1490
1454
1425
1442
1461
1418
1535
1456
1401
1316
1387
1403
1429
1387
1368
1393
1363
1389
1348
1377
1292
1361
1366
1336
1373
1405
1338
1370
1309
1257
1314
1299
1289
1270
1398
1234
1324
1210
1280
1318
1353
1349
1342
1267
1290
1278
1214
1228
1186
1169
1182
1180
1154
1155
1268
1181
1132
1165
1126
1114
1162
1150
1163
1098
1143
1087
1144
1097
1155
1125
1068
1091
1035
1090
1120
1063
1123
1092
982
1022
1022
1059
1099
1147
1308
1531
1773
2094
2305
2680
2539
2621
2145
1757
1393
1130
1105
985
962
907
937
924
923
911
987
892
875
859
883
915
928
927
945
951
903
844
853
823
831
826
793
852
734
835
828
812
819
783
778
753
779
759
763
753
750
777
757
711
731
782
752
784
735
810
771
750
832
855
875
846
865
777
752
717
704
672
697
744
708
676
705
640
734
716
639
681
690
686
671
667
705
674
681
690
648
691
644
696
721
719
691
673
713
685
744
666
664
683
719
682
732
672
658
638
672
644
642
732
719
628
682
664
682
645
647
703
665
655
714
673
650
684
631
635
647
697
719
655
663
688
730
723
788
822
786
855
886
798
804
788
719
684
657
686
667
645
664
726
701
698
694
682
649
685
760
667
736
746
708
702
753
793
1026
1291
2080
3530
5890
9607
14519
20254
25796
28815
28259
23901
17706
11070
6141
3036
1499
835
651
579
534
587
563
588
602
573
559
526
592
602
596
597
565
552
557
606
642
640
608
667
717
896
1208
1882
3065
4794
7453
10415
13472
15213
15344
13555
10627
6846
4127
2215
1177
725
614
563
541
490
573
556
567
555
573
539
572
578
584
532
557
542
596
611
627
636
790
965
1048
1265
1438
1449
1430
1454
1418
1468
1527
1569
1601
1473
1343
1173
931
759
740
668
600
625
636
611
635
610
616
597
591
607
575
557
600
592
590
620
603
566
578
647
591
601
601
606
594
590
639
576
620
597
605
601
581
675
593
611
540
586
558
577
567
582
597
607
608
601
576
644
562
609
614
591
579
581
567
607
604
573
599
593
627
580
549
588
567
532
540
550
595
560
511
606
531
572
586
537
564
536
579
589
583
579
552
590
558
526
551
577
579
535
568
567
547
540
546
585
578
574
578
555
542
555
560
536
563
541
591
555
551
537
543
535
521
515
564
565
595
538
538
583
574
579
561
610
644
767
803
792
850
852
747
705
671
627
569
588
600
532
550
517
548
512
505
543
563
563
547
503
572
545
512
548
546
544
608
645
794
837
921
919
915
901
766
717
637
591
537
552
559
521
541
579
559
572
509
492
536
550
545
583
568
556
522
533
522
530
516
582
559
531
534
543
553
498
546
534
580
557
557
545
523
545
577
536
536
552
617
581
555
564
589
561
607
577
588
581
551
618
614
556
635
608
597
574
578
568
620
646
603
578
607
614
642
665
658
756
777
855
883
873
836
809
707
657
661
633
654
632
601
668
617
598
647
634
618
653
674
643
652
633
614
651
681
698
611
628
617
687
724
640
676
629
662
676
646
707
717
681
723
763
739
728
779
806
741
795
826
909
972
1108
1226
1482
1834
2172
2643
3135
4197
5437
7077
8786
10223
11530
12191
11546
10193
8294
6192
4526
3087
2128
1541
1258
1028
1022
937
912
871
905
906
913
920
924
921
891
890
964
990
915
920
976
923
909
894
909
931
919
982
901
902
988
906
983
1050
971
1023
952
982
951
961
931
975
916
917
1003
970
957
953
916
957
925
974
946
969
940
954
1068
986
1036
1038
1071
1022
1031
1049
1018
946
937
927
953
959
973
969
1002
1024
1015
1013
950
956
948
973
984
990
933
950
964
979
964
980
1022
943
1030
962
961
975
952
963
985
963
963
975
939
951
935
971
1003
969
945
945
960
971
930
1002
953
989
987
919
883
932
930
1031
940
964
929
965
955
974
951
986
1000
972
1011
1012
975
959
946
937
920
866
974
1018
1041
972
1008
1024
1202
1197
1156
1175
1146
1089
989
1007
965
970
981
1080
1055
1076
1093
1171
1183
1134
1095
1009
953
979
968
936
918
932
972
909
930
904
951
913
891
914
945
935
946
968
969
909
940
939
916
908
938
976
948
920
910
938
925
927
934
998
959
939
949
929
958
947
955
901
940
979
918
927
962
916
875
939
957
956
948
942
870
952
919
960
932
928
944
979
952
969
912
944
1008
983
987
976
948
989
982
972
900
1007
992
987
1010
989
948
961
973
1003
981
1046
995
945
1007
986
1037
987
1030
1015
983
956
1003
951
953
951
983
974
952
1001
966
991
1013
963
1012
959
960
987
999
985
993
1076
1113
1180
1269
1303
1291
1236
1177
1144
1072
965
934
968
977
965
927
902
925
986
980
979
937
999
1030
925
939
958
956
1005
1015
1015
1036
970
933
937
989
938
1001
957
983
923
931
999
956
988
1010
1048
1037
1024
947
1060
996
1048
951
995
954
1000
1044
1028
1055
1033
1005
1021
1042
1001
979
954
1000
1034
1021
971
982
1002
1020
944
975
1036
991
977
972
995
962
1004
1027
966
980
932
958
930
966
956
991
924
976
953
895
864
835
841
792
886
829
893
880
902
857
888
845
859
851
880
855
932
949
935
1023
1318
1497
1742
2102
2354
2497
2440
2131
1769
1424
1138
926
962
904
937
981
1024
994
994
966
848
857
887
853
858
802
835
829
778
825
839
756
823
817
823
794
831
772
778
743
810
725
776
806
747
755
780
723
770
744
709
764
762
768
750
765
770
747
745
704
756
720
702
716
768
732
751
717
728
738
690
716
704
660
676
687
714
707
679
726
667
664
663
690
619
631
643
639
657
661
567
630
613
624
641
574
636
612
587
594
621
590
573
608
568
582
600
658
558
560
554
559
538
552
569
547
534
491
550
544
534
555
533
533
497
532
532
481
529
515
490
509
504
539
551
563
652
699
849
984
1066
1120
1121
1056
1022
888
721
615
590
529
459
453
438
450
416
384
432
413
450
477
467
442
428
431
444
397
402
389
364
399
409
411
443
401
376
385
407
380
373
380
359
325
315
393
370
367
363
358
333
344
334
357
344
357
344
346
349
336
361
372
374
361
351
364
365
362
396
369
334
347
356
368
387
426
381
340
329
400
362
317
361
370
320
363
360
368
369
352
324
326
342
315
341
334
325
322
332
355
342
337
353
360
345
382
441
467
569
726
850
1029
1247
1346
1350
1282
1137
926
758
610
485
462
391
370
374
342
340
400
354
368
383
378
316
396
366
357
344
346
361
346
326
369
389
351
393
335
356
340
369
344
375
368
375
362
368
383
342
357
370
402
456
517
611
780
937
1159
1521
1964
2525
3055
4088
5660
7837
10559
13443
16173
18313
18434
17536
15018
11591
8266
5254
3157
1697
881
531
362
294
324
298
315
287
276
263
285
290
288
309
266
296
310
283
286
289
284
262
292
322
336
321
309
311
385
351
372
433
429
471
394
368
354
330
315
318
327
331
310
303
317
306
295
307
283
315
334
310
324
306
323
308
286
288
300
284
312
288
295
301
275
285
285
312
326
308
317
377
401
389
405
369
377
352
332
310
266
306
311
323
314
321
332
299
282
268
322
301
278
290
302
288
293
273
300
293
297
308
294
295
303
300
308
261
325
307
321
288
298
313
326
313
334
288
320
311
299
298
315
343
325
366
399
379
375
332
363
338
361
348
335
339
353
333
337
360
355
313
337
320
315
307
344
290
303
327
342
353
385
414
451
511
626
697
678
656
602
553
470
385
356
314
348
309
321
325
301
324
324
351
368
351
298
317
329
320
365
322
340
349
291
318
340
333
322
311
321
339
332
337
337
356
346
312
313
339
313
326
321
336
323
304
305
311
340
325
331
334
345
325
333
307
316
317
323
319
280
311
305
314
323
342
309
314
345
322
315
332
304
317
301
329
327
311
335
313
333
305
320
338
313
314
322
306
341
323
357
336
329
348
302
270
332
343
318
325
316
313
361
302
350
332
335
364
332
343
347
330
315
305
338
304
322
302
337
299
296
289
320
284
322
300
320
342
288
327
337
319
317
310
321
337
331
339
305
322
332
308
283
353
341
361
350
336
336
331
349
340
318
330
365
345
331
321
353
300
338
339
341
311
301
324
334
357
332
310
363
336
322
344
329
303
351
356
307
321
344
345
292
331
350
358
372
326
335
331
347
347
364
281
310
357
323
338
346
336
310
328
347
318
355
387
370
403
392
448
469
410
382
362
371
358
336
334
353
379
338
355
381
343
347
322
356
354
354
348
354
377
369
380
404
381
398
413
377
350
354
380
353
371
422
395
415
445
518
519
522
583
548
520
501
496
411
433
400
346
348
320
346
334
345
308
354
331
341
334
349
366
350
324
350
339
348
300
369
355
365
357
354
351
370
369
331
347
348
338
337
352
360
321
349
330
328
368
348
369
331
335
325
329
304
341
329
345
323
365
402
397
358
366
383
399
389
352
384
416
487
497
530
527
512
472
443
362
359
356
324
327
336
302
334
352
326
297
358
342
333
349
318
315
354
359
359
369
372
350
357
335
378
360
354
373
369
401
472
539
651
884
1162
1396
1799
1915
2065
1911
1585
1233
943
734
680
721
706
710
862
885
888
800
711
607
505
443
398
425
452
388
435
419
464
404
442
476
473
452
474
519
467
533
469
470
482
439
467
413
492
492
464
503
482
498
466
458
457
474
487
450
462
428
461
474
435
485
418
482
436
446
432
478
435
470
457
484
451
477
460
481
484
471
469
469
499
570
530
581
563
543
566
525
530
502
501
473
511
544
543
564
529
571
512
538
521
538
519
535
478
517
503
508
521
489
501
604
555
602
687
931
1186
1668
2218
2797
3667
4515
5305
6144
6149
5925
5220
4333
3407
2327
1747
1199
913
772
706
587
560
629
627
595
585
596
560
586
657
631
632
553
592
627
562
578
580
559
615
544
574
562
652
598
591
577
583
609
584
664
606
652
641
594
572
671
666
654
650
594
619
632
626
642
635
613
645
617
614
678
596
666
617
552
623
620
618
601
636
643
618
657
620
623
607
638
629
633
633
596
629
656
631
629
593
658
593
616
612
688
634
651
668
613
626
646
647
688
693
698
746
716
742
705
747
687
661
631
683
670
665
652
611
660
617
651
659
649
642
654
711
646
643
695
678
653
626
630
631
711
600
633
644
643
700
650
601
608
661
638
643
643
650
670
630
666
696
663
648
679
679
659
628
676
664
685
650
675
654
694
611
667
623
649
604
606
691
636
639
682
644
622
658
638
651
618
634
617
655
652
615
638
655
622
627
693
663
663
637
666
634
653
667
654
636
609
618
667
611
618
661
682
671
649
698
685
734
660
703
676
662
632
670
638
708
653
679
634
660
631
651
667
680
669
619
668
653
646
660
699
624
687
665
660
648
683
663
648
635
675
653
674
695
706
676
680
709
696
725
706
643
728
661
627
707
696
662
648
673
672
660
638
686
711
662
641
687
689
664
731
654
687
678
699
631
665
627
692
692
679
659
694
690
695
691
684
637
710
685
656
680
640
677
683
649
634
700
736
713
711
693
690
734
672
674
704
740
692
684
699
670
720
688
660
727
698
727
704
663
642
720
701
708
716
703
663
687
686
729
667
699
700
717
684
733
684
672
692
658
697
720
675
706
704
693
678
730
641
705
705
695
671
665
704
736
623
707
707
648
686
661
664
679
648
636
648
623
669
692
668
605
622
588
682
628
669
631
621
684
638
604
647
603
583
658
654
604
622
639
606
652
637
626
588
596
583
622
608
612
609
596
574
591
570
614
598
606
618
568
569
585
618
583
556
589
554
592
560
592
590
591
562
569
571
607
578
599
614
596
602
586
581
563
538
567
542
589
604
596
548
582
533
558
557
563
529
584
551
554
526
587
576
538
557
559
560
560
566
569
641
689
735
760
811
855
857
807
750
698
634
598
568
570
573
532
527
535
603
606
616
616
684
750
749
849
839
815
743
712
625
553
539
517
524
538
506
497
507
500
474
538
527
540
511
531
512
518
597
525
523
540
531
582
525
554
541
548
530
539
511
532
529
494
501
497
487
515
542
522
506
494
505
496
499
489
492
503
501
537
538
538
588
631
644
664
718
810
947
1083
1250
1410
1635
1572
1607
1372
1159
974
781
659
543
516
523
502
510
483
525
522
518
543
517
547
513
566
531
532
554
526
601
587
526
490
559
581
611
730
885
1168
1565
2165
2943
4107
5590
7080
8285
9278
9655
9206
7623
6144
4431
3062
2026
1341
1006
832
700
671
693
627
633
627
605
640
639
636
661
646
637
659
645
608
614
646
641
650
674
669
646
679
668
667
695
665
631
695
714
695
718
698
698
698
734
721
700
688
664
729
661
680
637
630
654
675
632
661
651
636
665
636
694
620
641
693
677
689
722
703
653
684
634
672
670
692
657
694
705
696
668
639
665
682
709
686
695
741
697
752
740
743
747
698
695
749
727
721
808
855
917
958
1081
1132
1054
1052
1026
1038
1145
1295
1656
2176
2908
3895
5000
6099
7234
7695
8060
7578
6496
5339
4012
2763
1879
1284
935
733
688
635
597
611
660
568
646
630
605
674
597
600
656
604
673
603
636
607
637
674
595
634
633
624
622
584
595
601
640
588
645
629
639
655
594
653
640
642
596
613
608
600
603
647
640
623
619
604
666
651
705
652
601
659
643
643
617
657
615
602
638
607
612
664
611
591
623
598
649
609
629
613
660
581
651
645
660
649
683
607
604
647
639
618
624
623
614
641
680
619
656
633
634
634
593
599
632
617
594
623
640
637
613
645
638
615
640
615
666
614
647
646
673
675
696
656
654
611
649
645
637
625
644
618
619
648
682
655
634
635
678
668
632
651
632
646
633
687
657
660
715
666
675
673
634
682
631
634
663
650
592
616
654
644
694
666
673
648
603
654
676
649
679
634
646
642
655
645
624
619
630
652
641
634
677
643
635
632
603
581
656
592
649
661
655
619
641
664
642
585
643
621
633
608
655
668
598
621
640
675
650
633
613
622
610
617
640
652
581
624
568
638
628
597
656
613
656
656
643
670
623
625
599
660
641
635
674
654
629
666
642
684
635
654
579
636
581
592
621
581
599
587
524
553
573
537
556
527
568
534
588
592
567
580
536
528
569
542
596
528
568
552
556
583
563
567
525
587
534
543
546
540
529
551
557
526
540
590
556
574
519
499
507
518
540
510
523
542
575
545
572
541
516
516
535
493
531
537
527
515
540
504
527
487
528
521
479
470
486
449
503
474
503
446
484
533
513
500
493
483
461
477
513
449
472
474
438
478
423
478
470
430
515
500
473
447
457
423
481
459
401
469
441
424
466
446
425
441
435
406
416
397
431
399
357
393
439
428
421
389
429
361
398
386
381
378
381
350
374
352
382
389
344
365
377
370
395
374
320
365
312
334
360
352
386
328
326
349
336
316
356
332
302
353
306
303
318
311
303
285
329
329
297
311
288
274
273
294
311
256
313
289
266
272
276
269
256
250
268
286
256
253
249
245
253
241
268
256
256
235
251
243
239
227
260
224
246
222
209
218
232
225
204
214
206
207
218
237
219
271
282
302
385
437
526
538
567
533
517
413
329
278
243
219
200
200
185
190
231
250
242
244
295
354
402
485
476
519
443
476
292
273
229
195
185
192
159
167
145
186
159
153
170
157
148
136
165
171
156
148
176
168
152
176
170
133
158
166
172
174
169
147
176
165
145
165
155
138
187
163
165
160
165
152
147
162
181
144
131
159
155
159
160
180
216
261
326
406
530
718
903
1120
1277
1397
1482
1344
1128
913
635
397
315
220
149
141
153
149
136
135
139
133
148
122
140
135
146
137
154
161
164
161
137
143
144
164
200
232
361
522
850
1460
2173
3164
4565
6445
8107
9573
10577
11028
10088
8332
6135
3906
2440
1269
584
309
172
123
95
116
98
116
100
97
97
109
105
100
104
87
91
100
103
107
97
100
110
107
131
109
104
125
102
126
85
102
138
113
107
112
122
117
132
126
107
112
123
118
98
114
113
110
116
132
107
104
101
108
101
119
116
117
114
99
112
111
120
132
110
117
109
107
122
107
118
109
135
127
113
141
144
136
135
139
116
113
131
131
145
140
171
165
218
302
420
568
792
997
1347
1607
2052
2268
2420
2439
2263
1855
1535
1150
781
529
369
271
227
187
179
193
174
140
157
149
160
143
165
156
158
160
169
157
164
176
157
173
165
147
167
168
188
149
174
161
155
181
171
207
180
161
166
176
167
175
173
171
155
158
179
170
144
173
158
168
142
181
128
165
159
150
164
171
161
168
154
176
165
187
161
165
173
155
155
177
179
192
181
186
156
186
141
163
180
168
164
186
172
172
158
171
173
187
175
162
147
151
148
156
169
167
155
173
169
170
143
159
170
188
177
165
184
147
168
149
171
155
167
182
175
178
175
151
163
161
159
161
174
164
184
165
177
169
150
171
163
159
145
169
164
152
130
180
160
160
160
162
150
184
163
146
160
154
169
158
153
149
183
168
177
162
171
170
168
190
168
176
154
169
165
162
171
170
138
183
176
150
165
163
175
172
165
155
147
175
152
145
164
147
172
172
174
184
182
168
158
174
163
156
133
158
170
150
139
152
182
175
164
175
147
184
169
161
170
165
178
129
162
165
149
151
176
149
161
210
161
193
171
182
168
169
179
171
164
171
171
149
158
160
160
172
190
168
173
175
174
170
172
188
156
173
179
159
168
150
172
136
201
178
140
160
184
144
152
170
164
155
193
187
183
173
167
156
149
156
163
148
152
174
161
142
149
169
176
181
159
179
147
168
164
144
158
170
188
150
147
174
165
161
180
158
148
155
153
174
170
162
160
165
203
165
183
168
186
208
162
189
191
159
207
173
184
173
159
163
172
185
183
163
168
146
177
165
167
173
164
182
174
151
183
197
166
170
152
167
162
148
191
151
147
172
190
167
162
169
176
174
203
184
206
218
170
224
197
196
165
200
171
159
155
145
153
156
146
180
146
159
155
152
143
158
151
144
158
161
144
158
162
162
157
154
131
133
151
152
141
131
168
165
166
135
150
131
131
152
156
140
160
137
132
141
132
152
147
135
147
127
148
138
137
156
133
147
152
133
144
141
135
147
156
162
156
145
151
132
135
142
152
119
155
142
138
152
131
140
155
137
147
165
161
163
180
165
190
198
219
256
262
294
307
266
236
230
210
172
149
134
150
144
130
139
134
126
121
118
140
145
113
151
118
109
141
126
132
112
125
115
127
120
121
125
132
120
104
127
118
118
123
135
116
115
108
121
122
122
119
108
117
116
124
120
108
114
93
102
106
115
96
122
91
115
111
116
114
118
102
138
105
104
108
115
110
115
100
91
102
124
98
94
96
112
106
92
103
97
99
93
104
87
89
108
100
71
96
95
85
80
86
95
94
78
76
90
98
83
85
95
91
76
72
92
81
86
72
91
73
85
90
73
91
81
72
71
75
83
72
72
83
81
82
79
64
82
85
69
89
74
70
92
90
67
67
70
87
79
52
62
85
70
70
64
76
60
75
74
71
105
77
60
66
59
71
64
61
68
70
67
76
90
75
52
85
74
67
78
65
76
80
80
74
82
80
76
68
82
81
71
82
74
76
56
79
83
83
75
84
75
71
72
74
68
70
72
68
73
73
69
67
80
76
72
83
76
78
66
80
73
74
66
60
75
77
54
64
71
84
73
71
82
53
66
67
74
69
72
63
91
67
68
69
80
104
101
126
178
284
361
560
766
1100
1364
1748
2215
2486
2624
2551
2302
1900
1493
1043
700
426
228
158
95
86
67
75
53
57
61
61
64
58
53
62
57
74
57
52
67
56
62
65
54
68
56
61
67
52
57
55
54
64
73
55
68
74
61
49
59
67
62
53
71
62
62
51
61
50
57
58
65
59
62
63
54
64
49
62
66
54
64
53
57
55
69
57
69
62
65
72
57
65
51
56
67
67
67
64
65
58
73
73
78
78
70
61
71
68
63
76
57
65
68
59
53
69
54
63
58
61
70
53
58
72
57
77
67
61
57
78
60
56
68
65
61
47
64
60
53
83
68
65
40
58
70
67
70
73
69
66
49
67
64
63
62
61
68
61
74
62
62
58
57
62
53
53
70
70
63
85
62
65
63
68
62
66
60
74
73
81
89
73
53
52
74
63
52
64
66
74
62
66
70
52
64
69
52
57
63
85
64
55
65
57
61
78
69
70
42
68
67
53
63
80
61
71
75
51
56
69
48
66
74
66
56
65
71
75
72
62
64
66
75
70
63
75
60
80
80
78
65
69
71
88
70
62
65
73
67
65
69
65
72
68
62
56
65
64
69
56
61
66
68
53
62
81
68
66
82
53
67
64
55
62
62
63
56
77
63
62
65
48
54
65
72
61
63
65
67
54
53
62
57
60
85
65
69
50
63
68
62
67
62
51
52
79
53
58
50
63
78
62
66
59
64
66
69
64
66
69
67
74
67
92
108
112
138
180
173
182
179
170
128
121
119
84
75
65
71
67
75
74
61
66
70
58
60
77
72
59
72
69
69
75
65
62
53
55
62
72
50
57
57
59
61
60
67
69
86
87
83
85
95
90
96
114
103
111
94
100
86
69
63
72
61
62
65
74
59
62
57
62
70
64
65
58
67
58
64
78
69
72
68
55
64
64
55
86
58
68
74
66
71
79
73
80
68
62
61
66
76
59
68
65
62
71
80
71
79
70
69
62
72
82
68
63
66
62
73
57
53
71
74
61
64
80
80
56
78
86
82
87
77
72
70
64
81
72
78
76
80
81
118
114
154
177
255
348
411
526
664
756
858
904
910
820
686
576
447
338
294
186
156
117
105
87
88
88
93
85
66
89
88
93
92
99
95
87
103
94
113
88
89
76
83
103
82
110
85
82
79
86
95
109
84
89
107
94
81
86
89
95
95
81
85
84
90
82
75
84
88
90
91
89
88
75
92
95
95
67
72
98
102
73
109
101
96
80
104
71
93
84
96
92
105
93
102
96
99
83
100
88
101
90
98
99
106
89
86
105
103
98
109
101
106
95
97
94
97
87
83
98
93
84
88
89
74
104
99
106
87
101
92
118
111
86
89
83
80
91
93
79
92
112
85
105
92
75
101
116
85
102
98
93
73
93
98
71
82
80
88
91
87
98
97
99
87
99
78
106
98
87
97
78
97
77
76
89
89
87
83
88
73
82
78
98
91
74
98
103
96
92
96
74
80
70
87
75
84
86
78
81
93
85
93
97
94
80
106
88
88
91
92
108
83
87
109
111
98
105
109
102
118
102
113
96
105
107
113
96
96
105
87
79
78
93
107
76
83
87
73
97
93
77
83
87
95
111
77
86
101
93
80
91
101
95
84
96
91
82
91
89
77
85
88
103
104
81
86
94
90
77
94
92
91
90
96
88
77
91
92
66
80
70
101
99
80
67
85
68
91
93
101
96
84
90
83
92
86
89
87
85
88
102
94
102
89
89
73
90
96
88
93
82
75
103
90
85
74
85
88
90
98
99
80
81
89
80
96
101
84
74
72
92
79
93
94
90
86
94
80
89
74
86
87
75
77
77
94
87
102
81
92
86
106
80
91
107
86
111
92
102
94
106
83
100
79
87
85
83
85
84
81
74
93
78
115
95
102
108
105
109
100
78
102
91
84
92
71
88
84
82
82
94
81
98
82
77
86
83
90
83
71
79
95
78
87
86
85
95
93
95
84
73
100
77
93
83
89
95
86
70
82
80
62
78
90
76
91
60
69
87
79
83
84
87
88
61
85
71
70
77
89
81
71
83
87
82
71
97
86
68
72
88
91
84
72
82
93
80
85
77
78
80
84
81
79
67
73
77
68
75
96
90
70
79
61
80
92
78
91
80
81
72
65
83
62
68
78
58
62
79
87
71
77
71
59
83
67
71
86
71
71
65
68
66
63
59
76
57
58
94
55
85
60
85
74
72
72
77
80
57
69
75
72
74
71
67
70
73
83
55
74
73
67
56
84
60
66
86
61
70
75
63
68
54
75
57
51
61
67
72
49
66
60
55
59
51
68
61
71
68
57
59
64
64
59
59
56
65
47
67
58
62
63
56
67
68
70
77
86
95
110
123
139
162
173
152
135
146
101
98
92
69
79
63
52
47
55
60
54
47
68
62
55
45
49
60
46
58
67
51
59
51
39
56
48
63
42
48
76
50
53
52
54
62
43
45
38
46
47
61
48
67
53
62
45
49
65
46
55
45
36
51
71
45
50
53
46
55
51
48
66
46
34
56
51
50
43
52
62
51
49
61
56
44
46
49
57
50
58
53
55
55
55
47
55
55
64
59
53
54
44
51
46
44
50
39
69
55
69
52
59
45
43
56
52
50
48
48
48
52
57
54
47
52
46
55
57
51
51
61
55
44
67
51
65
51
58
83
103
139
172
235
318
419
562
645
817
770
859
818
746
629
469
364
287
178
134
76
78
62
66
45
33
49
36
45
34
49
52
49
37
30
61
48
42
39
44
48
38
52
54
46
52
59
47
52
56
41
47
30
50
71
44
49
35
49
54
45
54
42
55
59
46
35
51
51
43
46
44
56
49
44
41
45
42
47
68
43
49
60
47
45
45
34
45
44
40
45
39
43
55
55
59
46
40
49
47
35
48
57
45
47
67
49
53
53
46
56
48
54
52
51
41
50
60
38
38
53
47
59
40
52
41
41
49
53
35
69
49
53
42
50
53
55
54
36
55
45
69
58
75
65
70
77
73
79
88
75
67
60
66
62
58
48
39
53
60
33
46
53
51
40
42
47
40
42
50
51
46
44
44
40
51
46
47
44
38
52
52
53
65
49
54
60
61
50
52
54
53
60
34
52
35
54
39
46
55
51
47
63
58
48
44
43
52
58
62
50
67
65
72
62
79
86
71
82
83
74
82
69
67
64
62
59
56
57
36
63
47
39
56
45
51
68
43
53
58
51
52
38
60
56
57
62
51
50
57
46
51
59
55
44
48
54
72
61
60
59
48
56
48
48
50
39
51
67
47
53
66
42
38
43
45
54
56
64
47
53
47
67
59
61
61
48
47
53
56
56
54
52
46
38
55
50
53
59
58
52
55
41
66
55
49
71
48
59
48
56
64
57
65
59
56
57
51
56
61
56
43
56
47
52
62
59
49
59
43
48
61
68
59
57
41
53
65
41
53
56
49
53
54
60
35
56
49
59
44
53
55
58
55
42
62
34
61
53
62
44
49
51
60
54
45
47
54
60
61
56
67
80
85
98
92
111
114
122
118
97
115
79
93
81
70
59
64
59
51
64
62
59
55
67
56
62
47
48
53
64
55
52
51
54
52
51
61
55
61
63
62
60
70
58
56
52
63
61
61
61
50
49
52
58
63
61
52
50
64
53
53
52
60
56
67
63
50
60
51
51
54
59
50
56
60
55
64
48
59
54
55
69
68
60
55
57
56
57
57
50
59
53
49
53
56
66
41
72
51
56
61
44
53
43
52
52
57
81
64
61
72
57
50
61
63
38
72
68
52
62
58
57
57
60
67
65
64
61
57
53
72
58
63
59
54
65
63
59
48
70
53
62
58
73
66
57
68
76
70
71
62
60
73
63
62
53
72
62
60
79
69
57
74
58
71
54
67
66
53
57
49
60
56
49
67
68
68
65
80
71
70
69
64
71
57
72
52
53
68
68
60
54
61
59
61
74
59
77
66
69
71
81
93
84
95
82
79
80
73
75
86
78
64
66
65
77
53
69
72
64
57
63
69
65
74
71
50
76
66
54
73
65
70
70
65
84
68
66
68
64
75
42
66
72
68
64
75
72
67
61
72
66
40
72
65
64
55
56
59
64
79
63
70
66
75
78
79
64
76
62
72
58
73
66
76
60
55
65
55
67
71
74
61
55
74
58
62
72
64
58
72
64
68
65
76
67
77
68
67
67
70
54
74
62
63
71
77
57
70
64
57
70
78
63
67
71
48
66
67
60
68
57
64
85
81
74
78
83
69
71
58
53
81
78
74
64
70
74
73
77
81
74
80
68
63
62
62
79
76
75
69
79
72
75
66
64
60
75
64
64
68
69
62
68
70
64
81
80
73
66
77
67
68
84
65
72
76
92
78
80
74
75
90
84
57
75
81
67
82
73
77
72
85
75
72
68
82
61
68
87
76
81
73
78
69
58
71
81
86
64
79
82
57
67
71
75
81
70
80
59
72
80
72
69
76
93
78
84
85
77
60
67
68
75
87
70
72
94
72
45
62
72
72
73
82
72
81
86
78
78
85
81
75
89
81
77
72
87
71
75
76
73
70
82
85
90
96
80
86
82
72
74
76
79
75
85
63
77
78
90
79
91
82
71
78
87
93
84
85
98
102
115
112
101
95
118
92
106
111
92
92
65
89
86
84
77
51
81
77
87
67
72
77
77
75
91
73
69
80
82
84
102
87
87
89
86
96
72
74
87
89
72
79
68
87
68
87
87
99
67
101
74
70
84
91
88
70
85
103
97
91
92
122
107
139
171
205
280
323
416
534
655
857
977
1070
1161
1100
975
811
629
501
276
235
167
154
172
164
126
144
143
133
141
132
162
145
134
142
147
124
147
130
163
140
154
153
128
150
140
145
171
138
148
147
158
128
146
143
154
129
142
146
144
131
140
163
143
174
151
166
137
135
135
130
152
172
137
162
182
158
175
144
157
137
137
163
146
157
165
150
145
144
163
150
157
165
149
137
130
154
151
143
145
137
152
167
166
159
131
164
143
119
152
149
172
132
161
156
156
175
165
144
178
151
162
154
158
161
161
163
172
169
139
160
147
156
151
149
167
158
144
175
138
139
147
160
152
157
154
132
154
151
171
168
158
149
143
143
156
142
156
146
160
188
161
166
155
141
185
199
174
175
186
205
210
215
228
200
193
165
176
168
172
154
157
146
157
147
134
138
172
154
173
150
153
151
128
174
158
163
146
155
179
161
159
164
170
160
196
186
157
152
161
162
145
138
148
160
153
184
148
167
174
141
146
167
183
156
173
162
148
173
163
148
194
172
165
185
149
154
197
156
158
176
173
172
161
182
173
172
165
180
185
181
183
180
184
183
198
210
177
179
191
182
208
176
177
179
191
195
169
191
186
170
182
173
191
193
186
177
190
157
195
203
163
180
178
186
174
193
186
190
152
190
174
175
179
192
177
184
170
162
171
182
164
170
193
198
181
220
176
189
162
192
165
206
199
169
200
173
194
171
220
200
190
184
170
161
177
200
161
184
202
184
192
157
179
172
196
179
176
176
169
202
181
177
201
153
217
158
184
177
201
181
176
185
200
198
174
183
199
195
178
217
197
182
202
176
194
201
229
203
213
216
233
223
215
203
189
211
194
203
199
168
198
183
208
200
207
207
208
178
184
191
200
187
186
194
210
204
206
218
202
190
205
205
175
227
192
187
191
214
201
191
185
204
189
187
178
185
198
213
194
208
211
192
218
200
219
206
204
242
212
215
219
194
196
218
201
190
191
215
198
222
223
215
190
211
205
198
238
217
231
178
222
235
239
208
215
231
203
211
214
221
208
211
220
197
200
211
204
202
166
202
209
204
198
226
209
219
183
212
208
189
206
199
200
200
234
207
192
223
204
187
205
205
198
175
205
190
234
216
191
187
172
191
187
156
169
209
228
163
208
204
209
197
188
208
205
170
175
185
201
177
200
172
192
190
191
197
207
180
185
181
195
168
184
196
174
163
181
182
201
182
192
179
169
174
190
218
190
212
204
200
180
166
170
175
176
186
166
175
196
183
178
175
179
183
187
179
173
192
130
176
184
188
172
192
178
157
174
188
164
182
178
168
156
140
179
155
178
168
181
161
171
179
157
134
183
152
172
171
169
167
157
169
177
165
161
170
169
156
152
165
159
185
177
188
177
163
185
149
157
189
184
174
176
165
186
169
180
193
160
182
158
176
159
194
181
183
207
196
201
195
198
172
188
174
195
186
186
183
186
190
187
182
200
179
179
186
185
197
191
187
186
175
202
207
198
197
195
199
204
222
178
187
212
243
180
230
188
206
201
218
185
211
195
198
229
213
207
196
214
209
233
229
230
228
218
217
220
198
198
232
238
240
242
239
204
237
254
239
211
222
241
230
236
235
294
374
411
505
680
800
1102
1461
1870
2515
3091
3786
4569
5154
5754
6068
6063
5416
4629
3650
2772
1896
1287
914
631
448
404
389
342
389
348
353
335
341
352
326
341
323
322
342
334
324
378
331
350
344
351
323
349
375
320
325
343
318
344
337
323
332
341
359
345
370
347
343
353
344
352
318
314
347
316
323
350
319
310
321
321
378
343
338
353
348
349
353
310
356
349
326
326
362
320
338
342
367
306
352
339
347
348
347
335
332
348
312
332
356
331
356
351
370
290
364
341
349
358
323
327
351
338
402
351
338
359
338
343
324
321
327
336
349
344
331
314
333
374
341
302
330
319
319
322
338
316
335
381
355
314
295
313
315
331
311
319
316
318
309
326
330
302
312
325
305
291
326
300
341
309
341
305
326
319
321
278
303
274
295
314
331
323
301
303
298
308
296
325
297
295
309
324
300
304
270
316
331
302
279
318
311
293
319
326
295
326
317
296
326
293
351
279
286
299
302
306
349
324
308
271
320
278
285
301
281
292
312
323
277
296
301
282
261
300
302
290
291
338
294
283
289
287
303
338
324
294
304
252
308
320
317
290
292
287
315
312
318
306
302
306
344
320
298
348
314
344
327
355
328
294
312
334
333
291
296
361
310
323
302
289
327
304
325
266
316
310
321
320
296
296
312
286
296
288
301
320
291
304
293
312
296
280
290
289
281
320
314
326
304
311
296
285
343
296
291
297
287
274
305
296
282
296
283
305
306
295
290
265
294
287
289
291
287
291
324
326
307
271
274
308
295
254
267
279
303
297
324
272
262
323
321
283
275
322
308
289
302
296
261
299
290
301
293
313
292
319
307
297
270
284
302
277
267
275
314
292
270
304
286
286
310
284
278
268
258
281
279
276
247
280
277
262
228
250
281
239
263
271
264
252
266
223
242
244
256
251
249
270
220
257
232
263
255
243
255
245
252
239
245
248
273
234
254
242
242
253
250
244
245
257
238
232
214
248
238
264
268
230
251
224
231
247
241
254
245
257
224
195
257
247
232
279
225
227
223
218
215
236
233
233
241
213
223
223
207
222
240
213
250
241
233
221
252
233
214
211
207
235
228
214
204
249
222
233
206
211
192
247
210
206
184
188
219
209
210
182
199
189
189
201
188
192
175
175
197
160
187
184
160
173
164
157
158
163
169
155
136
163
181
170
179
140
153
156
160
166
155
158
145
148
145
152
138
136
120
138
132
127
140
128
113
150
105
121
137
129
107
136
120
106
114
126
124
130
126
107
97
102
131
106
102
116
111
78
98
109
98
86
93
87
92
108
84
92
90
76
94
93
85
75
81
63
81
62
76
73
56
50
66
54
61
62
59
63
51
72
50
64
51
53
49
63
49
50
53
70
51
55
52
48
45
54
51
47
47
43
36
42
42
31
40
46
51
42
44
45
34
53
49
42
43
38
32
41
51
39
38
32
37
35
40
49
31
40
36
52
47
28
30
41
41
40
39
34
27
35
28
32
41
34
46
45
31
28
29
31
38
40
37
37
35
46
33
32
43
29
39
31
40
50
34
28
20
43
32
38
38
33
34
32
41
39
32
27
28
42
29
28
32
27
26
26
35
33
42
27
36
36
24
30
39
38
23
35
29
39
40
43
50
53
64
114
167
266
376
567
838
1174
1515
2030
2667
3223
3795
4484
4777
4815
4514
4003
3288
2568
1784
1078
617
358
179
81
25
14
6
5
3
0
2
1
1
3
3
0
1
0
1
0
1
1
0
1
0
3
0
0
3
2
2
1
2
3
0
1
0
0
0
0
3
1
0
1
0
1
0
2
0
1
0
0
0
1
2
0
1
0
1
0
0
1
0
0
0
0
0
1
0
0
1
0
1
1
0
1
0
0
0
0
1
0
0
0
2
1
0
0
0
0
2
0
0
0
0
0
0
1
0
0
0
0
0
1
1
0
2
0
0
0
0
0
0
0
0
0
0
1
1
0
2
0
1
0
0
0
0
0
0
0
1
0
0
0
0
1
1
0
1
1
0
1
0
1
0
1
0
0
0
1
0
0
1
1
0
0
1
1
0
0
0
1
3
1
1
1
0
0
0
0
0
1
0
1
0
0
0
1
0
0
1
1
1
0
0
0
0
0
0
0
1
0
0
0
1
0
0
0
1
0
0
1
0
0
0
0
1
0
0
0
1
1
0
1
0
1
0
0
1
0
0
0
0
0
0
0
0
0
0
0
1
0
0
1
1
0
1
0
1
0
0
0
0
1
0
1
0
1
1
0
1
0
0
0
0
0
0
0
0
0
0
1
0
0
2
1
0
0
0
2
0
1
0
0
0
1
0
2
0
0
0
0
0
0
0
0
1
0
1
1
1
0
0
0
0
0
0
0
0
1
0
1
0
0
0
0
0
0
1
0
1
0
1
0
0
0
0
1
1
0
2
0
0
0
2
0
0
1
2
0
0
0
0
0
1
0
0
1
0
0
0
0
0
2
1
1
0
1
2
1
0
0
0
0
1
1
0
0
0
0
0
0
0
0
0
0
2
1
0
1
1
0
0
1
1
0
1
0
1
2
1
1
0
1
1
0
0
1
1
0
1
0
0
1
0
0
0
0
0
1
0
0
0
0
0
0
0
0
0
1
0
0
0
0
0
0
0
0
0
0
0
0
0
1
0
1
0
1
0
0
1
1
1
0
1
1
0
0
0
0
0
0
1
1
0
1
0
0
0
1
0
1
0
0
0
1
0
1
1
0
0
0
1
0
0
0
0
0
1
2
0
0
2
1
1
2
0
0
1
0
0
0
0
0
0
1
0
1
1
1
0
2
0
1
0
0
0
0
0
0
0
0
1
1
0
0
2
0
1
0
0
0
0
1
0
0
0
0
0
1
0
0
0
0
0
0
0
0
0
1
2
0
2
0
1
0
0
1
0
0
0
0
0
0
0
0
0
0
0
0
1
0
0
0
0
1
2
0
0
0
2
0
0
0
0
0
0
0
0
0
0
0
0
0
0
0
0
0
0
0
0
0
0
0
1
0
1
0
0
0
0
0
0
1
1
0
0
0
2
0
0
0
0
0
0
1
0
1
1
0
0
0
0
0
0
0
0
0
0
1
0
0
1
0
1
0
0
1
0
0
0
0
1
0
1
1
0
0
0
1
0
2
1
0
0
1
0
1
0
0
0
0
0
0
1
0
0
0
2
1
2
0
0
1
0
1
0
0
1
0
1
1
0
1
0
0
1
0
0
0
1
1
0
1
0
0
0
0
1
1
0
0
1
1
0
1
0
2
1
0
1
0
1
0
1
0
1
2
0
0
0
0
0
0
0
0
0
1
0
0
0
0
1
0
0
0
0
1
0
0
0
0
0
0
1
0
1
0
0
0
1
1
1
0
0
0
0
0
0
0
1
0
0
0
0
2
0
0
3
1
2
1
0
0
0
1
1
1
0
0
0
0
0
0
0
0
0
0
0
1
0
1
0
1
0
0
0
2
0
0
1
0
1
0
1
1
0
2
0
0
0
0
0
0
0
0
1
0
0
0
0
0
0
0
0
0
0
0
0
0
1
0
1
0
0
0
0
0
0
0
0
1
0
0
1
0
0
0
1
0
1
0
0
0
1
0
2
0
1
1
0
0
0
0
1
1
1
0
0
0
1
0
0
0
0
1
0
0
0
0
0
0
0
0
0
1
0
0
0
0
0
1
0
0
0
0
0
0
0
0
0
2
1
0
0
0
1
0
0
2
0
1
1
0
1
0
0
0
0
0
0
0
0
0
2
2
1
0
0
0
0
0
1
1
1
1
0
0
0
0
0
0
0
1
0
0
0
1
0
1
0
0
1
0
0
0
0
0
1
0
0
0
0
0
0
1
0
0
0
0
1
0
0
0
0
0
0
0
0
0
0
0
0
1
1
0
0
0
0
0
4
1
0
2
0
0
0
0
0
0
0
0
0
0
0
0
1
0
0
0
1
0
0
0
1
0
1
0
1
1
0
0
0
0
0
0
0
0
0
0
0
0
0
0
0
0
0
0
1
0
0
0
1
0
0
0
2
0
0
0
0
0
0
3
0
0
0
0
0
0
0
0
0
0
1
0
0
0
1
0
0
0
0
1
0
0
0
0
0
0
0
0
0
0
0
0
0
0
0
0
0
0
0
0
2
3
0
1
0
0
0
1
0
2
1
0
0
0
0
0
1
0
1
0
1
0
0
0
2
0
0
0
0
0
0
0
0
1
0
1
0
0
0
1
1
0
0
0
1
0
0
0
0
1
0
0
0
0
1
0
0
0
0
0
0
0
0
0
0
1
0
0
0
1
0
1
0
0
0
0
1
0
0
0
1
0
0
0
0
0
0
0
$ENER_FIT:
-1.4790 0.712350 0.000000e+00
$MCA_CAL:
3
-1.4790 0.712350 0.000000e+00
$ENDRECORD:
