$SPEC_ID:
Sample title.

$MEAS_TIM:
12540.68000 12685.07000
$DATE_MEA:
02/11/2020 11:50:50 AM
$DATA:
0 16383
0
0
0
0
0
0
0
0
0
0
0
0
0
0
0
0
0
0
0
0
0
0
0
0
0
0
0
0
0
0
0
0
0
1688
1540
1499
1502
1466
1438
1459
1436
1544
2039
4078
7452
9577
9767
7218
3480
1694
1409
1405
1438
1465
1471
1457
1477
1462
1491
1541
1566
1614
1637
1594
1714
1644
1775
1796
1812
1765
1848
1799
1896
1924
2045
2049
2169
2267
2284
2319
2432
2364
2526
2627
2761
2861
3098
3021
3296
3326
3148
3180
3202
3175
3266
3329
3466
3659
3843
4008
3887
3879
4381
5464
6396
7670
9127
9711
9338
8342
5815
4364
3893
3243
2898
2783
2760
2886
3137
3852
4841
5345
5187
4836
4181
3757
3616
3155
2740
2673
2524
2483
2590
2544
2524
2500
2611
2515
2591
2483
2512
2521
2565
2446
2525
2463
2523
2502
2660
2721
2681
2698
2525
2676
2483
2599
2593
2721
2721
2730
2777
2687
2862
2638
2846
2798
2833
2808
2907
2959
2986
3055
3162
3427
3540
3545
3376
3470
3472
3383
3213
3114
3085
3047
2944
2928
2998
3015
2891
2985
2950
2963
2882
2960
2984
2986
2949
2957
2907
2903
2797
2875
2785
2597
2617
2757
2703
2710
2617
2529
2489
2535
2555
2461
2577
2486
2498
2534
2475
2499
2525
2554
2595
2408
2508
2545
2621
2636
2511
2587
2585
2572
2564
2575
2615
2736
2686
2657
2601
2556
2502
2540
2399
2462
2429
2414
2388
2394
2382
2342
2357
2417
2371
2283
2332
2366
2353
2384
2390
2334
2368
2336
2298
2258
2239
2332
2253
2234
2207
2233
2239
2234
2198
2147
2210
2207
2133
2140
2246
2358
2364
2348
2423
2219
2165
2131
2187
2158
2217
2196
2144
2179
2139
2193
2285
2292
2302
2463
2586
2788
2951
3032
2966
3235
3351
3721
4126
4484
4707
5026
5006
4873
4929
4656
4310
3933
3596
3259
3017
2701
2573
2335
2235
2247
2148
2242
2126
1993
2063
1911
1940
1892
1955
1860
1905
1933
1912
1966
1958
1989
2014
2006
2111
2107
2116
2307
2276
2210
2229
2323
2309
2290
2104
2203
2183
2045
2086
2054
1977
1896
1911
1960
1851
1981
1848
1906
1858
1878
1837
1864
1876
1984
2084
2065
2096
2160
2170
2220
2356
2468
2576
2666
2738
3002
3074
3244
3345
3479
3501
3751
3750
3904
3989
3985
4018
4018
4031
3798
3908
3917
3868
3829
3778
3594
3365
3236
3060
2882
2843
2569
2622
2580
2445
2397
2378
2296
2181
2159
2093
2069
2064
2046
1939
1939
1854
1883
1796
1755
1792
1755
1720
1798
1696
1659
1593
1626
1540
1513
1543
1534
1554
1496
1555
1567
1598
1725
1768
1706
1617
1358
1253
1265
1218
1209
1203
1169
1201
1190
1152
1199
1158
1094
1135
1191
1134
1092
1136
1099
1112
1053
1167
1027
1162
1089
1048
1042
1007
1023
1076
1061
1232
1269
1326
1253
1059
1013
937
951
918
854
888
888
913
967
1131
1514
1903
2077
1790
1366
989
905
837
822
837
864
847
845
846
808
846
764
808
820
786
889
942
987
927
889
772
745
779
794
733
798
791
841
769
760
806
750
782
755
753
761
890
1090
1201
1156
980
793
778
725
708
716
694
704
778
752
701
736
740
759
718
763
718
734
719
706
713
873
1205
1863
2192
2294
1800
1201
799
693
717
665
731
693
743
707
683
718
743
770
775
762
723
734
677
676
705
695
597
710
665
719
729
721
710
707
678
698
704
724
660
698
678
666
726
700
637
642
676
639
615
632
708
763
790
830
774
732
679
658
694
686
670
695
692
709
699
639
655
674
642
684
701
621
669
695
633
716
692
779
997
1278
1478
1427
1131
859
723
743
761
704
723
677
704
707
746
723
710
741
767
735
1013
1600
2586
4286
6139
8010
9212
10216
10780
11296
11514
11289
11614
11493
11417
11310
10961
10797
10103
9169
7996
6352
4699
2909
1623
904
651
592
626
577
591
581
564
594
571
546
603
591
608
587
590
579
556
580
609
649
586
651
606
612
579
596
582
632
758
1055
1634
2498
3588
4334
4344
3514
2448
1499
1015
979
1481
1922
2190
2003
1377
823
610
576
510
577
530
551
548
545
543
545
526
519
532
556
582
573
574
566
537
501
540
597
547
602
530
502
545
535
589
534
561
555
584
570
528
551
545
597
725
882
1072
1083
927
677
551
570
548
546
554
550
625
597
593
606
562
535
589
540
581
551
553
608
554
596
555
603
657
648
663
676
671
628
556
539
595
534
570
572
612
539
605
673
614
634
641
642
620
775
875
1029
1029
862
653
604
651
677
733
749
738
663
580
546
571
558
618
656
635
596
669
621
628
553
648
637
662
654
693
638
630
591
627
626
690
671
700
709
776
650
645
590
621
553
618
610
564
555
577
592
636
572
556
658
583
621
603
578
585
599
599
572
618
601
619
589
649
623
637
605
604
590
609
576
552
616
600
622
582
583
572
606
547
594
590
561
639
683
658
693
699
677
615
635
608
631
613
560
604
600
609
668
772
824
741
734
621
601
630
618
599
639
624
672
722
720
732
781
713
571
584
565
614
605
584
566
597
587
582
642
576
624
667
621
641
600
610
610
575
628
627
634
622
643
618
575
615
618
614
606
649
764
913
987
935
934
768
677
650
643
667
633
618
663
552
654
635
587
632
636
625
626
621
607
610
600
635
635
654
656
635
628
618
579
654
602
634
648
656
647
624
638
602
595
593
613
612
626
633
678
622
621
641
677
650
645
625
645
607
636
655
601
618
635
669
652
651
660
635
626
664
631
645
633
647
657
659
617
673
648
631
642
642
647
617
707
700
696
668
697
610
689
719
872
992
1034
929
862
719
691
655
677
693
667
649
649
665
651
648
650
661
678
646
647
665
710
654
663
658
677
639
654
678
677
675
677
652
683
640
645
648
662
656
803
1019
1364
1777
2105
2204
1764
1526
1020
752
701
654
649
634
642
657
634
614
665
600
638
613
635
666
621
640
610
605
647
680
608
623
609
609
685
679
656
751
700
684
675
641
685
608
645
583
575
631
622
602
593
611
551
681
643
668
593
644
650
682
655
724
727
956
1528
2186
2541
2362
1769
1097
694
612
609
595
593
649
636
597
646
619
616
633
636
624
606
727
800
959
976
821
715
593
614
587
578
634
646
584
582
580
591
587
564
600
587
618
595
629
651
656
690
746
902
1063
1136
1113
997
812
700
655
704
723
735
672
593
587
599
557
544
565
569
611
602
606
604
602
610
592
595
622
634
587
601
604
658
637
639
734
718
755
837
878
837
805
645
623
610
589
725
781
721
752
713
647
598
587
618
592
631
618
597
606
607
591
595
572
599
532
603
575
616
650
630
597
608
562
546
599
584
577
612
653
629
670
582
590
594
576
594
639
588
552
608
612
582
676
645
584
641
598
604
644
616
634
662
618
599
734
931
1457
1957
2205
2005
1463
938
702
689
627
643
643
598
658
599
606
652
610
629
602
624
626
579
620
564
567
636
650
636
630
620
645
640
601
647
637
618
691
773
904
1064
1055
920
749
691
627
648
640
631
620
657
648
600
675
618
592
666
1017
1997
3803
5558
6232
5476
3483
1673
855
609
561
616
611
607
628
581
624
586
661
604
621
586
577
599
584
651
588
589
611
607
670
592
588
671
686
678
614
671
619
615
667
636
609
838
1407
2589
3576
4041
3463
2297
1249
804
684
711
722
757
750
641
688
698
711
653
704
657
664
643
627
644
644
578
641
668
619
636
713
688
645
608
581
676
652
660
620
668
657
668
681
651
634
627
657
625
640
703
648
617
611
597
610
587
634
673
595
644
713
648
734
682
729
704
632
643
634
677
591
636
631
662
674
713
692
618
659
625
643
639
635
665
742
842
999
1239
1216
1076
898
735
667
657
648
724
638
649
597
628
658
663
601
629
650
678
606
669
655
626
652
671
665
673
646
674
664
680
662
663
679
721
799
884
1022
1153
1290
1260
1192
1001
848
720
663
667
677
686
668
626
689
712
663
693
684
632
652
656
647
670
648
674
678
653
721
730
693
761
792
803
927
1069
1113
999
825
716
609
709
672
800
685
697
750
682
668
669
681
733
772
788
819
770
714
685
690
668
641
634
654
650
660
653
646
726
718
682
701
643
631
660
672
648
701
680
669
708
763
719
731
679
722
711
709
827
995
1357
1657
1746
1633
1307
927
711
729
668
687
712
750
831
990
1011
1035
981
803
716
686
707
693
707
658
667
706
652
714
651
736
716
731
690
657
701
711
731
693
703
726
961
1075
1256
1242
1075
902
798
705
735
709
712
772
763
694
721
714
712
731
741
713
745
728
800
710
716
772
717
760
740
754
763
770
777
749
747
735
791
738
809
721
726
756
769
822
823
877
806
787
818
881
844
933
903
967
936
896
886
825
917
927
838
908
786
820
884
878
851
881
944
915
913
900
1036
1034
1054
1024
896
940
927
961
938
933
965
955
929
924
884
980
1018
1005
1014
1012
1047
1120
1342
1964
3184
4398
5048
4549
3398
2165
1476
1496
1802
2146
2564
2666
2502
2064
1571
1345
1216
1214
1118
1167
1193
1179
1112
1136
1073
1101
1102
1093
1118
1225
1363
1815
2176
2168
2108
1732
1333
1169
1151
1202
1075
1125
1117
1153
1143
1180
1156
1166
1220
1231
1152
1137
1152
1154
1217
1108
1118
1145
1178
1192
1199
1308
1347
1458
1417
1318
1308
1214
1200
1263
1212
1209
1310
1234
1206
1257
1199
1210
1167
1199
1283
1373
1426
1582
1603
1504
1376
1295
1261
1205
1219
1186
1199
1329
1300
1310
1310
1227
1160
1243
1278
1254
1244
1257
1245
1252
1263
1244
1234
1267
1329
1317
1415
1654
2035
2273
2249
1889
1615
1327
1315
1258
1236
1217
1274
1205
1294
1340
1304
1250
1289
1284
1298
1268
1335
1313
1303
1357
1327
1278
1317
1297
1256
1393
1454
1456
1619
1725
1650
1503
1361
1324
1329
1329
1332
1321
1413
1370
1398
1472
1312
1391
1339
1359
1316
1386
1328
1402
1580
1678
1693
1717
1647
1494
1404
1343
1455
1419
1371
1434
1476
1475
1404
1410
1427
1437
1378
1430
1402
1401
1535
1507
1462
1430
1429
1360
1402
1429
1420
1422
1391
1489
1491
1462
1669
2283
3164
4087
4451
4133
3242
2095
1633
1514
1404
1448
1381
1448
1459
1501
1467
1394
1477
1429
1395
1449
1422
1469
1379
1461
1451
1444
1489
1469
1492
1492
1475
1496
1499
1511
1575
1620
1757
1734
1760
1814
1713
1566
1532
1473
1604
1505
1515
1513
1525
1589
1597
1525
1528
1523
1567
1488
1576
1621
1600
1510
1578
1661
1576
1535
1605
1570
1639
1568
1531
1520
1577
1575
1574
1644
1568
1629
1561
1541
1597
1643
1561
1625
1559
1590
1654
1658
1616
1626
1616
1690
1599
1664
1664
1619
1667
1708
1660
1662
1617
1597
1657
1627
1644
1728
1711
1707
1779
1831
1800
1709
1672
1728
1635
1667
1687
1827
1704
1733
1608
1758
1690
1750
1726
1717
1779
1702
1759
1765
1766
1754
1814
1805
1800
1778
1787
1737
1815
1856
1849
1716
1880
1852
1834
1818
1914
1863
1874
1845
1894
1824
1864
1858
1872
1938
1908
1938
1839
1917
1986
1867
1865
1987
1959
1993
2208
2522
2992
3403
3526
3144
2598
2201
2038
1910
2004
1976
1984
1969
2020
2017
1924
2024
1950
2015
2031
1943
1971
1972
2035
2010
1937
1967
2003
2043
1898
2037
1993
2001
1996
1985
2032
2091
1970
2013
1959
1987
1945
1868
1831
1810
1742
1633
1643
1599
1605
1575
1546
1503
1549
1498
1510
1493
1366
1460
1474
1491
1433
1392
1461
1451
1391
1334
1326
1419
1315
1306
1311
1351
1349
1386
1335
1335
1351
1266
1331
1247
1306
1268
1293
1257
1344
1319
1331
1480
1727
2012
2306
2281
2188
1951
1676
1592
1480
1338
1240
1216
1281
1219
1225
1246
1220
1298
1236
1229
1232
1217
1180
1153
1116
1135
1211
1119
1137
1176
1083
1116
1117
1194
1300
1342
1255
1256
1148
1073
1021
1008
1066
1031
1050
1354
1881
2949
4272
5107
4874
3933
2456
1501
1150
1099
1074
1093
1042
998
989
1066
1230
1393
1508
1496
1247
1063
957
936
834
834
821
901
963
1077
1165
1114
1026
974
881
803
800
777
845
784
709
747
746
752
722
748
760
714
724
784
781
701
700
670
713
721
686
663
664
664
637
685
650
669
660
673
638
622
630
634
642
666
778
822
812
746
750
610
593
620
588
562
582
592
558
564
553
558
562
538
532
575
524
530
496
558
509
556
532
499
514
544
534
539
508
544
511
540
492
481
552
476
490
511
541
550
571
677
747
826
770
724
618
529
515
502
556
496
490
497
529
482
506
487
517
489
493
485
565
559
562
535
534
537
535
569
685
764
738
640
530
505
466
551
495
550
476
527
589
566
604
590
581
554
526
507
454
466
483
472
477
510
498
490
493
493
491
472
453
478
477
427
501
455
441
473
437
418
429
453
466
470
443
503
442
527
530
539
547
546
547
469
448
456
494
447
475
462
522
536
539
570
598
626
600
601
747
1699
5788
17724
41175
69069
88576
87325
65860
36174
14164
3782
851
319
251
275
306
299
292
302
288
260
283
278
312
282
272
270
245
287
254
260
274
317
343
317
315
293
285
305
279
271
312
295
279
295
285
293
268
326
291
327
325
307
269
270
280
250
304
254
268
254
281
274
304
269
274
246
276
292
250
274
283
253
278
259
325
259
244
246
278
268
231
256
264
299
301
296
310
289
294
290
309
281
278
266
298
328
325
292
282
260
303
279
305
324
309
328
299
310
305
270
308
293
296
292
317
290
306
291
329
320
315
341
374
464
594
599
577
508
372
330
309
274
261
282
302
261
281
285
283
297
266
257
287
284
290
246
295
286
305
274
263
275
338
294
281
292
272
258
276
271
272
253
283
276
289
261
274
283
283
251
278
266
293
265
244
285
300
260
269
297
259
299
258
257
244
253
285
255
240
293
266
313
285
272
290
320
315
322
292
306
273
265
302
252
274
279
308
267
262
391
555
868
1067
1213
1034
775
535
355
285
272
253
268
279
282
288
303
316
374
395
403
324
353
295
276
290
272
271
281
287
271
285
254
323
367
557
672
791
769
652
452
320
272
279
284
315
408
481
570
567
510
438
375
320
304
309
276
275
325
302
303
355
318
317
325
279
274
262
300
263
314
277
276
265
263
271
266
277
287
359
477
645
959
1084
955
742
506
383
323
284
281
283
267
280
305
281
240
269
296
281
266
273
257
300
257
258
268
277
275
286
258
297
296
277
251
255
265
260
286
272
324
348
362
386
346
308
313
294
266
315
271
297
291
276
282
301
328
271
279
276
245
286
276
259
260
263
258
280
304
266
287
267
303
298
339
293
345
281
296
267
279
275
278
306
297
287
268
302
260
278
263
317
290
295
272
300
303
295
304
292
265
266
273
264
247
237
237
260
261
230
299
255
273
255
278
284
258
290
325
350
380
328
315
296
258
247
239
270
228
262
283
290
332
299
311
361
392
430
458
410
347
310
286
316
281
268
300
290
280
274
275
265
272
290
309
349
319
331
340
303
281
234
274
241
248
253
263
249
240
250
259
256
284
348
547
962
1527
2001
2081
1815
1308
757
477
337
303
318
323
317
313
299
273
278
281
246
252
253
252
256
237
243
248
260
271
272
320
376
432
461
462
329
300
242
248
230
236
274
322
468
744
1146
1487
1684
1421
1004
610
370
305
296
241
224
258
255
226
242
246
253
225
255
242
238
211
224
248
221
233
249
245
252
225
215
253
217
251
237
247
260
245
241
259
225
261
259
303
331
446
530
495
475
336
325
265
240
231
232
233
225
265
224
251
249
267
238
257
238
215
245
246
260
215
263
199
219
215
242
253
213
216
257
263
241
248
247
282
274
260
274
246
266
234
244
233
257
239
250
205
242
240
238
276
234
263
260
225
245
248
243
247
229
249
219
242
234
265
201
256
315
338
448
524
594
537
497
383
297
253
221
232
221
245
239
236
229
259
243
255
239
276
236
250
246
273
234
251
235
239
264
297
261
259
250
268
263
261
263
264
240
230
247
251
232
255
319
437
529
548
658
505
395
296
287
289
245
282
257
246
246
264
235
216
273
269
239
306
386
609
876
1265
1457
1440
1089
720
442
304
257
331
262
325
327
446
696
1316
2066
2721
3120
2639
1828
1049
518
299
257
250
247
253
257
233
236
272
271
257
266
250
262
262
264
242
306
344
313
325
324
276
251
268
264
276
251
287
324
320
364
423
435
482
448
405
361
318
321
290
261
275
269
253
278
253
281
269
300
277
268
289
264
301
276
278
274
265
273
236
260
281
274
285
276
308
268
307
282
283
266
271
249
303
269
283
260
260
261
280
304
291
283
343
385
368
341
325
277
288
279
296
277
287
265
250
279
280
275
269
247
293
249
294
257
254
271
265
244
249
248
284
261
254
283
248
264
266
270
255
271
261
268
271
275
288
285
277
348
343
415
357
364
333
327
290
279
250
307
252
288
277
249
232
255
247
259
229
239
261
262
270
246
264
286
239
260
243
260
248
255
226
252
242
271
281
235
249
259
257
258
262
274
269
266
236
266
254
259
236
275
281
280
293
309
349
324
320
297
272
257
273
258
256
260
273
270
250
270
256
256
299
276
302
287
227
292
245
235
266
289
263
264
274
276
270
286
353
386
378
385
368
387
457
516
677
770
810
940
878
802
647
503
421
339
327
290
286
270
277
299
275
296
282
259
247
285
279
277
270
277
270
264
299
295
319
306
271
293
297
270
291
293
273
301
296
299
299
290
288
299
271
261
264
287
283
295
318
378
360
359
339
302
320
278
247
289
272
287
262
273
293
275
282
288
305
295
278
273
295
316
359
393
360
344
304
294
278
264
286
278
249
284
274
301
289
255
273
287
268
271
312
241
297
281
308
335
434
556
645
794
847
836
692
547
416
377
331
326
327
339
323
270
321
270
340
325
362
337
304
331
314
318
313
305
281
317
292
320
284
318
305
308
311
315
370
372
356
379
347
345
348
345
354
327
335
291
284
330
290
288
302
305
317
311
327
345
337
374
326
325
308
354
376
357
370
369
359
345
374
299
324
335
364
524
758
1041
1338
1434
1279
991
657
443
353
340
326
322
284
320
320
420
521
890
1442
2164
2495
2481
1970
1305
813
466
316
293
269
285
281
289
315
297
280
281
313
328
316
295
307
302
302
305
347
301
301
310
297
316
324
328
319
332
320
338
344
329
336
278
327
293
328
302
295
364
445
542
665
852
982
1044
867
648
448
357
334
303
339
343
316
287
309
304
328
327
356
290
303
318
319
343
292
321
325
299
300
289
334
311
326
318
332
337
323
314
307
317
314
298
317
367
400
430
357
389
358
353
349
340
327
349
367
382
349
300
343
324
299
287
287
344
316
310
320
302
332
327
337
323
335
365
363
342
316
311
346
314
307
315
340
327
328
336
316
295
325
329
332
374
338
346
349
322
342
316
322
316
360
377
322
332
332
322
323
317
328
354
312
331
302
340
335
355
410
437
570
629
693
611
592
490
402
395
330
333
323
360
319
356
362
368
344
374
360
320
364
350
347
331
359
392
407
410
458
460
426
373
393
396
430
526
497
449
409
355
315
298
325
279
322
286
305
332
330
315
319
323
304
287
286
302
293
316
334
301
297
292
319
308
322
362
332
324
323
298
314
299
320
299
303
325
286
319
282
296
287
305
321
325
270
304
314
291
285
280
311
287
308
299
335
294
302
304
333
279
320
318
340
302
265
291
314
327
297
323
282
271
315
282
334
318
388
346
361
371
362
317
297
305
277
287
296
249
267
254
287
283
256
268
296
277
273
251
258
261
266
269
239
243
262
288
259
264
244
233
263
260
286
307
382
560
902
1408
1953
2051
1971
1629
953
543
367
303
299
312
324
262
256
255
268
240
249
211
294
282
273
300
293
251
266
263
274
214
224
237
240
225
244
260
259
258
237
209
232
239
214
215
233
236
255
246
280
254
260
259
233
217
220
257
224
214
235
256
299
319
319
303
307
277
283
240
201
205
190
256
192
201
209
229
225
235
228
275
282
308
250
268
270
261
254
239
262
249
249
259
239
253
339
343
302
296
262
235
207
194
228
243
220
242
254
245
204
196
193
216
203
196
214
181
203
203
206
202
180
195
187
200
182
202
176
206
208
187
179
199
196
215
205
192
175
178
201
212
238
246
286
334
316
315
276
271
245
205
192
208
187
163
212
216
197
205
213
194
174
179
180
179
204
201
171
197
196
187
211
198
195
196
210
191
190
210
180
181
202
199
197
222
267
329
444
587
687
882
807
864
809
904
1383
2278
3446
4501
4713
4138
2949
1695
812
426
245
192
188
188
205
204
229
187
206
187
218
233
200
218
223
222
193
235
202
197
192
206
200
211
200
197
195
242
260
285
295
350
343
341
305
268
209
220
224
223
229
231
217
252
237
214
230
200
202
217
213
202
181
190
210
178
185
199
207
202
228
238
199
188
220
191
202
227
179
234
219
243
234
218
208
222
220
209
229
219
212
234
208
210
214
233
230
194
224
254
266
309
422
769
1488
2504
3529
4102
4052
3369
2167
1149
568
321
229
207
193
195
193
178
176
213
185
213
223
226
266
278
235
251
287
265
275
266
223
241
225
189
210
205
222
209
224
209
236
253
264
251
243
243
212
227
223
215
275
242
224
229
241
210
221
211
224
235
229
305
257
291
320
369
416
505
567
566
517
466
365
271
258
251
240
229
261
227
252
267
292
238
237
210
211
232
218
212
230
235
224
211
207
217
244
210
206
253
244
237
249
227
230
244
210
214
220
233
307
303
361
356
393
320
269
240
240
256
232
211
213
228
218
232
230
203
245
238
227
244
278
257
302
327
336
364
287
287
261
243
226
243
261
226
250
196
258
217
255
238
239
266
290
293
278
312
296
280
236
261
244
270
257
271
223
219
230
228
274
216
199
211
245
246
231
250
254
271
256
243
265
252
271
234
273
280
255
250
292
294
273
277
311
332
354
438
492
511
461
443
367
312
308
255
241
265
264
271
226
247
237
260
249
254
260
264
271
265
282
267
259
310
274
277
267
303
255
268
257
298
313
284
286
279
242
295
263
283
239
256
257
282
290
283
273
247
285
296
283
275
292
268
263
261
278
261
256
267
259
267
244
247
280
272
255
267
285
270
280
259
279
288
257
252
284
236
276
245
280
254
233
245
249
265
278
322
344
323
402
377
365
310
264
256
234
244
260
237
250
265
226
232
237
262
237
240
235
265
225
284
249
246
287
231
275
236
232
247
246
283
274
302
326
387
362
420
468
453
420
379
361
282
263
260
227
278
232
231
219
255
267
250
280
276
315
340
306
287
270
275
263
257
255
235
222
254
236
239
239
264
243
255
254
268
242
285
253
275
276
224
270
241
272
250
294
332
402
546
633
716
687
632
496
372
272
278
270
263
224
248
272
269
307
319
307
279
299
271
259
249
259
259
234
266
259
226
247
257
231
276
248
243
230
257
226
233
252
259
254
245
256
242
261
277
299
326
386
472
486
504
484
450
353
329
328
283
260
308
308
381
453
458
444
415
375
304
244
250
240
266
244
241
243
263
230
243
235
255
259
234
255
266
303
379
411
454
478
482
381
377
272
304
255
253
229
244
233
216
244
223
266
253
246
278
266
240
264
232
274
257
247
217
231
239
231
251
237
241
277
275
293
329
434
475
449
446
438
395
316
275
247
238
231
228
227
279
210
236
212
234
230
252
228
236
267
247
254
217
254
239
234
244
259
260
249
244
275
248
254
241
194
241
232
240
203
249
229
253
290
253
277
228
283
213
241
242
251
254
259
234
242
234
239
222
240
252
292
233
273
228
257
241
229
228
224
213
227
224
213
247
226
246
186
200
235
243
245
239
222
239
217
231
203
220
218
225
243
205
212
246
256
355
510
936
1506
2161
2828
3084
2787
2091
1364
734
435
252
205
251
234
256
225
229
213
218
210
207
198
223
214
249
237
248
245
233
227
214
207
209
222
227
224
243
244
223
239
228
199
202
203
209
208
199
176
191
185
187
215
194
176
220
212
266
266
267
304
300
275
254
219
231
217
189
181
231
214
238
221
210
209
189
195
194
220
203
185
209
199
187
188
197
175
188
198
205
190
191
193
219
193
224
200
218
179
199
179
194
191
208
238
269
275
318
315
360
317
323
250
233
218
241
210
225
186
202
217
224
213
244
194
210
198
214
235
238
232
206
217
226
272
337
354
469
530
589
592
478
377
300
224
231
181
217
221
192
225
223
227
235
222
215
204
214
222
199
233
207
204
202
202
186
189
207
193
214
182
193
202
229
232
249
290
355
671
1032
1478
1896
2060
1897
1458
1029
644
357
302
265
250
257
222
246
242
235
243
209
221
181
195
202
181
217
157
199
204
205
189
202
214
196
202
179
195
193
186
210
199
227
268
343
419
509
664
849
909
887
704
598
435
348
267
243
235
199
214
189
201
196
199
193
224
199
194
209
271
271
284
266
262
271
211
225
202
207
205
179
194
215
186
166
182
202
179
198
208
204
193
191
203
185
184
199
223
220
227
251
219
242
236
214
227
214
216
194
197
201
216
250
285
285
297
300
311
267
211
234
223
218
230
244
290
310
328
309
331
366
481
693
1004
1364
1499
1393
1170
847
527
346
244
206
186
175
197
182
202
169
198
200
185
200
194
207
201
205
215
221
217
218
243
218
219
208
237
238
257
334
341
352
387
421
338
348
312
300
297
270
229
194
235
201
203
198
195
177
187
208
195
207
193
217
218
229
226
212
231
207
163
224
186
183
201
216
193
189
218
209
180
206
171
199
223
205
200
207
230
239
234
240
331
403
527
632
824
825
858
773
601
458
356
277
255
246
214
242
216
239
212
197
189
213
174
203
243
219
186
203
210
202
213
194
225
231
216
171
205
196
196
200
203
236
236
227
187
202
210
181
193
195
208
187
194
198
217
192
209
262
273
338
391
454
485
540
434
392
285
219
229
203
195
220
206
213
187
214
222
189
190
176
234
210
211
214
177
225
216
199
203
205
199
199
178
214
191
215
230
206
206
211
189
210
229
207
224
257
262
287
329
393
378
409
412
327
291
248
211
213
188
196
207
225
219
210
202
189
181
199
207
204
225
214
222
207
204
216
205
216
202
233
278
299
467
652
894
1169
1353
1295
1018
749
506
322
265
252
212
248
182
201
220
205
236
228
230
238
233
224
221
209
218
252
280
255
246
266
242
239
243
274
295
417
637
812
1003
1156
1089
931
685
480
308
313
266
304
321
260
239
232
218
199
224
236
251
263
279
287
275
257
258
229
217
225
220
228
234
233
229
224
255
267
274
279
288
282
261
283
275
274
236
241
238
223
233
229
226
229
218
230
270
255
261
243
286
291
266
279
279
265
274
281
298
323
351
325
373
283
254
230
230
204
226
168
226
197
221
215
223
317
311
349
318
296
240
231
230
212
197
197
182
235
187
192
186
211
197
210
202
198
241
236
217
229
213
222
185
211
221
218
218
196
193
207
188
223
218
211
223
208
233
223
232
218
209
214
216
192
216
229
237
201
190
218
205
210
207
217
198
207
188
195
214
215
229
208
222
201
222
196
208
192
206
197
203
196
192
232
202
211
183
200
212
207
203
193
188
193
193
218
231
258
225
206
259
221
228
212
210
214
192
208
205
214
200
202
207
213
225
211
294
317
355
438
447
407
369
320
210
216
212
196
195
223
211
246
221
189
212
216
176
161
186
197
178
172
175
175
182
144
181
161
178
171
202
176
159
163
190
168
176
179
155
170
188
166
181
172
154
167
182
155
167
193
170
214
208
241
222
205
202
181
196
157
170
169
180
171
165
167
183
195
208
182
199
207
218
239
211
224
219
193
173
179
172
183
193
157
159
155
150
159
151
179
187
151
173
158
172
186
185
177
194
171
185
174
169
175
173
159
154
152
168
141
145
167
137
153
145
164
166
169
160
174
149
175
152
151
167
191
179
163
177
160
196
191
189
211
215
240
248
239
209
219
191
186
138
147
160
174
145
179
174
157
174
145
166
221
201
193
200
192
198
293
397
683
1029
1659
2122
2421
2391
1986
1372
884
464
297
169
147
143
145
171
164
131
146
168
200
172
215
270
315
374
437
388
388
347
276
197
194
174
166
160
153
147
139
141
134
141
149
169
140
162
147
150
149
166
151
141
149
194
219
191
192
182
188
195
164
170
176
189
238
293
379
514
600
625
602
570
499
377
276
288
223
194
198
193
159
160
181
168
156
156
177
187
165
172
162
196
164
159
156
157
186
168
172
157
179
167
174
160
156
167
147
171
161
177
161
164
137
180
185
179
199
198
186
213
223
214
234
262
292
323
351
515
617
709
758
760
668
531
469
363
312
237
221
219
209
181
174
192
196
171
164
206
209
194
192
192
205
198
192
208
185
207
207
231
231
212
220
209
219
195
215
197
200
209
235
254
258
264
324
354
457
722
1065
1548
2089
2379
2419
1987
1482
896
556
319
174
180
174
175
158
171
168
198
169
173
184
152
182
193
204
181
173
167
208
209
210
220
242
256
226
171
214
186
193
165
161
170
174
165
180
180
159
170
168
174
187
173
156
194
170
186
166
201
192
196
183
167
174
185
183
188
180
196
204
184
194
170
171
193
184
187
175
190
196
163
162
182
207
188
167
205
179
180
172
190
164
168
176
161
161
168
178
181
177
191
191
180
217
193
190
210
174
170
165
161
169
188
188
206
188
162
181
191
198
184
198
200
186
175
174
187
221
200
178
219
175
181
177
172
196
188
185
197
209
197
201
204
191
178
184
170
198
184
191
185
206
196
194
168
206
201
180
182
186
179
177
184
199
201
210
212
249
303
321
344
321
304
279
221
209
255
209
209
176
193
198
211
222
240
293
335
375
437
511
555
575
529
430
398
327
303
246
211
234
227
225
253
194
197
204
189
225
241
231
236
242
196
232
228
229
206
215
198
211
219
227
213
222
200
212
218
237
220
208
244
241
271
297
343
355
360
374
363
404
430
464
477
430
470
523
561
716
754
917
945
907
816
634
470
384
287
254
224
262
236
230
193
210
231
247
221
234
240
238
207
243
208
206
239
198
233
209
257
227
202
216
239
223
187
217
208
235
262
231
202
204
210
210
225
227
223
244
228
220
250
196
238
256
207
230
239
224
239
223
222
230
188
213
246
219
255
235
240
280
239
254
242
244
230
229
214
235
207
211
234
217
223
205
185
233
219
224
177
209
224
188
180
202
196
211
222
196
203
232
162
215
201
185
218
242
219
231
210
229
238
216
198
199
197
186
202
181
180
187
218
234
218
182
191
223
183
214
207
202
184
217
170
174
192
201
177
185
205
210
183
164
175
194
186
183
208
150
172
181
160
166
166
186
184
172
188
185
233
178
194
183
185
174
185
186
189
197
186
190
198
191
203
213
207
198
181
154
183
193
210
202
183
223
184
190
178
198
169
164
183
173
168
179
205
206
244
269
249
271
231
221
181
164
175
183
192
186
194
177
170
174
158
147
159
173
181
168
154
180
217
203
219
207
209
212
225
184
239
196
146
157
152
185
163
168
166
145
164
175
144
143
149
160
162
149
160
157
176
175
173
177
146
158
188
202
207
204
218
236
297
333
427
455
514
564
512
482
357
305
264
205
177
164
161
166
161
178
177
160
131
164
151
151
169
155
156
148
177
156
149
187
153
152
152
161
162
148
171
160
149
152
155
163
160
173
168
153
171
174
185
248
322
444
559
699
870
920
818
631
499
344
261
187
199
166
149
149
150
171
143
143
157
164
178
175
167
133
162
160
151
134
162
156
142
158
152
148
153
159
152
177
210
213
287
440
636
912
1140
1376
1490
1307
1063
766
530
288
224
195
158
170
149
168
170
147
170
146
160
141
139
144
138
154
145
131
159
123
185
145
132
108
129
141
132
123
143
124
146
126
129
139
152
125
141
139
129
152
136
160
183
150
179
168
170
229
298
372
553
832
1164
1481
1713
1657
1418
1124
778
535
375
302
191
176
150
142
134
127
136
156
141
129
128
100
124
134
121
140
149
146
164
227
220
216
211
209
180
144
144
130
137
140
167
201
232
283
291
356
380
365
263
224
164
171
147
170
121
136
139
120
120
114
115
116
133
108
97
127
115
116
98
117
95
118
118
109
87
116
98
109
116
108
122
133
129
150
156
128
139
125
118
137
96
105
120
102
84
112
97
90
119
85
94
110
106
103
94
109
110
113
112
121
138
117
105
108
105
115
97
89
104
90
80
85
106
95
85
102
105
87
100
108
90
92
68
99
94
78
115
92
89
103
90
81
112
84
85
95
97
89
84
109
95
102
83
90
82
104
83
83
103
67
94
86
97
104
95
117
75
98
93
95
91
97
95
115
95
82
69
93
88
76
89
97
74
73
91
86
83
91
80
111
109
107
141
105
99
110
83
105
75
98
81
87
101
86
90
97
82
89
77
74
92
91
98
91
93
98
76
89
86
76
78
73
89
78
79
89
92
83
91
105
140
153
195
264
340
490
602
782
881
972
983
895
753
550
307
211
118
92
85
72
81
102
85
73
96
85
78
92
89
97
83
91
80
95
83
84
83
86
87
69
81
74
79
75
83
68
77
72
90
110
109
144
132
145
154
129
123
101
106
92
101
126
168
266
456
708
1021
1488
1881
1916
1792
1520
1068
614
342
200
108
69
63
70
89
75
81
83
63
69
73
74
67
74
83
69
77
72
76
82
75
74
78
75
67
70
66
85
90
74
68
73
76
69
95
80
86
76
90
95
89
111
110
96
106
114
82
107
100
100
76
83
85
60
72
80
76
69
62
73
85
96
82
76
87
95
92
87
74
86
83
69
69
83
70
77
84
86
81
94
69
78
55
77
74
68
91
78
90
96
73
83
81
79
86
79
72
70
66
67
76
48
63
61
65
56
71
64
54
55
70
71
77
56
64
81
83
73
82
87
73
68
66
66
57
67
53
55
66
62
61
60
55
64
63
60
57
48
78
69
65
63
55
49
64
58
73
70
60
64
59
67
58
63
64
58
57
64
66
67
74
96
89
79
94
97
115
119
101
119
104
131
135
159
184
158
192
173
139
157
129
138
103
136
106
95
78
74
62
65
55
78
81
81
82
71
84
66
87
79
83
78
71
63
72
82
64
66
56
73
92
95
110
139
150
174
168
156
144
111
95
82
69
74
78
71
57
61
69
60
58
67
60
65
69
80
61
62
60
59
75
60
61
70
75
70
58
80
76
82
83
120
138
202
297
428
544
685
757
769
729
495
366
246
145
106
90
66
73
77
75
76
55
67
73
62
64
66
67
65
71
71
66
73
68
69
65
71
69
40
59
80
70
68
53
73
59
80
71
60
66
64
52
70
59
69
71
47
61
65
62
84
59
76
69
99
81
103
84
70
99
66
78
60
62
59
76
62
98
70
93
62
73
64
78
72
66
61
67
59
63
66
72
74
73
95
83
97
108
108
142
124
107
95
98
77
92
82
88
80
77
64
70
71
75
65
53
73
66
67
63
71
61
56
83
69
64
67
57
61
63
67
60
54
82
54
61
64
56
75
61
61
61
70
69
60
57
59
65
73
82
79
91
111
118
141
116
105
88
72
64
57
49
64
65
68
60
63
66
60
59
74
61
72
91
86
95
117
104
115
102
104
78
74
66
58
77
60
71
71
68
56
51
54
56
72
77
58
66
74
80
56
62
58
59
70
65
52
75
73
95
72
69
60
70
70
57
66
66
78
81
68
62
56
67
72
83
82
75
92
112
99
92
106
110
90
100
90
85
77
88
111
131
144
168
173
148
148
110
86
69
73
61
58
51
57
55
52
65
51
64
62
44
66
60
62
53
64
43
68
64
56
46
46
54
52
56
41
50
58
63
54
66
50
67
80
57
69
49
49
51
51
52
43
56
67
58
62
56
60
53
61
68
55
74
64
72
54
70
78
68
77
71
59
59
57
56
49
47
59
51
56
60
68
52
61
47
40
52
60
52
58
67
57
66
69
64
53
59
58
50
62
55
63
52
72
58
76
69
77
90
67
80
57
47
52
49
54
56
64
60
56
50
62
61
68
54
53
53
59
69
57
61
62
53
64
75
63
45
68
55
54
62
71
54
68
53
65
68
77
89
119
169
269
359
464
566
550
495
459
339
243
138
98
81
78
61
61
53
62
71
66
48
58
73
68
74
67
61
68
79
78
80
59
63
67
56
54
60
55
61
58
65
52
47
63
55
54
57
53
51
85
55
58
72
56
65
60
74
63
57
65
78
78
75
104
95
84
103
72
73
80
66
64
69
58
62
74
67
63
66
55
64
44
61
63
45
62
41
53
45
61
44
40
48
53
60
74
63
57
53
50
68
58
63
58
70
56
67
51
56
56
50
51
45
46
61
58
57
49
55
60
52
59
60
43
65
68
50
54
56
72
56
61
58
49
64
70
92
88
93
116
128
121
118
88
88
87
70
68
49
72
61
68
57
69
57
58
78
66
73
65
67
69
84
65
67
58
61
81
50
46
50
69
64
51
52
60
64
41
61
67
47
53
61
61
62
48
47
51
49
75
66
64
63
67
60
62
57
69
48
54
76
68
56
65
70
59
65
64
53
42
46
60
48
48
59
53
62
52
41
48
55
54
57
47
59
51
56
66
48
59
63
66
56
54
53
64
64
55
76
56
58
76
69
71
104
125
143
205
250
312
306
354
321
310
315
313
353
369
357
309
261
203
144
98
101
83
87
93
129
153
133
153
135
110
96
73
70
65
79
73
80
60
61
56
56
68
61
53
68
70
69
76
56
62
62
59
61
75
61
50
59
64
74
55
72
56
71
65
53
54
65
62
61
86
58
44
76
56
79
67
78
62
65
70
63
64
61
71
59
65
82
71
66
59
56
60
61
74
53
65
65
71
48
61
58
68
56
65
62
60
60
58
62
66
58
67
66
66
67
74
54
60
55
72
60
74
60
44
59
59
56
70
55
61
62
60
58
61
58
65
62
46
73
62
60
60
81
76
69
116
106
125
139
122
153
152
143
105
90
73
76
56
64
72
67
63
67
71
58
68
53
66
60
73
69
72
74
68
79
82
67
118
134
141
170
170
179
145
114
107
105
111
107
110
85
75
80
89
70
64
69
68
66
54
48
54
63
68
57
72
43
54
64
74
65
60
77
66
58
60
69
76
74
66
56
67
65
57
74
60
64
79
54
69
66
80
69
69
70
51
69
65
66
59
72
81
61
68
49
81
62
71
67
80
73
62
77
77
77
99
105
109
141
137
137
158
118
100
104
88
57
56
66
59
61
58
57
64
62
54
68
62
51
54
66
61
56
51
75
51
75
65
69
54
72
61
61
67
72
56
69
79
68
82
80
70
108
87
87
95
84
97
118
123
127
201
220
321
288
273
293
222
197
151
100
100
84
85
68
82
67
72
72
85
66
77
59
73
69
63
78
66
76
71
69
70
63
75
76
55
64
69
63
64
70
70
75
94
59
86
67
89
84
68
89
79
98
97
91
81
73
100
65
90
77
63
70
61
79
63
79
63
73
65
77
67
82
73
70
71
78
72
77
88
91
93
110
106
100
80
71
59
76
57
67
61
97
80
63
67
75
64
84
68
51
57
58
67
71
72
69
65
67
66
71
49
70
70
70
67
68
59
65
57
56
72
61
65
61
82
60
53
66
64
62
57
77
59
55
74
74
76
63
89
61
71
66
66
78
71
63
87
72
78
72
72
79
70
67
69
67
70
70
73
85
89
93
90
105
138
160
123
123
96
103
84
83
72
76
84
101
117
112
130
147
137
96
97
87
70
57
55
65
64
66
61
61
66
79
72
56
65
51
51
64
53
61
66
65
51
71
70
78
70
54
57
67
60
76
60
70
49
68
65
54
69
49
57
54
55
43
60
64
52
50
78
68
61
48
75
73
65
54
57
64
51
57
57
62
64
66
55
47
50
51
65
54
57
64
74
66
58
58
61
63
63
59
79
64
50
49
58
49
51
65
56
51
60
57
67
39
55
60
59
49
53
62
57
56
61
58
64
59
56
59
61
46
49
45
52
52
67
70
88
98
142
162
161
141
146
126
103
80
72
67
41
57
67
54
46
59
40
65
47
74
56
50
53
40
48
42
56
62
54
56
58
60
54
50
48
63
56
48
64
55
62
68
45
60
67
50
58
51
57
43
55
50
63
58
55
50
60
45
56
66
50
57
53
53
48
59
51
54
44
53
61
64
51
48
50
52
60
58
61
52
54
53
48
46
53
63
60
56
63
70
80
59
71
59
63
48
52
53
48
55
65
77
59
66
61
52
57
71
54
56
67
69
101
120
156
229
311
435
458
534
505
428
339
253
187
141
109
113
151
187
204
238
219
232
193
161
117
103
85
73
80
70
59
59
52
53
55
50
43
52
49
54
50
51
42
56
54
54
58
50
45
43
51
47
51
44
51
57
41
58
45
50
51
47
56
38
58
60
41
43
47
56
45
46
47
56
52
48
42
42
58
43
49
45
44
35
64
40
58
38
59
46
54
48
56
48
57
54
67
57
62
41
40
42
43
42
52
51
62
45
54
51
44
58
57
55
51
55
50
45
46
47
42
48
55
51
47
38
56
37
40
49
43
50
41
44
47
64
62
74
80
125
153
192
210
221
222
203
194
180
126
114
75
57
53
54
52
50
53
40
41
47
45
38
58
36
66
49
66
50
56
46
55
46
34
51
54
43
58
45
51
43
38
49
50
43
49
35
35
41
44
39
46
40
55
47
34
48
47
38
41
50
52
46
49
40
48
41
51
42
49
60
41
51
49
55
62
66
51
76
50
57
40
43
37
52
45
51
50
47
49
48
48
42
43
41
45
48
51
39
45
46
48
57
47
55
52
34
50
39
43
42
48
56
49
49
45
44
57
39
48
45
51
43
34
35
44
50
40
49
51
45
49
42
43
52
40
48
49
44
41
51
51
38
48
48
43
39
40
51
44
41
42
45
43
40
48
49
48
46
44
67
77
67
104
136
202
247
313
370
419
419
360
275
192
155
104
75
49
49
43
65
53
34
49
42
37
50
47
31
60
47
53
52
40
43
35
32
48
42
42
37
46
47
33
48
36
37
37
55
43
38
52
54
55
46
58
69
80
74
93
86
88
55
71
51
56
54
35
42
39
37
48
46
55
49
43
41
53
44
38
47
35
34
46
44
38
45
35
47
43
46
47
40
39
47
48
54
58
47
60
55
58
64
51
55
42
52
50
52
44
37
35
42
43
43
41
54
47
43
58
55
35
52
43
51
46
59
47
44
43
52
39
39
30
41
49
41
53
46
51
58
42
37
43
46
41
43
54
42
57
50
57
72
65
78
63
53
46
56
51
58
40
67
67
43
58
71
40
52
36
43
45
48
50
52
48
43
56
58
72
100
85
122
135
155
195
139
107
84
72
58
42
44
49
48
42
40
43
56
40
31
39
41
42
55
47
50
42
43
33
51
47
48
44
42
40
45
53
48
49
48
61
63
36
57
38
45
40
40
36
51
47
39
33
43
48
36
38
46
42
39
42
46
54
37
48
46
44
50
40
53
58
43
47
31
38
44
43
42
50
33
51
40
35
47
40
43
46
37
38
39
35
45
50
33
44
54
57
36
50
47
32
46
37
42
47
47
26
57
31
56
39
32
60
44
46
41
52
55
55
43
46
43
53
45
35
39
34
40
43
36
52
38
46
50
46
56
35
50
53
27
41
44
37
44
52
45
48
47
44
54
39
39
56
37
51
44
46
48
56
39
41
40
39
34
43
41
42
46
44
50
48
40
32
36
39
37
37
39
38
38
44
40
45
30
42
43
40
32
43
51
40
52
38
39
34
49
56
43
33
59
36
48
38
31
41
52
42
35
51
33
41
38
66
66
59
79
53
49
53
41
39
55
45
35
40
36
45
52
50
42
44
57
50
52
33
52
55
48
48
56
56
63
53
58
39
49
61
55
53
55
70
84
104
122
125
159
143
144
97
106
90
101
79
76
84
71
84
62
68
53
47
43
49
47
44
47
39
37
33
32
42
43
40
38
47
46
36
55
49
41
51
37
35
55
57
52
50
40
29
48
51
50
44
39
51
46
41
50
63
53
36
39
46
40
42
50
50
49
59
41
54
57
77
80
65
77
82
116
107
106
84
77
73
49
48
44
47
50
33
40
45
53
52
53
43
48
36
54
46
39
43
47
59
54
39
59
48
52
52
49
66
70
71
87
121
151
215
269
389
461
533
614
590
485
359
251
188
152
163
143
188
184
209
203
204
172
140
106
96
82
71
65
69
73
59
78
78
69
85
92
82
80
91
89
91
92
88
94
75
71
66
67
86
78
72
68
65
72
73
73
62
69
72
65
72
82
60
79
70
75
71
72
66
74
79
61
72
71
98
85
84
76
82
92
79
83
82
94
105
86
117
92
94
101
87
102
88
86
69
94
87
95
101
105
96
95
91
77
90
64
62
63
89
75
66
82
63
62
66
80
73
78
74
81
67
73
72
71
95
71
72
89
82
89
73
68
74
62
65
82
82
61
62
75
72
71
90
100
79
67
85
64
73
80
72
63
66
81
77
81
70
90
96
78
64
66
75
71
83
65
76
65
90
85
76
78
78
89
71
93
85
83
84
78
88
93
77
95
74
81
79
76
80
81
90
72
90
64
79
77
73
70
71
70
79
76
78
77
73
87
80
69
85
66
81
61
79
68
98
84
66
74
74
70
82
75
80
76
66
80
93
84
92
93
105
98
109
104
99
91
90
82
100
76
79
72
95
95
89
90
85
83
90
86
87
98
87
82
76
96
90
68
75
86
84
82
68
85
74
80
83
100
99
95
98
96
105
81
91
85
97
94
84
96
109
100
107
100
100
111
121
106
106
117
131
126
106
105
92
92
82
96
112
83
70
68
83
92
87
81
75
75
90
76
97
84
93
113
92
94
105
85
85
89
86
92
92
68
90
92
94
84
96
103
70
93
96
89
107
79
110
104
98
82
103
100
82
98
102
101
99
93
75
87
95
97
86
89
87
108
93
108
102
95
91
73
101
109
93
89
76
84
76
92
78
93
102
85
91
96
79
74
87
95
95
97
74
100
107
94
113
78
88
101
110
106
78
123
97
126
77
103
88
94
88
88
89
89
70
91
82
87
100
97
88
100
108
95
99
106
105
106
103
106
107
102
95
97
123
87
101
94
96
105
88
116
107
91
110
106
114
111
92
93
102
93
83
82
107
101
96
103
109
107
100
96
90
93
87
93
103
104
93
112
87
83
106
109
84
101
100
91
99
105
105
94
86
90
107
110
83
117
95
121
97
92
94
100
85
98
94
118
82
86
85
110
84
84
96
91
93
84
83
90
73
102
92
85
67
105
88
95
97
91
86
84
84
96
85
99
104
95
84
102
90
78
78
86
90
86
83
86
97
83
90
108
86
77
86
80
70
75
99
106
69
113
97
85
92
97
77
95
92
88
93
98
80
75
71
103
91
77
72
88
76
73
85
94
53
92
89
88
88
80
63
93
73
85
86
80
107
86
96
85
92
89
88
84
97
104
114
105
114
117
137
150
142
165
178
170
170
138
115
94
98
96
87
82
91
89
97
95
131
132
138
144
168
181
165
195
167
151
137
130
86
101
91
106
94
93
101
107
75
107
108
94
94
86
108
83
98
95
103
93
95
90
98
88
96
97
112
100
81
108
122
106
93
104
107
115
83
116
102
118
110
93
95
98
109
116
111
137
124
121
118
152
162
174
185
183
236
254
334
387
434
482
433
434
331
282
244
201
159
154
129
124
123
135
117
119
116
122
118
125
108
126
136
142
117
116
140
130
117
134
146
138
147
163
249
303
410
571
784
1106
1545
1911
2507
2849
2947
2922
2726
2098
1541
1037
721
479
319
216
177
200
168
180
162
174
187
180
188
153
156
166
176
174
164
171
172
156
186
164
181
183
183
181
184
191
168
187
165
190
185
169
178
183
180
194
178
184
179
165
181
185
179
174
166
166
184
180
183
186
179
164
169
156
163
179
154
179
185
168
172
165
168
172
169
169
193
183
172
187
169
191
146
172
150
183
167
184
186
197
173
227
202
218
192
225
199
189
181
167
160
152
189
171
184
178
184
192
171
168
200
165
179
191
193
161
156
153
155
172
160
188
173
166
192
161
171
170
179
174
160
166
152
170
139
176
143
151
169
175
161
163
198
140
162
145
165
168
173
179
149
171
140
189
172
159
137
157
161
139
171
162
162
177
155
171
177
163
158
186
166
170
171
153
163
164
161
153
173
185
181
180
163
156
149
166
157
166
157
189
148
165
181
163
166
152
146
142
174
174
174
154
167
178
154
189
160
164
171
163
164
204
168
161
162
153
152
171
174
158
151
154
141
173
165
179
168
175
183
162
168
175
156
139
175
178
196
155
153
167
165
139
163
158
148
160
163
174
171
176
198
192
157
169
188
150
171
159
169
185
173
184
199
188
160
189
175
171
174
172
172
225
165
185
187
161
177
169
171
203
214
207
195
214
195
192
195
173
161
185
147
148
171
164
135
189
142
138
152
161
179
172
156
160
180
154
164
171
191
203
150
154
163
164
166
155
174
143
161
173
172
151
166
194
186
176
164
170
181
149
148
164
164
158
162
149
153
158
176
174
144
173
142
183
143
154
144
169
165
155
151
162
173
167
147
186
186
179
166
161
158
140
145
172
147
179
150
147
166
176
131
162
158
166
128
139
144
143
152
164
164
137
132
155
132
139
129
130
130
155
148
140
165
133
146
127
142
135
133
136
133
136
141
144
122
133
153
127
144
144
151
141
107
116
147
147
109
139
148
129
135
124
151
142
135
114
139
115
126
108
107
130
118
116
141
136
117
120
130
115
124
110
138
96
117
129
115
113
135
125
113
124
114
120
116
97
111
105
99
98
115
115
115
117
129
97
113
97
109
108
104
104
91
82
87
102
105
91
112
96
91
94
113
104
96
101
88
91
88
83
85
89
95
93
94
86
97
89
89
74
77
89
88
88
59
77
77
69
73
79
76
88
78
75
79
68
64
64
77
75
67
70
67
60
74
68
66
60
68
68
54
57
71
51
54
62
59
50
52
58
53
54
59
55
55
59
68
44
45
49
42
58
51
44
48
54
50
36
42
42
43
40
47
40
38
40
31
36
42
35
47
37
28
45
30
42
23
38
46
39
44
63
81
84
116
123
136
131
107
114
92
73
37
47
25
23
23
28
29
36
45
55
59
70
90
104
143
124
109
111
73
61
41
27
34
28
18
17
22
25
25
18
20
24
13
21
27
22
19
20
26
19
25
16
17
25
20
25
17
17
19
24
14
29
15
12
17
21
15
17
20
25
20
24
15
24
22
21
14
14
24
33
17
18
23
41
57
84
127
180
208
266
385
390
402
425
357
269
204
137
67
47
30
21
25
15
16
8
14
16
19
13
14
12
21
8
15
21
19
17
14
18
18
25
31
51
79
116
224
329
571
916
1208
1618
2215
2662
3024
3242
3061
2676
2036
1484
868
499
224
98
43
14
4
1
1
2
0
1
3
1
1
2
1
1
3
0
0
1
1
2
4
0
3
0
4
1
0
3
2
0
1
0
2
4
1
0
0
0
1
3
1
0
2
0
0
1
1
2
1
0
1
1
2
0
0
0
0
1
1
1
1
0
1
1
1
1
1
2
3
0
0
1
2
2
1
2
3
3
12
9
11
20
26
32
34
30
28
23
17
9
4
1
2
1
0
1
1
0
1
0
1
1
3
2
1
0
0
1
1
0
0
0
0
2
1
1
2
2
1
2
2
0
2
1
2
1
2
1
0
0
2
0
2
0
0
2
0
0
1
0
2
1
0
2
1
1
2
2
2
1
0
0
0
1
0
0
0
1
0
0
0
2
0
1
2
0
0
1
2
0
1
1
5
1
2
1
0
1
0
1
3
1
1
4
0
2
1
1
1
0
2
1
1
0
1
1
0
0
1
2
1
1
0
1
0
1
2
1
2
1
2
1
1
0
0
0
1
0
2
0
0
4
0
2
0
0
2
2
1
0
0
0
0
0
0
1
2
0
1
1
1
0
3
1
1
0
0
2
0
1
1
1
0
2
1
2
1
2
4
2
3
3
5
6
2
0
1
2
0
1
1
1
0
0
0
1
0
1
1
1
0
0
1
0
1
0
0
0
0
1
1
1
2
1
2
1
1
3
0
0
1
0
0
0
2
1
1
3
2
1
1
0
0
0
0
2
2
0
1
0
1
1
2
1
0
1
2
2
0
0
0
0
2
2
1
0
2
1
0
0
0
0
1
2
1
0
1
0
0
1
0
1
1
0
0
3
0
0
0
0
0
1
0
1
1
0
3
1
0
0
1
0
1
0
2
1
2
0
0
1
1
1
2
0
0
1
0
0
0
1
0
0
2
0
0
1
0
0
1
3
0
1
2
1
1
0
2
1
0
1
0
1
2
0
1
0
2
0
0
0
0
1
0
1
2
0
2
0
1
0
1
0
0
0
1
2
2
1
1
1
1
1
0
1
0
0
2
2
1
1
1
1
0
0
0
1
0
0
1
1
1
0
1
0
2
1
2
1
3
5
3
6
13
9
13
5
11
3
7
2
1
1
1
0
2
0
2
2
0
0
2
0
3
1
2
0
1
1
1
2
1
0
3
0
1
2
1
0
0
1
0
2
1
0
0
0
3
0
2
1
1
1
1
0
1
0
0
0
2
0
4
0
1
1
1
1
0
0
1
3
1
1
0
1
1
5
1
2
2
1
3
1
2
1
0
1
1
0
2
0
1
0
0
1
1
1
1
2
0
0
0
0
2
2
0
0
1
2
1
1
0
0
0
0
0
0
2
0
1
0
1
0
2
2
0
0
1
0
3
1
1
0
3
1
0
1
0
2
0
0
1
2
0
0
1
4
3
4
6
4
1
3
4
2
3
1
2
4
3
0
0
0
0
1
1
0
0
0
0
1
1
2
0
0
0
2
3
2
0
0
1
0
2
0
0
0
2
3
0
1
0
0
4
0
3
2
0
2
0
2
0
0
0
0
2
0
0
2
0
0
2
2
1
2
1
2
0
1
3
1
0
1
3
1
0
1
0
0
2
2
0
1
0
0
0
1
0
1
0
1
0
2
0
1
0
3
1
0
2
0
0
1
1
0
0
1
1
1
1
0
1
1
3
1
1
4
0
0
0
0
0
3
1
0
1
1
1
2
2
0
2
0
2
2
2
1
1
0
1
0
2
2
3
2
1
3
3
2
1
6
1
0
1
1
0
1
1
2
2
1
0
0
0
0
1
0
1
0
2
2
0
1
0
2
1
2
1
2
1
0
0
0
2
0
0
0
2
3
3
0
1
3
2
3
3
2
4
2
5
0
0
0
2
1
1
1
1
2
0
1
1
0
0
1
2
2
0
1
1
0
1
2
2
0
0
1
1
0
0
0
2
1
1
2
0
0
2
3
0
2
0
0
0
0
1
0
0
0
2
0
0
1
0
1
1
2
1
0
1
1
0
0
1
1
0
0
0
0
0
1
0
0
1
3
1
1
2
4
2
5
3
5
1
7
4
6
1
3
2
0
4
1
1
1
2
3
0
0
1
2
0
1
0
0
0
1
1
1
1
0
1
1
0
1
0
0
0
1
0
1
1
1
2
2
1
2
2
1
0
1
1
2
1
2
2
0
0
0
0
0
0
2
0
0
0
2
3
1
2
0
0
2
1
0
1
0
1
0
1
1
0
2
0
1
2
0
0
0
0
1
2
1
1
2
0
3
0
0
2
0
1
1
1
2
1
0
1
1
0
0
0
0
0
2
1
2
1
0
1
1
0
1
0
1
1
0
0
1
2
0
1
1
1
1
0
0
0
0
1
2
5
1
3
2
1
0
1
1
1
1
1
2
2
1
1
0
0
0
0
1
4
4
3
4
4
3
1
0
1
3
0
2
1
1
1
0
0
0
3
0
1
0
0
3
1
2
0
0
0
0
1
1
0
0
2
1
0
0
0
1
1
0
3
0
0
0
0
1
0
0
0
1
0
1
1
1
0
0
0
0
0
0
2
5
2
1
3
2
1
2
1
2
1
1
1
0
0
0
0
0
0
0
0
1
1
1
0
0
1
0
1
1
1
0
1
2
0
1
1
0
1
0
1
1
0
0
1
0
0
0
1
1
1
1
0
0
0
0
0
1
0
4
1
1
1
2
5
6
7
15
6
8
5
1
4
8
2
2
1
0
1
0
0
1
0
2
0
0
1
1
0
0
1
0
0
1
1
0
0
0
1
0
0
0
0
0
1
0
2
0
0
0
0
0
1
0
3
1
1
0
1
0
1
1
0
0
0
1
1
0
0
1
0
0
2
2
0
1
0
0
0
0
2
0
1
1
1
0
2
0
4
0
0
0
0
0
2
0
0
0
0
1
0
1
0
1
2
0
1
0
1
1
0
1
1
1
0
0
3
1
0
0
0
3
0
0
1
1
0
1
1
0
1
0
0
1
0
1
0
0
0
0
1
0
0
0
1
0
0
1
0
2
1
0
1
0
0
0
2
1
0
1
0
2
0
0
1
0
0
0
1
1
0
1
0
0
0
1
0
0
2
1
0
0
1
0
0
3
1
1
1
0
2
0
0
0
1
2
0
0
1
0
2
0
0
3
0
0
1
2
1
0
0
0
3
0
2
0
0
0
0
2
0
0
1
1
0
0
1
1
0
1
0
0
1
0
1
2
0
1
0
0
0
1
0
2
0
0
0
0
1
0
0
0
0
0
0
0
0
0
0
0
0
0
0
0
0
0
0
0
0
2
1
1
2
1
1
1
1
0
0
0
2
0
0
2
0
1
1
0
2
2
2
1
3
1
3
4
0
4
5
3
15
14
15
9
6
7
4
4
1
0
2
0
0
3
0
1
1
1
1
1
0
2
3
0
2
1
0
0
1
0
1
0
2
1
3
0
0
2
0
0
1
0
0
2
1
2
0
3
0
0
1
0
1
2
0
2
1
2
2
1
0
0
1
1
2
1
1
1
2
2
0
1
0
3
0
2
0
1
1
2
0
0
1
6
1
0
0
1
1
0
0
1
0
1
0
2
1
0
1
0
2
0
1
0
1
0
0
0
0
0
0
1
0
0
0
0
1
0
0
1
0
1
2
1
0
1
1
0
0
2
2
0
1
0
1
0
3
2
2
2
1
2
6
4
0
0
3
2
2
0
1
1
0
0
0
0
1
1
1
0
0
2
0
0
0
1
0
0
1
2
2
0
0
1
2
0
2
0
2
1
1
0
0
1
0
0
3
0
1
0
0
0
1
0
0
1
0
0
0
1
0
2
0
1
0
0
2
0
2
0
1
0
0
1
0
1
1
0
1
1
0
0
0
0
0
0
0
0
1
0
1
0
0
0
0
0
0
1
0
0
0
1
1
0
1
0
1
0
1
0
0
0
2
0
1
1
0
0
1
1
2
0
0
0
0
0
1
0
1
1
0
2
1
1
0
0
0
0
0
0
1
1
2
1
1
0
1
0
0
0
2
0
0
1
2
2
1
1
6
1
1
0
0
1
1
0
0
0
0
0
0
1
2
1
0
1
0
0
2
2
0
1
0
0
0
1
0
1
1
0
0
2
0
0
0
1
0
0
2
0
0
0
0
1
0
0
1
0
0
0
0
1
1
0
1
1
0
0
3
0
1
0
0
0
0
0
1
0
1
0
2
0
1
1
1
1
0
3
0
1
2
0
0
1
0
0
1
1
1
2
1
0
0
1
0
0
0
0
0
1
0
1
1
1
0
1
1
1
1
1
1
0
0
0
0
1
0
1
1
0
1
1
1
0
0
1
0
0
0
1
2
1
0
0
0
1
0
2
1
0
1
0
0
0
1
2
0
1
3
1
0
0
1
0
0
0
0
4
0
0
0
1
0
1
0
1
0
1
0
0
0
1
0
1
2
0
1
0
0
0
0
0
0
0
2
0
0
0
2
0
0
0
0
0
0
0
0
0
0
1
0
0
0
1
0
0
0
0
1
0
0
0
1
0
0
0
0
0
0
1
0
0
2
0
0
1
0
1
0
0
0
0
1
0
1
0
1
0
0
0
1
0
0
0
2
0
0
0
0
0
0
0
0
0
0
0
0
0
0
0
1
0
0
0
1
0
0
0
0
0
0
0
0
0
0
0
0
0
0
0
0
0
0
1
0
0
0
0
0
0
0
0
0
1
0
0
0
0
0
0
2
2
0
0
1
0
0
0
0
0
0
1
1
0
0
0
0
1
0
0
0
0
1
0
0
0
0
0
0
0
0
1
0
0
2
1
0
0
0
0
0
0
0
0
0
0
0
0
0
0
0
0
0
0
0
0
0
0
1
0
0
0
0
0
1
0
0
0
0
0
0
0
0
0
0
0
0
0
0
1
0
1
0
0
1
0
0
1
0
0
0
0
0
0
0
0
0
0
0
0
0
0
0
0
0
0
1
1
1
0
3
3
4
5
4
4
9
6
12
5
8
7
4
3
6
1
2
0
0
0
0
0
0
0
0
0
0
0
0
0
0
0
0
0
0
0
0
0
0
0
0
0
0
0
0
0
0
0
0
0
0
0
0
0
0
0
0
0
0
0
0
0
0
0
0
0
0
0
0
0
0
1
0
0
0
0
0
1
0
0
0
0
0
0
0
0
0
0
0
0
0
0
0
0
0
0
0
0
0
0
0
0
0
0
0
0
0
0
0
0
1
0
0
0
0
0
0
0
0
0
0
0
0
1
0
0
0
0
0
0
0
0
0
0
0
0
0
0
0
0
0
0
0
0
0
0
0
0
0
0
0
0
0
0
0
0
0
0
0
0
0
0
0
0
0
0
1
0
1
1
0
0
0
0
0
0
0
0
0
0
0
0
0
0
0
0
0
0
0
0
0
0
0
0
0
0
0
1
0
0
0
0
0
0
0
0
0
0
0
0
0
0
0
0
0
0
0
0
0
0
0
0
0
0
0
0
0
0
0
0
0
0
0
0
0
0
0
0
0
1
0
0
0
0
0
0
0
0
0
0
0
0
0
0
0
0
0
0
0
0
0
0
0
0
0
0
0
0
0
0
0
0
0
0
0
0
0
1
0
0
0
0
0
0
0
0
1
0
0
0
0
0
0
0
0
1
0
1
0
0
0
0
0
0
0
0
1
0
0
0
0
0
0
0
0
0
0
0
0
0
0
0
0
0
0
0
0
0
0
1
0
0
0
1
0
0
0
0
0
0
0
0
0
0
0
0
0
0
0
0
0
0
0
0
0
0
0
0
0
0
0
0
0
0
0
0
0
0
0
0
0
0
0
0
0
0
0
0
0
0
0
0
0
0
0
0
0
0
0
0
0
0
0
0
0
0
0
0
0
0
0
0
0
0
0
0
0
0
0
0
0
0
0
0
0
0
0
0
0
0
0
0
0
0
0
0
0
0
1
2
0
0
0
1
0
0
0
0
0
0
0
0
0
0
0
0
0
0
0
0
0
0
0
0
1
0
1
0
0
0
0
0
0
1
0
0
1
0
0
1
0
0
0
0
0
1
0
0
0
0
0
0
0
0
0
0
0
0
0
0
0
0
0
0
0
0
0
0
0
0
0
0
0
0
0
0
0
0
0
0
0
0
0
0
0
0
0
0
0
0
0
0
0
0
0
0
0
0
0
0
0
0
0
0
1
0
0
0
0
0
0
0
0
0
0
0
0
0
1
0
0
0
0
0
1
0
0
0
0
0
0
0
0
0
0
0
1
0
0
0
0
0
0
0
0
0
0
0
0
0
0
0
0
0
0
0
0
0
0
0
0
0
0
0
0
0
0
1
0
0
0
1
0
1
0
0
0
0
0
0
0
0
0
0
0
0
0
0
0
0
0
0
0
0
0
0
0
0
0
0
0
1
0
0
0
0
0
0
0
0
0
0
0
0
0
0
0
0
0
0
0
0
0
0
1
0
0
0
0
0
0
1
0
0
0
0
0
0
0
0
0
0
0
1
0
0
0
0
0
0
0
0
0
0
0
0
0
0
0
0
0
0
0
0
0
0
0
0
0
1
0
0
0
0
0
0
0
0
0
0
0
0
0
0
0
0
0
0
0
0
0
0
1
0
0
0
0
0
0
0
0
0
0
0
0
0
0
1
0
0
0
0
0
0
0
0
0
0
0
0
0
0
0
0
0
0
0
0
0
0
0
0
0
1
0
0
0
0
0
0
0
0
0
0
1
0
0
0
0
0
0
0
0
0
0
0
0
0
0
0
0
0
0
0
0
0
0
0
0
0
0
0
0
0
0
0
0
0
0
0
0
0
0
0
0
0
0
0
0
0
0
0
0
0
1
0
0
0
0
0
0
0
0
0
0
0
0
0
0
0
0
1
0
0
0
0
0
0
0
0
0
0
0
0
0
0
0
0
0
0
0
0
0
0
0
0
0
0
1
0
0
0
0
0
0
0
0
0
0
0
0
0
0
0
0
0
0
0
0
0
0
0
0
0
0
0
0
0
0
0
0
0
0
0
0
0
0
0
0
0
0
0
0
0
0
0
0
0
0
0
0
0
0
0
0
0
0
0
0
0
0
0
0
0
0
0
0
0
0
0
0
0
0
0
0
0
0
0
0
0
0
1
0
0
0
0
0
0
0
0
0
0
0
0
0
0
0
0
0
0
0
0
0
0
0
0
0
0
1
0
0
0
0
0
0
0
0
0
0
0
0
0
0
0
0
0
0
0
0
0
0
0
0
0
0
0
0
0
0
0
0
0
0
0
0
0
0
0
0
0
0
0
0
0
0
0
0
0
0
0
0
0
0
0
0
0
0
0
0
0
0
0
0
0
0
0
0
0
1
1
0
0
0
0
0
0
0
0
0
0
0
1
0
0
0
0
0
0
0
0
0
0
0
0
0
0
0
0
0
0
0
0
0
0
0
0
0
0
0
0
0
0
0
0
0
0
0
0
0
0
0
0
0
0
0
0
0
0
0
0
0
0
0
0
0
0
0
0
0
0
0
0
0
0
0
0
0
0
1
0
0
0
0
0
0
0
0
0
0
0
0
0
0
0
0
0
0
0
0
0
0
0
0
0
0
0
0
0
0
0
0
0
0
0
0
0
0
0
0
0
0
0
0
0
0
0
0
0
0
0
0
0
0
0
1
0
0
0
0
0
0
0
0
0
0
0
0
0
0
0
0
0
0
0
0
0
0
0
0
0
0
0
0
0
0
0
0
0
0
0
0
0
0
0
0
0
0
0
0
0
0
0
1
0
0
0
0
0
0
0
0
0
0
0
0
0
0
0
0
0
0
0
0
0
0
0
0
0
0
0
0
0
0
0
0
0
0
0
0
0
0
0
0
0
0
0
0
0
0
0
1
0
0
0
0
0
0
0
0
0
0
0
0
0
1
0
0
0
0
0
0
0
0
0
0
0
0
0
0
0
0
0
0
0
0
0
0
0
0
0
0
0
0
0
1
0
0
0
0
0
0
0
0
0
0
0
0
0
0
0
0
0
0
0
0
0
0
0
0
0
0
0
0
0
0
0
0
0
0
0
0
0
0
1
0
0
0
0
0
0
0
0
0
0
0
0
0
0
0
0
0
0
0
0
0
0
0
0
0
0
0
0
0
0
0
0
0
0
0
1
0
0
0
0
0
0
0
0
0
0
0
0
0
0
0
0
0
0
0
0
0
0
0
0
0
1
0
0
0
0
1
0
0
0
0
0
0
0
0
0
0
0
0
0
0
1
0
0
0
0
0
0
0
0
0
0
0
0
0
0
0
0
0
0
0
0
0
0
0
0
0
0
0
0
0
0
0
0
0
0
0
0
0
0
0
0
0
0
0
0
0
0
0
0
0
0
0
0
0
0
0
0
0
1
0
0
0
0
0
0
0
0
0
0
0
0
0
0
0
0
0
0
0
0
0
0
0
0
0
1
0
0
0
0
0
0
0
0
0
0
0
0
0
0
0
0
0
0
0
0
0
0
0
0
1
0
0
0
0
0
0
0
0
0
0
0
0
0
0
0
0
0
0
0
0
0
0
0
0
0
0
0
0
0
0
0
0
0
0
0
0
0
0
0
0
0
0
0
0
0
0
0
0
0
0
0
0
0
0
0
0
0
0
0
0
0
0
0
0
0
0
0
0
0
0
0
0
0
0
0
0
0
0
0
0
0
0
0
1
0
0
0
0
0
0
0
0
0
0
0
0
0
0
0
0
0
0
0
0
0
0
0
0
0
0
0
0
0
0
0
0
0
0
0
0
0
0
0
0
0
0
0
0
0
0
0
0
0
0
0
0
0
0
0
0
0
0
0
0
0
0
0
0
0
0
0
0
0
0
0
0
0
0
0
0
0
0
0
0
1
0
0
0
0
0
0
0
0
0
0
0
0
0
0
0
0
0
0
0
0
0
0
0
0
0
0
0
0
0
0
0
0
0
0
0
0
0
0
0
0
0
0
0
0
0
0
0
0
0
0
0
0
0
0
0
0
0
0
0
0
0
0
0
0
0
0
0
0
0
0
0
0
0
0
0
0
0
0
0
0
0
0
0
0
0
0
0
0
0
0
0
0
0
0
0
0
0
1
0
0
0
0
0
0
0
0
0
0
0
0
0
0
0
0
0
0
0
0
0
0
0
0
0
0
0
0
0
0
0
0
0
0
0
0
0
0
0
0
0
0
0
0
0
0
0
0
0
0
0
0
0
0
0
0
0
0
0
0
0
0
0
0
0
0
0
0
0
0
0
0
0
0
0
0
0
0
0
0
0
0
0
0
0
0
0
0
0
0
0
0
0
0
1
0
0
0
0
0
0
0
0
0
0
0
0
0
0
0
0
0
0
0
0
0
0
0
0
0
0
0
0
0
0
0
0
0
0
0
0
0
0
0
0
0
0
0
0
0
0
0
0
1
0
0
0
0
0
0
0
0
0
0
0
0
0
0
0
0
0
0
0
0
0
0
0
0
0
0
0
0
0
0
0
0
0
0
0
0
0
0
0
0
0
0
0
1
0
0
0
0
0
0
0
0
0
0
0
0
0
0
0
0
0
0
0
0
0
0
0
0
0
0
0
0
0
0
0
0
0
0
0
0
0
0
0
0
0
0
0
0
0
0
0
0
0
0
0
0
0
0
0
0
0
0
0
0
0
0
0
0
0
0
0
0
0
0
0
0
0
0
0
0
1
0
0
0
0
0
0
0
0
0
0
0
0
0
0
0
0
0
0
0
0
0
0
0
0
0
0
0
0
0
0
0
0
0
0
0
0
0
0
0
0
0
0
0
0
0
0
0
0
0
0
0
0
0
0
0
0
0
0
0
0
0
0
0
0
0
0
0
0
0
0
0
0
0
0
0
0
0
0
0
0
0
0
0
0
0
0
0
0
0
0
0
0
0
0
0
0
0
0
0
0
0
0
0
0
0
0
0
0
0
0
0
0
0
0
0
0
0
0
0
0
0
0
0
0
0
0
0
0
0
0
0
0
0
0
0
0
0
0
0
0
0
0
0
0
0
0
0
0
0
0
0
0
0
0
0
0
0
0
0
0
0
0
0
0
0
0
0
0
0
0
0
0
0
0
0
0
0
0
0
0
0
0
0
0
0
0
0
0
0
0
0
0
0
0
0
0
0
0
0
0
0
0
0
0
0
0
0
0
0
0
0
0
0
0
0
0
0
0
0
0
0
0
0
0
0
0
0
0
0
0
0
0
0
0
0
0
0
0
0
0
0
0
0
0
0
0
0
0
0
0
0
0
0
0
0
0
0
0
0
0
0
0
0
0
0
0
0
0
0
0
0
0
0
0
0
0
0
0
0
0
0
0
0
0
0
0
0
0
0
0
0
0
0
0
0
0
0
0
0
0
0
0
0
0
0
0
0
0
0
0
0
0
0
0
0
0
0
0
0
0
0
0
0
0
0
0
0
0
0
0
0
0
0
0
0
0
0
0
0
0
0
0
0
0
0
0
0
0
0
0
0
0
0
0
0
0
0
0
0
0
0
0
0
0
0
0
0
0
0
0
0
0
0
0
0
0
0
0
0
0
0
0
0
0
0
0
0
0
0
0
0
0
0
0
0
0
0
0
0
0
0
0
0
0
0
0
0
0
0
0
0
0
0
0
0
0
0
0
0
0
0
0
0
0
0
0
0
0
0
0
0
0
0
0
0
0
0
0
0
0
0
0
0
0
0
0
0
0
0
0
0
0
0
0
0
0
0
0
0
0
0
0
0
0
0
0
0
0
0
0
0
0
0
0
0
0
0
0
0
0
0
0
0
0
0
0
0
0
0
0
0
0
0
0
0
0
0
0
0
0
0
0
0
0
0
0
0
0
0
0
0
0
0
0
0
0
0
0
0
0
0
0
0
0
0
0
0
0
0
0
0
0
0
0
0
0
0
0
0
0
0
0
0
0
0
0
0
0
0
0
0
0
0
0
0
0
0
0
0
0
0
0
0
0
0
0
0
0
0
0
0
1
0
0
0
0
0
0
0
0
0
1
0
0
0
0
0
0
0
0
0
0
0
0
0
0
0
0
0
0
0
0
1
0
0
0
0
0
0
0
0
0
0
0
0
0
0
0
0
0
0
0
0
0
0
0
0
0
0
0
0
0
0
0
0
0
0
0
0
0
0
0
0
0
0
1
0
0
0
0
0
0
0
0
0
0
0
0
0
0
0
0
0
0
0
0
0
0
0
0
0
0
0
0
0
0
0
0
0
0
0
0
0
0
0
0
0
0
0
0
0
0
0
0
0
0
0
0
0
0
0
0
0
0
0
0
0
0
0
0
0
0
0
0
0
0
0
0
0
0
0
0
0
0
0
0
0
0
0
0
0
0
0
0
0
0
0
0
0
0
0
0
0
0
0
0
0
0
0
0
0
0
0
0
0
0
0
0
0
0
0
0
0
0
0
0
0
0
0
0
0
0
0
0
0
0
0
0
0
0
0
0
0
0
0
0
0
0
0
0
0
0
0
0
0
0
0
0
0
0
0
0
0
0
0
0
0
0
0
0
0
0
0
0
0
0
0
0
0
0
0
0
0
0
0
0
0
0
0
0
0
0
0
0
0
0
0
0
0
0
0
0
0
0
0
0
0
0
0
0
0
0
0
0
0
0
0
0
0
0
0
0
0
0
0
0
0
0
0
0
0
0
0
0
0
0
0
0
0
0
0
0
0
0
0
0
0
0
0
0
0
0
0
0
0
0
0
0
0
0
0
0
0
0
0
0
0
0
0
0
0
0
0
0
0
0
0
0
0
0
0
0
0
0
0
0
0
0
0
0
0
0
0
0
0
0
0
0
0
0
0
0
0
0
0
0
0
0
0
0
0
0
0
0
0
0
0
0
0
0
0
0
0
0
0
0
0
0
0
0
0
0
0
0
0
0
0
0
0
0
0
0
0
0
0
0
0
0
0
0
0
0
0
0
0
0
0
0
0
0
0
0
0
0
0
0
0
0
0
0
0
0
0
0
0
0
0
0
0
0
0
1
0
0
0
0
0
0
0
0
0
0
0
0
0
0
0
0
0
0
0
0
0
0
0
0
0
0
0
0
0
0
0
0
0
0
0
0
0
0
0
0
0
0
0
0
0
0
0
0
0
0
0
0
0
0
0
0
0
0
0
0
0
0
0
0
0
0
0
0
0
0
0
0
0
0
0
0
0
0
0
0
0
0
0
0
0
1
0
0
0
0
0
0
0
0
0
0
0
0
0
0
0
0
0
0
0
0
0
0
0
0
0
0
0
0
0
0
0
0
0
0
0
0
0
0
0
0
0
0
0
0
0
0
1
0
0
0
0
0
0
0
0
0
0
0
0
0
0
0
0
0
0
0
0
0
0
0
1
0
0
1
0
0
0
0
0
0
0
0
0
0
0
0
0
0
0
0
0
0
0
0
0
0
0
0
0
0
0
0
0
0
0
0
0
0
0
0
0
0
0
0
0
0
0
0
0
0
0
0
0
0
0
0
0
0
0
0
0
0
0
0
0
0
0
0
0
0
0
0
0
0
0
0
$ENER_FIT:
-1.4790 0.712350 0.000000e+00
$MCA_CAL:
3
-1.4790 0.712350 0.000000e+00
$ENDRECORD:
