$SPEC_ID:
Sample title.

$MEAS_TIM:
9510.55000 10413.56000
$DATE_MEA:
01/29/2020 11:08:34 AM
$DATA:
0 16383
0
0
0
0
0
0
0
0
0
0
0
0
0
0
0
0
0
0
0
0
0
0
0
0
0
0
0
0
0
0
0
0
0
4520
4576
4518
4426
4295
4201
4296
4404
4324
4904
6363
9393
11531
10905
7806
5193
4260
4303
4224
4267
4137
4181
4213
4168
4162
4212
4125
4224
4325
4229
4462
4250
4323
4404
4493
4390
4475
4404
4473
4442
4469
4570
4624
4709
4833
4828
4733
4840
4696
4992
5012
5006
5255
5300
5483
5407
5500
5477
5552
5457
5475
5504
5575
5684
5949
6050
6115
6047
6275
6621
7811
9025
10563
12026
13076
13247
11085
9315
8311
6837
5756
5232
5165
5078
5066
5500
6141
7334
7932
7873
7242
7036
6933
6272
5684
5139
5218
4899
4744
4942
4765
4691
4676
4663
4666
4826
4690
4653
4869
4758
4752
4748
4787
4776
4775
4986
5082
5037
4872
4758
4716
4827
4971
5039
5008
5095
5022
5027
4975
4964
4986
4970
4977
4959
5185
5101
4992
5000
5069
5430
5681
5670
5480
5396
5566
5512
5423
5407
5194
5258
5310
5208
5609
5384
5402
5441
5321
5139
5209
5063
5116
5242
5078
5100
5121
5253
5357
5062
4924
5103
4881
5015
5110
4958
5014
4983
5031
4983
4977
4919
4843
4801
4779
4823
4962
4836
4720
4854
4745
4763
4828
4796
4820
4782
4856
4927
4896
4854
4891
4935
4959
4880
4908
4748
4900
4751
4765
4788
4737
4858
4791
4889
4816
4758
4813
4862
4728
4780
4818
4884
4758
4760
4788
4774
4778
4769
4689
4639
4743
4703
4686
4633
4782
4672
4867
4724
4737
4578
4735
4671
4628
4575
4612
4789
4621
4717
4803
4909
4846
4668
4721
4570
4617
4588
4670
4590
4631
4613
4811
4709
4635
4658
4761
4809
4804
4867
5168
5314
5266
5363
5494
5640
5739
6123
6291
6437
6752
6737
6669
6552
6464
6287
5995
5885
5685
5381
5381
5304
5290
5509
5663
6041
6132
6035
6011
5949
5726
5714
5740
5542
5622
5593
5515
5697
5751
5749
5827
5981
5933
5978
6101
6209
6145
6367
6264
6170
6477
6221
6137
6007
5988
5918
5822
5778
5602
5464
5608
5359
5414
5382
5305
5255
5212
5204
5276
5264
5112
5255
5409
5341
5324
5294
5356
5416
5452
5564
5403
5594
5586
5696
5905
5991
6084
6035
6144
6236
6354
6458
6469
6342
6551
6622
6465
6372
6477
6315
6109
6287
6380
6323
6084
6016
5809
5685
5719
5268
5527
5335
5340
5263
5060
4978
5080
4952
5015
5110
5111
5097
5129
4877
4838
4767
4693
4641
4628
4743
4533
4561
4620
4385
4623
4342
4382
4421
4343
4439
4319
4368
4444
4440
4351
4412
4377
4444
4503
4320
4158
4048
4139
4161
3983
4066
3958
4020
4025
3862
3933
4014
3897
3892
3855
3842
3904
3903
3926
3847
3969
3723
3808
3849
3851
3804
3842
3840
3803
3731
3852
3836
3895
3988
3864
3594
3594
3549
3528
3494
3620
3543
3507
3537
3470
3646
4070
4382
4605
4090
3536
3367
3483
3350
3404
3354
3392
3301
3353
3408
3197
3395
3326
3258
3306
3375
3286
3462
3427
3350
3348
3211
3286
3242
3248
3214
3188
3261
3192
3207
3170
3239
3250
3174
3173
3154
3275
3317
3565
3555
3440
3407
3198
3113
3081
3010
3118
3164
3065
3007
3100
3191
3009
3205
3122
3025
3037
3160
3075
3114
3035
3016
3089
3447
3992
4498
4309
3627
3309
3129
3000
2966
3003
3038
2962
2999
3116
3000
3016
3006
3028
3125
3073
3023
2991
2899
2886
2952
2922
3088
2937
3043
2907
3040
2936
2947
3036
2938
2891
2908
2908
2962
2970
2992
2913
2954
2875
2951
2810
2898
2872
2901
2794
2831
2978
2965
2862
2940
2982
2906
2911
2947
2878
2896
2818
2880
2828
2879
2865
2812
2845
2886
2848
2849
2814
2874
2969
2835
2860
2877
3031
3208
3471
3650
3488
3031
2874
2928
2950
2857
2884
2990
2887
2850
2916
2964
2895
2908
2864
2891
2990
3185
3580
4742
6272
7865
9209
10404
11099
11642
11831
12085
11926
12183
12222
12094
11856
11676
11113
10617
10001
8836
7399
5760
4293
3378
2906
2718
2738
2750
2660
2718
2697
2619
2713
2696
2729
2716
2719
2744
2654
2728
2653
2782
2714
2703
2755
2790
2752
2822
2738
2838
2780
2862
2966
3391
4493
7340
11506
16319
19195
18081
14023
9103
5601
3756
3138
2861
2803
2742
2744
2698
2667
2727
2749
2714
2539
2675
2635
2612
2651
2654
2581
2576
2590
2643
2617
2597
2583
2571
2705
2710
2694
2617
2654
2602
2562
2634
2616
2605
2598
2628
2539
2708
2654
2693
2574
2626
2579
2754
2667
2763
3038
3006
2991
2735
2705
2637
2540
2626
2566
2528
2602
2655
2679
2619
2604
2659
2576
2611
2660
2594
2660
2689
2633
2580
2713
2612
2652
2801
2668
2651
2645
2739
2673
2603
2689
2681
2610
2638
2657
2573
2671
2689
2535
2551
2637
2553
2600
2718
2983
3283
3572
3401
3099
2765
2625
2619
2780
2777
2767
2642
2686
2665
2678
2646
2595
2672
2686
2575
2752
2627
2755
2718
2777
2643
2737
2717
2758
2767
2664
2634
2661
2730
2651
2726
2672
2782
2769
2785
2677
2677
2667
2646
2669
2633
2676
2562
2614
2637
2612
2712
2689
2652
2663
2519
2723
2632
2649
2569
2672
2590
2598
2611
2602
2571
2627
2664
2602
2693
2690
2670
2716
2655
2601
2628
2643
2628
2619
2548
2675
2702
2615
2689
2653
2528
2626
2610
2700
2715
2688
2826
2703
2630
2640
2669
2683
2621
2605
2606
2661
2586
2703
2771
2845
2714
2697
2802
2578
2603
2666
2646
2688
2637
2719
2653
2639
2638
2668
2606
2583
2475
2683
2561
2576
2679
2623
2678
2581
2587
2563
2665
2589
2596
2659
2660
2712
2672
2615
2703
2552
2606
2668
2677
2573
2628
2576
2591
2553
2736
2600
2704
2741
2986
3103
2958
2845
2718
2735
2685
2768
2665
2806
2678
2769
2841
2682
2685
2639
2684
2728
2665
2614
2704
2675
2718
2655
2639
2670
2777
2705
2675
2750
2729
2748
2553
2686
2678
2743
2733
2704
2685
2714
2658
2621
2714
2590
2688
2569
2704
2685
2658
2773
2668
2669
2721
2751
2616
2746
2787
2683
2622
2640
2666
2667
2611
2640
2614
2589
2636
2698
2706
2569
2720
2670
2774
2710
2680
2593
2623
2727
2711
2674
2704
2646
2695
2709
2710
2711
2658
2704
2729
2715
2796
2862
3032
3015
2894
2872
2808
2656
2638
2694
2740
2635
2668
2698
2605
2726
2898
2943
2995
2982
2673
2795
2728
2720
2771
2662
2656
2753
2759
2711
2724
2795
2741
2719
2647
2689
2645
2752
2697
2721
2674
2712
2852
3018
2885
3190
3043
3002
2779
2714
2709
2568
2728
2775
2704
2784
2760
2725
2710
2691
2651
2715
2765
2661
2730
2731
2771
2751
2772
2755
2690
2698
2752
2770
2755
2678
2863
2748
2759
2684
2805
2690
2695
2597
2617
2761
2766
2692
2654
2659
2671
2664
2794
2817
2738
2768
2736
2686
2677
2779
2766
2779
2848
2852
3152
3526
4253
4505
4162
3422
2908
2771
2856
2770
2746
2792
2769
2742
2731
2714
2789
2671
2750
2638
2798
2799
2864
3006
2941
2916
2935
2816
2733
2641
2710
2745
2772
2840
2755
2776
2783
2786
2781
2709
2813
2807
2788
2696
2853
2889
2945
3070
3019
3070
3222
3347
3206
3013
2830
2906
2953
3228
3291
3126
3051
2830
2778
2697
2810
2807
2750
2715
2858
2753
2675
2639
2675
2792
2736
2752
2755
2780
2670
2734
2799
2811
2931
2848
2971
2836
2791
2932
3016
3109
2973
2797
2867
2817
2831
2881
2924
2849
2907
2861
2720
2836
2816
2881
2881
2764
2702
2854
2958
3138
3405
3443
3324
3117
2891
2806
2735
2802
2869
2758
2844
2759
2804
2712
2770
2834
2755
2843
2816
2793
2732
2949
2867
2877
2806
2731
2864
2776
2794
2899
2760
2849
2864
2869
2940
2808
2840
2839
2879
2973
2956
2963
2886
3012
3003
3162
3601
4051
4197
3974
3355
2988
2933
2912
2872
2922
2806
2868
2906
2863
2881
2843
2884
2964
2883
2873
2967
2915
2924
2904
2930
2862
2923
2921
2975
2873
2902
2866
2910
2985
2853
2872
2903
3024
3206
3273
3349
3223
3069
2961
2907
2880
2888
2986
2868
2964
2951
3026
3040
3029
3128
3018
3311
4288
6089
7461
7534
6371
4533
3366
3069
3038
3030
2897
2840
3008
3002
3087
2969
3050
2992
2935
3005
3012
3014
3140
3042
3022
2952
2992
2945
3112
3070
3115
2951
2968
3034
3021
3057
3106
2994
2981
3097
3127
3202
3689
4470
5275
5988
6010
5111
4057
3448
3034
3194
3134
3135
3105
3298
3239
3510
3426
3346
3214
3163
3155
3165
3160
3097
3138
3056
3107
3134
3106
3119
3145
3174
3177
3224
3230
3178
3145
3059
3229
3114
3181
3212
3075
3222
3102
3161
3291
3149
3179
3221
3209
3121
3173
3161
3199
3173
3118
3191
3199
3202
3277
3150
3274
3214
3151
3290
3073
3232
3130
3241
3113
3158
3164
3214
3334
3243
3155
3203
3296
3219
3238
3361
3217
3234
3261
3397
3724
4026
3975
3889
3514
3420
3352
3318
3246
3212
3301
3188
3250
3235
3252
3292
3297
3235
3230
3296
3432
3470
3605
3448
3405
3313
3343
3266
3288
3352
3344
3291
3293
3309
3354
3220
3480
3574
3608
3641
3733
3780
3784
3767
3556
3417
3334
3383
3306
3368
3258
3341
3410
3454
3518
3332
3517
3337
3325
3389
3320
3364
3411
3392
3302
3470
3470
3375
3407
3349
3520
3466
3573
3771
3861
3780
3643
3554
3522
3413
3477
3429
3480
3461
3439
3399
3402
3484
3537
3457
3584
3558
3601
3516
3612
3553
3521
3402
3574
3494
3516
3503
3571
3463
3533
3495
3533
3458
3511
3544
3521
3473
3570
3560
3472
3592
3556
3633
3616
3547
3660
3629
3496
3629
3510
3544
3546
3599
3579
3643
3794
3754
3790
3836
3865
3761
3822
3831
3741
3768
3863
3945
4015
3813
3832
3697
3672
3595
3652
3761
3740
3679
3621
3604
3774
3819
3705
3796
3697
3866
3678
3651
3833
3694
3696
3726
3798
3796
3938
4168
4253
4106
3940
3929
3785
3794
3910
4530
6792
11149
16800
19427
17037
11636
6928
4795
4166
4261
4087
4120
4098
4023
4120
4117
4264
4207
4214
4291
4225
4218
4242
4246
4199
4324
4209
4232
4321
4148
4207
4294
4322
4258
4321
4425
4290
4279
4290
4345
4294
4532
4390
4434
4320
4363
4490
4359
4424
4504
4462
4289
4495
4381
4412
4484
4447
4410
4362
4348
4398
4514
4529
4624
4589
4589
4513
4400
4547
4523
4562
4487
4582
4421
4646
4527
4566
4604
4733
4508
4716
4625
4669
4693
4846
5333
5990
6601
6812
6536
5555
5073
5027
5059
5366
5800
5978
6033
5634
5452
4988
4929
4893
4998
4993
4960
4950
4872
4796
4810
4904
4826
4840
4853
4896
4938
5242
5500
5646
5771
5571
5176
5023
4858
4826
4916
4882
4826
4946
4839
4882
5026
4950
5059
4918
5051
4931
4950
4980
4882
5122
4940
4973
5028
4991
4930
4963
5159
5222
5330
5194
5229
5070
5138
5179
5168
5147
5112
5052
5220
5179
5093
5106
5133
5121
5261
5237
5270
5386
5519
5227
5427
5215
5259
5208
5247
5295
5252
5282
5256
5259
5088
5221
5338
5270
5342
5246
5411
5306
5381
5182
5198
5308
5425
5423
5325
5354
5395
5583
5771
6051
6435
6195
5812
5540
5561
5383
5473
5453
5453
5428
5432
5458
5547
5578
5510
5672
5548
5588
5442
5600
5614
5545
5765
5565
5605
5591
5704
5659
5750
5601
5817
6163
6028
5957
5754
5735
5638
5742
5898
5766
5862
6093
6249
6631
6767
6723
6326
6136
6007
5910
5929
5880
6047
6092
6241
6084
6347
6078
6160
5978
6043
5979
5952
5979
6139
6168
6048
5993
6089
6162
6064
6016
6109
6094
6062
6086
6189
6023
6133
6105
6003
6136
6132
6212
6115
6163
6137
6118
6303
6499
6838
7849
8606
8715
8050
7074
6479
6155
6250
6132
6028
6152
6300
6193
6300
6146
6260
6247
6295
6272
6262
6357
6331
6412
6517
6421
6254
6455
6412
6346
6424
6364
6385
6545
6511
6370
6683
6556
6762
6687
6536
6656
6585
6452
6528
6557
6522
6625
6582
6493
6660
6569
6654
6656
6536
6799
6570
6525
6535
6697
6458
6632
6680
6713
6622
6650
6628
6600
6665
6679
6525
6685
6615
6764
6542
6565
6739
6635
6670
6714
6610
6725
6715
6796
6663
6647
6748
6617
6910
6908
6614
6911
6640
6749
6783
6924
6772
6870
6892
6767
6871
6731
6684
6853
7055
6857
7008
6902
6853
6880
6962
7004
7044
6950
7183
7227
7267
7072
7102
7102
6827
7024
7132
6968
7166
7118
7177
7068
7236
7219
7101
7188
7236
7169
7281
7169
7274
7156
7204
7248
7230
7255
7179
7340
7247
7260
7233
7324
7412
7391
7394
7286
7289
7406
7400
7255
7467
7452
7453
7394
7478
7292
7395
7508
7534
7682
8142
8472
8875
8574
8321
7953
7489
7559
7629
7636
7636
7669
7597
7495
7552
7617
7568
7682
7658
7664
7660
7714
7609
7754
7554
7691
7621
7637
7627
7609
7414
7563
7551
7653
7671
7611
7634
7606
7647
7622
7586
7495
7509
7537
7524
7287
7350
7446
7375
7377
7357
7456
7324
7352
7301
7256
7412
7283
7317
7307
7256
7319
7211
7271
7316
7266
7198
7217
7161
7339
7416
7377
7217
7348
7296
7352
7272
7133
7333
7296
7204
7217
7397
7270
7322
7299
7564
7277
7402
7654
8166
8400
8182
8252
7799
7706
7721
7538
7459
7304
7579
7345
7389
7332
7560
7297
7522
7493
7503
7597
7357
7509
7522
7345
7552
7475
7551
7511
7511
7489
7770
7948
7792
7778
7699
7645
7633
7591
7582
7646
7693
7706
7681
7760
8124
8719
9678
10824
11334
10775
9621
8628
7888
7764
7803
7937
8024
7845
7969
8109
7961
8256
8224
8237
8202
8131
8082
8176
8247
8073
8036
8057
8269
8266
8437
8560
8611
8740
8323
8205
8438
8229
8395
8357
8516
8506
8483
8521
8634
8741
8655
8809
8862
8720
8678
8829
8902
8771
9041
9025
8925
8936
8955
8944
9106
8983
9231
9155
9226
9288
9186
9256
9472
9359
9541
9479
9649
9840
9850
9730
9998
10495
12028
16226
22222
27535
28521
24868
19527
16032
14461
13295
12006
11106
10672
10555
10625
10666
10698
10962
10850
11034
11227
11048
11165
11103
11398
11502
11405
11359
11572
11670
11534
11706
11708
11930
11958
12109
11995
12366
12272
12364
12487
12882
13186
13108
13530
14653
16960
22770
34166
51365
69784
80895
78720
65180
46595
31019
21252
17084
15217
14548
14489
14467
14290
14468
14300
14396
14385
14665
14869
14887
14936
14974
14915
15064
14984
14809
15007
15318
15054
15161
15285
15407
15550
15547
15630
15691
15554
15743
15665
15576
15631
15459
15791
16059
15612
16010
15997
16096
16051
15941
16146
16104
16196
16251
16176
16435
16196
16200
16373
16418
16459
16394
16690
16502
16312
16595
16833
16784
16769
16878
16841
16684
17058
16779
16881
16896
16838
16662
16978
17026
17085
17102
17062
17045
17171
17219
17404
17212
17691
17527
18755
23355
35977
58938
82777
93172
81793
56617
34245
22561
18571
17987
17835
17784
17243
17444
17523
17608
17803
17794
17661
17562
17633
17607
17721
17648
17930
17587
17743
17784
17777
17760
17804
17984
18022
18097
18140
17810
18013
17961
18017
18212
18258
18065
17954
17986
18217
18278
18304
18387
18430
18440
18428
18286
18617
18420
18600
18326
18456
18536
18865
18646
18449
18713
18772
18807
18634
18657
18804
18879
19117
18849
18955
19070
19197
19182
19001
19113
19168
19335
19149
19181
19405
19228
19564
19772
19439
19509
19585
19702
19581
19514
19661
19574
19443
19665
19882
19799
20016
19768
20221
20034
20150
20163
19991
20093
20192
20627
21083
21143
21379
21673
21112
20650
20654
20346
20513
20670
20568
20585
20799
20708
20952
20842
21220
21387
21255
21000
20933
21121
21144
21228
21201
21429
21260
21185
21403
21236
21678
21632
21753
21614
21676
21390
21744
22051
21788
22085
22109
23544
27751
35681
48172
58194
59670
50741
38265
28487
24058
22823
22615
22644
22605
22687
22759
22557
22501
23198
22860
22964
23013
22907
23119
23129
23054
23139
23298
23132
23299
23345
23712
23563
23476
23750
23495
23775
23704
23734
23855
24049
23948
23691
23838
24314
24247
24238
24083
24213
24495
24408
24375
25034
24697
24683
24682
24907
24931
24885
25017
25012
25278
25406
26088
25899
25904
26199
25636
25989
25768
25488
25751
25708
25731
25714
26318
25995
26158
26366
26267
26255
26282
26426
26682
26491
26546
26713
27032
26735
27156
27369
27186
27258
27256
27377
27273
27248
27358
27780
27932
27611
27790
27789
28024
28243
28345
28335
28216
28430
28484
28437
28330
28402
28815
28679
28998
28636
28798
28660
29188
29166
29099
29585
29293
29140
29484
29253
29602
29657
29847
29745
29817
30122
30039
29865
29718
29817
29865
30219
30302
30359
30524
30485
30710
30957
30638
30322
30321
30677
30500
30416
30240
30018
29044
29141
28342
27955
27223
26283
25633
25368
24631
24880
25687
27610
29209
30134
28795
26059
23299
22215
21549
21155
21097
20753
21063
20793
20604
20858
20834
20785
20656
20502
20116
19928
19832
19607
19787
19383
19520
19310
19393
19285
19097
18945
18993
19041
18762
18767
18739
18866
18577
18504
18035
18424
18268
18207
18271
18119
18024
18005
17878
17740
17803
17357
17514
17529
17448
17377
16804
17037
17266
16971
16919
16754
16814
16823
16719
16230
16578
16384
16291
16198
16051
16244
15633
15886
15769
15734
15444
15509
15276
15166
14960
14901
14912
14853
15006
14696
14589
14495
14178
14194
14188
13988
14034
13748
13744
13767
13207
13591
13193
13068
12932
13024
12936
12883
12790
12471
12356
12443
12304
12348
12029
12062
11827
11825
11797
11802
11466
11457
11333
11139
11128
10856
10970
10913
10598
10448
10497
10407
10325
10187
10314
10080
10004
9813
9648
9609
9553
9379
9298
9110
8993
8953
8949
8744
8699
8545
8586
8517
8284
8432
8189
8117
8399
8649
8815
9234
8940
8428
7916
7610
7396
7163
7305
7010
6907
6893
6734
6570
6663
6447
6532
6389
6253
6184
5984
5993
5924
5825
5877
5800
5707
5649
5693
5530
5495
5527
5430
5189
5115
5014
5086
4894
5000
4986
5022
5012
5484
5781
5930
5821
5495
4885
4765
4652
4573
4606
4495
4481
4384
4440
4434
4299
4496
4311
4129
4295
4318
4273
4340
4319
4114
4107
4178
4096
4199
4130
4183
4071
4087
4111
4080
4086
4114
4090
4043
4142
4076
3924
4043
3923
4038
4114
4123
4021
4097
3944
3987
3883
3954
3818
3811
3893
3647
3840
3720
3689
3696
3594
3665
3739
3753
3811
3752
3793
3640
3689
3602
3473
3519
3361
3440
3575
3515
3543
3395
3501
3440
3453
3366
3421
3388
3353
3376
3339
3325
3227
3307
3287
3243
3290
3396
3504
3450
3314
3363
3366
3425
3379
3359
3563
3539
3712
3847
3921
3865
3868
3790
3968
4145
4838
7273
19880
68866
215037
525292
983309
1393230
1499085
1212005
728293
321187
101455
23486
4629
1610
1193
1087
1011
1030
1010
967
896
880
827
872
817
777
800
815
740
718
748
748
667
707
683
689
746
717
727
739
742
660
622
611
661
702
658
714
757
799
912
882
905
746
696
663
614
638
664
718
802
705
665
653
598
553
596
588
592
672
744
932
1256
1491
1623
1383
1105
826
666
616
582
613
645
626
667
817
1111
1721
2433
2831
2827
2217
1358
898
622
600
551
586
561
567
564
572
560
618
618
642
612
583
572
546
522
565
579
604
577
556
537
518
535
510
545
539
537
544
544
594
618
646
687
654
616
582
567
511
531
521
505
518
656
645
676
756
743
735
626
638
549
520
481
505
519
505
490
496
507
507
547
527
515
503
532
516
448
540
495
506
500
510
482
493
511
507
493
530
495
480
505
567
543
564
563
545
523
534
455
514
509
497
488
484
515
494
487
528
525
480
507
482
487
498
466
517
467
481
470
461
479
472
471
438
488
489
468
486
457
438
455
497
475
453
476
487
484
501
520
540
566
593
517
465
508
499
432
487
470
465
474
457
459
464
472
469
417
436
466
451
442
474
494
442
418
424
445
436
424
402
446
454
463
455
410
409
437
430
454
457
442
432
459
480
448
461
447
440
416
431
446
426
432
481
504
493
471
475
490
414
426
447
460
413
433
441
490
441
426
437
427
434
437
416
426
409
374
416
382
385
416
391
443
422
429
426
419
513
493
552
550
512
527
558
620
755
878
906
920
872
788
679
586
520
426
496
463
413
467
417
459
437
440
455
453
421
427
416
416
393
442
465
453
432
423
443
449
428
441
452
465
449
458
450
437
486
471
452
417
450
451
449
420
432
420
458
480
468
552
532
504
490
473
457
445
428
456
410
451
472
478
422
454
490
459
470
459
479
501
549
600
578
581
621
526
510
461
485
514
586
627
708
833
806
734
661
533
504
460
475
519
588
851
1691
3317
5801
8050
8995
8045
5485
3106
1742
953
772
619
518
532
442
485
489
495
489
482
462
494
501
478
503
482
497
490
460
481
536
490
490
491
471
478
457
473
475
455
492
500
555
530
469
529
575
484
543
507
506
493
483
475
487
495
465
477
454
511
478
501
480
520
532
546
509
537
482
520
551
534
553
544
543
478
546
499
496
575
625
739
1012
1257
1500
1380
1188
827
652
561
532
501
463
497
506
482
538
566
796
1111
1699
2122
2398
2036
1433
954
651
554
516
503
477
474
471
498
493
502
480
455
457
470
455
451
460
474
473
498
510
457
487
478
486
469
495
454
459
490
484
536
460
503
475
488
475
508
491
497
443
504
549
709
889
968
1056
973
843
647
516
499
518
560
502
498
487
494
461
452
492
485
494
449
472
479
466
470
460
472
508
476
484
476
457
506
516
507
448
467
450
522
482
545
566
712
819
1026
1096
1060
962
723
594
547
520
511
532
546
506
509
520
502
506
487
495
527
476
458
467
509
561
480
492
490
494
547
499
539
524
504
509
521
482
545
519
523
546
493
508
525
554
519
526
512
519
526
491
544
513
508
505
513
566
546
507
494
521
528
540
514
496
534
513
511
519
492
528
537
523
532
583
657
734
819
832
756
624
611
566
543
507
521
494
520
556
496
541
536
515
562
535
522
579
515
537
526
526
563
611
600
602
609
530
549
558
625
682
648
651
614
553
510
525
507
486
466
470
496
458
490
492
507
500
528
482
492
480
439
498
476
507
542
522
531
506
501
514
474
501
519
513
493
505
521
485
525
486
479
471
518
479
469
520
500
481
514
472
482
486
511
445
509
487
511
500
512
516
489
476
531
478
480
491
492
462
529
514
513
494
459
493
522
479
519
516
510
551
571
548
580
583
547
548
508
522
483
534
510
447
506
463
484
495
478
503
462
484
466
480
460
462
431
498
425
471
484
474
449
454
463
451
469
493
478
477
542
628
887
1208
1641
2033
2011
1640
1241
800
591
531
523
602
710
1019
1475
2136
2636
2661
2258
1593
1028
704
598
502
532
495
513
475
441
447
511
452
486
453
450
451
492
493
460
421
488
445
453
431
467
449
457
456
518
495
463
459
424
464
430
437
456
458
497
442
441
467
503
476
455
456
505
419
439
418
476
421
388
435
436
431
452
463
448
472
476
514
479
474
476
444
482
518
485
478
426
474
443
454
481
513
532
503
485
449
444
446
420
394
457
487
436
456
420
430
495
482
414
457
474
420
433
419
423
441
426
397
431
434
443
424
421
454
392
443
417
431
444
446
409
430
460
446
494
427
464
471
452
534
514
563
505
491
469
417
432
439
390
407
422
377
470
430
440
428
465
439
410
433
450
418
426
467
447
413
418
430
458
423
403
442
408
425
419
420
427
449
443
451
479
585
609
710
831
968
960
965
952
881
1139
1670
2677
3700
4237
3858
2972
1880
998
618
511
475
438
452
472
460
442
467
472
454
478
463
487
495
478
471
471
492
428
466
441
426
453
497
442
479
510
455
508
506
572
552
556
632
590
580
506
469
455
480
477
480
451
518
504
470
474
471
489
449
417
511
478
490
495
484
492
451
502
483
499
484
507
504
555
615
777
965
1232
1289
1267
1059
856
722
708
812
1032
1384
1802
2093
2161
2052
1607
1264
879
728
610
576
584
620
615
589
689
807
1247
1943
2895
3731
3914
3355
2394
1504
909
623
580
526
524
542
505
530
536
564
551
533
516
533
547
598
525
592
581
550
598
558
601
560
561
576
538
518
559
545
513
490
519
551
565
505
531
582
513
528
580
565
547
530
555
605
528
503
562
548
516
552
557
543
612
642
596
691
676
763
800
843
819
755
606
658
588
586
579
560
537
562
564
579
599
600
549
571
520
541
525
553
567
581
602
588
568
567
565
554
592
535
576
596
583
584
579
579
604
638
625
561
591
611
676
720
769
719
652
619
596
592
640
568
570
625
522
610
605
579
602
588
605
584
626
632
649
661
709
716
670
692
638
606
603
597
604
589
595
609
610
571
611
630
669
657
710
692
721
657
687
622
662
626
641
640
623
695
708
640
645
649
657
597
636
619
668
667
679
649
687
650
717
703
749
749
822
1040
1331
1851
2428
3087
3410
3532
3012
2354
1688
1280
1003
882
861
867
849
840
762
776
755
783
721
675
785
700
722
730
676
746
706
741
787
745
706
755
714
726
727
705
725
770
722
726
790
726
798
748
787
763
760
779
789
746
755
802
758
715
697
701
775
806
784
789
829
802
775
750
817
790
789
748
790
800
762
774
780
828
756
808
787
740
702
816
767
818
763
742
797
825
747
786
779
767
796
783
785
778
774
800
817
860
849
836
843
937
889
854
896
812
805
819
870
837
780
773
784
803
794
781
773
848
791
813
748
757
825
804
705
797
770
840
800
798
803
780
738
788
831
796
871
863
889
904
979
1009
1016
952
912
859
880
877
839
862
832
853
796
816
847
875
855
911
895
858
865
859
879
837
792
828
796
879
824
787
910
818
869
815
820
803
845
810
820
836
821
810
793
849
802
816
805
839
918
947
1062
1112
1171
1186
1180
1138
996
938
823
825
801
820
770
788
809
766
795
759
844
821
804
807
770
777
731
790
821
811
785
813
752
732
757
816
763
731
767
814
751
795
797
774
783
792
790
771
811
773
780
882
861
926
942
937
1052
960
943
850
869
820
890
941
962
1058
1020
1020
1026
894
873
835
785
775
770
744
784
748
804
848
780
786
813
789
778
781
754
741
791
850
911
961
925
933
920
921
840
790
797
795
843
789
801
890
872
960
844
831
849
810
865
785
807
747
761
823
726
784
743
792
812
766
754
733
736
813
820
838
869
913
914
961
897
866
822
778
764
778
748
746
785
761
769
802
755
742
796
785
746
760
792
781
759
764
798
774
794
718
778
807
784
760
762
772
791
725
736
748
729
755
725
730
733
759
761
801
775
762
792
745
776
726
739
773
724
740
687
757
735
745
742
738
791
754
748
726
728
712
709
706
678
647
653
675
650
632
654
681
627
680
621
666
606
625
640
636
629
649
686
629
633
626
610
597
631
637
650
668
828
1086
1451
2118
2585
2969
2863
2288
1609
1099
822
655
613
633
674
594
623
641
638
600
615
606
597
603
544
566
638
626
650
590
688
642
787
866
1082
1316
1372
1399
1146
930
764
703
655
574
625
639
643
616
604
593
535
599
578
586
598
619
601
594
618
597
650
651
620
612
614
582
593
589
554
646
567
603
611
577
590
573
585
544
608
610
544
534
567
587
595
571
569
553
587
590
535
536
638
823
1221
2269
3856
6192
8446
9663
9026
6990
4469
2409
1231
814
689
717
795
831
802
722
587
577
500
511
499
537
527
528
497
513
476
496
479
502
502
517
489
489
524
489
511
510
523
537
632
713
747
751
736
719
618
524
507
468
470
520
480
484
501
499
479
494
492
511
484
457
500
485
478
503
446
448
466
454
465
457
460
454
458
458
497
438
424
488
474
527
699
1021
1284
1650
1956
1873
1563
1133
799
627
518
474
497
489
465
509
491
483
437
475
484
457
452
475
492
418
475
448
436
478
419
443
437
441
455
467
443
464
457
444
495
436
456
530
578
629
747
886
985
942
859
724
680
558
490
457
479
437
420
490
439
440
475
465
456
449
480
454
457
463
510
545
518
457
460
453
425
430
435
446
428
445
411
466
434
405
438
471
448
452
435
445
449
438
428
433
485
446
465
501
487
496
471
488
471
434
471
471
446
449
464
510
499
556
553
529
510
487
567
685
1083
2139
4179
7129
10929
13569
14221
12242
8580
5075
2741
1350
1048
997
1159
1084
993
774
609
515
398
392
400
409
416
414
385
448
406
453
409
436
420
411
405
451
424
443
410
455
456
440
442
375
440
424
439
459
540
575
603
569
549
494
539
521
484
455
471
437
431
421
429
443
427
416
390
410
413
404
424
394
400
448
415
403
397
419
432
399
441
443
416
430
432
444
432
426
427
406
417
427
419
429
406
405
427
430
424
480
488
545
632
783
901
937
998
913
785
607
551
491
447
444
431
438
455
449
432
400
444
425
407
384
442
420
436
376
403
463
393
416
417
466
411
452
501
445
381
442
420
445
424
442
461
453
452
418
413
432
441
438
435
419
433
448
454
448
494
506
578
671
686
703
645
568
541
453
446
420
423
420
428
411
410
438
444
428
453
415
471
452
465
436
430
440
454
430
433
449
415
428
440
446
458
455
470
411
419
434
459
448
407
494
438
495
480
509
506
550
575
628
628
549
484
506
441
469
443
433
419
453
451
464
431
415
474
427
418
441
435
430
453
457
419
414
472
447
445
425
464
544
597
747
992
1266
1404
1364
1148
935
710
660
693
795
1025
1076
1092
932
793
606
561
480
479
474
462
422
457
443
481
433
497
457
477
476
460
434
477
510
531
565
718
923
1109
1210
1246
1091
878
670
638
563
556
648
677
836
881
906
977
801
725
637
520
543
490
476
504
505
476
447
445
426
414
425
422
432
434
452
444
527
522
525
506
556
530
497
453
505
497
416
440
469
479
453
447
465
476
474
502
499
468
510
496
474
498
525
487
500
475
519
534
508
580
577
505
522
550
496
463
437
450
473
470
499
499
554
503
556
578
576
584
552
541
535
496
479
483
477
455
459
471
520
445
464
480
476
446
451
484
517
477
535
458
474
494
525
527
501
505
466
463
483
483
476
531
455
496
524
484
507
470
497
512
538
458
511
518
490
455
468
506
506
463
524
521
490
519
496
483
486
507
491
508
511
498
485
510
521
485
500
490
524
536
495
511
514
525
528
570
601
668
886
1144
1695
2509
3274
4109
4503
4197
3497
2630
1960
1315
956
798
650
651
568
562
594
583
596
604
578
597
591
560
688
622
673
725
811
770
747
733
631
641
573
621
563
605
575
602
603
568
626
582
594
532
599
589
600
573
617
616
567
576
610
560
607
570
586
560
599
598
550
587
529
618
548
581
582
590
614
563
581
575
594
570
594
518
604
613
568
626
576
627
618
647
639
583
565
608
602
581
602
570
608
583
618
583
612
591
587
635
635
589
604
657
677
582
610
569
610
596
638
558
568
586
576
608
564
612
571
595
584
579
577
642
623
635
610
574
585
601
605
585
555
592
581
589
555
591
549
560
610
571
630
622
595
555
597
578
551
570
550
606
591
602
645
605
664
610
647
666
640
655
656
677
615
652
621
549
606
568
572
605
560
609
613
571
619
643
607
601
634
631
648
642
608
631
697
802
974
1260
1704
2132
2399
2570
2081
1614
1156
890
692
629
628
626
646
598
598
660
622
619
618
620
676
723
698
754
822
834
765
692
719
700
627
591
582
613
616
586
643
600
630
598
601
623
581
646
636
618
614
588
654
614
622
663
676
698
642
646
667
594
679
671
663
632
706
760
832
870
950
1056
1030
983
888
787
767
676
667
711
677
653
681
662
671
658
641
661
679
656
641
661
678
673
633
647
681
628
616
652
676
669
616
734
657
611
661
667
669
659
711
674
667
675
675
666
674
673
665
771
681
724
711
730
756
804
731
855
842
876
1016
1099
1217
1108
1035
1027
895
820
748
736
694
714
649
652
670
668
699
676
665
713
691
700
718
696
710
715
711
718
763
773
790
882
1014
1208
1496
1888
2092
2032
1910
1615
1120
993
890
877
811
787
838
905
987
1055
1447
1751
2181
2547
2542
2134
1803
1323
1064
848
809
762
780
692
719
741
695
715
693
686
734
770
901
994
1184
1421
1586
1623
1494
1424
1175
966
892
786
795
778
731
687
682
687
727
724
715
686
685
652
736
703
790
674
711
662
663
689
715
736
673
720
737
687
717
682
680
670
678
731
685
719
686
689
702
683
678
703
660
675
718
701
661
658
693
673
676
688
677
680
654
688
690
672
718
704
656
720
739
677
726
723
646
719
674
648
684
709
673
723
712
703
625
633
647
687
625
652
706
633
643
690
678
606
627
594
656
610
638
635
658
629
657
622
661
687
647
670
618
610
638
633
598
648
596
649
646
665
619
617
634
666
630
613
611
684
635
625
617
569
660
607
590
580
586
572
566
597
661
646
695
734
745
697
701
737
698
602
619
627
594
626
599
597
662
591
604
654
680
681
726
784
804
803
885
800
774
739
643
639
632
589
613
583
519
584
589
596
579
576
577
590
588
586
594
574
575
611
592
570
594
562
577
573
563
545
543
546
588
637
558
582
635
595
673
611
692
707
716
765
727
713
779
745
743
814
779
745
728
770
850
882
928
948
975
865
802
726
632
649
605
616
615
648
599
708
797
939
965
1153
1067
947
857
712
641
635
597
563
594
632
591
585
565
603
585
531
578
582
578
588
618
568
586
609
562
564
582
574
617
586
596
582
590
601
621
563
614
607
546
587
589
586
601
581
585
587
602
654
600
554
632
620
591
604
615
602
578
584
628
658
586
570
600
598
654
531
565
614
611
594
613
607
630
581
580
636
644
617
616
736
856
1224
1990
3440
5666
8260
10733
12420
12077
10269
7633
4967
3061
1930
1332
925
748
666
613
592
607
599
588
653
626
580
579
548
586
624
585
599
612
575
617
558
599
539
600
607
579
571
619
573
577
577
631
747
786
917
1061
1115
1114
1112
944
771
744
648
622
593
646
637
580
592
612
625
634
662
593
647
615
588
621
642
621
665
654
620
623
631
640
610
624
682
675
670
668
681
638
630
659
623
643
617
599
629
618
633
640
712
685
666
668
675
682
658
612
626
627
613
647
606
631
613
636
617
588
653
629
621
606
659
621
648
694
684
657
643
692
641
696
644
604
611
626
614
577
608
625
565
592
587
611
609
599
579
631
606
608
620
573
598
573
619
612
607
606
626
623
659
602
664
668
698
636
830
844
871
834
937
798
708
729
649
628
647
601
650
574
601
624
604
628
610
601
632
587
581
612
616
580
599
636
595
551
633
590
589
597
624
580
606
606
622
595
592
643
596
616
570
642
597
627
651
676
722
815
924
1010
1131
1188
1140
990
847
726
683
635
613
602
567
612
540
602
590
580
586
608
610
587
573
597
583
613
604
645
602
589
604
622
622
646
652
618
562
603
656
681
710
814
1016
1249
1400
1625
1732
1550
1393
1063
866
736
684
653
616
676
632
627
642
616
633
631
619
626
625
626
622
675
593
676
647
636
639
683
695
602
643
683
653
687
667
634
656
667
689
665
711
643
717
654
686
666
664
686
696
690
754
689
777
761
775
872
1002
1190
1471
1735
1977
1894
1820
1511
1216
1001
881
810
737
750
715
697
706
685
700
731
723
712
702
680
681
726
743
797
783
817
940
1176
1472
1953
2935
4130
5640
6974
7991
7990
7302
6005
4384
3010
2030
1492
1309
1150
1050
1083
1015
923
923
916
861
891
856
832
898
901
857
910
922
952
875
869
918
845
919
993
1031
1155
1406
1842
2296
3132
4081
4847
5587
5910
5229
4722
3847
2888
2114
1636
1370
1187
1083
1002
1019
964
979
1008
981
1024
979
994
992
978
977
978
978
1056
1010
963
994
957
981
1042
989
1076
1000
1006
1051
1054
1028
1020
989
1021
985
972
1017
1001
1024
1021
1029
982
966
984
986
1007
972
1072
1050
974
1021
1036
1023
985
1018
1028
1030
1032
1059
1082
1015
1102
1024
1060
1048
1046
1038
1047
987
969
1022
1036
985
1024
1045
1039
978
983
1024
1006
1069
993
1006
1010
1017
1032
1029
1001
992
985
1018
997
1029
1062
962
999
1059
1036
952
1058
1049
1056
1070
1012
1051
1023
1080
1026
1040
1004
1069
988
1010
1035
970
1018
972
1037
1012
976
997
1021
1046
1051
1100
960
979
1024
1069
1022
1018
961
983
1034
994
1043
1007
985
1007
1056
1033
1018
1003
1035
972
1013
1031
997
1097
1188
1164
1221
1413
1483
1656
1741
1727
1661
1602
1346
1166
1077
1015
1000
1054
1008
1074
1044
1041
1049
983
972
1041
1053
1075
1031
1043
1010
1026
1043
1010
1007
1020
1026
1094
1009
1039
1005
1071
1031
988
1067
1023
1049
1104
1071
1138
1183
1189
1238
1157
1177
1137
1137
1103
1085
1056
1126
1118
1166
1245
1421
1546
1843
2056
2172
1993
1873
1496
1349
1235
1173
1084
1090
1123
1083
1050
1088
985
1034
1112
1059
1076
1065
1068
1032
1066
1110
1134
1159
1162
1057
1094
1114
1087
1102
1158
1033
1076
1138
1086
1085
1091
1073
1113
1105
1123
1098
1054
1133
1151
1136
1149
1100
1096
1083
1105
1134
1115
1155
1143
1131
1128
1129
1153
1142
1159
1143
1138
1155
1198
1211
1161
1150
1203
1168
1190
1233
1198
1189
1125
1182
1148
1244
1163
1163
1143
1261
1209
1179
1248
1192
1282
1207
1221
1175
1226
1154
1221
1232
1178
1271
1238
1249
1353
1340
1447
1787
2107
2685
3457
4484
5467
5982
5999
5611
4482
3484
2620
1968
1636
1373
1339
1243
1261
1199
1238
1212
1210
1192
1205
1241
1245
1216
1228
1197
1230
1226
1230
1223
1213
1204
1228
1210
1255
1270
1327
1490
1658
1983
2344
2804
3454
3632
3949
3681
3141
2466
2081
1664
1400
1219
1236
1186
1144
1138
1168
1149
1134
1117
1113
1190
1164
1171
1132
1145
1152
1143
1220
1087
1264
1171
1221
1207
1230
1255
1224
1272
1237
1219
1199
1284
1230
1171
1172
1134
1184
1152
1180
1135
1097
1124
1018
1135
1107
1098
1121
1132
1059
1092
1035
1089
1059
1069
1102
1029
1096
1065
1089
1072
1079
1042
1105
1076
1069
1127
1106
1106
1123
1113
1057
1105
1092
1066
1042
986
1015
1002
1010
1007
989
1026
1014
1012
954
1019
1018
998
982
978
954
939
943
959
940
945
975
952
981
974
939
934
1035
952
1070
1045
1098
1215
1335
1380
1539
1498
1378
1289
1137
1052
956
950
921
914
859
912
853
865
847
840
817
817
848
792
809
814
816
820
787
804
820
817
835
820
819
784
789
774
780
807
778
822
740
788
709
681
781
729
805
787
757
740
746
781
749
751
713
718
698
717
750
788
777
788
712
740
699
694
698
748
752
728
709
716
628
736
710
698
647
663
676
662
694
690
688
679
730
674
666
638
671
739
731
724
739
686
691
736
731
715
657
699
649
652
652
646
654
729
658
650
661
663
697
607
685
641
653
713
630
650
640
635
607
691
622
666
688
633
656
658
648
617
660
687
694
655
698
682
670
642
652
704
652
662
668
688
703
753
701
717
743
705
739
668
655
716
642
655
698
645
664
653
654
681
688
643
686
698
729
702
717
680
671
693
707
692
710
699
698
692
689
717
687
699
778
890
1189
1860
2990
4835
7822
11019
14383
16527
16938
15009
11299
7336
4296
2350
1244
876
680
677
653
648
667
654
646
601
661
602
640
613
666
644
624
632
708
652
646
643
641
666
687
826
1033
1459
2425
3682
5390
7303
9527
10956
11421
10871
9018
6748
4716
3206
2118
1486
1074
865
724
576
602
555
567
566
562
588
610
539
564
568
586
563
577
570
569
537
571
520
563
543
526
506
518
512
535
533
518
502
519
565
511
523
494
508
515
515
516
448
477
479
481
522
514
518
517
526
475
519
492
496
518
528
497
494
468
472
512
512
509
484
472
464
523
481
494
487
472
460
447
462
483
470
475
463
444
470
430
458
442
450
447
450
441
468
459
441
453
408
436
426
412
432
428
459
384
418
437
435
421
445
449
447
454
429
440
394
409
405
425
400
399
371
430
391
431
413
380
462
366
377
382
396
401
365
381
366
358
386
397
372
340
368
361
333
343
337
367
348
324
368
421
350
460
522
556
679
736
676
663
577
536
427
375
365
328
271
314
301
332
275
304
292
277
278
274
297
328
312
278
299
287
300
274
310
287
282
277
270
263
246
274
246
274
249
217
258
256
234
265
242
247
245
282
235
245
271
236
283
232
220
253
245
292
273
254
282
273
269
262
263
246
251
252
237
228
253
238
236
226
214
214
239
222
204
233
208
227
223
216
233
219
207
247
222
221
235
244
207
232
239
235
210
231
213
203
244
229
231
206
210
191
229
232
256
220
234
216
221
204
220
226
231
236
221
215
223
240
216
234
203
219
208
196
217
239
225
208
212
210
247
250
243
272
257
258
254
230
232
241
223
245
188
246
220
210
228
183
234
205
212
221
234
237
236
257
205
244
230
260
318
416
607
1072
1859
3042
4759
6825
8814
10106
10043
8912
6512
4311
2433
1227
656
353
222
206
190
198
184
174
181
174
184
182
189
194
183
169
223
218
223
214
170
198
177
173
201
264
351
557
957
1532
2377
3522
4697
5402
5436
5043
3932
2662
1513
897
449
257
214
175
176
190
166
171
180
169
193
197
180
187
162
167
181
183
158
188
196
223
231
241
278
310
362
416
359
393
371
388
383
431
385
380
347
299
269
249
221
222
187
206
168
176
193
197
183
169
163
177
194
176
174
196
190
187
195
194
185
193
193
201
181
177
175
166
180
181
196
182
177
204
159
196
164
189
183
161
171
169
208
188
159
194
169
190
191
217
209
181
201
199
202
187
200
204
198
169
174
180
194
170
180
189
184
198
162
185
172
187
177
165
192
184
192
168
199
193
199
179
195
178
189
173
168
152
191
188
185
179
200
194
174
163
183
166
200
164
191
175
187
167
174
176
161
168
162
175
183
188
203
202
198
175
154
182
177
143
172
161
132
170
203
204
195
220
210
227
241
256
252
220
194
203
188
175
149
189
144
183
157
182
173
178
173
186
192
169
172
171
171
186
179
193
181
217
228
235
280
244
296
243
231
211
167
159
186
172
175
177
180
162
177
178
181
174
185
160
171
172
158
149
158
192
166
192
126
200
168
154
178
193
190
193
168
179
172
175
215
180
193
181
165
171
174
183
163
202
183
165
180
191
177
183
206
203
191
186
187
186
181
204
198
199
192
192
188
184
168
200
177
203
195
207
217
211
239
253
270
275
270
237
232
212
190
188
192
206
220
211
189
196
209
204
207
185
221
197
216
229
209
214
218
208
214
215
205
198
214
205
208
231
206
230
239
246
217
202
210
221
238
247
242
266
255
235
251
262
285
320
349
428
547
563
745
978
1264
1726
2318
2952
3524
4055
4212
4009
3742
3059
2352
1714
1194
729
526
402
361
310
316
317
317
278
288
325
314
356
292
298
275
311
351
287
297
295
343
320
309
343
283
309
285
344
327
300
331
319
289
342
346
319
314
327
327
311
303
316
333
335
325
331
287
276
288
318
290
290
318
339
325
327
309
312
336
328
329
309
315
332
312
327
304
302
321
293
330
318
335
326
316
311
334
325
343
300
308
326
336
320
291
314
344
332
305
345
308
288
305
288
346
329
327
349
313
327
302
335
279
322
326
303
310
342
319
293
342
310
301
342
321
338
329
320
308
285
314
303
274
289
317
319
312
314
320
305
336
302
303
273
328
333
334
279
305
323
338
359
345
333
321
350
389
322
351
329
317
345
326
314
302
343
339
359
374
374
385
348
322
331
282
319
298
311
291
308
312
322
297
324
290
343
310
316
317
316
309
285
344
329
321
317
297
300
294
312
287
307
294
295
330
333
305
303
300
310
293
294
341
294
303
274
312
308
281
337
297
314
311
314
286
318
333
284
321
323
360
304
343
328
282
297
330
296
340
299
348
334
309
310
330
320
323
375
323
303
332
316
355
332
302
307
314
310
335
339
323
342
305
331
344
316
329
306
358
307
314
306
360
330
313
324
336
347
321
314
307
294
314
334
319
326
338
340
316
352
353
368
420
402
405
393
368
340
336
324
316
307
293
303
329
306
297
302
309
337
332
297
308
311
324
305
332
326
312
328
307
335
327
355
319
316
308
332
332
340
303
331
288
317
324
332
314
343
317
325
332
321
352
306
316
326
353
319
328
330
333
338
325
348
351
329
326
379
339
361
358
331
342
331
351
324
325
317
337
336
318
329
321
345
314
300
306
336
329
297
288
294
333
318
303
299
289
293
264
291
283
293
264
269
294
254
261
291
278
315
320
269
299
334
363
464
511
577
640
665
625
587
495
398
355
323
302
280
294
279
328
301
299
280
317
270
265
254
275
314
291
269
265
277
268
287
266
272
272
258
258
267
262
246
256
272
261
248
243
247
255
239
282
247
230
261
257
259
236
230
257
259
224
238
245
245
206
264
249
257
231
235
223
242
248
213
267
241
222
248
238
217
206
197
195
206
206
212
219
213
202
217
236
206
191
217
219
201
200
196
205
233
210
193
201
199
160
223
204
139
199
206
163
194
186
175
186
183
195
181
198
190
191
187
190
181
173
185
206
156
176
164
167
156
147
157
198
152
170
166
188
226
237
270
290
313
305
308
253
214
218
172
170
138
172
135
160
148
144
143
150
127
153
127
139
160
139
133
146
130
125
120
124
127
125
124
128
122
112
114
116
111
114
116
127
131
106
100
119
110
111
114
114
112
95
106
118
117
102
97
106
100
116
84
118
102
118
115
119
98
122
101
105
111
130
130
104
112
112
112
102
90
112
125
96
95
99
111
94
109
106
107
95
97
83
92
111
88
105
111
95
105
103
78
97
107
101
97
134
153
154
211
303
348
395
401
507
434
433
299
263
197
128
126
108
110
95
106
117
113
108
128
111
105
122
110
112
93
119
121
115
114
105
132
123
101
110
118
130
112
118
117
109
109
114
113
124
120
130
126
143
114
126
142
165
192
248
321
365
544
645
912
1229
1872
2683
3584
4644
5624
6283
6655
6221
5224
4193
2989
1961
1132
593
326
185
141
99
72
87
93
112
85
97
86
91
88
104
81
104
81
106
95
71
94
104
91
89
99
103
93
92
101
90
107
123
125
108
115
115
106
97
88
74
92
78
92
80
97
95
85
98
85
76
115
77
97
98
84
70
59
89
73
86
82
92
103
87
105
101
81
105
88
114
111
112
105
117
119
104
98
72
93
91
91
101
91
90
115
95
83
73
94
94
93
88
99
104
77
91
96
79
83
97
84
81
89
84
85
73
97
101
106
84
91
59
91
87
81
84
85
89
82
92
82
93
103
96
110
104
114
109
102
110
104
93
89
93
78
112
79
87
124
85
105
79
93
100
95
90
106
87
97
102
99
107
109
114
145
163
176
188
196
197
176
146
128
110
103
91
106
91
83
114
90
93
91
90
92
122
99
111
100
110
104
101
89
109
114
86
104
93
105
102
118
105
86
116
85
100
99
93
115
93
109
93
89
117
112
105
101
96
101
103
99
101
82
101
106
97
111
106
85
93
100
81
98
106
97
103
98
93
100
92
111
104
110
114
104
92
102
92
101
88
98
92
97
102
105
109
99
78
126
95
95
89
103
92
89
91
103
97
102
94
112
96
81
119
95
99
115
111
115
92
79
99
98
89
89
80
86
109
88
91
74
112
114
100
101
102
101
100
99
111
103
102
103
119
106
89
126
84
118
100
88
98
109
108
121
106
106
107
115
102
105
109
113
102
117
113
114
106
111
98
121
113
99
130
92
109
98
113
108
110
95
100
99
98
98
107
108
108
107
117
121
95
115
108
103
92
98
98
102
86
104
105
92
115
112
119
113
129
97
99
101
114
97
113
117
112
107
122
105
132
137
105
116
127
111
95
107
113
79
104
95
123
104
96
117
118
104
99
100
119
121
106
121
117
110
115
126
131
135
121
105
102
128
106
108
120
157
150
144
176
148
158
141
140
167
130
128
123
105
106
114
101
104
85
105
116
104
110
93
99
117
89
104
93
95
100
144
102
99
121
112
115
104
109
116
104
108
109
89
111
103
101
109
88
131
108
129
112
97
89
105
114
97
120
100
90
102
114
116
113
86
113
115
115
118
110
92
116
99
121
149
143
162
139
157
137
136
121
117
101
109
110
102
111
114
107
101
115
100
113
112
112
100
110
119
104
110
89
98
115
103
119
98
113
91
106
105
127
141
161
190
232
295
357
442
511
497
482
425
330
240
204
171
183
203
209
221
211
228
219
193
173
159
145
137
124
131
133
122
120
142
143
129
127
141
141
147
148
141
122
135
155
150
126
148
143
138
143
133
133
141
138
153
127
130
131
151
137
141
132
151
133
136
153
167
132
130
137
120
147
168
140
136
134
130
153
163
133
149
139
144
140
148
141
166
148
140
180
166
153
141
140
146
138
158
159
145
179
184
184
163
170
168
150
146
142
161
140
151
172
150
166
153
196
161
190
239
323
401
482
778
985
1364
1660
1845
2059
2141
2043
1836
1483
1156
894
592
447
324
266
207
193
173
195
180
209
201
178
199
182
201
184
173
188
175
187
182
166
156
154
159
181
182
183
192
182
219
213
200
194
189
189
186
193
186
193
205
183
189
183
205
180
186
188
181
212
194
201
196
197
182
191
221
177
192
178
195
169
186
194
155
203
178
156
209
179
188
168
193
190
203
192
181
167
187
176
203
186
198
210
183
222
183
193
202
195
185
201
208
205
216
202
220
224
203
235
225
196
200
206
174
168
197
180
189
174
203
216
181
212
205
200
192
210
223
191
194
215
191
196
184
178
201
174
182
193
173
199
164
182
190
205
189
185
168
217
197
197
196
208
194
187
211
206
208
202
218
182
192
200
208
206
206
190
228
219
161
196
201
175
203
194
192
184
192
190
185
188
203
200
166
203
191
202
212
189
184
201
201
193
192
189
174
194
212
213
201
183
175
198
197
204
195
172
199
225
188
204
222
211
231
188
201
189
179
219
192
187
177
201
198
171
187
211
207
200
173
189
203
195
193
218
206
220
196
191
217
212
201
225
193
209
198
212
185
188
212
221
205
194
207
202
223
192
228
186
186
220
221
203
218
209
179
209
203
207
228
224
210
211
190
215
216
206
213
210
203
178
219
190
213
203
207
192
194
197
210
220
219
237
195
181
206
216
211
230
218
211
204
211
209
185
209
207
232
210
213
230
210
201
226
205
223
180
210
217
201
213
211
200
202
193
196
217
200
220
200
192
213
212
202
226
219
210
199
210
209
192
205
188
195
208
202
219
204
197
226
211
224
187
222
190
228
228
203
216
202
228
207
194
214
193
193
188
196
228
190
236
209
208
218
176
188
201
187
207
194
176
187
198
174
203
195
200
205
191
202
210
175
178
206
172
195
183
162
181
194
185
156
183
187
172
189
189
179
213
197
167
191
186
171
183
161
192
190
191
179
181
173
190
195
164
155
172
175
171
173
187
186
178
193
165
178
194
183
171
184
169
159
173
181
179
193
154
160
151
165
164
157
148
170
181
174
162
172
189
162
174
159
195
174
200
185
207
226
269
256
238
230
214
187
171
167
203
145
181
162
153
173
152
159
160
206
211
206
232
208
192
232
200
200
176
164
165
173
157
163
146
176
159
160
156
173
158
147
160
152
145
152
155
167
167
166
143
161
181
144
143
134
163
143
137
151
159
150
131
141
154
156
139
140
130
141
141
130
136
144
152
134
147
142
111
147
154
174
184
166
177
197
263
279
342
418
398
414
382
361
289
206
211
205
165
141
112
162
133
146
142
142
144
136
136
168
149
138
151
149
150
143
141
139
160
147
143
142
148
197
229
287
373
522
723
997
1320
1622
2066
2258
2249
2167
1837
1487
1050
696
488
299
233
227
196
165
145
173
162
171
163
176
166
173
184
181
169
156
166
189
152
163
183
178
169
210
188
188
184
173
155
180
176
151
190
178
207
184
197
180
209
177
186
168
204
185
181
161
165
167
190
175
177
171
199
173
162
172
161
159
168
156
171
153
174
173
183
181
172
153
176
170
157
166
184
159
169
169
153
181
164
191
196
174
146
190
175
201
177
167
146
180
172
207
228
245
271
289
291
341
313
329
303
278
299
393
520
691
982
1327
1735
2115
2460
2714
2668
2531
2178
1799
1289
887
615
367
291
217
197
140
176
162
139
170
173
170
163
153
140
178
170
159
161
177
137
146
132
185
184
180
147
172
142
151
163
146
167
174
183
182
158
173
150
159
138
185
156
153
162
165
146
157
155
170
170
167
165
186
145
171
149
137
162
166
167
141
180
130
157
165
159
137
178
164
169
149
149
177
151
142
165
171
141
160
170
159
146
152
161
164
148
128
176
169
161
154
186
141
162
158
181
154
156
174
170
167
154
151
170
157
161
159
158
167
146
153
170
170
172
161
184
157
165
165
159
156
186
145
178
173
175
176
152
182
159
192
172
154
147
171
155
153
151
195
167
168
176
163
188
188
166
176
156
180
157
173
176
167
149
165
149
175
164
162
184
145
132
158
166
197
170
170
160
161
162
146
175
163
155
161
146
163
143
165
169
163
188
151
158
187
171
164
180
153
166
180
139
163
177
154
180
158
174
193
161
176
144
157
150
148
136
176
175
170
159
165
139
165
172
159
176
173
160
159
150
159
156
156
154
185
197
159
143
181
167
139
168
146
160
159
143
182
152
138
158
161
161
165
162
188
140
162
146
148
145
152
140
149
147
156
150
174
144
169
132
130
170
157
170
156
139
158
140
156
140
133
160
156
154
134
136
151
127
128
130
152
119
134
151
151
149
129
143
129
133
113
154
155
115
127
110
135
105
137
128
148
158
139
147
124
139
128
122
120
110
109
134
112
131
137
145
147
122
137
141
129
131
123
127
134
131
120
127
108
142
122
121
119
120
133
144
116
115
144
115
140
124
118
104
127
115
121
103
105
104
110
125
120
102
108
112
99
110
99
118
119
109
104
91
106
95
111
98
105
108
97
95
90
101
91
88
107
92
109
97
109
99
99
104
118
91
85
79
124
83
88
80
89
92
88
89
83
86
93
82
74
87
79
80
83
87
93
72
75
80
69
71
85
79
81
72
85
87
67
76
64
82
71
77
72
59
68
70
77
63
73
70
76
61
80
69
71
57
81
72
86
68
60
55
45
69
73
52
75
71
68
77
91
95
105
106
101
132
149
139
157
133
108
98
80
60
67
48
50
58
68
69
65
69
75
93
86
111
116
140
128
144
120
98
74
64
52
55
54
49
54
47
55
47
44
51
51
52
54
59
57
56
52
56
58
38
41
52
44
57
59
36
43
52
61
49
63
56
59
53
39
52
57
60
39
52
48
52
39
37
55
32
44
43
46
46
65
56
70
84
117
128
160
233
289
328
358
365
309
262
234
161
103
85
63
51
49
50
48
46
56
56
53
40
43
50
29
44
35
54
42
43
46
38
44
50
46
57
64
106
157
230
372
572
846
1182
1604
2008
2339
2632
2688
2246
1982
1336
886
539
296
140
107
53
42
33
41
29
30
36
37
39
39
37
36
35
32
27
40
33
42
43
28
36
41
37
35
43
39
38
33
40
30
41
40
50
46
50
53
51
48
45
36
38
44
32
40
40
38
39
39
41
37
48
38
28
38
45
46
40
49
51
36
39
47
44
46
41
45
35
43
47
29
45
29
35
43
47
53
48
40
35
51
49
36
50
40
45
76
74
104
148
177
252
332
461
534
667
791
825
845
826
664
536
367
298
173
130
109
84
69
56
65
62
61
55
49
44
59
50
68
54
66
63
61
53
54
53
66
76
69
73
46
56
57
68
63
47
58
50
58
55
64
51
56
54
51
50
58
59
53
64
62
52
63
59
54
69
66
56
66
64
46
49
51
55
60
71
57
60
60
56
47
63
69
61
68
63
52
51
55
64
56
54
56
35
47
65
48
69
52
59
64
62
68
60
71
56
58
45
56
64
57
57
58
62
65
51
50
59
80
55
59
38
61
41
72
54
55
55
61
55
52
50
62
58
62
73
51
58
69
56
61
45
61
60
62
40
62
58
58
79
51
57
54
54
45
55
56
66
48
58
69
64
45
49
62
56
64
57
61
63
71
60
54
65
68
64
63
56
69
78
53
51
59
62
62
58
60
64
57
45
52
58
49
54
55
54
42
58
59
62
56
54
59
60
50
59
65
59
54
54
53
65
55
59
57
58
55
57
53
52
54
62
58
60
63
63
52
60
58
47
56
55
51
63
65
53
61
63
55
71
67
66
59
59
47
66
52
58
66
54
58
65
59
59
67
56
61
48
61
55
64
52
64
66
71
55
63
55
62
57
61
67
62
59
50
70
62
55
59
71
52
63
63
79
56
64
58
59
53
72
71
52
52
62
49
57
55
60
61
71
64
59
51
67
47
62
61
60
64
54
56
60
53
58
44
53
48
68
63
56
56
67
59
55
56
70
59
62
60
54
64
67
66
70
53
55
69
61
65
69
47
63
63
46
60
54
67
69
61
73
72
58
59
42
76
58
69
66
54
72
59
75
63
62
72
62
62
72
81
81
71
68
70
70
70
70
55
57
52
52
45
61
60
59
61
67
55
56
49
53
54
60
52
62
51
43
55
49
52
55
54
53
49
40
51
61
56
41
48
38
55
51
58
49
48
55
54
45
46
51
55
46
43
51
50
44
58
29
52
45
50
46
48
56
51
43
51
53
53
55
46
49
38
53
37
44
51
40
50
66
42
51
55
40
46
37
43
54
55
60
34
65
76
67
69
77
70
103
94
87
82
82
79
71
59
58
59
58
54
43
42
56
49
31
46
38
41
44
50
43
40
39
57
49
51
45
56
32
36
48
37
37
41
56
48
51
43
29
39
43
45
35
56
39
50
48
30
47
49
33
30
46
41
54
37
43
34
43
40
43
48
54
34
44
36
37
30
41
36
40
36
45
34
33
21
38
36
27
34
39
41
32
32
30
40
28
33
38
24
19
25
36
42
34
42
26
32
26
28
18
20
34
25
39
31
24
30
29
34
35
18
35
38
25
27
23
32
24
33
33
21
33
28
23
13
29
30
30
25
27
29
30
19
28
30
21
36
21
33
22
26
14
21
28
28
25
28
22
25
25
23
16
26
19
20
30
26
30
31
24
16
21
20
24
25
36
23
23
34
19
17
32
33
22
23
33
30
22
29
30
24
24
23
23
27
33
19
19
24
30
26
31
26
22
19
29
28
22
22
24
33
22
26
34
26
29
26
34
31
28
33
22
37
35
20
28
25
28
16
24
24
25
26
23
17
25
28
31
25
22
28
31
25
29
25
20
33
21
25
26
37
26
43
54
76
96
118
200
296
393
509
634
860
935
937
892
775
658
491
346
202
146
79
42
25
21
22
27
16
17
33
20
20
24
19
7
31
23
31
24
24
31
17
25
15
23
21
18
26
22
17
22
22
14
15
29
24
17
26
22
16
28
12
22
14
25
24
21
14
15
23
33
22
17
26
36
19
17
25
21
27
24
18
21
23
29
27
22
17
23
23
17
28
30
23
15
23
19
24
16
31
29
31
20
18
21
23
19
26
23
16
21
31
25
23
26
28
28
16
15
23
20
22
14
26
18
25
21
21
18
20
17
18
32
19
22
10
23
31
18
12
22
20
22
21
17
25
25
25
32
22
27
21
30
15
30
17
21
23
15
30
25
27
29
25
30
29
26
23
24
19
30
18
20
21
29
26
18
17
16
14
24
27
12
19
35
18
30
26
30
28
33
28
22
19
26
22
20
29
26
19
26
20
17
21
29
21
26
25
16
21
35
22
19
31
20
30
12
24
18
29
25
16
15
30
32
26
23
20
29
24
33
27
30
18
15
16
28
23
29
17
14
28
19
34
13
25
20
27
21
23
17
18
28
27
22
26
24
14
24
14
21
21
20
21
30
23
23
27
25
20
21
19
25
27
19
29
21
22
26
22
26
23
15
25
14
21
25
31
28
19
22
20
26
26
17
14
22
14
19
19
18
17
17
22
26
28
20
12
20
22
12
26
33
26
16
25
25
25
26
25
24
22
29
23
24
39
54
43
58
52
61
62
41
52
46
47
40
23
40
22
21
25
42
27
29
30
21
17
28
23
15
24
26
19
20
18
29
21
18
29
14
18
27
34
23
21
21
30
28
26
20
27
26
29
32
28
36
39
36
36
29
28
32
26
29
20
24
24
25
27
32
23
22
30
26
20
24
22
16
21
20
26
17
27
26
27
26
18
23
38
23
23
20
30
27
36
27
22
23
22
28
19
27
24
29
28
21
20
27
31
25
23
21
26
14
23
29
25
23
23
27
26
18
27
27
18
25
33
23
31
17
19
21
24
21
34
26
26
25
38
25
29
32
37
61
47
75
90
122
171
181
239
300
301
330
268
280
254
181
167
106
86
51
42
38
38
28
27
34
25
33
36
26
27
25
25
27
33
17
28
32
31
39
30
28
30
37
34
41
29
34
33
35
30
28
38
38
31
35
21
29
24
38
26
32
29
32
27
27
33
28
27
31
29
39
29
21
30
26
27
31
37
32
27
43
28
27
30
25
24
31
30
31
31
35
29
38
34
30
27
44
30
27
35
35
33
27
40
31
37
34
25
30
48
39
35
39
34
34
39
31
36
28
31
46
31
30
25
33
24
38
44
27
38
33
30
33
23
43
26
29
29
28
36
35
31
38
38
23
31
34
35
30
40
36
29
34
37
40
38
24
30
24
19
39
38
35
31
29
25
33
23
35
43
31
25
29
23
32
30
30
32
35
29
35
28
30
38
28
29
34
34
23
36
34
22
36
42
35
26
33
31
26
31
28
31
26
30
31
28
30
37
36
22
32
29
37
35
36
32
31
38
41
30
37
33
40
31
31
38
28
23
35
28
27
38
33
33
43
25
19
34
36
26
46
39
28
33
43
31
28
28
30
34
27
29
30
33
31
27
27
37
22
38
36
26
28
33
33
30
27
33
39
33
31
28
34
27
34
36
35
36
41
19
37
32
47
38
36
31
22
31
31
28
33
37
34
30
28
43
39
31
36
34
34
28
37
29
32
30
20
33
32
25
27
38
37
44
34
23
29
43
36
41
41
39
26
39
23
39
32
25
28
24
30
40
30
30
27
31
28
25
32
26
38
39
34
27
28
30
34
29
35
24
33
32
36
29
23
41
43
42
40
29
35
27
33
29
32
29
29
34
22
37
30
39
39
33
30
39
31
27
37
31
34
33
47
32
20
37
23
37
30
28
25
38
37
18
25
18
43
35
26
23
42
25
31
39
37
33
29
31
21
29
32
25
18
22
27
21
24
25
38
30
33
31
34
24
34
35
34
33
33
31
28
32
23
29
25
26
24
33
28
27
20
36
24
17
25
41
24
32
30
23
21
30
24
31
30
34
29
27
26
31
30
35
36
22
32
27
41
28
25
36
33
21
26
39
26
31
21
27
23
20
30
27
30
33
25
24
33
23
24
23
20
25
19
28
25
23
32
28
25
24
22
22
25
33
20
25
29
26
14
29
28
28
24
27
25
23
23
30
24
29
33
16
22
22
23
24
35
30
27
26
26
22
32
24
28
19
17
31
19
24
28
16
24
20
15
20
20
20
16
21
16
22
18
13
32
25
15
25
14
21
21
20
13
13
20
16
21
20
19
24
24
26
19
27
31
38
27
37
28
54
44
69
48
69
43
47
28
47
29
20
17
20
22
19
26
15
20
16
15
22
13
20
20
16
15
18
13
19
27
19
15
15
20
23
20
18
19
21
15
31
19
15
21
19
12
16
16
17
24
25
15
20
21
21
18
19
13
17
16
17
10
13
7
22
26
13
20
23
18
13
19
24
19
25
13
25
23
18
12
18
9
20
17
12
18
27
12
18
18
19
15
25
22
17
14
15
24
15
11
20
14
25
18
16
17
14
15
24
14
20
11
23
23
22
22
15
27
23
20
19
21
25
31
19
27
15
23
19
19
10
20
16
21
14
17
23
28
29
44
77
85
126
158
194
220
267
294
303
268
238
171
150
129
82
56
38
29
19
18
20
20
26
20
12
20
14
13
17
25
21
16
19
15
11
14
16
19
16
18
25
15
13
20
17
13
17
16
15
18
13
14
21
18
16
18
15
11
23
23
19
18
20
19
13
20
12
16
13
25
21
18
22
19
4
14
12
18
16
16
15
14
19
17
15
23
21
24
17
24
17
16
21
14
15
22
15
22
11
15
15
21
20
21
18
28
27
29
18
15
24
20
15
19
21
19
19
17
12
19
14
18
14
16
21
18
15
20
26
21
10
15
20
12
24
26
24
18
23
22
33
23
27
34
20
35
29
20
23
14
11
21
12
19
22
14
24
23
22
17
19
21
18
19
13
15
20
8
16
18
25
15
18
26
15
19
17
12
14
16
17
12
16
17
17
23
18
19
18
20
13
19
21
20
16
15
19
17
21
18
13
17
26
14
21
23
18
12
20
14
22
11
19
23
28
19
25
28
30
29
21
33
26
18
12
23
13
14
15
22
22
22
23
19
19
21
18
20
17
14
15
21
21
24
15
18
16
15
21
16
18
25
16
19
15
19
16
11
22
15
13
14
14
23
10
18
21
22
15
12
18
31
10
16
24
20
20
11
16
16
13
20
14
15
18
27
11
21
18
22
25
21
22
12
19
18
19
18
28
23
22
18
18
15
21
22
16
20
18
16
20
24
21
15
22
17
23
15
17
19
21
25
19
13
21
18
17
20
16
24
19
14
17
18
25
21
21
15
22
23
23
16
14
23
17
22
20
22
18
18
14
22
18
21
16
18
17
16
24
21
20
27
13
15
21
20
19
26
25
23
21
36
33
39
49
50
49
46
25
26
25
19
32
18
21
20
20
22
26
19
22
21
18
14
13
37
21
23
23
27
19
18
26
13
18
24
21
27
21
14
20
19
25
20
20
24
26
16
19
17
25
19
23
21
19
22
20
16
22
26
22
22
19
31
19
12
22
22
21
20
23
20
19
20
31
25
28
16
16
29
23
19
15
15
20
15
26
10
19
14
18
14
21
20
25
21
26
19
18
24
23
22
27
17
18
11
12
26
22
23
25
25
20
19
14
19
11
22
17
17
20
17
19
18
23
18
27
26
18
19
23
24
25
20
26
29
16
31
21
24
17
26
26
25
23
16
22
20
14
17
14
21
24
21
30
24
17
21
27
17
25
22
19
24
17
24
24
31
33
29
26
30
22
18
24
26
19
17
17
22
25
20
24
16
29
20
29
20
20
26
18
23
18
21
25
18
35
29
25
31
45
29
37
41
34
37
34
25
27
21
24
22
26
31
20
19
21
29
29
26
15
20
30
27
24
31
18
27
15
27
18
29
27
22
21
23
29
21
22
25
29
19
24
19
24
25
19
22
21
26
20
19
17
17
18
20
24
22
19
24
16
25
18
23
25
38
26
24
26
32
22
18
27
22
21
25
26
17
28
26
20
17
15
26
24
32
13
32
22
25
28
18
28
33
27
30
18
24
28
16
31
24
19
22
23
16
21
27
40
14
27
22
26
26
26
29
24
22
20
16
23
25
21
33
20
27
26
20
19
27
23
27
16
25
21
25
22
27
28
31
31
30
31
31
30
28
25
23
29
29
26
29
35
23
30
21
36
24
34
23
34
29
35
24
22
23
23
20
27
20
32
20
25
26
21
25
25
38
28
32
27
31
26
31
23
25
22
21
18
24
30
25
22
21
30
26
24
29
22
18
18
23
22
39
32
39
19
31
26
28
18
30
29
32
27
27
35
23
29
30
29
31
33
23
17
28
30
28
27
27
25
34
21
28
31
25
24
22
29
25
14
26
19
26
27
23
24
26
23
28
22
30
30
29
16
31
22
20
29
29
20
24
25
31
32
20
20
24
30
27
26
39
25
15
26
23
26
35
22
30
25
25
38
17
28
32
30
29
41
33
36
44
46
36
42
29
31
32
21
20
28
23
25
33
26
29
24
28
38
35
29
29
31
30
27
26
22
19
29
30
37
33
26
24
24
27
24
26
29
30
25
28
29
22
19
32
28
33
26
23
41
35
35
31
38
24
21
28
28
32
46
44
48
70
92
116
141
157
200
251
374
383
381
419
340
347
230
185
148
128
81
81
52
53
48
31
59
35
45
61
45
37
54
52
50
55
53
50
48
49
41
46
53
59
39
54
66
49
47
59
52
58
50
47
52
52
63
43
51
55
48
51
51
52
49
44
63
56
63
64
51
60
47
55
48
45
61
39
59
57
63
60
52
43
64
53
50
45
49
55
51
56
58
65
45
47
57
53
59
51
68
54
52
50
37
47
51
56
43
42
45
66
48
35
57
54
44
60
55
57
48
49
52
67
48
51
56
69
55
50
47
45
57
43
50
53
56
56
58
44
51
62
52
49
52
59
59
73
56
53
38
61
49
48
52
61
44
57
60
49
66
53
59
52
55
70
65
66
75
63
74
78
82
70
80
66
61
61
74
60
61
58
47
56
56
46
49
61
49
55
60
51
59
58
45
60
57
65
64
64
67
49
52
50
52
59
67
62
63
54
62
61
65
57
42
51
73
48
60
55
60
65
53
65
46
57
56
61
57
54
68
64
57
64
55
66
64
66
44
60
58
60
52
44
57
56
58
69
63
54
48
88
59
68
71
75
57
64
51
68
48
57
75
64
65
67
72
67
57
68
62
53
76
60
68
62
73
64
50
68
48
68
51
66
62
65
56
64
73
64
52
63
45
68
68
56
66
59
59
64
73
71
54
66
60
72
69
62
68
67
85
69
55
68
70
60
66
63
62
63
69
64
66
52
65
55
75
71
55
63
68
70
68
62
68
54
66
52
67
68
65
64
72
64
60
54
73
58
74
58
79
74
76
59
67
71
70
61
66
59
49
74
70
78
73
70
77
93
72
91
78
74
76
62
72
72
74
75
67
66
64
71
67
73
63
66
55
62
64
75
68
66
68
62
71
56
80
63
70
57
69
81
62
66
62
82
65
65
72
66
70
66
63
66
74
62
58
73
68
77
66
65
82
85
77
75
64
78
83
54
74
61
72
76
72
72
87
66
69
61
75
78
97
86
69
73
94
89
72
74
73
71
71
67
76
81
68
80
92
76
77
74
58
79
63
77
72
83
70
58
63
71
61
78
79
70
68
80
87
78
77
74
80
74
89
69
64
67
72
50
67
70
77
66
68
66
72
68
64
69
82
75
76
73
78
76
87
64
76
65
58
86
59
84
63
62
72
79
62
51
65
75
70
74
62
69
68
78
70
70
71
71
72
62
73
54
63
62
57
64
77
61
48
64
69
49
60
63
63
79
65
67
61
72
53
69
60
70
58
77
63
48
70
60
56
48
65
59
67
67
68
66
79
52
51
59
63
53
56
60
54
72
63
55
58
73
53
72
66
74
53
56
61
53
70
57
57
67
62
66
68
65
64
61
61
61
60
54
58
47
56
59
65
69
46
66
49
69
70
69
62
76
62
65
62
71
54
73
58
54
58
59
68
64
71
49
77
50
46
74
61
72
69
61
60
57
68
61
62
79
58
60
67
59
60
60
69
64
87
83
75
67
57
73
68
75
67
77
71
66
75
69
72
75
69
70
78
67
67
72
76
51
79
66
77
74
78
87
72
84
70
75
64
68
68
87
69
72
78
85
78
80
61
83
94
67
91
84
84
73
60
83
103
80
104
115
133
157
187
264
342
433
597
749
976
1184
1529
1749
1977
2199
2143
2020
1749
1502
1200
858
635
413
272
216
167
149
125
128
118
121
140
108
113
113
129
104
100
130
123
128
119
114
110
126
130
131
125
132
136
101
101
125
139
126
121
113
114
129
128
130
120
122
132
122
123
122
122
116
125
129
120
122
126
118
129
96
121
117
115
114
113
124
119
128
120
115
107
103
106
120
125
124
113
107
125
135
122
111
117
135
114
131
108
121
119
102
99
130
123
109
115
128
114
114
110
133
131
132
136
135
133
120
115
110
104
127
109
109
127
125
117
117
123
118
121
115
105
109
120
123
105
137
126
100
109
102
112
124
114
124
110
88
117
105
129
118
112
126
103
114
123
96
105
111
116
98
98
96
120
89
97
113
132
134
97
121
123
112
100
110
124
117
118
112
114
103
122
112
107
114
104
135
106
94
125
110
104
100
93
115
120
111
112
98
100
103
111
102
101
110
97
112
119
125
93
100
120
129
106
109
103
119
118
116
97
101
94
114
113
95
114
97
112
124
119
97
135
108
130
104
112
112
100
114
120
98
106
103
104
104
112
111
119
111
103
107
114
131
123
92
114
123
106
110
117
113
120
120
125
102
109
107
96
102
90
109
112
106
99
118
124
90
112
108
112
97
100
106
90
81
122
112
107
101
91
99
110
108
114
108
104
121
101
108
94
104
111
105
100
103
108
107
103
123
100
95
116
86
115
108
82
99
94
96
96
96
97
114
97
94
108
107
109
110
98
109
113
102
93
115
86
105
105
99
85
113
94
75
97
104
127
95
86
97
91
129
97
109
93
103
101
108
105
105
103
113
83
87
111
83
121
98
98
98
110
98
108
101
106
93
107
94
91
85
111
98
93
102
91
96
74
93
97
88
97
106
95
93
78
85
99
95
101
99
112
101
67
98
87
90
91
96
80
74
90
70
95
78
89
74
82
91
93
85
83
89
91
92
89
99
92
88
90
75
88
68
94
78
82
108
88
81
70
74
90
87
97
81
79
91
85
83
82
66
79
79
86
100
90
63
77
81
68
80
70
88
71
88
74
72
69
75
70
79
86
74
75
64
86
72
64
88
79
88
71
60
76
71
70
51
75
69
67
54
58
67
68
60
51
48
59
65
60
60
58
72
61
62
52
49
64
48
45
51
58
56
63
52
59
50
55
57
37
57
50
54
66
41
48
35
38
53
39
47
40
56
49
48
55
49
51
56
48
45
39
39
47
49
38
42
43
35
39
40
41
43
45
39
33
46
36
36
33
42
43
32
26
28
31
26
39
35
28
17
19
26
15
30
25
21
32
25
22
21
20
18
23
28
24
29
22
20
27
21
19
16
27
27
17
20
16
17
14
11
19
18
19
14
16
12
14
6
19
15
12
20
20
25
21
18
13
5
18
12
10
14
19
15
15
15
20
18
12
9
17
13
17
14
17
19
15
13
17
15
14
19
9
9
15
8
9
10
13
14
13
12
13
11
9
10
17
15
12
14
22
12
14
12
12
7
20
5
11
17
10
11
10
12
12
7
18
11
7
16
12
13
11
17
20
16
9
12
6
10
11
14
12
13
19
9
14
8
9
14
7
12
7
7
18
13
13
15
20
19
19
24
35
44
82
104
148
223
299
482
578
822
1007
1221
1533
1655
1708
1641
1486
1292
982
751
514
322
165
92
58
21
16
3
4
3
1
0
1
1
1
1
0
1
1
0
1
1
0
0
1
0
2
0
0
0
1
2
1
0
0
0
2
0
1
2
1
0
0
0
0
1
2
1
0
1
1
0
1
0
1
0
0
1
1
1
0
1
0
0
0
0
0
0
1
0
0
1
1
1
0
1
0
0
1
0
0
1
0
1
0
1
0
0
0
0
0
0
0
0
0
0
2
0
0
0
1
1
0
1
0
0
0
0
0
0
0
0
1
0
0
0
0
2
0
2
0
0
0
0
0
0
0
0
0
0
0
1
1
0
0
0
0
0
0
0
0
0
0
0
0
0
0
1
0
0
0
0
0
1
0
0
1
0
0
0
0
0
1
0
0
0
0
0
2
1
0
0
0
0
0
0
0
0
0
0
0
0
0
0
1
0
1
0
0
0
0
0
0
0
0
2
0
0
0
0
0
0
0
0
0
2
0
1
1
0
1
0
0
0
0
0
0
0
0
0
0
0
0
0
0
0
0
0
1
0
0
0
0
0
0
0
0
0
0
0
0
0
0
0
0
1
0
1
0
0
1
0
0
0
0
0
0
0
0
0
0
0
0
0
0
0
0
0
0
0
0
0
0
0
0
0
1
0
0
1
1
0
0
0
1
0
0
0
0
0
0
0
0
0
0
0
0
1
0
0
0
0
0
0
1
1
0
0
0
0
0
0
1
0
0
1
0
0
0
0
0
0
0
0
0
1
0
0
1
0
0
0
0
0
0
0
0
0
0
2
0
0
0
0
1
0
1
0
0
0
0
1
0
0
1
0
0
0
0
0
0
1
0
1
0
0
0
0
0
1
1
0
0
0
0
1
1
1
0
1
0
0
1
0
0
0
1
0
0
1
0
0
0
0
0
0
0
1
0
0
0
0
0
0
0
0
2
0
0
1
0
0
0
0
0
1
0
0
0
0
0
0
1
1
0
0
0
0
0
0
0
0
0
1
0
2
0
0
0
0
0
0
0
0
0
0
0
0
0
0
0
0
0
0
1
0
1
0
0
0
0
0
0
0
0
0
0
0
0
0
0
0
0
2
0
0
1
0
0
0
1
0
0
0
0
0
0
0
0
0
1
0
0
0
0
0
0
0
0
0
0
0
1
0
1
0
0
0
0
1
0
0
0
0
0
0
1
2
0
0
0
1
0
0
0
0
0
0
1
0
0
0
0
1
0
0
0
0
0
1
0
1
0
1
0
0
0
0
0
0
0
0
1
0
0
0
1
0
0
0
0
0
1
0
0
0
0
0
0
0
0
0
0
0
0
0
0
0
3
0
0
0
0
0
0
1
0
0
0
1
0
0
0
0
0
2
0
0
0
1
0
0
0
0
0
0
0
0
0
1
0
0
0
0
0
0
0
0
0
0
0
0
0
0
0
0
0
1
0
0
0
1
0
0
0
0
0
0
1
0
0
0
0
0
0
0
0
1
1
1
0
0
0
0
0
1
1
0
0
0
0
0
0
0
0
0
0
0
0
0
0
0
0
0
0
1
0
0
1
0
0
1
1
0
0
1
1
0
0
0
0
0
1
0
0
0
0
0
1
0
0
0
0
0
1
0
0
0
0
0
0
0
0
0
0
0
0
0
1
0
0
0
0
2
0
0
0
0
0
0
0
1
0
0
0
0
0
0
0
0
0
0
0
0
0
0
0
0
0
0
0
0
0
3
0
0
0
0
0
0
0
0
0
0
0
0
1
0
0
0
1
0
0
1
1
0
1
0
0
0
0
0
0
0
0
0
0
0
1
0
0
0
0
2
1
0
0
0
0
0
1
0
0
0
0
0
0
0
0
1
0
0
0
0
1
0
0
1
1
0
0
0
0
0
0
0
0
0
0
0
0
0
1
0
0
0
0
0
0
0
0
0
0
0
1
0
0
0
0
0
0
0
0
1
1
1
0
0
0
0
0
0
0
0
0
0
0
0
0
0
0
0
0
0
0
0
0
1
1
0
0
0
0
0
0
0
0
0
0
0
0
0
0
0
0
0
0
0
0
0
1
0
0
0
2
0
0
0
0
0
1
0
0
0
1
0
0
0
0
0
0
0
0
0
0
1
0
0
1
0
1
0
0
1
0
0
0
0
1
0
0
0
3
0
0
1
0
0
0
0
0
0
0
0
0
0
0
0
0
0
0
0
0
0
0
0
0
0
0
0
0
0
0
0
0
0
0
1
0
0
0
0
1
0
0
0
0
1
0
0
1
0
0
0
0
0
0
0
0
0
0
0
1
0
1
0
0
0
1
0
0
1
0
1
0
1
0
0
0
0
0
0
0
0
0
0
0
0
0
0
1
0
0
0
0
0
0
0
0
0
0
0
0
0
1
2
0
0
0
0
0
0
0
0
0
0
0
0
0
1
0
0
0
1
0
0
1
0
0
0
1
0
0
0
0
0
0
0
0
0
0
0
0
0
0
0
0
0
1
0
0
0
1
0
0
0
0
0
0
0
1
0
0
0
1
1
1
0
1
1
0
0
0
0
0
1
0
0
0
0
1
1
0
0
0
0
0
1
0
0
0
0
0
1
0
0
0
0
1
0
0
0
0
0
0
0
0
0
0
0
0
0
0
0
0
0
0
0
0
0
1
0
0
0
0
0
0
0
0
1
0
0
0
0
0
$ENER_FIT:
-1.4790 0.712350 0.000000e+00
$MCA_CAL:
3
-1.4790 0.712350 0.000000e+00
$ENDRECORD:
