$SPEC_ID:
Sample title.

$MEAS_TIM:
60365.23000 63866.35000
$DATE_MEA:
01/31/2020 6:13:57 PM
$DATA:
0 16383
0
0
0
0
0
0
0
0
0
0
0
0
0
0
0
0
0
0
0
0
0
0
0
0
0
0
0
0
0
0
0
0
0
20127
19371
19072
19041
19028
18695
18726
18809
19185
20703
29038
44717
57309
56923
41135
24603
18951
18155
17763
17642
17847
17743
17659
17918
17971
17868
18085
18230
18389
18475
18627
18289
18374
18792
19315
18915
19116
19397
19360
19732
19823
20024
20553
21046
21496
21640
21951
21503
21984
22469
22783
23643
24222
25154
25260
25721
25697
25775
25807
25860
25807
25900
26821
26959
28328
28398
29161
29344
30052
32051
38666
45613
52463
60489
66582
66806
56431
44531
38397
32839
27158
24413
23428
23681
23579
25049
28909
35234
39190
38669
35651
33288
32357
29704
25937
23646
22946
22495
21964
22081
21848
21701
21542
21974
21898
21539
21681
21819
21378
21622
21401
21518
21670
21599
22070
22640
22829
22996
22601
22005
21972
22038
22370
22842
22944
22951
23032
22872
23114
23194
23118
23212
23314
23059
23372
23219
23329
23827
24017
25307
26074
26544
26170
25223
25954
26148
25872
25349
24517
24426
24169
24409
24738
24986
25085
24867
24142
24041
23985
23943
23733
23963
23782
24006
23858
24003
24012
23538
23149
22818
22536
22652
22592
22395
22596
22740
22356
22570
22321
21948
21906
22000
22175
21673
21820
21822
21762
22049
21840
21760
21901
22116
22019
22287
22087
21901
21723
21880
21929
22011
22047
22131
22127
22150
22043
22180
22013
21745
21429
21553
21296
21341
21456
21514
21173
21517
21474
21381
21190
21192
20976
21209
20939
21152
21560
21577
21311
21245
21004
21028
20941
20946
20757
20808
20520
20550
20570
20576
20490
20272
20488
20306
20587
20670
20558
21148
21396
21917
21454
21147
20624
20204
20284
20450
20369
20272
20147
20367
20746
20573
20648
20479
21172
20654
21454
22185
22894
23918
24101
24229
25196
26195
27494
29427
30879
32339
33076
33729
33608
33288
32108
30423
29015
27641
26097
24653
24228
23634
23485
23350
23894
24334
25152
25286
24634
23939
23471
23082
23035
22828
22549
22622
22653
22853
22872
23050
23122
23311
23517
23645
24084
24161
24309
24770
24853
24964
25249
24500
24555
24201
24089
23871
23215
22710
22410
22181
22256
21772
21755
21446
21539
21676
21354
21270
21792
21425
21477
21427
21943
21983
21945
22060
22069
22691
22956
23113
23361
24270
24898
25802
26708
26906
26809
27507
28193
28912
29027
29663
30124
30272
30547
30907
30372
30489
29921
29827
29441
29483
29718
28777
28082
26970
26279
25416
25131
24822
24103
23611
22991
22826
22152
22018
21622
21532
21492
21046
21455
21548
21378
20986
20218
20055
19636
19369
19348
19294
19089
19250
18893
18862
18480
18651
18325
18168
18257
17664
17859
17516
17836
17770
17980
18278
18726
19076
18318
17887
16878
16519
16147
16142
15947
15922
15981
16073
15965
16041
15797
15780
15659
15450
15573
15598
15420
15469
15484
15424
15378
15209
15296
15294
15219
15058
15060
14956
15047
14872
15062
15493
16009
15961
15462
14827
14347
14115
14042
14023
13797
13802
13738
13641
13685
14428
16564
18403
19211
17376
14989
13694
13245
13242
13005
13243
13463
13164
12941
13035
13109
13116
12985
13057
12915
12998
13469
13533
13885
13625
13005
12835
12779
12547
12926
12632
12694
12656
12444
12625
12558
12394
12455
12482
12526
12142
12551
13000
13884
14702
14170
13703
12698
12592
12508
12249
12184
12000
12131
12065
11862
12055
12087
12074
12086
12073
12023
11977
12060
11870
11981
12167
12188
13889
16801
19147
19218
16633
13394
12061
11706
11805
11709
11884
11774
11684
11730
11793
11933
11921
12129
12250
11995
11745
11866
11429
11742
11721
11523
11628
11755
11696
11578
11671
11743
11524
11392
11485
11589
11449
11357
11361
11334
11516
11475
11383
11398
11504
11399
11081
11430
11361
11291
11489
11502
11632
11558
11633
11503
11311
11302
11287
11279
11192
11256
11264
11235
11393
11677
11192
11345
11504
11277
11382
11411
11322
11358
11248
11327
11465
12005
12912
14349
15196
14713
12954
11814
11486
11407
11444
11377
11352
11507
11482
11494
11643
11513
11399
11638
11622
11668
12734
14991
20381
28217
37387
45952
52124
55896
58153
60180
61484
62444
61933
62350
61891
61027
59786
57869
55049
50902
44885
37197
28664
20693
14842
11877
10885
10744
10588
10542
10847
10588
10692
10492
10671
10555
10709
10621
10868
10638
10752
10674
10370
10525
10650
10607
10840
10807
10826
10697
10894
10618
10999
11679
13011
17445
26920
42470
62018
74821
73120
58752
38858
23901
16013
12632
11361
11238
11001
10848
10704
10663
10534
10433
10155
10408
10469
10337
10303
10432
10490
10225
10205
10294
10389
10326
10193
10176
10206
10069
10125
10154
10187
10267
10276
10361
10201
10408
10300
10137
10225
10206
10505
10352
10255
10281
10168
10215
10347
10444
11020
12086
12491
12317
11564
10679
10260
10270
10348
10096
10189
10132
10278
10263
10358
10337
10191
10237
10179
10433
10166
10343
10443
10142
10398
10391
10599
10534
10436
10798
10859
10832
10670
10538
10389
10335
10330
10096
10326
10203
10325
10375
10310
10498
10479
10468
10492
10259
10495
11478
12731
13597
13551
12194
10969
10317
10420
10388
10885
11172
10887
10411
10322
10260
10385
10329
10416
10578
10669
10808
10835
10692
10801
10772
10850
10815
10908
11095
11125
11009
10840
10897
10839
10589
10840
10979
11048
10770
10923
10776
10572
10462
10717
10558
10498
10304
10387
10369
10479
10421
10448
10339
10439
10466
10289
10268
10471
10384
10536
10599
10342
10362
10413
10430
10367
10600
10355
10527
10407
10455
10487
10504
10419
10436
10190
10535
10452
10226
10467
10343
10362
10480
10289
10176
10306
10477
10447
10737
10707
10825
10844
10748
10785
10458
10532
10596
10490
10414
10262
10500
10447
10562
10889
10874
10927
10425
10554
10479
10578
10516
10362
10644
10508
10478
10674
10488
10933
10499
10530
10541
10255
10326
10403
10497
10485
10431
10393
10386
10404
10427
10498
10480
10390
10556
10487
10379
10372
10483
10416
10622
10495
10514
10459
10569
10272
10378
10444
10567
10523
10634
10625
11337
11824
12377
12474
12008
11280
10852
10823
10752
10779
10867
10836
10901
10944
10737
10487
10720
10800
10779
10848
10801
10743
10681
10865
10586
10884
10668
10637
10644
10636
10768
10503
10628
10542
10725
10645
10706
10628
10623
10633
10834
10689
10541
10632
10515
10633
10707
10605
10578
10656
10825
10584
10444
10638
10492
10901
10467
10697
10609
10483
10534
10723
10550
10758
10826
10482
10645
10571
10700
10687
10677
10612
10544
10639
10666
10824
10570
10581
10500
10650
10317
10827
10784
10592
10742
10810
10837
10848
10728
10774
10945
11208
11815
12336
12551
12107
11471
11017
10733
10735
10795
10772
10742
10783
10818
10776
11036
11430
11706
11682
11594
11159
10943
10881
10825
10847
10784
10950
11008
10673
10771
10801
10820
10925
10898
10727
10756
10833
10546
10724
10456
10860
10875
11233
11584
12641
13168
13262
12173
11223
10816
10854
10711
10779
10871
10967
10878
10910
10794
10820
10990
10999
10798
10881
10705
10774
10749
10793
10893
10845
10749
10921
10710
10954
10712
10864
11052
10929
11215
11212
11063
11093
10934
10910
10886
10758
10710
10713
10695
10869
10603
10869
10567
10704
10965
10972
10901
11132
10867
10896
10902
11090
11165
11261
11345
12330
14723
18347
20388
19180
15695
12814
11468
11105
11073
10909
10973
10996
10860
10873
11000
10654
10938
10891
11025
10849
11120
11722
12846
13905
14258
13292
11855
11057
10834
10847
10581
10862
10887
10740
10823
10922
10965
10867
10762
10832
10915
10813
10960
11272
11218
11754
12108
12120
12396
13172
13618
13450
12701
11775
11289
11755
12270
12879
12988
12087
11325
10869
10817
10948
10719
11073
10885
10887
11105
11065
10959
11048
10799
10999
10760
10903
10942
10766
10996
10965
11125
11357
11528
11495
11698
11710
11945
12003
12166
11654
11420
11041
11022
11280
11585
11530
11947
11504
11336
11176
10965
11022
11057
11080
10867
11140
11039
11570
12116
12954
13431
13208
12242
11468
11346
11061
11128
11080
11147
11002
11015
11073
11077
11165
11180
11213
11354
11450
11227
11287
11431
11200
11103
11071
11255
11226
11061
11230
11188
11122
11238
11596
11260
11338
11228
11135
11160
11313
11316
11345
11613
11357
11283
11644
12672
14886
17927
19300
17567
14688
12447
11450
11406
11368
11265
11488
11429
11380
11176
11368
11252
11382
11463
11360
11479
11412
11292
11191
11525
11373
11475
11408
11213
11461
11524
11412
11658
11558
11531
11504
11658
11759
12092
13084
13497
13680
12944
12324
11835
11536
11477
11438
11728
11643
11882
12125
12026
12167
12000
12013
12036
13091
16957
25548
35293
38580
32967
22398
15123
12197
11776
11713
11771
11751
11858
11891
11893
11831
11738
11695
11802
11735
11783
11640
11813
11692
11819
11721
11857
12130
11965
11835
11809
11943
11876
11966
11988
12129
12199
11734
11989
11775
12172
12805
14186
16886
21926
26970
28744
24813
18766
14388
12550
12215
12331
12492
12753
12605
13070
13272
13281
12986
12948
12541
12469
12498
12319
12367
12163
12103
12339
12369
12268
12305
12234
12312
12464
12295
12349
12201
12461
12502
12432
12286
12524
12315
12515
12565
12372
12603
12399
12524
12538
12398
12503
12486
12568
12454
12526
12462
12435
12538
12618
12962
12911
12794
12745
12376
12641
12736
12517
12611
12594
12638
12396
12653
12630
12572
12622
12886
12879
13097
12973
12747
12624
12387
12715
12616
12919
13448
14466
15901
16639
16121
14838
13555
12972
12856
12832
12915
12865
12822
12690
12947
12770
12913
13120
12912
12977
13083
13465
13821
13728
13684
13432
12882
12856
12889
12931
12976
13204
12839
13061
12864
13176
13157
13402
13776
14434
14912
15344
15949
16156
15378
14730
13567
13325
13134
13296
13231
13289
13325
13379
13207
13534
13358
13595
13409
13501
13270
13305
13427
13206
13478
13585
13283
13511
13526
13809
13763
13713
13843
13910
14687
15427
15687
14974
14245
13764
13417
13589
13614
13760
13575
13643
13590
13637
13671
13575
13611
13806
14008
14303
14155
14032
14011
13781
13884
13849
13606
13900
14028
13753
13679
14107
13903
13765
13932
13939
13843
13939
14069
13858
14071
13878
14124
14179
14293
14425
14412
14363
14446
14101
14177
13948
14237
14174
14199
14079
14433
14619
14806
14938
15196
15196
14841
14722
15034
14708
14739
14940
15818
15963
16033
15441
14773
14520
14184
14404
14568
14441
14718
14523
14614
14737
14587
14504
14610
14612
14510
14500
14730
14614
14982
14815
14884
14761
15121
15758
16611
17380
17113
16566
15715
15112
14892
15359
16887
22803
37308
57412
71576
68541
50459
30701
20054
16962
16310
16535
16315
16359
16175
16269
16557
16367
16564
16383
16425
16775
16862
16853
16814
16601
16759
16838
16750
16783
16984
16874
16910
17118
16867
17263
16985
17072
17054
17290
17214
17120
17553
17630
17818
17587
17294
17602
17330
17367
17392
17400
17430
17478
17513
17315
17738
17724
17438
17595
17771
17743
17884
18192
18400
18117
18120
18056
17915
17945
18158
18002
18029
18061
18277
18205
17943
18235
18373
18489
18455
18376
18470
18632
18939
19661
20776
23467
26908
28136
26555
23492
20921
20092
20320
21983
24157
25708
26557
25164
23283
21318
20370
19671
19790
20115
20127
20018
19462
19325
19464
19518
19769
19447
19755
19476
19970
20682
22526
24289
24765
23859
21797
20430
19736
19778
19709
19787
19734
19749
19836
19773
19963
20207
19751
20147
20267
19831
19955
20018
19905
20203
20097
20243
20323
20359
20403
20587
20861
21053
21791
21422
21076
20749
20534
20622
20700
20838
20675
20735
20757
20732
20828
20796
21015
20685
20955
21110
21205
22114
22711
22330
21925
21735
21305
21017
21210
21214
21090
21220
21084
21265
21339
21514
21576
21334
21326
21586
21037
21372
21673
21436
21699
21583
21567
21359
21768
21851
21976
22464
23885
25176
26626
26222
24639
23164
22283
22141
21897
21985
22131
21882
21848
22229
22306
22144
22294
22207
22298
22477
22314
22554
22664
22384
22624
22651
22887
22697
22823
22950
22976
23008
23830
24247
24714
24015
23536
23264
23145
23054
23239
23712
23537
24688
25556
26753
27044
26970
26393
25344
25090
24354
24139
24114
24171
24645
25042
25724
25884
25226
24745
24154
24061
24195
24000
24445
24222
24388
24508
24408
24275
24402
24745
24719
24355
24801
24912
24883
24756
24454
24676
24574
24658
24958
24812
24722
24885
24890
24835
24769
24935
25845
28175
32629
37405
39664
37280
31880
27840
25741
25536
25235
25357
24970
25240
25672
25585
25569
25493
25440
25386
25558
25467
25436
25755
25769
25756
25673
26062
25607
25921
25830
25800
25862
26180
26186
26676
26519
26835
26916
27175
27788
27622
26934
26824
26489
26501
26381
26407
26345
26670
26558
26705
26740
26566
26725
26521
26783
26780
26664
26833
26568
27106
26791
27043
27196
27076
27304
26989
27201
27065
27244
27330
26895
27462
26864
26945
27327
27347
27137
27302
26841
27446
27268
27284
27094
27183
27299
27342
27461
27530
27324
27648
27923
27556
27547
27787
27697
28022
27848
27883
27478
28191
27703
27727
28147
28210
28057
28372
28456
28568
28572
28599
28549
28353
28566
28769
29244
29546
29391
29096
29084
28759
28838
28829
28695
28987
28966
29046
28952
29339
29896
29483
29351
29284
29164
29416
29172
28951
29483
29342
29420
29506
29386
29938
29695
29817
29556
29687
29746
30124
29900
30126
30127
30149
30085
30143
30144
30481
29920
30327
29973
30213
30348
30432
30613
30841
31334
33416
35936
37938
37830
35842
33168
31479
30931
30979
30887
30875
31158
31142
30853
31165
31238
31203
31159
31069
31314
31029
31206
31273
31634
31145
31287
31219
31635
31201
31426
31207
31019
31023
31879
30757
31082
31098
30973
30954
31009
30806
31025
30307
30543
30430
29822
29919
29965
29446
29727
29410
29464
29098
29263
29318
28967
29394
29010
29105
29117
29101
29314
29109
29200
29111
28614
29025
28812
29137
29050
29018
29096
29032
29089
28973
28845
28833
29266
29024
29255
28986
29187
28926
29081
29049
29164
28952
29445
29506
31004
32876
34056
34877
33387
32329
31106
30626
29996
29575
29138
29453
29335
29405
29584
29615
29428
29160
29312
28910
29253
29289
29131
29461
29350
29241
29041
29534
29586
29672
29942
29898
30187
30546
30833
30657
30933
30443
29880
30098
29507
29652
29480
29982
30481
31084
33622
38826
45619
49457
48580
42264
35974
32205
30684
30769
30616
30800
30667
30889
30877
30662
31038
31591
31738
31705
31447
31437
30902
31222
31337
31536
31436
31423
31753
32700
32908
32815
32774
32505
32452
32431
32360
32064
32663
32607
32985
32654
33016
33068
33168
33308
33027
33565
33723
33903
33918
33978
33934
34015
34091
34003
34655
34117
34720
34256
34696
34848
34949
35163
35095
35788
35328
35953
36077
36259
36140
36575
36965
37508
38149
37959
39067
43001
53964
74793
97022
107546
99406
80609
64665
56808
51686
47711
43383
40442
40127
40268
40296
40483
40876
41148
40740
41056
41791
42063
42002
42300
42546
42608
43090
43399
43629
43916
44144
44434
44457
44798
45187
45646
45967
46091
46642
47517
48288
48754
49347
50297
52905
59450
75211
110086
165544
233818
288354
303090
265852
200219
135251
90500
68085
59335
55735
54216
54483
53906
54160
54086
54378
54707
54747
55638
55922
56638
56496
56257
56471
56226
55990
56434
56579
56908
57168
57257
57660
58206
58105
58298
58332
58217
58945
58800
58497
58671
58863
59170
59445
59610
59766
59644
60096
60379
60133
60031
60385
60693
60420
61028
61238
61335
61385
61472
61275
61168
61814
61456
61898
61539
61860
62156
62774
63032
63387
62611
63007
63203
63536
63117
63074
63278
63081
63789
63655
64221
64421
64478
64499
64994
64989
64524
65262
64849
65679
69534
86274
138738
246690
389582
488623
473053
349287
206250
113158
77153
68566
67314
66409
66236
65948
65375
66474
65855
66161
66093
65935
65950
66117
66129
65603
66042
66068
66157
66098
66858
65987
66748
67049
67190
66797
67530
67476
67413
67682
67425
67822
67434
67928
68124
67753
68206
68662
68013
69077
68674
68799
68285
68200
68334
68346
68768
69397
68748
69590
69346
69483
69719
69740
69928
69495
70156
70287
69888
70448
70323
70350
70508
71094
71384
71274
71212
71291
71483
71853
71396
71383
71599
72045
72145
72350
71898
72342
72719
72511
72859
73122
73462
72934
73542
73446
73722
74142
73594
74113
74414
74424
74536
74704
74953
75157
75483
75892
77252
78777
80316
80744
79666
78104
77016
76807
76045
76348
76799
76947
77913
77225
77275
78287
78565
78948
79206
79203
78894
78777
78710
79039
78571
78988
78834
79335
79758
79156
79760
80009
80661
80421
80459
80185
81495
81086
80783
81323
82362
85245
95179
119828
159905
203455
222778
205669
160717
119218
95462
86215
84428
83596
83995
84858
84682
84457
84664
84755
84791
85388
85804
85530
85830
85940
85811
87114
86242
87095
86399
86675
87135
87984
87640
87546
88152
87554
87920
88564
88693
88917
89768
89051
89207
89136
89873
89951
90365
91161
90800
90722
90987
91729
91852
91975
91903
92632
92472
92556
92898
93264
93415
94922
96386
97973
98071
97941
96691
95983
95325
95216
95491
95485
96300
96417
96955
97256
97453
97413
97664
98748
98701
98208
98922
98915
99483
99181
99322
99380
99907
100658
100392
100846
100986
101377
101419
101493
102375
102697
102710
102987
103074
103048
103735
103541
104796
104066
105248
105193
104730
105130
104882
106204
106399
106410
106660
107783
107699
107629
108429
108170
108287
108146
108940
109240
109736
109126
109703
110342
110121
110701
110573
111628
111376
111389
111701
111934
112164
112026
112035
112277
112826
114532
114866
115588
115075
114351
113182
112862
113096
113076
112669
111886
109956
107820
106602
104152
101784
99348
97150
94916
92409
91534
93268
100089
107655
112627
110175
101404
90728
83830
79926
79237
78190
77632
77366
77054
77543
77722
77461
77883
77203
75866
75463
75367
74323
73924
73096
72606
72337
72094
72039
71920
71521
70651
71154
70811
70226
69733
69979
69541
69094
68946
68451
68686
68201
68068
67835
67403
67903
67479
67069
66560
65950
65898
65349
65138
65389
64574
63773
63363
63936
63572
62961
63092
62464
62256
62163
61449
61269
61099
60474
60401
60558
59501
58753
59162
58530
58291
58117
57241
57036
56582
56106
55914
56332
55215
54892
54406
54238
54163
53501
52622
52900
52535
51552
51340
51020
51284
50935
50945
50162
49729
49213
49042
48369
47893
47742
47114
46534
46062
46155
45443
45002
44782
44709
44470
44323
44630
43599
43252
42879
41824
41207
41162
40822
40699
40259
39911
39794
39089
38565
38523
38045
37736
37148
37489
36960
36514
36055
35491
35070
34394
34196
33921
33647
33002
32722
32620
32107
31736
31244
31031
30770
30490
31437
32713
34561
37064
37316
35434
32338
29503
28216
27507
27140
26926
26610
26102
25862
25227
24914
24921
24135
24168
23702
23456
22778
22911
22785
22223
22325
21467
21329
20992
21409
21629
21612
21001
21058
19921
19503
19357
19371
19147
18726
18701
18729
19399
20194
21993
24248
24279
22988
20580
18748
17637
17172
17088
16834
16792
16697
16731
16565
16441
16512
16308
16249
16380
16230
16186
15932
15968
16025
15847
15942
15723
15660
15722
15588
15654
15470
15415
15612
15456
15328
15296
15183
15174
15308
15052
15080
15143
15546
15357
16058
16051
16096
15853
15208
14756
14784
14842
14229
14361
14369
14284
14291
14191
14244
13928
13956
13862
13881
14268
14301
14381
13906
13774
13710
13492
13344
13337
13151
13279
13139
13212
13040
13059
12968
12825
12904
12700
12851
12977
12926
12866
12679
12809
12638
12769
12502
12633
12721
12880
12745
12762
12668
12722
12829
12920
12903
13112
13338
13724
14263
14630
14745
14741
14666
14831
15168
16592
21103
44822
146902
489638
1338712
2816902
4526968
5526920
5136419
3580836
1835448
674072
176634
34989
7787
4137
3652
3497
3384
3196
3108
3226
3024
2913
2913
2924
2814
2817
2784
2795
2824
2684
2719
2856
2746
2687
2626
2758
2796
2714
2738
2766
2691
2689
2628
2617
2549
2630
2589
2802
3214
3731
4129
3994
3640
3108
2711
2649
2556
2779
2844
2915
2938
2871
2543
2474
2491
2424
2474
2515
2572
2983
3985
5441
7069
8254
7801
6169
4404
3248
2664
2514
2500
2590
2676
2812
3304
4524
7100
10970
14535
15685
13383
9115
5429
3529
2583
2433
2349
2230
2371
2311
2270
2360
2382
2509
2588
2650
2298
2333
2327
2264
2258
2496
2522
2547
2434
2312
2180
2187
2224
2170
2160
2175
2164
2275
2573
2522
2876
3187
3155
2978
2867
2695
2389
2307
2272
2325
2282
2535
2657
2889
3074
3148
3056
2889
2631
2431
2346
2240
2250
2267
2161
2214
2214
2298
2195
2282
2293
2280
2239
2291
2331
2339
2265
2335
2285
2233
2197
2258
2222
2128
2250
2174
2115
2286
2226
2201
2264
2422
2678
2592
2680
2510
2329
2257
2256
2231
2153
2141
2249
2112
2242
2138
2278
2217
2088
2199
2197
2150
2017
2186
2079
2065
2060
2130
2060
2172
2109
2048
2218
2126
2062
2048
2142
2060
2151
2098
2037
2080
2110
2074
2085
2149
2198
2234
2430
2460
2585
2517
2448
2243
2228
2094
2092
2165
1995
2046
1980
2001
2000
2036
2073
2007
2009
2026
2078
2015
2063
2024
2049
2021
1977
1992
1959
1893
1912
1969
1928
1923
1879
1927
2092
1972
1984
2025
2000
1961
2060
1951
2060
2034
2089
1995
1967
1974
1931
2011
2055
2009
2150
2122
2266
2297
2136
2087
1980
1920
1910
1977
1987
2075
1991
2091
2005
2021
1955
1932
1931
1963
1888
1910
1940
1884
1862
1975
1933
2005
1874
1899
2006
1956
1927
2074
2198
2494
2534
2453
2426
2326
2584
2918
3590
4153
4747
4945
4740
4261
3630
3108
2595
2230
2184
1996
2034
2039
1954
2020
2032
2024
2000
2045
1966
2001
1999
2028
1965
2110
1997
2047
2095
2087
2076
2048
2079
2080
2073
1968
2009
1988
2055
2041
2142
2113
2176
2091
2107
2049
2070
2056
2002
2010
2047
2181
2239
2432
2434
2407
2284
2152
2093
2068
2054
2024
2055
1958
2111
2009
2052
2052
2025
2127
2127
2084
2125
2134
2291
2478
2682
2820
2698
2745
2553
2273
2182
2164
2328
2451
2885
3283
3452
3257
2770
2534
2299
2228
2187
2257
2320
3075
4725
8876
16741
26391
32957
32950
26498
17258
10018
5790
4077
3143
2674
2396
2264
2285
2202
2268
2295
2142
2099
2191
2183
2389
2380
2333
2386
2344
2332
2157
2196
2194
2191
2206
2238
2274
2195
2243
2315
2228
2304
2512
2465
2618
2569
2479
2363
2347
2376
2341
2376
2343
2214
2158
2266
2243
2209
2151
2237
2265
2286
2160
2205
2354
2403
2384
2427
2372
2326
2383
2562
2507
2735
2626
2510
2570
2335
2251
2213
2271
2640
3234
4397
5873
7245
7552
6695
5163
3643
2834
2432
2449
2304
2249
2360
2334
2368
2562
3289
4754
7370
10432
12421
12420
9938
6493
3982
2816
2325
2207
2263
2150
2156
2152
2254
2203
2260
2212
2238
2149
2240
2156
2160
2222
2205
2171
2246
2190
2332
2260
2202
2234
2213
2217
2178
2129
2277
2284
2253
2244
2215
2258
2285
2281
2303
2229
2155
2365
2514
3107
3895
4797
5345
5426
4648
3616
2884
2422
2308
2265
2217
2200
2234
2157
2286
2162
2130
2169
2218
2198
2216
2111
2286
2154
2192
2115
2207
2213
2159
2245
2204
2224
2237
2236
2189
2217
2232
2316
2209
2316
2387
2651
3322
4073
4672
4794
4426
3691
2929
2489
2425
2348
2397
2402
2386
2415
2318
2379
2343
2270
2327
2327
2273
2377
2340
2313
2352
2350
2353
2330
2223
2339
2339
2265
2267
2294
2368
2270
2286
2339
2298
2413
2391
2438
2329
2330
2343
2389
2389
2411
2284
2490
2353
2320
2442
2468
2427
2386
2440
2389
2339
2420
2449
2476
2438
2390
2371
2388
2326
2410
2360
2497
2364
2292
2429
2473
2560
2827
3468
3867
4101
3802
3371
2945
2594
2401
2448
2390
2371
2354
2479
2383
2418
2391
2415
2604
2670
2596
2564
2541
2482
2494
2496
2611
2725
2924
2921
2801
2668
2536
2503
2667
2944
3157
3167
2986
2700
2462
2284
2265
2202
2288
2267
2224
2330
2306
2412
2241
2405
2330
2245
2274
2263
2185
2280
2216
2235
2296
2304
2277
2332
2385
2299
2425
2442
2389
2430
2220
2261
2282
2270
2255
2261
2284
2195
2328
2295
2179
2355
2271
2305
2408
2300
2304
2291
2337
2291
2276
2238
2354
2228
2273
2250
2306
2289
2321
2232
2272
2237
2250
2247
2309
2295
2238
2280
2236
2271
2206
2260
2245
2382
2380
2458
2508
2659
2639
2667
2564
2491
2434
2305
2316
2253
2259
2137
2212
2086
2170
2134
2094
2199
2143
2107
2116
2072
2024
2013
2103
2040
2081
2047
2117
2014
2055
2070
2026
2019
2019
2015
2102
2031
2124
2548
3359
5010
7424
9905
11283
10157
7552
5016
3201
2414
2292
2407
2691
3422
4710
6733
9105
10362
9814
7830
5436
3545
2748
2424
2257
2239
2180
2156
1991
2056
2025
1969
2052
1909
1968
2021
1904
1985
1957
1893
1987
1944
1943
1970
1861
2054
1959
2069
2160
2286
2183
2090
1955
2043
2048
1950
2034
1950
2035
2020
2121
2093
2087
2110
2088
2036
1924
1860
1892
1887
1916
1906
1868
1957
1932
1987
1943
1987
2067
2123
2137
2124
2157
2068
2133
2079
2092
2144
2093
2077
2043
2081
2006
2096
2107
2317
2370
2350
2275
2062
1990
1856
1914
1910
1959
1921
1967
2027
1909
1894
1919
2017
1866
1991
1953
1832
1872
1944
1859
1808
1910
1790
1874
1858
1873
1885
1843
1812
1838
1919
1743
1795
1906
1822
1845
1935
1743
1781
1815
1955
1884
1884
2021
2247
2340
2469
2317
2217
2070
1926
1927
1839
1843
1850
1913
1787
1833
1843
1863
1791
1871
1822
1820
1894
1806
1867
1852
1858
1858
1869
1874
1829
1870
1878
1866
1880
1913
1870
1840
1849
1811
1850
1928
1879
2047
2189
2450
2939
3548
4259
4849
5018
4629
4470
4884
6955
11264
17074
22099
22861
19525
13380
7762
4168
2601
2038
1970
1904
1930
1946
1932
1914
2008
2074
2022
1970
1966
1979
1990
2004
1995
1973
1940
1980
1939
1982
1921
1914
2017
2026
1983
2029
2149
2216
2304
2518
2588
2717
2660
2508
2361
2219
2042
2058
2019
2078
2048
2119
1978
2027
2003
2036
1937
2027
2030
2042
2004
2151
2010
2097
2039
2053
2040
2044
2033
2046
2036
2070
2229
2362
2839
3481
4230
4971
5134
4671
3831
3133
2671
2906
3402
4617
5919
7389
8332
8267
7315
5807
4320
3390
2736
2506
2445
2487
2559
2528
2748
3270
4661
7705
12212
17491
20757
20531
15873
10454
5943
3476
2495
2289
2122
2119
2124
2249
2181
2148
2164
2226
2235
2201
2280
2395
2442
2483
2534
2503
2563
2459
2468
2400
2302
2317
2258
2287
2214
2290
2264
2233
2234
2261
2268
2329
2291
2272
2244
2202
2291
2271
2396
2393
2420
2445
2493
2396
2451
2324
2210
2315
2276
2429
2452
2581
2574
2708
2905
3367
3736
3975
3907
3602
3350
2985
2692
2553
2437
2407
2396
2404
2370
2446
2442
2455
2441
2387
2439
2351
2296
2340
2428
2425
2361
2451
2511
2462
2519
2435
2416
2455
2523
2606
2491
2508
2528
2438
2530
2502
2541
2510
2616
2736
2941
3055
3091
3020
2838
2650
2520
2557
2590
2475
2426
2526
2555
2442
2419
2505
2544
2509
2553
2538
2635
2527
2751
2853
3008
3054
2997
2941
2759
2675
2594
2564
2612
2511
2620
2564
2562
2646
2562
2595
2719
2670
2840
2889
2840
2985
2893
2839
2852
2773
2679
2749
2788
2770
2684
2690
2755
2683
2763
2696
2768
2688
2729
2759
2795
2745
2710
2769
2904
2745
2907
2929
3059
3550
4309
5741
7815
10372
12450
13714
13048
10808
8412
6092
4612
3932
3644
3665
3492
3427
3364
3131
3070
2981
3073
2901
3014
2954
2955
2940
2981
3030
3016
2980
3081
3123
3076
3197
3143
3056
3173
3145
3094
3056
3057
3101
3183
3040
3206
3256
3213
3239
3230
3267
3287
3177
3175
3118
3135
3101
3119
3191
3242
3118
3189
3207
3323
3324
3287
3341
3286
3265
3118
3225
3248
3235
3159
3198
3108
3152
3236
3146
3187
3195
3247
3338
3298
3232
3314
3297
3297
3201
3184
3218
3216
3200
3146
3229
3287
3243
3223
3189
3214
3281
3349
3375
3569
3702
3710
3849
3819
3618
3488
3414
3235
3349
3324
3296
3271
3220
3234
3270
3284
3198
3249
3340
3216
3201
3258
3249
3327
3312
3222
3270
3243
3279
3252
3283
3301
3292
3314
3397
3473
3512
3631
3869
4003
4264
4157
4156
3938
3875
3674
3592
3429
3481
3443
3476
3454
3300
3396
3390
3343
3579
3600
3628
3731
3713
3644
3394
3491
3380
3353
3300
3437
3392
3299
3387
3315
3434
3347
3295
3410
3358
3465
3568
3295
3309
3315
3352
3179
3205
3263
3228
3591
3671
3962
4412
5076
5364
5503
5453
5060
4180
3710
3456
3226
3306
3285
3238
3185
3325
3327
3492
3422
3386
3304
3262
3327
3171
3193
3154
3180
3265
3143
3191
3198
3148
3207
3167
3199
3155
3211
3190
3157
3223
3200
3167
3156
3178
3224
3163
3340
3255
3253
3273
3539
3834
4059
4290
4395
4268
4051
3835
3481
3501
3619
3764
3944
4077
4369
4401
4555
4245
3935
3591
3421
3244
3204
3088
3132
3236
3165
3179
3205
3278
3186
3229
3188
3097
3142
3209
3332
3536
3709
3904
4091
4169
4171
3875
3465
3465
3383
3273
3243
3314
3336
3424
3515
3535
3565
3405
3392
3303
3217
3287
3170
3229
3267
3120
3207
3043
3163
3148
3114
3078
3133
3118
3159
3118
3306
3361
3631
3846
4144
4333
4203
4047
3745
3472
3228
3195
3116
3126
3182
3153
3011
3012
3082
3080
3002
3214
3174
3077
3062
3093
3179
3213
3224
3182
3183
3202
3199
3198
3233
3252
3263
3299
3223
3063
3065
3160
3048
3044
3095
3104
3079
3063
3139
3111
3292
3154
3199
3183
3084
3069
3032
3161
2913
3050
3051
2931
3013
3120
3082
3104
3020
3088
3192
3058
3004
3056
2831
2882
2796
2862
2784
2807
2625
2670
2758
2696
2729
2751
2671
2630
2698
2718
2631
2618
2630
2678
2808
2603
2672
2663
2632
2577
2546
2635
2589
2716
3107
3901
5584
8325
11831
14621
15829
14090
10876
7188
4672
3169
2605
2617
2518
2639
2619
2484
2570
2547
2522
2481
2546
2506
2547
2595
2591
2547
2641
2666
2685
2660
2848
3170
3738
4583
5293
5336
4980
4082
3355
2897
2682
2510
2411
2395
2524
2479
2442
2404
2453
2376
2425
2478
2489
2450
2445
2540
2469
2653
2764
2758
2770
2671
2506
2554
2508
2479
2437
2421
2441
2491
2472
2412
2433
2376
2426
2449
2426
2366
2289
2431
2395
2340
2316
2354
2315
2339
2359
2350
2261
2323
2503
2632
3595
5885
10047
17177
25957
33246
35974
31887
23301
13857
7480
4075
3088
2933
3207
3483
3685
3343
3089
2734
2339
2251
2213
2176
2109
2131
2040
2137
2093
2132
2119
2206
2193
2010
2092
2101
2143
2115
2101
2181
2138
2381
2551
2830
3164
3694
3806
3607
3196
2747
2313
2129
2050
2093
1927
1995
2081
2088
2026
2066
2045
1971
2045
2071
1920
2003
1963
1965
1962
1936
1971
2007
1929
1875
1972
1924
1921
1999
1913
1931
1976
1987
1997
2324
2664
3822
5487
7623
9540
10423
9418
7482
5155
3349
2430
2240
2064
2175
2140
2164
2232
2181
2100
2078
1973
2005
1864
1922
1968
1851
1841
1884
1951
1944
1925
1895
1956
1811
1871
1898
1885
1937
1968
1904
1931
1968
2009
2140
2354
2735
3356
4064
4635
4849
4834
4363
3478
2951
2388
2139
1993
2009
1901
1982
1931
1942
1986
1906
1939
1948
1916
1976
2027
2018
2107
2177
2243
2261
2103
2061
2058
1856
1869
1822
1856
1916
1891
1875
1851
1807
1872
1862
1905
1868
1945
1818
1729
1789
1936
1942
2036
1959
2065
1977
2068
2027
2077
1959
2026
1936
1950
1957
1880
1922
1994
2025
2240
2294
2421
2445
2360
2324
2237
2460
3248
5389
9891
18567
30118
43434
52264
52233
42881
28894
16131
8189
4700
4005
4467
4643
4326
3748
3058
2396
2016
1873
1777
1755
1766
1829
1801
1882
1784
1783
1723
1789
1762
1786
1876
1885
1758
1780
1914
1873
1977
1915
2024
1901
1909
1871
1942
2135
2286
2485
2745
2759
2686
2449
2397
2307
2284
2122
1999
1980
1789
1817
1795
1800
1826
1871
1785
1790
1821
1818
1898
1781
1905
1867
1788
1928
1841
1806
1767
1784
1750
1730
1736
1849
1855
1826
1832
1734
1838
1761
1865
1798
1798
1677
1730
1809
1845
1968
1884
1983
2142
2333
2795
3258
4073
4437
4797
4884
4206
3492
2884
2426
2129
2001
1922
1942
1920
1859
1855
1812
1934
1890
1786
1842
1987
1800
1913
1857
1775
1789
1783
1850
1801
1859
1916
1999
1932
1960
1859
1992
1973
1805
1846
1824
1902
1869
1929
1903
1818
1836
1887
1763
1855
1892
1843
1786
1824
1946
1855
2147
2401
2845
3212
3327
3284
2985
2555
2158
1960
1874
1923
1921
1922
1912
1933
1918
1876
1865
1874
1907
1810
1837
1872
1936
1872
1900
1865
1889
1992
1844
1876
1852
1823
1925
1878
1920
1913
1795
1879
1936
1920
1924
1923
1911
1963
2009
2056
2131
2233
2528
2537
2856
2807
2649
2507
2200
2040
1946
1901
1906
1904
1907
1924
1918
1862
1878
1810
1857
1873
1844
1961
1926
1874
1914
1845
1836
1919
1944
1914
1953
1972
2151
2490
2970
4029
5210
6575
7093
6817
5702
4322
3353
2940
3118
3477
4103
4410
4182
3546
3110
2433
2181
1937
1878
1965
1886
1942
2023
2004
2153
2096
2012
2068
2091
2121
1998
1981
1991
2162
2463
2890
3700
4929
5889
6365
6027
5143
3977
3025
2552
2421
2547
2708
2971
3355
3700
3859
3756
3390
2951
2518
2276
2225
2298
2312
2227
2240
2114
1877
1909
1952
1992
1899
1954
1895
1937
2074
2051
2247
2306
2289
2243
2259
2173
2231
2239
2177
2068
2029
2028
1948
1883
1813
1959
1988
2075
2080
2182
2108
2238
2189
2214
2266
2259
2265
2237
2199
2127
2156
2155
2236
2292
2343
2317
2097
2085
2069
2034
1932
1969
1942
1916
1943
2054
2170
2283
2422
2550
2660
2610
2383
2260
2128
2059
1996
1917
2000
2021
2034
1963
1998
1993
1937
2021
2057
2045
2017
2012
2037
2131
2079
2067
2087
2095
2080
2031
2040
2098
2053
2028
2012
2088
2063
2138
2014
2062
2050
2119
2109
2081
2058
2056
2139
2051
2081
1993
2112
2056
2081
2111
2103
2186
2082
2101
2116
2109
2113
2134
2155
2126
2152
2067
2141
2046
2124
2072
2094
2177
2080
2118
2142
2163
2142
2135
2146
2197
2260
2325
2518
2952
3671
5168
7042
10071
13164
15385
16464
15416
12875
9495
6765
5034
3672
3036
2630
2444
2536
2369
2303
2393
2348
2382
2418
2485
2423
2491
2547
2597
3039
3245
3429
3603
3393
3069
2805
2564
2536
2443
2423
2492
2461
2514
2483
2503
2453
2467
2311
2329
2361
2276
2321
2226
2293
2279
2278
2248
2395
2426
2282
2284
2313
2345
2282
2320
2278
2354
2322
2236
2366
2312
2455
2412
2334
2417
2423
2353
2391
2445
2244
2365
2391
2385
2397
2486
2529
2608
2557
2536
2482
2379
2384
2327
2429
2366
2391
2384
2450
2466
2383
2475
2490
2470
2538
2475
2591
2611
2579
2558
2559
2476
2418
2530
2335
2433
2394
2457
2375
2368
2265
2348
2395
2338
2264
2412
2420
2455
2401
2388
2483
2423
2461
2381
2318
2328
2402
2324
2302
2312
2359
2436
2201
2228
2435
2395
2434
2305
2407
2392
2491
2409
2369
2377
2416
2342
2410
2500
2334
2401
2492
2397
2478
2470
2492
2470
2619
2556
2732
2711
2629
2591
2565
2376
2384
2369
2299
2457
2358
2411
2443
2428
2405
2397
2421
2425
2522
2431
2611
2487
2609
2631
2816
3586
4717
6498
9265
11502
13120
12354
10544
7680
5228
3513
2793
2604
2395
2357
2341
2423
2386
2414
2397
2543
2517
2615
2643
2957
3310
3384
3609
3643
3418
3270
2883
2654
2586
2566
2489
2389
2378
2472
2477
2449
2437
2453
2502
2452
2480
2472
2547
2445
2441
2438
2504
2546
2472
2607
2557
2704
2686
2682
2579
2675
2601
2596
2607
2784
2956
3058
3462
3883
4409
4630
4710
4444
3922
3505
3210
2857
2656
2742
2588
2621
2655
2637
2661
2604
2536
2576
2581
2600
2572
2708
2642
2649
2470
2615
2671
2531
2523
2546
2645
2549
2558
2559
2702
2580
2675
2562
2594
2607
2575
2613
2650
2632
2638
2696
2658
2790
2726
2833
2755
2647
2812
2884
3000
3153
3229
3446
3711
4174
4650
5140
5309
5277
4892
4375
3842
3479
3217
2973
2951
2923
2800
2823
2715
2707
2721
2764
2780
2808
2804
2849
2829
2893
2882
2784
2722
2924
2869
3102
3290
3514
4024
5005
6079
7366
8013
8099
7076
5665
4448
3841
3496
3256
3439
3442
3612
3708
4249
5248
7035
9292
11758
13288
13072
11226
8438
6057
4317
3390
3047
2966
2993
2945
2953
2933
2891
2920
2919
2918
3053
3226
3624
4047
4940
5620
6122
6081
5668
5166
4419
3704
3456
3260
3136
2961
3076
2813
2800
2840
2773
2747
2832
2844
2780
2851
2824
2822
2810
2830
2828
2813
2750
2732
2784
2797
2843
2746
2840
2819
2786
2838
2814
2740
2800
2797
2732
2781
2733
2827
2827
2811
2790
2798
2791
2784
2699
2721
2733
2754
2730
2811
2807
2797
2799
2755
2701
2720
2798
2717
2652
2767
2775
2712
2767
2766
2746
2700
2818
2794
2779
2667
2743
2798
2836
2805
2708
2722
2698
2769
2634
2639
2683
2622
2656
2602
2676
2583
2616
2668
2629
2677
2621
2645
2646
2504
2661
2594
2655
2692
2484
2718
2604
2595
2645
2553
2555
2593
2561
2514
2609
2637
2550
2619
2546
2631
2554
2593
2506
2532
2515
2608
2452
2617
2549
2537
2524
2426
2478
2597
2435
2512
2504
2495
2606
2560
2798
2932
3077
3159
2993
2988
2847
2601
2467
2456
2541
2440
2445
2515
2487
2500
2596
2676
2837
2966
3213
3467
3748
4017
3882
3782
3623
3077
2958
2710
2672
2490
2465
2415
2462
2433
2344
2368
2449
2378
2490
2492
2505
2514
2537
2535
2444
2383
2434
2419
2387
2398
2349
2332
2391
2450
2438
2305
2363
2473
2466
2553
2525
2613
2669
2913
3080
3007
3277
3302
3317
3291
3435
3427
3640
3601
3430
3331
3218
3136
3456
3822
3930
4094
3887
3526
3325
2961
2795
2517
2608
2433
2597
2492
2583
2643
2947
3174
3447
3445
3435
3280
3000
2735
2552
2481
2482
2424
2514
2392
2398
2499
2274
2438
2436
2488
2431
2471
2403
2543
2428
2474
2509
2441
2478
2549
2516
2488
2483
2445
2373
2445
2456
2436
2493
2488
2458
2448
2442
2510
2445
2494
2448
2423
2382
2441
2510
2547
2387
2492
2482
2539
2594
2531
2648
2475
2527
2517
2485
2529
2487
2450
2479
2463
2414
2449
2474
2483
2471
2414
2510
2410
2484
2418
2444
2455
2444
2511
2579
2880
3453
5214
8383
13776
21879
32194
41484
46451
44985
37035
26561
17282
10921
7008
4924
3605
2944
2665
2426
2387
2447
2465
2467
2398
2429
2429
2429
2336
2401
2425
2413
2372
2382
2395
2418
2480
2452
2454
2402
2425
2461
2449
2449
2400
2369
2561
2644
2773
3102
3523
3896
4303
4279
4039
3488
3184
2802
2521
2428
2512
2437
2551
2418
2555
2447
2543
2458
2456
2386
2547
2497
2539
2511
2617
2619
2614
2628
2671
2713
2542
2533
2556
2591
2550
2605
2550
2699
2602
2509
2639
2648
2481
2435
2520
2532
2510
2515
2714
2677
2804
2830
2907
2812
2755
2712
2674
2565
2502
2540
2577
2496
2471
2526
2487
2576
2577
2529
2478
2566
2522
2392
2545
2584
2665
2537
2597
2636
2712
2643
2648
2691
2604
2588
2495
2540
2488
2393
2458
2374
2473
2414
2534
2494
2432
2430
2399
2478
2405
2392
2400
2446
2387
2458
2512
2462
2494
2444
2415
2531
2570
2580
2677
2815
2931
3144
3408
3757
3879
4104
3957
3658
3210
2870
2719
2581
2543
2390
2430
2329
2400
2314
2363
2414
2407
2391
2409
2438
2291
2421
2432
2380
2356
2352
2380
2387
2343
2277
2416
2379
2487
2326
2380
2488
2327
2298
2362
2426
2351
2336
2414
2490
2454
2532
2581
2706
3078
3577
4219
5003
5480
5684
5281
4489
3755
3037
2639
2517
2449
2440
2436
2353
2393
2374
2295
2305
2382
2398
2403
2420
2415
2392
2262
2344
2392
2369
2366
2333
2368
2287
2396
2446
2369
2438
2416
2379
2634
2690
3098
3637
4547
5839
7018
8111
8346
7692
6598
4954
3770
3058
2614
2545
2492
2402
2535
2477
2528
2417
2408
2452
2542
2515
2488
2506
2437
2390
2526
2511
2541
2607
2430
2419
2590
2510
2585
2511
2499
2497
2595
2630
2480
2558
2543
2513
2618
2582
2649
2510
2608
2526
2706
2650
2670
2734
2827
2853
2852
2950
3204
3803
4506
5641
7353
8661
9761
9677
8722
7170
5572
4353
3704
3301
3038
2925
2793
2748
2760
2694
2882
2948
2864
2805
2830
2843
2796
2938
2935
3020
3196
3344
3768
4508
5864
8279
11381
15882
21338
26169
29660
29900
27089
21808
15976
10826
7602
5769
5018
4728
4486
4394
4069
3844
3590
3512
3402
3466
3424
3495
3466
3392
3396
3282
3392
3352
3433
3426
3336
3438
3449
3622
4002
4621
5411
6919
8988
12063
15494
18397
20913
21427
19799
17425
13835
10437
7681
5856
4928
4481
4044
3911
3947
3770
3819
3722
3711
3829
3723
3805
3742
3812
3844
3667
3679
3800
3856
3833
3843
3740
3860
3892
3930
3986
4052
3999
3837
3832
3913
3940
3797
3852
3778
3912
3885
3905
3858
3772
3820
3902
3923
3819
3926
3881
3893
3874
3950
3962
3920
3861
3969
3902
3991
4001
3934
3997
4114
3965
3979
4031
3981
3977
4003
3800
4040
3885
3888
3920
3882
3836
4018
3874
3876
3864
3934
3837
3850
3908
3840
3826
3797
3780
3845
3947
3883
3890
3846
3901
3888
3979
3906
3910
3988
3931
3840
3958
3865
3855
4116
3988
3932
4034
4017
3951
3949
3970
3997
4013
3934
3910
3839
3791
3960
3968
3860
3865
3989
3954
3891
3871
3907
3855
3885
3934
3922
4023
3901
3893
3909
3890
3953
3808
3761
3955
3830
3788
3833
3845
3862
3865
3899
4005
4063
3883
4062
4367
4393
4662
5100
5645
6184
6867
7655
7923
7962
7634
6640
5770
4910
4390
4003
3982
3994
3929
3911
3794
3840
3853
3818
3954
3915
3850
3895
3839
3924
3902
3885
3981
3966
3900
3942
3880
3860
3946
3979
3862
3961
3923
4008
3985
4172
3962
4107
4266
4440
4521
4691
4821
4689
4702
4483
4268
4180
4005
4160
4037
4139
4605
4835
5436
6289
7090
7755
8105
8008
6932
5902
4979
4517
4386
4188
4071
4077
4109
4037
4015
4088
4078
4084
4135
4230
4107
4186
4102
4132
4204
4197
4233
4140
4086
4047
4133
4202
4125
4162
4292
4150
4276
4073
4234
4204
4228
4287
4137
4225
4231
4224
4207
4203
4262
4214
4400
4259
4338
4223
4407
4568
4386
4466
4526
4391
4462
4374
4233
4177
4378
4331
4288
4463
4366
4386
4318
4494
4402
4506
4526
4675
4535
4471
4417
4458
4373
4384
4322
4463
4633
4583
4499
4482
4562
4627
4561
4526
4534
4498
4550
4483
4652
4756
4660
4745
4739
5051
5234
5687
6707
8089
10494
13459
16955
20344
22253
22569
20466
16780
12760
9632
7174
5985
5165
5059
4696
4712
4614
4594
4646
4453
4571
4585
4528
4668
4613
4585
4515
4531
4655
4548
4512
4488
4555
4558
4587
4597
4846
5172
5458
6220
7261
8968
10988
12649
13937
14278
13313
11707
9549
7539
5999
5267
4929
4674
4534
4525
4479
4387
4419
4388
4291
4384
4371
4428
4357
4431
4514
4465
4547
4624
4493
4576
4452
4400
4609
4716
4797
4839
4814
4812
4632
4739
4509
4595
4651
4550
4496
4450
4427
4295
4217
4233
4260
4297
4241
4148
4197
4137
4206
4114
4202
4127
4061
4056
4122
4130
4043
4210
4137
4252
4186
4030
4100
4152
4143
4093
4447
4333
4333
4369
4357
4245
4203
4051
3969
4062
3892
3811
3894
3825
3859
3858
3817
3788
3685
3803
3725
3770
3729
3736
3624
3665
3624
3703
3695
3665
3688
3653
3568
3592
3601
3673
3604
3734
3820
3850
4239
4516
4980
5660
6353
6770
6807
6258
5514
4633
3986
3601
3428
3444
3333
3349
3422
3361
3295
3345
3274
3254
3206
3150
3199
3253
3192
3161
3108
3166
3118
3092
3092
2987
3045
2981
3044
2999
3057
2984
3104
3048
3045
2884
2981
2957
2930
2888
2834
2918
2858
2819
2880
2825
2862
2831
2822
2830
2881
2799
2779
2792
2781
2796
2867
2882
2775
2832
2747
2741
2813
2664
2645
2766
2695
2749
2720
2628
2646
2573
2589
2709
2634
2670
2590
2560
2592
2640
2622
2601
2663
2734
2720
2698
2714
2914
2786
2834
2792
2774
2705
2781
2635
2541
2633
2660
2646
2530
2569
2664
2572
2567
2620
2673
2558
2487
2586
2525
2612
2515
2574
2494
2516
2586
2591
2587
2549
2514
2573
2543
2549
2542
2579
2469
2547
2502
2466
2582
2468
2495
2583
2605
2520
2572
2593
2553
2572
2567
2570
2733
2853
2729
2792
2842
2661
2594
2619
2618
2511
2701
2537
2604
2530
2537
2495
2551
2520
2628
2661
2644
2606
2669
2657
2745
2669
2763
2738
2718
2716
2631
2727
2646
2649
2711
2779
2893
3358
4467
6812
11209
17966
28310
40754
53326
61894
62754
55679
42187
27740
15853
8395
4574
3147
2700
2573
2380
2530
2375
2501
2432
2414
2488
2487
2451
2485
2471
2461
2466
2474
2484
2394
2442
2473
2368
2529
2712
3123
3949
5749
8958
13298
19877
27566
35425
40979
42685
40299
33896
25568
17763
11969
7929
5669
4163
3172
2728
2370
2373
2176
2174
2153
2169
2089
2092
2090
2223
2186
2111
2163
2213
2138
2115
2125
2080
2089
2124
2071
2012
1967
2102
2105
2011
2016
1948
2104
1969
1964
1997
2093
2004
1992
1999
1994
1951
2000
2009
2052
1906
1997
1909
1895
1969
1865
1853
1924
2004
1916
1960
1938
2009
1957
1919
1956
1858
1817
1965
2007
1889
1917
1850
1930
1901
1815
1748
1857
1786
1783
1837
1822
1830
1858
1836
1787
1692
1809
1712
1777
1726
1765
1780
1720
1694
1701
1679
1720
1695
1666
1629
1622
1727
1743
1668
1608
1714
1747
1719
1702
1740
1684
1660
1605
1603
1592
1589
1519
1524
1588
1568
1614
1588
1535
1564
1530
1511
1441
1481
1556
1485
1548
1507
1463
1470
1444
1454
1413
1395
1399
1448
1402
1408
1439
1401
1426
1297
1401
1438
1469
1559
1666
1883
2290
2645
3100
3475
3572
3465
2927
2396
1944
1602
1343
1313
1274
1282
1214
1346
1261
1231
1231
1171
1140
1189
1161
1190
1134
1209
1217
1208
1185
1209
1138
1211
1127
1117
1114
1052
1092
1082
1025
1055
1022
1026
1076
1012
987
1015
1055
996
1035
1032
970
998
1025
1045
998
1027
995
999
1004
1045
1048
1142
1085
1121
1060
1024
1060
952
977
975
899
947
907
920
926
908
838
947
939
892
936
874
867
857
932
854
877
917
909
893
964
920
903
945
910
900
922
907
899
862
862
873
936
885
950
910
917
905
847
866
867
872
917
892
897
851
899
872
899
904
894
882
886
874
900
878
898
876
909
867
863
950
861
909
923
970
1002
1034
1080
1091
1052
1126
1063
955
954
909
926
867
840
861
835
904
882
888
858
876
911
868
934
943
897
956
958
947
951
1006
1105
1660
2351
3940
6662
11132
17359
24807
31758
36962
37742
33201
25261
16345
9177
4598
2270
1221
910
797
750
777
747
756
818
771
779
748
743
762
749
774
724
754
769
797
773
837
796
849
840
1003
1417
2179
3462
5667
8740
12655
16947
19447
20268
18764
14988
10151
6009
3242
1685
1088
780
763
726
745
700
736
717
773
702
729
678
769
754
723
721
734
711
753
754
814
974
1158
1429
1652
1839
1943
2022
1856
1797
1727
1955
1982
2051
1965
1774
1540
1282
1096
937
933
790
844
769
834
847
840
783
840
737
797
783
758
768
751
729
755
799
761
757
762
775
743
759
748
726
831
762
829
802
764
788
774
763
731
737
775
778
744
738
764
772
747
747
779
775
768
768
794
762
740
815
779
764
745
736
795
804
788
767
779
801
782
791
779
777
745
778
765
780
728
752
738
749
776
733
729
733
736
732
718
755
727
732
751
784
767
720
753
717
734
741
754
735
736
760
708
774
714
717
763
784
722
746
724
740
740
696
722
720
708
730
691
689
696
706
739
692
751
728
706
691
724
792
808
861
878
1054
1051
1083
1121
1013
1030
914
797
757
767
716
765
739
713
737
693
725
759
669
702
697
693
715
742
730
711
712
725
828
895
951
1075
1173
1168
1216
1133
1031
929
805
745
740
747
684
683
702
700
755
772
753
710
735
715
755
724
727
726
698
729
693
726
774
760
752
721
693
751
741
673
742
737
737
769
772
754
762
795
764
737
729
742
766
724
771
763
743
763
720
778
817
781
853
797
791
769
841
810
781
764
787
841
784
806
831
770
775
800
845
886
915
989
997
1031
1134
1207
1137
1087
1013
925
886
887
830
845
806
842
792
813
811
779
837
841
888
789
853
827
810
868
863
865
851
863
933
878
883
878
898
864
891
841
840
838
862
890
956
958
971
1039
1027
1048
996
1015
1064
1092
1210
1388
1603
1884
2296
2612
3196
3990
5008
6680
8586
10779
13029
14835
15821
15379
14093
11835
8983
6425
4408
3049
2118
1628
1395
1320
1186
1213
1231
1179
1249
1220
1258
1189
1164
1281
1269
1232
1218
1223
1254
1231
1223
1290
1175
1210
1184
1225
1259
1220
1286
1225
1266
1338
1237
1297
1359
1307
1275
1283
1259
1188
1197
1261
1281
1251
1267
1218
1256
1236
1216
1266
1282
1281
1251
1206
1323
1258
1371
1238
1279
1366
1360
1415
1424
1358
1275
1266
1193
1209
1204
1224
1269
1269
1264
1344
1324
1300
1281
1271
1282
1232
1252
1288
1279
1212
1206
1294
1297
1305
1252
1229
1296
1251
1265
1209
1271
1319
1332
1276
1285
1284
1325
1271
1270
1223
1331
1311
1263
1293
1262
1273
1267
1226
1257
1300
1211
1255
1329
1266
1253
1266
1342
1255
1225
1195
1248
1332
1316
1308
1254
1253
1286
1227
1260
1223
1262
1254
1221
1198
1214
1244
1300
1449
1419
1497
1534
1584
1524
1493
1416
1347
1338
1209
1288
1363
1352
1376
1473
1530
1517
1554
1540
1408
1387
1323
1265
1237
1171
1257
1250
1260
1232
1192
1230
1283
1246
1204
1240
1176
1247
1231
1254
1213
1188
1206
1196
1308
1220
1255
1279
1232
1194
1215
1198
1243
1251
1200
1198
1258
1202
1292
1239
1222
1252
1244
1200
1189
1198
1177
1173
1291
1232
1248
1282
1198
1241
1209
1270
1260
1268
1201
1251
1186
1196
1261
1280
1233
1178
1300
1212
1201
1265
1244
1252
1303
1282
1372
1329
1276
1299
1304
1311
1345
1270
1311
1324
1237
1240
1323
1333
1299
1279
1298
1272
1266
1220
1230
1226
1286
1305
1312
1207
1238
1313
1257
1267
1272
1254
1255
1256
1263
1229
1307
1282
1247
1239
1338
1310
1328
1445
1523
1552
1609
1680
1703
1634
1610
1455
1369
1327
1233
1246
1214
1239
1240
1258
1266
1282
1308
1232
1231
1212
1259
1231
1247
1304
1253
1291
1337
1287
1240
1314
1312
1317
1291
1322
1291
1278
1311
1254
1256
1241
1330
1284
1277
1309
1330
1317
1334
1384
1360
1293
1298
1271
1288
1355
1329
1255
1325
1352
1205
1310
1272
1389
1340
1376
1305
1293
1302
1335
1305
1326
1317
1298
1290
1348
1261
1313
1216
1214
1203
1301
1256
1255
1245
1217
1247
1161
1305
1191
1210
1208
1234
1205
1197
1202
1114
1100
1098
1195
1172
1178
1138
1123
1097
1155
1133
1100
1130
1110
1103
1061
1131
1255
1375
1630
1897
2268
2762
3134
3332
3187
2860
2354
1916
1552
1334
1250
1241
1191
1323
1289
1300
1221
1157
1209
1166
1121
1139
1120
1077
1082
1064
1077
1100
1058
1075
985
1042
1048
1042
1047
1020
1005
989
1013
1042
1000
974
1002
1060
1019
977
1021
978
1024
999
1025
963
977
933
942
951
966
952
1017
948
967
975
958
930
956
1006
921
960
890
873
932
901
878
938
917
895
906
887
864
920
860
862
865
825
859
881
863
809
823
870
872
779
828
828
732
807
763
830
715
760
766
769
793
761
754
716
768
746
761
770
741
772
754
783
771
726
764
706
746
666
678
721
638
688
711
679
698
695
652
674
672
683
664
744
867
938
1052
1248
1399
1510
1544
1454
1371
1198
999
857
788
648
656
565
618
550
578
593
576
597
568
535
619
575
574
607
542
604
549
533
517
542
547
540
510
477
530
505
500
518
488
511
509
514
427
467
438
421
464
446
435
485
481
432
487
467
488
452
438
424
472
466
430
494
432
461
476
406
491
454
505
493
479
486
490
490
507
512
467
449
459
466
441
454
436
458
441
500
512
431
515
458
419
437
443
438
430
430
404
455
491
475
453
445
471
492
540
665
745
883
1074
1317
1495
1735
1739
1757
1549
1385
1049
824
644
612
502
512
469
496
475
498
473
486
447
475
476
457
511
526
468
519
474
511
488
455
522
491
498
462
492
499
492
478
461
464
468
451
448
481
448
523
489
566
567
653
694
925
1145
1480
1915
2459
3056
3795
4939
6731
9234
12530
16502
20643
23127
24453
23385
20463
16560
11811
7812
4611
2477
1315
760
511
416
365
398
391
411
419
398
396
406
379
385
407
358
389
359
382
446
403
421
406
373
395
409
399
432
397
475
497
553
546
551
522
541
512
416
428
421
400
429
384
424
368
398
410
413
426
392
395
416
449
389
388
381
394
424
391
399
380
414
407
377
402
379
359
425
389
402
435
457
462
477
477
531
469
416
409
418
401
412
413
369
384
418
412
420
396
359
398
406
384
370
376
426
366
381
399
386
404
371
347
385
415
407
397
423
422
381
355
396
390
410
436
400
399
434
386
396
427
416
443
458
479
479
417
533
468
482
439
440
426
452
424
466
418
448
500
444
433
432
446
453
403
394
419
426
397
422
437
469
477
526
622
712
839
876
953
921
802
772
661
513
490
414
444
407
419
463
455
402
447
415
446
418
428
419
426
466
421
430
421
397
429
455
472
416
435
427
420
416
453
462
438
471
438
441
411
443
453
478
429
437
439
385
417
429
418
440
465
428
452
427
444
440
392
454
430
430
413
406
447
424
420
402
416
404
429
437
439
393
405
431
441
403
411
398
424
446
405
434
427
422
429
426
416
428
404
443
459
472
435
379
443
431
393
429
411
447
443
424
424
431
442
476
477
459
465
451
442
476
429
441
414
461
431
437
388
438
411
440
428
424
474
416
398
411
468
456
445
433
461
437
420
457
422
451
438
444
470
413
434
426
444
417
437
447
423
431
475
446
443
458
440
449
423
470
459
447
435
466
433
431
433
458
427
482
418
463
445
449
443
440
426
454
392
444
419
450
440
439
413
421
441
439
465
456
426
444
433
421
426
469
410
419
436
443
448
395
401
479
473
463
442
476
503
558
546
537
600
528
528
497
492
460
444
442
462
449
458
432
454
436
463
454
468
470
451
476
491
470
482
501
519
553
517
499
489
508
478
473
445
472
502
499
580
563
682
731
721
704
719
725
697
668
594
552
544
512
498
494
446
446
427
440
428
455
425
436
445
434
414
449
461
443
469
432
456
439
479
428
461
457
437
464
427
457
428
472
485
458
468
467
463
462
458
488
469
426
432
417
423
464
433
442
406
448
470
463
450
508
550
506
524
508
528
578
525
565
593
665
707
753
670
685
553
564
480
431
439
460
463
439
483
469
429
404
435
463
466
446
439
424
478
477
500
462
469
475
463
465
507
455
472
475
458
510
609
689
879
1131
1444
1951
2240
2794
2804
2719
2368
1875
1334
1005
841
862
876
997
1095
1215
1171
1084
965
866
651
611
560
557
564
585
565
525
585
551
560
568
573
639
602
650
650
613
604
645
644
594
602
667
631
614
625
595
614
648
623
645
670
648
632
622
623
635
610
620
597
572
564
632
608
630
652
657
603
632
568
624
627
654
649
682
644
672
669
713
650
729
709
737
774
769
793
701
663
649
681
708
660
676
705
762
755
739
736
750
722
700
646
681
664
628
672
669
660
660
652
745
718
808
917
1179
1480
1971
2605
3438
4559
5570
6878
7646
8000
7853
7068
5947
4726
3518
2544
1828
1321
1052
924
840
782
801
783
778
838
806
857
769
830
829
804
808
766
705
825
736
759
774
802
766
834
842
734
809
856
817
813
825
818
807
798
835
801
874
847
848
829
853
875
836
842
826
789
862
830
753
853
841
784
835
842
842
820
783
834
902
788
789
811
804
808
784
815
807
783
876
837
835
820
878
826
854
803
833
855
851
815
903
787
830
815
816
860
850
856
866
872
863
891
908
938
935
947
899
960
896
876
819
844
856
858
893
844
792
860
848
843
860
879
860
907
846
842
856
867
900
824
839
810
828
907
852
839
842
857
820
817
845
819
853
873
874
842
859
831
837
882
848
843
896
890
865
839
859
853
846
853
903
835
889
805
865
875
863
793
863
867
846
873
860
868
824
832
813
824
840
870
862
812
854
857
819
818
824
898
868
864
837
838
825
830
825
871
832
807
852
861
823
935
875
871
868
877
910
904
931
858
940
959
963
906
887
862
864
814
859
861
815
870
829
928
904
869
806
863
822
866
818
791
852
893
882
857
883
904
848
811
926
868
890
866
861
850
906
895
829
866
868
935
906
876
961
1003
987
868
873
874
922
920
845
893
852
918
902
913
879
874
857
916
917
919
900
941
869
922
904
886
888
926
952
935
926
939
967
953
885
900
902
920
914
927
890
892
904
910
885
940
914
944
924
938
892
903
888
915
968
926
918
902
969
889
891
988
941
901
938
913
906
969
865
910
896
941
913
938
903
944
910
891
887
921
982
923
883
899
927
889
890
927
908
903
926
940
866
893
888
891
913
915
946
933
875
978
919
919
853
921
878
903
917
908
882
918
908
926
881
792
835
840
884
921
834
894
857
839
877
878
827
888
834
814
833
819
791
775
762
819
825
793
837
800
845
840
779
860
737
821
801
768
775
754
794
771
813
782
805
832
821
788
789
771
819
735
753
735
775
766
761
786
824
825
772
791
768
761
782
759
760
731
757
734
760
782
760
808
802
775
778
752
747
739
731
738
757
723
743
698
761
747
736
755
793
731
773
770
758
753
825
761
874
904
934
998
1093
1138
1197
1127
1037
979
883
846
804
736
727
685
703
726
738
717
798
819
883
956
1001
1125
1079
1063
1034
971
885
771
728
736
677
696
675
696
616
632
685
657
675
731
673
673
684
727
691
707
749
746
762
696
698
697
664
722
737
654
724
694
695
666
728
642
700
689
681
707
677
659
678
666
675
652
672
692
679
713
753
816
756
831
845
894
944
1041
1263
1405
1691
1992
2057
2162
2097
1869
1729
1374
1110
913
746
705
686
686
704
674
632
727
693
701
693
707
742
663
700
743
706
701
749
765
706
679
793
745
826
910
1110
1359
1937
2618
3513
5009
6810
8794
11152
12368
13017
12609
11112
8885
6527
4532
3006
1965
1447
1078
987
882
887
838
864
818
880
848
843
865
836
849
884
924
818
866
932
922
848
824
868
899
939
943
946
916
978
881
895
943
932
907
894
982
959
975
1005
919
975
920
931
913
884
879
923
916
872
947
925
918
919
875
875
865
873
839
876
903
854
860
879
890
897
866
934
911
910
866
890
871
938
855
842
899
882
864
913
906
928
939
928
956
1010
952
976
922
937
942
923
1000
971
1108
1194
1274
1381
1453
1447
1431
1416
1351
1400
1568
1982
2543
3372
4657
5882
7532
8678
10209
10652
10215
9075
7404
5752
4010
2792
1899
1320
1046
940
872
901
860
948
849
834
827
810
818
867
803
827
823
809
870
794
851
867
770
833
823
856
819
830
817
856
803
805
822
809
866
790
912
829
819
782
785
856
811
855
807
812
810
848
793
821
846
801
846
881
888
857
892
834
831
813
859
817
789
874
819
848
809
807
836
807
866
826
820
820
801
803
851
814
771
793
788
809
848
798
793
829
865
845
914
911
848
853
826
847
821
870
792
840
801
854
868
877
860
886
846
781
826
876
852
832
814
821
874
853
859
849
895
830
928
874
863
883
914
885
908
912
884
905
830
801
853
804
839
854
844
847
861
828
855
868
864
904
922
888
883
896
902
890
851
867
822
848
860
815
839
861
848
866
875
807
853
828
843
798
801
868
833
840
884
869
859
818
826
820
864
831
844
797
821
860
858
836
845
840
837
858
874
826
870
915
827
812
852
838
846
876
804
806
817
880
838
830
850
880
812
827
830
836
836
864
815
816
846
777
844
842
840
863
884
820
814
892
889
836
829
849
871
821
850
824
846
814
782
789
881
868
809
811
804
864
849
790
797
765
764
768
733
804
820
734
748
762
678
769
757
757
751
702
754
700
789
770
767
758
725
767
715
726
726
740
734
745
713
719
679
719
706
654
735
734
734
704
711
698
702
695
683
664
679
697
655
736
684
690
677
663
687
749
718
626
670
674
692
698
691
710
713
689
650
677
678
639
651
652
637
657
667
656
656
634
649
665
622
633
607
641
598
637
621
635
620
609
596
590
596
606
590
620
609
606
590
580
637
582
604
611
586
572
611
540
537
581
552
537
520
527
496
533
534
516
567
492
516
500
485
489
484
508
497
502
529
528
481
519
472
489
489
479
480
454
504
457
474
462
457
476
456
456
462
420
456
418
436
435
415
438
400
420
421
399
438
409
388
421
421
400
427
383
391
372
366
386
390
390
360
354
361
359
364
379
329
332
332
334
324
351
371
332
307
327
317
309
340
310
314
290
314
302
300
293
330
299
280
294
282
304
306
287
289
267
292
310
337
341
426
470
581
610
754
741
744
687
591
521
392
320
308
254
244
234
244
253
277
315
368
410
484
532
641
679
670
670
577
481
378
346
275
239
229
206
233
240
189
188
191
205
222
207
203
216
196
202
203
218
213
224
225
209
240
183
225
201
186
191
207
210
202
216
195
195
191
216
207
213
188
208
194
203
209
219
214
190
227
218
217
240
224
225
296
408
488
666
834
1189
1429
1763
1937
2022
1833
1655
1311
895
600
427
288
247
181
178
180
207
193
189
196
204
191
191
190
165
212
211
179
194
193
200
214
223
203
243
320
392
638
1015
1551
2524
3876
5597
7823
10263
12454
14224
14788
14314
12010
9250
6253
3650
2018
992
453
260
152
122
117
128
135
121
145
139
128
150
128
133
127
145
126
147
132
119
144
161
139
131
141
140
137
126
123
138
138
147
168
146
127
159
152
164
158
166
132
121
142
162
132
139
153
146
149
147
152
144
165
135
133
149
150
138
157
172
134
146
153
140
165
147
141
125
124
160
195
152
154
136
161
171
164
160
161
157
160
177
190
175
193
194
246
264
342
430
666
884
1172
1589
1968
2532
2907
3088
3023
3022
2586
2153
1623
1218
888
557
389
308
252
229
207
229
229
221
209
207
215
213
235
237
204
197
227
218
236
234
204
215
204
201
200
234
211
208
206
218
213
204
227
226
220
223
224
202
210
198
213
216
204
207
228
239
217
224
218
219
239
207
225
214
201
205
210
218
218
228
234
206
223
207
230
207
221
212
218
217
190
213
219
227
195
212
224
233
238
214
201
225
221
243
245
221
188
214
219
206
213
211
227
214
228
232
227
234
205
253
226
225
230
201
220
211
200
197
186
219
199
198
199
222
222
216
205
228
229
206
229
208
218
238
200
211
231
225
221
173
229
206
219
208
198
219
217
201
205
224
220
208
211
199
227
184
208
211
221
203
198
235
203
212
247
224
192
223
209
215
184
203
235
185
203
189
189
203
219
198
203
209
228
215
196
188
208
210
199
195
196
185
178
221
241
223
203
230
196
175
188
207
234
190
228
191
194
220
207
197
206
217
196
221
197
211
214
197
199
214
223
214
197
220
203
214
204
237
220
207
233
189
228
205
229
218
204
206
209
187
231
189
240
227
226
199
213
228
231
239
210
215
198
206
220
208
220
230
193
218
207
226
212
197
203
209
201
224
233
218
223
231
236
204
191
215
188
222
221
233
210
202
214
228
229
239
214
220
224
215
209
198
239
220
211
193
238
232
195
204
205
231
218
178
177
197
194
215
245
202
217
202
207
224
236
244
229
221
243
275
260
220
232
235
235
206
201
246
228
214
219
251
238
230
238
227
226
225
232
209
207
250
218
239
204
226
211
236
191
231
208
227
211
205
231
229
230
236
231
237
256
250
249
272
254
251
256
276
264
227
246
196
238
195
202
182
203
216
193
185
205
196
194
172
210
212
182
180
202
197
176
232
200
206
206
161
189
179
202
203
209
180
168
202
200
198
205
215
193
181
211
201
168
202
190
187
188
197
174
200
188
171
192
205
182
191
169
174
200
177
183
167
161
188
204
188
164
181
205
171
168
161
171
171
163
187
169
175
182
189
189
181
183
196
194
210
207
247
280
278
332
363
373
371
367
296
287
255
240
217
202
190
210
186
168
175
162
175
180
153
160
192
163
168
185
155
173
173
131
153
177
170
140
173
163
158
148
176
135
137
144
154
136
160
133
145
142
145
158
139
153
142
178
124
150
150
144
161
155
152
142
149
136
148
159
141
157
140
145
150
169
135
151
138
137
113
121
141
128
124
128
120
137
125
128
120
121
122
126
130
132
114
118
110
116
136
118
113
102
119
119
109
120
138
129
115
103
102
115
112
116
113
96
121
105
108
106
105
88
113
82
95
108
104
106
115
102
80
91
94
84
96
94
91
116
89
123
89
96
106
111
112
89
92
76
94
82
96
93
85
97
101
87
91
91
102
85
84
95
69
103
95
91
108
101
105
94
102
94
107
90
81
102
102
108
99
86
77
102
104
97
87
120
106
76
80
93
101
103
83
91
96
93
105
101
93
90
103
84
91
108
100
120
92
97
98
97
93
107
84
104
121
104
88
86
106
104
94
95
92
83
80
93
98
107
92
84
91
90
89
91
92
100
95
96
99
104
108
87
117
103
103
114
101
112
114
154
167
192
266
429
647
897
1194
1654
2218
2707
3073
3522
3420
3142
2692
2215
1576
1062
607
360
213
140
83
92
74
90
89
79
74
76
79
77
78
92
69
84
79
85
75
84
71
80
80
73
76
68
71
90
79
84
87
84
74
93
80
90
73
78
86
81
86
82
75
70
85
91
72
83
79
81
77
78
86
72
76
85
100
91
72
71
67
96
80
82
79
97
83
84
101
89
64
77
92
93
84
87
87
96
76
90
86
78
98
102
94
91
95
91
84
74
90
87
82
88
86
87
89
100
101
76
83
84
90
88
75
64
80
68
91
89
89
88
84
82
86
94
84
74
85
81
88
85
82
63
77
88
87
87
70
81
78
84
77
74
84
89
86
75
70
70
82
78
65
68
82
82
86
81
98
95
84
95
80
87
83
75
93
73
89
85
71
82
87
66
86
102
83
94
83
92
72
81
85
83
62
80
94
63
80
86
77
80
80
85
88
78
84
83
58
78
93
90
75
95
77
95
85
92
73
91
99
86
75
81
74
100
89
87
81
85
87
83
71
84
92
84
86
87
82
93
98
96
96
104
87
80
80
78
75
74
68
75
82
71
97
83
89
96
89
73
77
96
100
82
97
82
82
71
83
80
68
90
79
86
56
75
73
90
72
80
67
89
83
78
84
81
81
74
84
88
84
70
80
85
71
83
76
78
80
85
80
74
91
78
82
83
77
82
86
68
71
85
79
87
65
65
107
67
82
91
91
119
122
124
128
142
146
201
214
199
222
211
167
153
115
117
97
102
110
91
93
98
82
80
102
97
69
82
100
88
90
94
94
93
97
84
78
105
84
88
90
79
88
85
76
79
90
94
112
108
115
127
98
123
132
151
126
127
142
104
97
102
83
91
93
90
106
77
95
74
80
93
90
84
83
88
79
73
99
81
61
89
90
81
103
77
90
87
106
79
91
77
99
90
79
78
81
99
82
79
84
75
86
88
79
83
116
91
93
98
97
93
93
82
94
86
91
83
97
117
98
81
100
92
107
106
99
84
108
90
67
99
93
98
100
90
93
101
84
117
106
143
143
187
213
321
404
516
672
816
912
1076
1147
1176
1175
1016
882
661
516
368
259
214
180
124
122
114
113
137
122
116
123
90
113
127
123
119
110
109
121
116
125
131
118
126
123
117
128
122
95
129
127
106
112
108
118
110
121
108
127
127
108
105
123
106
109
116
113
132
124
123
96
116
125
136
108
112
121
134
132
108
121
119
117
96
112
135
120
100
121
115
117
101
104
122
141
111
117
120
129
117
124
119
116
139
104
121
124
142
146
122
115
144
120
122
137
125
139
115
121
128
112
119
104
109
133
136
134
128
116
105
117
110
121
134
132
127
106
111
142
125
119
92
117
120
129
106
96
111
131
128
112
130
102
119
106
122
139
117
118
112
119
102
89
111
104
100
117
117
111
101
110
127
115
143
103
113
119
111
120
116
128
121
139
103
117
111
116
119
109
101
131
122
121
90
111
106
108
110
108
110
116
125
111
107
96
121
129
111
118
97
97
129
124
111
131
128
132
147
145
135
177
161
147
165
143
145
149
120
118
121
124
96
114
108
120
123
94
121
116
106
114
113
109
107
116
132
115
105
108
106
121
123
136
124
105
104
105
115
123
139
124
118
133
103
114
114
126
124
126
114
132
132
127
111
104
106
129
114
116
127
131
87
106
115
132
103
107
126
107
115
122
104
123
101
123
105
130
121
114
128
109
130
105
116
142
129
127
120
113
98
98
138
122
118
118
109
109
129
103
129
122
130
112
134
109
102
99
111
122
100
135
101
108
101
130
111
127
98
117
126
113
122
107
118
119
107
114
112
135
121
120
112
126
129
112
141
125
138
143
141
128
144
122
125
128
118
135
132
118
109
99
132
117
121
132
128
115
115
111
121
118
126
123
135
113
120
118
107
121
101
97
101
91
114
112
123
130
105
100
97
97
106
105
102
104
104
94
111
100
95
106
111
84
123
110
120
109
121
96
115
109
95
85
95
112
106
116
111
114
103
97
106
83
111
92
101
112
96
108
95
103
111
101
103
117
101
115
98
90
89
100
111
117
112
105
98
88
102
115
98
80
98
101
123
108
91
103
88
98
107
119
115
97
105
99
85
109
133
98
95
104
88
97
120
104
100
98
88
84
98
73
89
100
85
83
109
95
96
84
89
74
91
99
81
88
91
69
111
75
95
94
94
94
98
87
94
115
84
92
93
86
95
94
90
78
79
74
82
68
92
105
91
89
99
90
93
83
92
88
73
77
88
76
71
73
98
92
77
96
91
86
77
83
77
69
80
79
73
84
83
71
73
79
65
66
74
75
74
77
77
81
61
77
79
75
72
91
112
112
111
132
108
161
189
220
196
211
192
159
141
121
111
104
81
77
75
88
81
59
64
69
67
80
63
75
63
67
65
58
58
57
55
69
66
73
81
79
48
79
59
70
62
82
58
57
71
53
77
67
75
50
67
79
75
77
62
64
67
54
59
53
67
70
69
65
57
67
59
79
53
60
71
79
73
54
71
59
68
81
78
59
74
64
58
73
56
66
69
62
69
59
64
56
73
75
73
90
70
68
56
59
74
70
69
85
72
63
68
76
77
65
51
74
59
69
70
54
59
68
67
64
64
63
58
69
72
93
72
65
53
75
76
63
58
73
74
70
75
97
139
179
199
311
380
468
637
797
917
1016
1119
1096
1048
871
764
528
406
264
200
125
104
81
83
76
53
60
50
52
59
53
66
62
63
56
73
55
64
57
66
64
68
53
65
67
59
68
66
45
73
75
58
52
53
56
65
56
61
57
53
58
64
54
52
57
51
65
65
62
68
62
49
60
68
64
76
61
56
64
57
74
60
56
62
52
74
80
61
62
61
64
69
60
51
71
63
57
75
70
59
61
67
63
69
80
76
67
65
71
89
71
71
94
75
75
66
53
74
71
50
57
55
67
70
61
64
68
60
62
57
65
66
75
55
71
66
57
60
62
78
79
75
75
106
87
96
102
111
107
96
91
96
78
70
64
58
77
64
56
51
69
61
69
86
61
68
63
65
78
58
75
61
61
91
61
67
55
65
63
71
50
62
59
57
43
61
69
80
62
67
65
82
66
72
76
60
62
61
65
78
62
59
67
53
65
66
68
63
69
77
65
57
79
75
94
75
109
93
109
122
107
97
118
94
81
73
60
70
74
68
58
73
70
64
69
54
67
65
59
82
72
60
73
71
75
77
67
74
75
73
69
53
80
64
68
53
63
68
81
82
53
69
74
60
62
72
69
69
65
80
69
58
68
61
60
88
47
81
76
86
65
51
48
60
62
66
83
74
59
73
65
71
62
62
68
65
82
55
53
58
77
57
67
56
75
51
70
56
66
71
65
62
76
63
66
63
60
76
61
60
58
71
64
66
75
70
80
59
80
58
74
55
66
90
78
77
62
75
73
59
68
61
60
72
73
76
64
76
77
69
66
70
73
66
77
57
62
75
51
65
73
88
70
65
61
78
76
80
71
86
83
93
93
91
100
118
128
142
171
152
164
144
120
114
107
88
91
84
88
71
67
74
69
70
72
75
60
72
73
88
73
74
80
74
77
77
57
63
59
84
70
77
70
83
92
84
75
83
81
76
78
69
78
62
88
83
79
55
61
65
86
73
77
74
98
64
75
76
76
63
78
84
85
73
82
75
73
65
89
77
67
70
85
68
75
70
73
59
78
70
78
71
79
85
74
71
69
78
73
75
72
77
75
73
88
76
58
86
83
74
72
79
82
79
84
73
72
78
78
82
75
66
75
80
88
78
81
75
92
89
88
75
88
79
82
90
72
85
83
94
73
80
84
87
81
81
84
75
74
88
88
64
77
70
81
66
77
74
93
78
82
86
72
90
96
91
65
73
76
103
83
72
84
86
90
94
88
76
82
90
81
96
90
65
81
81
89
75
89
89
93
82
85
79
90
81
87
95
95
102
104
91
123
107
109
117
119
126
121
132
101
91
104
96
81
82
79
82
89
80
78
92
84
80
83
73
78
101
91
111
85
75
91
91
90
76
104
81
74
76
87
97
99
83
82
88
99
93
81
88
92
97
91
91
87
92
84
97
90
86
93
84
80
103
84
83
89
89
99
75
85
104
80
83
88
91
97
79
81
87
92
90
75
92
100
78
80
92
96
89
84
92
101
89
91
88
88
101
88
87
90
89
77
103
87
97
88
86
100
113
103
86
68
81
84
85
96
78
92
101
87
89
83
90
88
78
79
91
91
106
101
81
83
100
85
79
81
95
90
77
114
93
95
86
84
96
108
108
89
95
98
83
98
104
94
89
81
90
103
87
96
90
93
97
104
117
88
77
101
96
94
111
79
93
112
98
101
84
87
87
87
110
88
89
87
93
86
75
90
87
86
105
70
85
105
81
110
79
98
95
90
101
115
74
99
100
104
84
109
101
125
99
113
99
107
91
75
87
106
93
93
87
81
105
82
98
103
99
105
88
79
107
117
85
98
84
89
97
105
97
95
107
110
107
98
105
89
97
84
98
99
113
97
103
106
114
77
93
100
99
94
97
89
83
101
88
106
91
82
89
101
94
85
120
94
95
101
97
90
80
93
101
89
104
117
98
94
92
116
119
124
128
131
128
166
144
131
140
127
108
105
128
108
116
89
102
104
87
108
110
113
117
88
83
106
106
117
104
98
98
104
103
120
99
107
104
127
115
102
112
91
102
98
123
95
111
110
108
124
112
141
102
113
110
119
93
126
104
120
106
119
101
132
124
156
176
213
267
307
370
514
672
846
975
1202
1434
1439
1442
1320
1200
824
655
523
322
252
192
191
170
171
166
181
190
183
166
178
174
175
168
184
197
192
204
198
187
186
179
202
208
180
177
181
182
189
184
190
194
191
199
168
181
188
182
191
208
208
208
184
194
201
215
187
199
194
211
221
202
193
218
213
189
219
197
204
196
192
196
221
205
196
173
187
204
189
214
205
197
204
199
198
200
183
213
203
176
186
191
192
206
193
227
184
220
175
188
195
207
183
207
176
204
198
222
210
223
211
233
228
209
211
218
209
194
183
212
187
200
202
205
192
189
188
202
210
196
221
174
193
180
189
190
192
191
202
199
200
204
186
209
179
207
182
215
197
211
194
222
198
212
204
234
211
251
269
258
238
269
272
311
300
249
251
234
203
213
218
178
233
201
208
211
226
219
172
227
188
214
181
221
193
190
193
202
187
204
225
194
209
202
196
214
224
211
208
222
223
222
198
207
215
213
213
226
227
198
237
226
192
198
190
228
206
199
206
220
211
216
235
227
190
212
226
217
200
184
225
206
236
193
225
227
226
216
216
227
229
211
244
234
227
237
219
245
226
252
236
242
255
235
242
241
230
245
240
242
237
234
238
247
248
248
236
254
236
229
243
239
227
246
252
231
227
241
221
235
214
231
268
212
232
212
218
233
259
242
247
217
240
218
218
225
262
251
241
228
242
252
233
237
236
245
209
267
252
246
211
258
242
225
235
236
238
213
234
252
254
251
263
260
275
243
236
242
229
250
222
234
239
206
224
275
224
260
257
237
253
264
248
246
250
249
241
253
265
247
245
259
292
280
244
274
235
266
254
296
299
270
260
264
255
292
235
245
218
252
242
260
235
247
252
233
252
270
263
259
259
235
246
266
240
273
264
234
234
261
253
254
272
244
259
279
263
244
256
246
290
252
235
249
277
255
254
267
240
238
220
222
266
240
277
304
270
275
262
265
274
270
289
274
289
250
258
276
250
273
288
294
324
254
249
287
273
279
274
271
292
299
254
280
257
267
273
235
293
300
259
271
269
296
272
262
281
273
297
274
270
295
272
281
308
287
286
264
281
283
292
287
266
291
261
298
300
281
284
275
302
270
265
258
280
272
235
259
252
291
252
271
230
273
254
260
238
248
265
252
255
252
275
227
238
282
258
264
255
236
238
233
252
253
240
264
250
252
242
213
238
236
246
228
242
241
244
224
244
210
233
224
243
237
192
217
222
243
237
244
252
252
223
244
242
226
206
213
229
248
261
224
195
242
211
218
245
229
224
214
212
238
241
245
232
223
228
233
250
228
227
237
211
211
205
216
227
224
209
222
238
248
227
196
229
198
250
232
230
229
241
229
203
232
219
245
218
225
217
219
225
184
256
189
207
211
232
219
226
226
221
218
238
260
227
255
225
217
210
214
216
245
210
226
239
229
236
243
262
214
246
234
215
250
290
237
241
239
222
252
238
228
219
259
245
247
241
228
257
270
236
234
215
270
258
255
257
259
251
282
250
283
276
267
233
290
262
240
262
274
283
279
287
269
246
259
240
265
277
257
267
276
266
292
261
302
297
288
303
300
274
281
280
291
299
281
308
269
287
290
300
341
327
347
352
437
441
539
720
973
1258
1683
2115
2733
3629
4510
5601
6610
7463
8099
8065
7599
6745
5440
4208
3054
2120
1406
1013
745
564
540
500
429
470
441
447
437
446
430
449
404
459
437
454
464
463
434
470
437
488
437
447
459
422
429
467
445
471
480
474
437
468
432
450
479
455
445
434
427
445
453
430
449
475
433
455
433
390
467
417
460
482
496
421
458
447
434
465
444
401
431
423
449
440
426
470
459
424
456
458
413
436
440
470
429
425
453
453
428
443
454
430
470
460
448
411
455
442
434
465
414
451
463
469
431
472
466
474
467
441
447
465
446
437
433
468
439
428
417
418
434
424
437
407
380
427
401
355
426
433
459
399
428
434
421
405
435
424
417
422
414
412
423
393
393
441
428
384
404
409
394
365
442
421
412
377
412
433
429
428
387
430
418
416
430
395
422
381
369
390
413
392
453
391
395
402
391
393
407
388
385
407
416
389
410
370
397
416
397
414
426
417
395
413
418
377
382
408
412
397
405
390
405
378
422
378
385
403
425
381
399
375
394
435
393
412
416
372
398
364
370
382
365
384
389
400
384
381
388
382
406
399
391
395
407
390
420
399
408
453
397
447
418
422
369
423
402
370
462
420
405
408
441
411
412
408
407
417
416
419
409
415
447
403
429
425
406
406
412
399
390
396
365
436
411
363
364
383
396
365
393
389
389
357
389
397
374
384
347
411
376
384
375
384
385
370
382
386
381
398
440
380
328
370
393
387
332
379
390
375
359
411
322
381
382
395
370
344
394
404
399
352
353
345
368
365
390
407
373
347
342
403
369
371
363
369
330
389
379
371
379
377
363
412
398
383
376
349
380
353
406
389
411
369
367
421
391
375
367
365
353
375
351
383
355
350
379
361
346
359
366
336
343
380
350
343
321
334
321
353
320
314
342
317
320
299
312
350
320
325
357
342
331
319
334
342
276
342
319
338
328
334
320
333
341
340
314
336
327
307
324
339
294
334
321
310
339
306
308
335
314
309
315
330
288
311
341
290
315
343
293
319
304
310
334
295
327
305
298
301
305
306
304
259
319
257
318
299
301
268
321
292
301
262
286
287
283
301
277
276
259
290
288
295
291
262
284
288
255
271
266
262
256
283
252
270
248
229
262
257
237
268
243
227
231
245
200
255
250
247
199
219
206
219
206
244
212
217
218
192
205
194
209
177
204
216
171
205
180
182
203
212
194
172
186
186
192
192
174
176
186
172
174
142
157
169
175
154
211
153
165
155
128
135
148
160
147
124
135
145
105
147
138
141
149
114
122
128
111
128
118
123
115
106
98
117
107
96
121
112
111
107
80
96
80
92
98
90
88
87
79
79
78
92
73
74
88
83
51
70
80
74
61
79
74
73
62
64
72
70
57
69
65
73
54
36
61
56
52
62
58
60
47
64
69
59
61
52
57
60
54
49
57
43
56
57
40
53
45
57
59
46
57
51
52
48
51
45
42
38
39
43
38
41
42
44
47
51
48
50
54
42
38
36
40
57
58
49
46
52
47
37
35
37
36
70
46
51
43
47
36
52
47
45
50
45
34
51
46
44
43
50
48
49
37
51
40
44
44
35
42
42
43
48
42
44
46
44
35
40
32
39
47
33
46
61
51
57
63
68
74
101
161
260
402
578
895
1216
1729
2305
3014
3786
4630
5446
5784
6407
6105
5684
5075
3905
2726
1737
1077
581
286
119
58
36
9
2
1
3
3
1
2
3
3
0
0
3
1
2
4
0
4
1
1
2
2
2
2
4
1
5
1
1
3
2
1
2
2
0
2
1
2
2
1
1
2
2
0
0
2
3
1
0
1
0
0
1
0
0
0
0
1
0
1
0
0
0
2
0
1
1
0
2
2
2
2
0
0
0
1
1
1
2
0
1
0
0
0
2
2
1
0
1
0
0
0
2
0
2
2
0
0
0
1
1
0
2
0
0
0
0
1
0
1
1
0
1
0
0
0
1
2
0
1
1
0
0
0
0
1
2
3
2
1
0
1
1
0
0
2
0
1
1
1
0
0
0
1
1
0
0
0
0
0
0
0
0
0
1
0
0
1
1
0
0
2
1
0
1
0
1
2
0
0
0
0
2
0
2
0
0
0
0
0
0
0
1
0
0
0
2
0
0
0
0
0
2
0
1
2
2
2
0
1
0
1
0
1
0
0
1
1
0
0
1
0
0
1
2
0
0
0
0
1
1
1
0
2
0
2
1
0
0
1
0
0
1
1
0
1
0
1
0
1
0
0
2
1
0
0
0
1
0
1
0
0
1
0
1
0
0
2
0
0
0
0
0
2
1
2
0
1
0
0
0
1
0
1
0
0
0
0
0
1
2
0
0
1
1
0
0
1
1
1
1
1
0
0
1
0
2
0
1
0
1
1
2
1
1
1
1
0
1
2
0
1
1
0
1
1
0
0
0
0
0
3
1
2
0
0
0
0
2
0
0
1
1
0
1
0
0
1
1
1
0
0
0
1
0
0
2
0
1
1
1
0
0
0
2
1
0
1
0
1
0
1
0
0
1
1
4
1
1
0
0
1
1
0
0
0
1
0
2
1
0
0
0
0
1
1
1
2
1
0
0
0
0
0
1
0
0
0
1
0
0
0
0
0
0
0
0
0
0
0
0
0
0
2
0
0
0
1
0
0
0
0
0
0
0
0
0
0
0
1
0
1
0
0
0
0
0
1
0
2
1
1
0
0
0
1
0
0
1
2
1
0
4
1
0
0
2
0
0
0
1
0
1
0
0
0
1
0
0
0
0
0
0
0
2
0
1
0
1
0
1
0
0
2
0
0
2
1
0
1
1
1
0
3
2
0
0
1
0
1
0
1
0
0
1
1
0
0
0
0
0
0
0
0
0
2
0
1
0
0
0
0
0
0
1
1
0
0
1
0
1
0
1
0
0
1
0
0
0
0
0
0
2
0
2
3
0
0
0
3
1
1
0
1
0
0
0
0
0
0
2
1
0
0
0
2
0
0
0
0
0
0
1
0
0
0
0
1
0
0
0
0
0
1
1
1
0
0
0
0
1
1
2
1
0
0
0
0
0
2
0
0
0
0
3
1
1
0
1
0
0
0
1
0
0
2
0
0
0
2
0
1
1
0
1
1
2
0
0
1
1
1
0
0
0
0
1
0
1
0
0
0
0
0
0
0
0
0
1
0
1
1
0
2
0
2
1
0
0
0
0
0
1
0
0
0
1
0
0
1
0
2
1
1
1
0
3
1
2
0
0
0
0
0
1
0
1
1
0
1
0
0
0
0
0
1
0
0
0
1
1
0
1
0
0
1
0
2
0
2
0
0
1
1
1
1
2
1
0
0
0
1
0
0
0
0
0
1
0
0
1
1
0
2
0
0
0
1
0
1
1
1
1
0
1
1
0
3
0
2
1
2
0
0
0
1
0
2
1
0
1
0
0
0
0
0
0
0
0
0
0
2
0
0
0
0
3
1
0
0
2
0
1
0
0
1
1
1
1
1
0
0
0
1
1
1
1
0
0
0
1
0
0
1
0
0
0
0
0
1
0
0
0
1
0
0
1
0
0
0
0
0
0
1
0
0
0
0
0
1
0
1
1
0
0
1
0
0
3
1
0
0
0
0
1
0
1
2
0
0
1
0
0
1
1
1
0
2
1
1
0
0
1
0
0
1
1
0
2
1
0
0
1
0
0
0
0
0
1
2
0
0
2
0
1
2
0
2
0
1
2
0
1
0
1
0
2
0
0
0
0
0
0
2
0
0
0
3
0
2
1
0
0
0
1
2
0
0
0
0
0
1
0
1
0
0
0
0
0
1
0
1
0
0
0
0
0
0
1
2
2
0
0
0
1
0
1
0
1
1
1
0
1
0
1
0
0
0
1
0
0
2
0
0
0
0
1
1
0
0
1
1
0
0
0
1
0
0
1
0
1
1
0
0
0
0
0
1
0
0
0
0
0
0
0
0
0
1
0
0
1
1
1
0
1
1
1
0
1
1
0
0
1
1
0
0
1
0
0
0
0
0
0
0
0
0
0
0
0
1
1
0
1
1
1
0
1
0
0
1
0
1
0
0
0
1
1
0
1
0
2
1
0
0
0
0
0
1
0
2
1
0
0
1
0
1
0
1
1
0
0
1
0
0
0
1
0
0
1
1
0
1
0
1
2
0
1
1
0
0
0
0
2
1
1
0
0
1
2
0
0
1
0
0
1
1
0
1
0
0
0
1
0
0
0
0
0
2
0
1
0
1
1
0
0
1
1
0
0
0
0
0
1
0
1
2
1
1
0
3
0
0
1
0
0
0
0
1
1
0
0
0
0
1
0
0
0
0
1
1
2
0
0
1
0
1
0
$ENER_FIT:
-1.4790 0.712350 0.000000e+00
$MCA_CAL:
3
-1.4790 0.712350 0.000000e+00
$ENDRECORD:
