$SPEC_ID:
Sample title.

$MEAS_TIM:
54115.64000 58380.30000
$DATE_MEA:
01/29/2020 5:25:31 PM
$DATA:
0 16383
0
0
0
0
0
0
0
0
0
0
0
0
0
0
0
0
0
0
0
0
0
0
0
0
0
0
0
0
0
0
0
0
0
22610
21803
21565
21725
21274
21399
20979
21326
21513
22860
28756
40707
50530
49864
37780
25651
21428
20666
20371
20391
20627
20392
20740
20195
20674
20557
20807
20694
20735
20969
21032
20912
21158
21306
21569
21798
21712
21793
21915
21947
22118
22222
22822
23227
23935
24017
24008
23791
23947
24540
24686
25704
26286
26949
26905
27744
27578
27711
28019
27900
27967
28232
28698
29212
29615
30260
30926
31073
31824
33872
40063
46900
53960
62134
68199
68730
59695
47977
41471
35708
29511
26751
25850
25668
25555
26763
30731
36461
40680
40340
37791
35653
34889
32132
28397
26245
25487
24858
24369
23961
23816
23987
23827
24057
23979
23990
23663
23898
23653
23757
24072
23858
23614
24199
24084
24919
24871
25196
24560
24026
24183
24633
24271
24914
24952
25088
25276
24861
25182
25035
25102
25143
25174
25469
25360
25651
25709
25983
26012
26988
28057
28336
27728
27134
27336
27606
27656
27123
26393
26406
26301
26831
26951
27496
27203
26833
26293
25838
26002
26145
26148
26043
25721
25835
26113
26471
26154
26127
25449
25066
25126
24895
24802
24568
24887
24995
24537
24757
24624
24162
24257
23969
24175
24143
24160
24100
24020
24113
24018
24002
24192
24275
24426
24123
24105
24014
24049
24107
24405
24230
24186
24162
24272
24364
24359
24157
24119
23862
23830
23651
23576
23519
23752
23629
23500
23909
23609
23536
23546
23558
23812
23378
23271
23398
23748
23257
23297
23425
23158
23341
23333
23192
23003
22966
23306
23113
22870
22809
22823
22867
22880
23096
22899
23013
22822
23594
23616
23972
23572
23726
23050
22539
22998
22758
23160
22664
22718
22532
22766
22742
22961
22929
23240
23340
23587
24126
25148
25668
26478
26492
27323
28037
29691
30856
32536
33754
34761
35058
35062
34522
33450
32437
31117
29809
28470
27511
26666
26532
26542
27271
28004
28581
29855
29807
29464
29397
28531
28526
28110
27961
28231
27931
28045
28049
28321
29087
29100
29661
30122
30693
31118
31285
31802
31865
31706
31394
31576
30966
30307
29736
29191
28501
28164
27577
26972
26895
26564
26652
26150
25947
25989
25870
25606
25542
25584
25901
25686
25887
25814
25688
25807
25912
26417
26489
26651
26956
27569
27445
28167
28532
29292
29653
30189
30284
30710
31390
31333
32039
32371
32673
32668
32768
32507
32434
32038
32109
31434
31647
31341
30643
30247
29221
29023
28396
27575
27256
26748
26287
25942
25559
25200
25035
24656
24425
24423
24137
24356
24732
24738
24274
23148
23120
22846
22541
22557
22219
22156
22143
21691
21735
21862
21436
21468
21067
21173
21091
20947
20778
20883
20951
21103
21050
21492
21625
21335
20801
19897
19445
19688
19670
19277
19459
19550
19089
19110
18961
18679
19032
19020
18999
18961
18718
19079
19105
18776
18725
18691
18643
18486
18590
18576
18285
18275
18319
17934
18243
18236
18175
18822
18820
18362
17644
17013
17237
17023
16921
16782
16682
17104
16815
16922
17320
19002
20338
20406
19738
17871
16331
16298
16389
16038
16159
15924
16368
15915
16246
15881
15850
15619
16024
15764
15748
16069
16375
16447
16161
15779
15684
15591
15441
15520
15638
15262
15539
15391
15493
15411
15427
15272
15225
14997
15104
15303
15550
16507
17041
16737
15901
15465
14945
15053
14963
14644
14828
14710
14622
14969
14727
14853
14825
14700
14533
14640
14381
14926
14764
14652
14690
15071
15898
18204
19914
19973
17878
15503
14629
14143
14477
14317
14496
14495
14417
14501
14404
14357
14857
14626
14751
14561
14454
14277
14177
14185
14076
14380
14323
14152
14439
14023
14126
14138
13985
14288
13976
14284
13880
14042
13813
13802
13943
14114
13992
13929
13751
13790
13821
13937
13685
13968
14050
13957
14043
14053
13934
13959
13697
13815
13641
13891
14022
13918
13724
13589
13735
13518
13504
13806
13644
13686
13693
13584
13936
13779
13608
13819
13680
14164
15010
15805
16652
16208
14991
14316
14000
13719
13762
13640
13784
13676
13690
13814
13857
13794
13846
13810
13863
13877
14533
16492
21169
27097
33974
40535
45875
48829
50934
52241
52839
53486
53921
53671
53209
52466
51336
50061
48107
44810
39935
33980
27237
20939
16078
13951
13158
13127
12932
13046
12977
13136
13032
12948
12944
12991
12899
12975
12895
13040
13090
13199
13056
13259
12964
13124
12996
13227
13029
13110
13027
13339
13517
14498
16377
21558
32985
52500
76353
92558
90447
72429
47930
29303
19448
15482
13902
13365
13159
12897
12991
12696
12789
12640
12756
12429
12650
12693
12435
12494
12458
12469
12633
12286
12510
12635
12644
12530
12443
12447
12437
12372
12455
12472
12529
12298
12488
12226
12416
12715
12530
12425
12256
12657
12294
12554
12449
12345
12509
12837
13196
13850
14056
14039
13417
12744
12394
12365
12405
12466
12449
12350
12269
12438
12606
12403
12534
12617
12439
12516
12458
12532
12339
12351
12382
12752
12512
12653
13009
12849
12763
12538
12569
12660
12539
12576
12514
12436
12583
12237
12370
12472
12307
12824
12844
12473
12417
12525
12704
13574
15455
16597
16429
14842
13169
12497
12496
12733
13038
12893
12683
12429
12312
12480
12330
12223
12400
12812
12851
12956
12829
12823
12699
12869
12862
12878
12868
12797
12932
12934
12937
12672
12565
12636
12631
12867
12856
13102
12889
12748
12711
12639
12737
12522
12521
12418
12575
12396
12487
12532
12319
12554
12577
12502
12363
12433
12475
12379
12444
12397
12268
12756
12382
12307
12587
12701
12575
12336
12516
12189
12480
12342
12475
12403
12278
12467
12434
12383
12592
12336
12488
12599
12394
12396
12350
12309
12603
12644
12753
12583
12487
12621
12295
12474
12638
12278
12444
12296
12406
12336
12493
12395
12810
12692
12730
12601
12590
12502
12629
12548
12349
12436
12558
12596
12511
12774
12536
12517
12580
12476
12183
12369
12517
12550
12427
12458
12334
12367
12521
12427
12297
12364
12570
12396
12608
12216
12442
12507
12444
12637
12493
12671
12435
12463
12352
12587
12365
12429
12507
12733
12515
12836
13315
14187
14023
13697
13119
12911
12926
13043
12873
12803
12814
12697
12734
12808
12718
12760
12670
12758
12742
12837
12930
12691
12862
12854
12677
12843
12632
12686
12514
12658
12641
12581
12635
12698
12569
12713
12728
12992
12555
12689
12514
12510
12435
12538
12797
12501
12642
12848
12593
12395
12680
12593
12399
12505
12731
12692
12496
12550
12662
12595
12656
12701
12492
12525
12742
12835
12937
12411
12415
12550
12515
12706
12630
12718
12570
12680
12452
12745
12660
12517
12723
12731
12537
12907
13025
12757
12765
12922
12851
12873
13277
13593
13785
14083
13730
13186
12923
12781
12739
12887
12666
12767
12730
12772
12865
12902
13518
13820
14200
13702
13165
12932
12782
12732
12799
12817
12763
12972
12865
12807
12624
12652
12868
12875
12746
12894
12725
12861
12769
12982
12817
12831
13256
13852
14020
14570
14403
13579
13074
12855
12803
12933
12675
12625
12825
12802
12879
12859
12799
12887
13146
13002
12869
12955
12639
13015
13003
12716
13142
12766
12928
13021
12710
12657
12896
12804
13081
12842
13363
12985
13008
12978
12734
12962
12707
12615
12701
12686
12855
12669
12844
12897
12855
13064
12984
13044
13092
12998
12812
12986
12955
13071
13200
13446
14201
15997
18860
20456
19212
16819
14255
13325
13161
13058
12943
13015
12859
12976
12873
12807
13041
12903
13076
12916
13192
13245
13574
14319
15347
15634
14521
13591
13142
13145
13058
13042
12920
13059
13084
12774
13035
13160
12964
12989
13025
12948
12967
13005
13255
13286
14273
14185
14311
14546
14782
15094
14932
14388
13686
13453
14196
14546
15342
15161
14353
13476
13145
13134
13067
12864
13166
12938
13233
13183
13030
13104
12998
13185
13059
13201
12990
13047
13020
13176
13076
13190
13427
13530
13840
13593
13677
13986
14074
14056
13764
13458
13315
13331
13606
13604
13897
13785
13609
13303
13211
13175
13184
13327
13203
13420
13371
13218
13595
14575
15670
16473
16104
14692
13759
13505
13070
13123
13391
13229
13299
13457
13368
13280
13371
13133
13316
13335
13415
13189
13473
13408
13537
13433
13421
13220
13310
13428
13474
13421
13412
13288
13662
13467
13397
13637
13447
13450
13590
13474
13453
13752
13847
13651
13817
14676
16328
18775
19504
18342
16155
14335
13785
13525
13569
13466
13645
13627
13858
13699
13627
13776
13738
13682
13744
13927
13708
13656
13900
13764
13900
13852
13794
13721
13747
13678
13690
14014
14007
13907
13891
13843
13894
14423
14889
15316
15536
15016
14446
13916
13938
13991
13997
13872
13983
13932
14360
14575
14573
14422
14358
14373
15027
18318
24807
32350
34707
29769
22161
16716
14545
14049
14165
14136
14282
13949
14411
14083
13941
14237
13965
14110
14086
14310
13903
14193
14056
14307
14001
14193
14205
14375
14127
14149
14304
14334
14325
14285
14200
14527
14218
14220
14442
14817
15464
16852
19316
23046
26404
26879
24170
19348
16154
14889
14623
14725
14825
14967
15265
15542
16068
15977
15736
15360
15084
14856
14771
14766
14744
14843
14622
14577
14869
14830
14682
14904
14911
14682
14751
14825
14656
14463
14829
14888
14715
14816
14974
15051
14875
15078
14821
14949
14933
14894
14992
15046
14989
15002
14926
15025
15005
15121
14868
15183
15133
15241
15257
15052
15416
15103
15107
15293
15348
15166
14841
15029
14990
14888
15303
15448
15199
15265
15269
15308
15277
15170
15375
15213
15114
15308
15937
17219
17998
18478
18027
16875
15804
15709
15289
15287
15407
15619
15425
15318
15367
15505
15352
15383
15383
15427
15861
16230
16870
16739
16473
16118
15670
15606
15481
15577
15405
15504
15473
15554
15543
15586
16050
15947
16182
16575
17015
17554
17768
17908
17513
16846
16271
16192
15787
15825
15903
15758
15781
15987
15806
16025
16024
15973
16128
16156
15814
16322
16211
16153
16170
16021
16042
16049
16128
16137
16239
16218
16411
16674
17147
17545
17926
17530
16948
16293
16286
16157
16576
16273
16501
16169
16386
16408
16321
16259
16308
16339
16710
16975
16904
16904
16671
16522
16598
16269
16626
16495
16533
16757
16612
16792
16664
16684
16747
16816
16688
16483
16758
16702
16713
16768
16737
16997
16943
17056
17073
17000
17142
16771
16901
16925
16929
17196
16890
17313
17146
17473
17538
18063
17975
18211
18097
17519
17718
17559
17612
17969
18194
18576
18399
17944
17667
17609
17357
17546
17570
17454
17744
17569
17415
17455
17740
17408
17750
17477
17780
17579
17622
17700
17547
17708
17626
17754
17989
18560
19188
19719
19595
18924
18398
18066
17751
18316
20214
28761
48146
73864
92044
87911
63349
37862
24200
20573
19911
19879
19832
19962
19907
19768
19959
19843
19699
19967
19897
19879
19977
20266
20123
20205
20041
20178
20075
20130
20275
20202
20304
20266
20180
20417
20209
20207
20387
20515
20783
20736
20989
21312
20770
20917
20640
21070
20788
20840
20966
20920
20929
20764
20909
21043
21054
21180
20954
21228
21101
21112
21262
21503
21673
21917
21318
21718
21411
21399
21417
21420
21562
21560
21522
21623
21608
21598
21732
21591
21740
21777
21803
22290
22486
22864
24687
27389
31072
32967
31442
27614
24672
23457
23192
24567
26293
27618
28072
26886
25466
24118
23263
23150
22898
23376
23629
23282
22973
22862
22887
22989
23377
22864
22769
22941
22944
23916
25104
26535
26825
25901
24779
23263
23410
23186
23271
23592
23425
23434
23231
23148
23393
23473
23460
23338
23510
23749
23637
23840
23653
23342
23497
23836
24001
23628
23800
23969
24212
24277
24676
24702
24306
23923
24144
23870
24029
24007
24036
24169
24138
24235
24165
24096
24225
23979
24427
24608
24865
25061
25716
25530
25192
24744
24743
24855
24589
24550
24999
24661
24803
24823
24823
24948
25085
24867
24938
24803
24839
25040
25357
24962
25127
25284
24940
25133
25410
25176
25659
25921
26941
28342
29196
28799
27529
26897
25953
25722
25521
26126
25711
25770
25811
25935
25957
26035
25708
26077
26106
25996
25984
25921
26544
26321
26372
26511
26224
26537
26567
26269
26538
26790
27217
27718
27984
27703
27496
27379
26769
26893
26934
27355
27883
28290
29771
31311
31664
31477
31172
29988
28867
28196
27887
28352
28230
28479
28756
29302
29432
28626
28524
28307
28014
28249
28435
28066
28529
28510
28650
28471
28707
28190
28513
28519
28546
28722
28756
28787
28560
28488
28539
28541
29134
28765
29069
28818
28932
29303
29156
29270
29107
29719
31615
35483
39004
40284
38483
34270
31301
29609
29504
29268
29635
29560
29721
29457
29752
30005
29582
29733
29438
29806
29517
30132
29731
30031
29680
29844
29790
30107
30090
29813
30061
30022
30010
30518
30747
30601
30496
30694
31624
31762
31410
31254
30595
30578
30729
30972
30873
30912
30962
31009
30895
31341
31056
31220
31247
31255
31153
31568
31099
31167
31647
31286
31433
31322
31732
31407
31599
31776
31684
31537
31809
31630
31441
31236
31449
31461
31457
31579
31620
31320
31686
31484
31505
31384
31511
31790
31611
31954
31911
31761
31960
32089
32183
32255
32365
32492
32222
32273
32533
32344
32450
32269
32608
32469
32373
32580
32740
32990
33068
33165
32810
33063
32884
33458
33774
34030
34219
34027
33684
33532
33147
33047
33246
33532
33380
33334
33530
33500
34047
34411
34121
34130
33912
33881
34084
33676
33864
33947
34226
34231
34081
33903
34300
34114
34091
34222
34285
34375
34015
34867
34679
34719
35035
34478
34427
34698
35003
34916
34613
34924
34690
35085
35256
35243
35541
35666
37479
39355
40684
40925
39230
37255
36275
35495
35812
35768
35485
35946
35472
36001
35947
36011
36111
35863
36251
36187
35819
35705
36035
36267
35595
36434
35756
36137
36039
35987
35971
36031
35689
36085
36245
35895
35963
35805
35702
36170
35616
35795
35803
35396
35093
35503
35138
34938
35195
34507
34514
34552
34508
34537
34498
34361
34647
34431
34592
34480
34240
34680
34546
34322
34045
34383
34243
34902
34411
34872
34235
34662
34841
34767
34667
34536
34554
34510
34635
34447
34532
34668
34649
34540
34808
34807
35593
35034
35465
36421
37604
38857
38995
38438
37157
36828
36385
35439
35287
35198
35287
35073
35288
35295
35478
35258
35032
34908
35391
35200
35254
35511
35148
35887
35372
35569
35353
35776
35760
36173
36239
37098
36779
37263
36804
36871
36364
36231
36127
35872
36412
36121
36329
36712
37522
39486
43127
48334
51470
50537
45723
41272
38385
37285
37183
37552
37487
37598
37652
37654
37836
38085
38128
38851
38591
38976
38195
38551
38486
38417
38417
38815
39402
39501
39824
40446
40229
40026
39814
39852
40052
40109
39803
40374
40340
40638
40842
40555
40918
41355
41523
41215
41293
41753
41846
41921
42097
42153
42370
42648
42438
42672
43169
42990
42996
43084
43079
43743
44015
43764
44138
44108
44780
44714
44926
45455
45497
45709
46553
46958
47104
48230
54577
69050
95885
125216
136796
126183
101679
81877
71757
65376
59627
54092
50974
50110
50513
50638
51107
51081
51568
51838
52489
52188
52381
53007
53197
53581
54097
54137
54780
54766
55230
55598
56262
56157
56544
56591
57299
57734
58004
58384
59045
60114
61116
62198
63093
66493
75515
97246
142522
215327
303991
372441
386294
337720
251959
169754
113859
85970
74700
70526
68822
68418
68299
68649
68369
68385
69065
69647
69765
70432
70657
71406
71042
71380
70606
71334
71863
72388
71683
72142
72515
72845
72950
73505
73822
74127
74379
74314
73942
74947
74395
74806
74681
75465
75162
75927
75773
75859
76781
75904
77001
76327
76917
76663
77377
77686
77486
78105
78283
78207
78204
78326
78479
78468
78458
78704
79521
79386
79154
79864
79487
80065
80371
80584
80491
80893
80258
80680
80522
80857
81146
81389
81336
81507
82041
81891
81894
82056
82212
82673
86055
99978
140491
223353
331565
405021
390335
296145
187438
118010
91514
86279
85478
85263
84191
83766
84141
83454
84232
84191
83756
85026
84438
83925
83869
83866
84359
84618
84644
84406
84688
85487
85239
85717
85156
85354
85408
85969
85901
86400
86279
86688
86129
85854
86640
86819
86887
87213
87427
87395
87797
87402
87490
87927
87495
87610
88331
88475
88604
88156
88609
89078
88548
89156
89606
88989
89204
89969
89515
90279
89833
90109
90562
90086
90394
91285
90939
91617
91730
91463
91455
91586
91740
92363
91682
92810
92218
92490
92563
92897
93162
93646
93042
93301
93753
94613
94509
94020
94261
94463
95336
94675
95303
95034
95935
96564
96030
97392
98899
100291
102699
102718
101503
99368
98829
97962
97341
97370
97614
97744
98968
98635
98980
99369
100005
100824
100633
100857
100800
100607
100202
100745
100377
100859
100695
102066
101400
101803
102398
102247
102689
103108
102684
103195
103638
103864
103433
104553
105494
109670
122760
154905
208406
263657
287283
261201
204396
151300
121344
109974
107803
107818
107867
108337
108490
108404
108215
109097
108795
109397
108866
109348
109867
110144
109911
110347
110963
110935
111461
111398
111798
111740
111520
112216
112488
112977
112814
113569
113830
113541
113635
113799
114515
115095
115875
115301
115878
116700
116633
116962
116859
117374
117156
118146
118034
118028
118318
118640
118548
119234
119601
121186
122554
123258
123853
123942
122986
122495
121814
121731
122755
122694
122994
123182
124025
123935
124246
124596
125188
125330
125316
125506
126289
127142
127311
127962
127918
127766
128486
127994
128616
129285
128895
129494
130229
130891
130601
131716
132689
131768
131951
132193
132403
133302
133170
133736
134451
134166
134825
135973
136127
136142
136363
137086
136714
137456
137513
137349
138115
138445
138542
139515
139911
139801
140608
140426
141321
141084
141591
141189
142145
142599
142685
142735
142751
143572
143747
143638
143528
144105
144813
145974
146137
146286
146057
145801
144530
144291
144292
145038
144576
142806
140930
138585
135933
133312
130937
127918
124496
120581
118922
116895
120478
127575
138309
144576
141270
129683
116521
106501
102448
100889
100069
100138
99208
98923
98986
99281
99001
99280
98763
97891
96633
95218
95336
94000
93572
93478
93006
91997
91837
92006
91479
91123
90383
90205
90108
89683
89264
89201
88728
87775
87427
87478
87218
86821
86951
86627
86247
86206
85371
85027
83876
84294
84321
83563
82947
82241
81920
81798
81062
80970
80276
79956
80208
79864
78871
78586
78432
77673
77069
77447
76538
75750
75394
75753
74698
74101
73962
73122
73334
72374
72328
71494
71313
70963
70595
70218
68881
68536
68359
68095
67209
67415
66353
65933
65520
64920
65101
64101
64171
63034
62707
62231
61700
60985
60731
59789
59544
58783
58365
58090
57605
56909
56581
56255
56419
55647
54910
54276
54230
53256
53155
52225
52067
51151
50923
50439
49955
49408
48983
48702
48184
47742
47467
46838
46712
46300
46010
45179
43921
43630
43532
43003
42318
42128
41738
41327
40544
40046
40287
39505
39003
38632
39411
39859
41216
43025
42650
41362
38667
36492
35288
34549
34292
34197
33378
33254
32287
32016
31681
30784
30915
30118
29913
29502
28868
28816
28639
28032
27453
27335
27231
26904
26931
26684
26242
26301
25717
25546
24997
24747
24392
24115
23904
23415
23433
23759
24846
25769
27308
27430
26110
24481
22721
22257
21500
21476
21584
21378
21180
21214
21076
20946
20815
20922
20523
20748
20312
20414
20189
20234
20048
20243
20003
20009
19682
19596
19760
19873
19589
19705
19523
19549
19479
19367
19421
19207
19278
19092
19169
18969
19147
19425
19611
19908
19850
19568
18674
18542
18676
18272
18441
18389
18005
18130
18057
18018
17902
17998
17757
17775
17966
18002
17892
18074
17759
17419
17085
16959
16785
16892
16913
16743
16414
16487
16584
16340
16627
16170
16108
16341
16433
16105
16261
16205
16191
15833
16143
15984
16103
15942
16057
16142
16015
16281
16048
16239
16313
15925
16572
16509
16944
17325
18098
18382
19032
18719
18630
18601
19198
21207
27770
61450
203775
675813
1817141
3764553
5944779
7150924
6529284
4475336
2249827
816208
210883
41422
9705
5432
4626
4421
4176
4063
4037
3896
3684
3717
3638
3575
3434
3349
3202
3216
3191
3282
3083
3134
3002
3212
3016
3073
3105
3105
3108
3067
2978
2938
2883
2906
2835
2915
2927
3086
3380
3777
3960
3948
3505
3261
2947
2859
2799
3034
3199
3211
3332
3061
2924
2800
2750
2731
2676
2643
2734
3108
3685
5001
6347
6978
6757
5455
4117
3153
2820
2701
2751
2678
2849
2958
3202
4312
6242
9306
11920
12664
10499
7679
4837
3239
2724
2579
2524
2470
2471
2428
2532
2562
2595
2680
2872
2764
2635
2449
2350
2409
2396
2523
2482
2549
2513
2497
2314
2223
2363
2269
2292
2334
2303
2391
2544
2619
2896
3015
2926
2971
2704
2584
2452
2381
2323
2406
2522
2642
2801
3039
3361
3429
3295
3044
2746
2559
2377
2357
2266
2440
2247
2378
2283
2341
2414
2375
2340
2338
2256
2359
2351
2292
2297
2349
2341
2339
2245
2273
2311
2308
2180
2213
2269
2209
2203
2290
2408
2497
2582
2582
2627
2439
2335
2330
2283
2264
2227
2185
2181
2229
2226
2202
2318
2237
2256
2276
2151
2147
2182
2139
2159
2214
2111
2152
2146
2276
2101
2245
2168
2145
2225
2150
2075
2062
2157
2169
2054
2154
2065
2051
2125
2216
2106
2179
2407
2491
2449
2401
2359
2257
2186
2201
2163
2127
2073
2050
2090
2095
2088
2134
1997
2013
2071
1961
2010
2043
2031
1993
2040
1988
2016
1981
2056
1976
1999
1887
1984
1984
2024
1995
2005
1976
1989
1985
2020
1977
2084
1967
2043
2016
2004
1975
1950
2032
1975
1957
1922
1941
2113
2141
2214
2120
2135
2111
2010
1913
1963
2000
1988
2077
1920
2045
1958
1904
1919
1886
1978
1906
1953
1916
1937
1876
1910
1857
1913
1911
1922
1944
1956
1940
2016
2050
2246
2304
2419
2464
2388
2296
2356
2802
3161
3725
3975
4171
3998
3622
3241
2848
2474
2268
2127
2033
2022
2026
2027
1989
2013
1914
1943
1958
1986
2032
1999
2051
2004
2011
1945
2008
2028
1959
2004
2084
2028
2077
2061
2073
1988
2006
2073
1995
2082
2050
1992
2068
2046
1984
2035
2016
2009
1972
2075
2094
2178
2284
2425
2378
2162
2226
2015
1952
2041
2060
1991
1974
1969
1975
2064
2095
2052
2018
2055
2054
2133
2192
2384
2511
2779
2870
2823
2692
2467
2247
2124
2197
2380
2673
3318
3736
3893
3546
3073
2661
2288
2227
2167
2188
2473
3268
5810
11688
22019
33780
41672
41113
31677
19737
10345
5587
3808
2897
2484
2320
2214
2198
2194
2188
2174
2193
2203
2111
2236
2332
2271
2227
2242
2134
2224
2113
2210
2160
2187
2043
2045
2125
2154
2100
2227
2198
2229
2275
2403
2446
2389
2339
2283
2295
2305
2359
2259
2366
2211
2161
2161
2187
2222
2160
2201
2142
2092
2247
2267
2287
2473
2333
2323
2378
2248
2388
2358
2536
2472
2601
2412
2352
2309
2234
2214
2260
2502
2934
3891
5015
5970
6054
5387
4386
3312
2546
2373
2367
2250
2258
2252
2270
2325
2469
3076
4289
6190
8459
9868
9685
7739
5344
3553
2551
2250
2173
2227
2187
2191
2161
2126
2168
2171
2263
2146
2123
2308
2220
2141
2144
2105
2208
2172
2167
2176
2178
2129
2175
2161
2170
2071
2206
2252
2192
2200
2228
2183
2150
2239
2217
2184
2195
2261
2347
2427
2753
3393
4031
4556
4447
4094
3278
2678
2207
2176
2171
2245
2235
2170
2161
2165
2100
2149
2137
2135
2148
2170
2159
2217
2175
2224
2229
2241
2095
2156
2159
2143
2151
2200
2151
2189
2149
2194
2184
2243
2289
2403
2832
3535
4520
5214
5397
4784
3911
2947
2500
2368
2320
2339
2376
2405
2378
2263
2203
2299
2274
2364
2296
2230
2301
2249
2242
2362
2275
2303
2303
2341
2258
2192
2289
2280
2297
2293
2238
2287
2293
2313
2356
2307
2375
2393
2357
2294
2251
2361
2373
2336
2340
2370
2264
2439
2381
2386
2313
2401
2357
2338
2321
2409
2376
2397
2320
2364
2370
2378
2408
2311
2361
2455
2309
2404
2371
2520
2812
3159
3432
3567
3561
3214
2787
2490
2414
2322
2321
2328
2383
2306
2424
2410
2329
2460
2395
2418
2370
2437
2442
2358
2421
2452
2533
2789
2663
2760
2642
2568
2557
2370
2630
2803
2815
2911
2730
2527
2463
2316
2189
2266
2335
2278
2226
2301
2221
2307
2306
2334
2354
2264
2269
2257
2332
2268
2202
2254
2215
2234
2363
2361
2378
2358
2367
2229
2294
2350
2229
2338
2336
2316
2207
2230
2257
2308
2185
2239
2226
2255
2270
2301
2285
2255
2374
2313
2188
2245
2189
2317
2322
2268
2259
2181
2293
2261
2280
2280
2301
2312
2200
2345
2261
2292
2200
2173
2184
2216
2223
2252
2285
2303
2438
2385
2452
2588
2557
2508
2619
2414
2362
2237
2312
2239
2222
2245
2209
2116
2257
2149
2127
2233
2269
2174
2162
2140
2176
2141
2094
2086
2210
2174
2097
2103
2194
2161
2066
2125
2144
2146
2094
2070
2220
2416
3183
4437
6423
7910
8694
8203
6302
4336
3096
2454
2376
2549
2865
3773
5776
8503
11318
12911
12055
9303
6134
3956
2891
2475
2321
2192
2180
2148
2139
2104
2036
2091
2090
2067
2040
2105
2098
2115
2036
2075
2023
1961
2129
1983
2077
2015
2066
2162
2203
2113
2168
2158
2039
2058
2013
2018
2028
2110
2118
2183
2143
2170
2176
2140
2083
2087
2069
2079
2040
2037
2059
2018
1976
2026
2055
2049
2065
2004
2078
2021
2160
2239
2150
2166
2090
2192
2202
2178
2260
2183
2002
2067
2031
2090
2192
2316
2347
2328
2272
2047
2081
2073
1991
1967
1964
2151
2068
2029
2048
1997
2033
1987
2129
2117
2015
1986
2072
1977
2013
1975
1975
2051
1962
1930
1961
1934
1919
1975
1943
1947
1936
1945
1962
1946
1946
1960
1932
1988
1914
2008
2007
2017
2154
2187
2434
2441
2347
2258
2173
1978
1942
1972
2062
1956
1936
1994
1973
1949
1970
1937
1940
1902
1971
1938
1990
1974
1915
2030
1957
1959
2030
2027
2038
2001
2027
2014
2016
2016
1992
2077
2045
2011
2006
2000
2064
2238
2476
2838
3369
3815
4292
4312
4065
3971
4397
6078
9293
13488
17163
18006
15132
10634
6429
3679
2518
2168
2036
2136
2045
2077
2100
2089
2085
2156
2090
2148
2080
2132
2135
2054
2214
2105
2123
2110
2121
2088
2087
2107
2043
2078
2132
2248
2232
2271
2412
2462
2610
2738
2719
2435
2445
2280
2120
2193
2236
2294
2285
2180
2197
2236
2177
2113
2192
2157
2196
2220
2222
2163
2173
2184
2211
2275
2253
2261
2388
2232
2276
2178
2354
2571
3154
4147
5175
5919
6088
5511
4474
3534
3069
3281
4062
5662
7420
9181
10223
10235
8729
6884
4956
3830
2978
2722
2688
2645
2729
2636
2734
3280
4373
6836
10416
14235
16585
16236
12621
8336
5081
3337
2634
2432
2374
2411
2388
2325
2483
2365
2445
2403
2439
2524
2511
2612
2611
2684
2704
2638
2715
2639
2627
2513
2536
2444
2604
2492
2476
2481
2469
2466
2492
2506
2539
2534
2502
2444
2545
2470
2458
2520
2533
2606
2660
2571
2634
2610
2543
2478
2541
2571
2599
2601
2680
2786
2807
2819
3074
3412
3607
3671
3928
3583
3337
3122
2842
2724
2662
2542
2551
2708
2618
2560
2725
2719
2621
2641
2572
2480
2631
2577
2543
2589
2651
2587
2625
2606
2605
2624
2719
2665
2798
2723
2677
2696
2717
2722
2700
2668
2708
2678
2802
2959
2969
3181
3156
3171
2987
2912
2720
2721
2723
2760
2708
2790
2772
2703
2724
2725
2828
2808
2770
2805
2872
2821
3020
2976
3110
3138
3184
3076
2979
2875
2767
2821
2946
2831
2871
2919
2858
2882
2720
3013
2925
2945
3061
3050
3065
3174
3188
3011
2989
2953
2958
2956
2962
2985
3005
2944
2970
3001
2972
2996
3070
3067
2958
3048
3025
3067
3058
3111
3023
3139
3202
3283
3520
3946
5230
7048
9842
12895
15654
16969
15780
13219
10030
7112
5417
4362
3990
4106
3995
3951
3767
3552
3514
3517
3349
3338
3169
3323
3418
3308
3293
3531
3476
3410
3449
3423
3453
3433
3526
3397
3439
3437
3566
3516
3453
3535
3545
3492
3457
3477
3696
3611
3721
3612
3776
3549
3438
3619
3499
3493
3601
3502
3410
3542
3586
3655
3543
3650
3700
3609
3495
3503
3561
3561
3628
3622
3654
3621
3690
3535
3617
3591
3542
3619
3557
3598
3647
3738
3660
3672
3644
3568
3601
3572
3671
3639
3641
3607
3648
3631
3686
3748
3608
3700
3697
3740
3842
3955
4115
4114
4002
3898
3855
3778
3654
3624
3550
3771
3715
3771
3617
3675
3640
3770
3662
3700
3582
3694
3664
3703
3765
3763
3806
3734
3783
3688
3771
3749
3758
3708
3748
3684
3908
4152
4092
4184
4295
4446
4466
4393
4287
4205
4026
4063
4010
3920
3932
3930
3810
3813
3860
3785
3807
3999
4031
3998
4038
4045
3917
3958
3847
3986
3836
3875
3736
3840
3793
3783
3847
3776
3811
3893
3918
3796
3782
3838
3728
3864
3711
3706
3762
3753
3622
3839
4034
4215
4585
5016
5237
5578
5651
5276
4976
4442
4123
3822
3500
3684
3586
3686
3612
3698
3732
3656
3815
3794
3770
3804
3809
3760
3710
3573
3625
3517
3526
3659
3431
3626
3570
3510
3656
3690
3499
3596
3633
3541
3660
3505
3599
3687
3589
3627
3609
3744
3747
3760
3794
4174
4467
4425
4587
4557
4318
4193
3951
3913
4120
4280
4498
4654
4650
4836
4742
4395
4209
4073
3770
3738
3678
3683
3506
3638
3637
3735
3546
3534
3620
3584
3650
3605
3622
3536
3787
3856
3980
4208
4321
4375
4371
4104
3952
3786
3707
3738
3888
3757
3840
4083
4144
4126
4087
3907
3785
3786
3590
3643
3704
3624
3646
3607
3522
3627
3564
3493
3595
3556
3494
3481
3485
3594
3727
3585
3897
4114
4281
4371
4284
4319
3962
3687
3550
3489
3532
3578
3516
3456
3538
3462
3476
3637
3506
3607
3553
3547
3610
3701
3629
3658
3596
3671
3554
3645
3624
3587
3594
3726
3668
3567
3602
3649
3487
3443
3497
3460
3441
3477
3396
3634
3669
3679
3572
3590
3604
3605
3567
3539
3540
3471
3484
3372
3361
3361
3317
3374
3426
3414
3619
3517
3463
3521
3330
3330
3248
3265
3298
3162
2971
3162
3077
3156
3029
3015
3033
3058
3118
3083
2957
3009
2966
2905
2944
2973
2936
2915
2967
2937
2994
2891
2934
2899
3020
2985
3303
3977
5114
7353
10122
12192
12988
11705
9130
6193
4303
3274
2993
2875
2790
2856
2792
2839
2858
2745
2882
2830
2726
2805
2887
2907
2888
2911
2941
2869
2949
3108
3264
3770
4540
5695
6382
6593
5924
4893
3864
3193
3012
2902
2856
2827
2900
2830
2786
2781
2802
2710
2779
2753
2793
2953
2797
2861
2864
2870
2926
2967
2940
3035
2916
2856
2784
2754
2743
2732
2697
2678
2697
2775
2718
2766
2691
2668
2649
2664
2631
2664
2654
2619
2570
2611
2610
2638
2639
2577
2610
2673
2754
3298
4380
7615
13240
22603
33969
42924
45662
40066
28316
16909
8702
4545
3173
3024
3383
3556
3587
3444
3171
2844
2549
2391
2467
2343
2362
2320
2343
2364
2289
2373
2314
2297
2288
2378
2245
2340
2284
2361
2400
2455
2367
2471
2558
2782
3131
3544
3598
3439
3235
2712
2408
2279
2270
2183
2237
2125
2147
2160
2339
2238
2197
2259
2146
2129
2174
2070
2111
2098
2168
2121
2123
2144
2170
2060
2079
2093
2076
2167
2066
1997
2134
2178
2196
2339
2850
3585
4841
6508
8108
8527
7864
6183
4439
3245
2392
2262
2161
2275
2229
2323
2339
2207
2183
2188
2149
2108
2033
2023
1962
2044
2023
2038
1995
2085
2061
2097
2077
2094
2081
2043
2076
2059
2012
2062
2061
2112
2112
2201
2470
2767
3208
3799
4171
4406
4121
3643
3340
2869
2433
2228
2051
2121
2086
2072
2025
2060
2055
1987
2104
1977
2014
2065
2100
2097
2307
2257
2270
2249
2091
2270
2056
2088
1959
2066
1978
2001
2053
1992
2064
2041
2017
2030
1960
2068
1969
2020
2055
2021
2058
2091
2103
2092
2114
2147
2259
2278
2247
2221
2120
2131
2018
2052
2092
2132
2127
2224
2333
2474
2404
2507
2489
2293
2439
2732
3847
6749
13025
24250
40052
56819
67146
65981
53173
34810
19087
9370
5364
4806
4953
5289
5062
4324
3353
2635
2133
1918
1942
1908
1924
1939
1924
1870
1899
1921
1891
1911
1854
1873
1977
1921
1907
1889
1855
1968
1911
1991
2008
2003
2072
2000
2035
2227
2276
2534
2507
2515
2411
2416
2435
2287
2368
2216
2117
2000
2062
1864
1866
1950
1787
1944
1948
1830
1945
1945
1953
1949
1953
2038
1987
2002
1950
2042
1924
1907
1931
1911
1874
1917
1930
1922
1873
1969
1960
1897
1879
1926
1910
1874
1956
1958
1953
2010
2011
2006
2143
2415
2589
3039
3613
4055
4270
4103
3758
3304
2776
2371
2167
2089
2073
2004
1934
2034
1921
2001
2012
1955
1951
1885
1959
1943
1990
1986
1939
1913
1915
1992
1924
2039
2049
2003
1923
2017
2066
1949
1983
1960
1954
2011
2014
1913
2012
1934
2041
1889
1990
1971
1956
2034
1923
2017
2013
2097
2087
2139
2477
2564
2923
3191
3039
2761
2560
2153
2079
2064
2062
1966
2074
2044
1965
1995
1964
2080
1994
2006
2060
1966
2031
2028
1976
2056
1997
2043
1983
2014
2021
1977
2041
1985
1994
1939
2089
2057
2020
2000
1979
2017
2083
2041
2083
2107
2189
2209
2263
2472
2611
2578
2798
2630
2396
2256
2085
2213
2086
1970
2054
2046
2032
1961
1976
2046
1984
1918
1970
1983
2088
2079
2049
2009
2007
2037
1972
1996
2038
2052
2111
2206
2542
2976
3693
4689
5546
6017
5744
4799
3841
3224
3042
3531
4177
4899
5199
4977
4173
3282
2665
2363
2045
2044
1999
2092
2079
1983
2123
2140
2201
2243
2247
2204
2265
2140
2067
2099
2222
2433
2791
3553
4266
5090
5494
5249
4462
3512
2810
2571
2518
2701
3082
3368
3828
4308
4453
4346
3798
3240
2810
2431
2288
2334
2392
2329
2178
2066
2191
2072
2016
2061
2028
2009
2071
2054
2110
2231
2292
2432
2341
2323
2309
2312
2367
2385
2325
2119
2131
1994
2086
2063
2115
2118
2131
2188
2217
2271
2274
2134
2383
2266
2355
2405
2245
2272
2268
2185
2235
2452
2482
2536
2522
2547
2327
2273
2117
2146
2139
2057
2137
2129
2131
2193
2323
2405
2506
2732
2643
2701
2613
2408
2293
2203
2238
2180
2116
2144
2101
2075
2143
2095
2166
2147
2121
2116
2197
2252
2229
2183
2277
2267
2093
2246
2268
2222
2200
2188
2125
2119
2247
2320
2231
2184
2217
2362
2253
2295
2219
2233
2256
2288
2309
2343
2279
2335
2325
2384
2288
2339
2331
2373
2281
2317
2330
2260
2424
2429
2237
2299
2301
2361
2273
2295
2322
2332
2334
2372
2274
2371
2430
2311
2386
2394
2405
2289
2451
2640
2890
3456
4342
6438
9186
12943
16842
19988
20664
19192
15671
11349
8173
5372
4080
3282
3052
2744
2777
2696
2735
2726
2703
2723
2630
2696
2719
2703
2865
3023
3062
3305
3516
3571
3528
3247
2998
2842
2740
2764
2757
2770
2836
2690
2825
2849
2819
2758
2674
2655
2758
2672
2675
2702
2626
2600
2747
2599
2659
2672
2721
2654
2690
2838
2719
2702
2522
2684
2739
2632
2637
2712
2651
2684
2731
2723
2695
2714
2656
2683
2733
2661
2690
2669
2857
2805
2927
2929
2840
2825
2793
2779
2725
2769
2786
2851
2694
2799
2692
2859
2724
2775
2813
2843
2769
2912
2872
2810
2824
2883
2775
2907
2808
2794
2865
2786
2785
2772
2722
2642
2790
2726
2730
2729
2676
2884
2669
2733
2799
2846
2721
2867
2794
2770
2684
2763
2714
2805
2702
2734
2695
2773
2678
2701
2756
2671
2737
2708
2776
2717
2764
2678
2826
2739
2759
2849
2814
2891
2811
2776
2751
2797
2820
2945
2886
2881
2962
2998
3123
3009
2960
2941
2881
2822
2783
2813
2868
2817
2800
2708
2793
2883
2866
2683
2862
2818
2780
2911
2930
2898
2940
2971
3181
3751
4676
6147
8202
9898
10802
10427
8751
6766
4815
3639
3058
2923
2781
2825
2824
2812
2821
2814
2788
2874
3004
3012
3093
3220
3427
3638
3788
3535
3557
3473
3136
3094
2866
2922
2930
2841
2870
2917
2758
2837
2903
2843
2867
2924
2900
2943
2875
2951
2803
2871
2996
3010
2919
3081
3165
3083
3138
2970
3042
3008
3093
3002
3141
3109
3255
3444
3667
4101
4432
4574
4642
4295
4035
3678
3496
3134
3107
3171
3078
2954
2985
3122
3083
3097
3065
3009
3120
3017
3024
3167
3069
3060
3067
3063
2982
3060
3105
3015
3139
3120
3059
3080
3159
3126
3140
3071
3119
3079
3009
3066
3092
3195
3176
3171
3233
3174
3160
3303
3193
3119
3279
3359
3335
3496
3617
3707
3976
4267
4608
4979
5205
5166
4704
4417
3939
3735
3404
3381
3248
3325
3189
3177
3324
3196
3190
3158
3227
3191
3199
3341
3311
3400
3222
3275
3277
3367
3285
3569
3745
4171
4940
6277
7635
9201
10201
10011
8825
6988
5304
4361
4000
3954
3761
3828
3802
4213
4449
5377
6693
8538
10255
11340
10954
9636
7509
5668
4458
3775
3605
3531
3398
3325
3410
3345
3255
3451
3399
3526
3572
3850
4448
5107
6147
7021
7402
7577
6906
6010
5082
4370
3762
3634
3610
3397
3338
3270
3292
3240
3294
3333
3215
3352
3230
3238
3351
3347
3355
3233
3327
3205
3218
3258
3189
3212
3182
3298
3309
3269
3264
3227
3270
3372
3242
3266
3232
3309
3187
3248
3238
3204
3315
3368
3130
3085
3192
3295
3219
3125
3352
3326
3233
3222
3127
3228
3131
3214
3183
3232
3198
3191
3135
3209
3286
3166
3051
3184
3154
3258
3248
3143
3367
3231
3243
3190
3134
3099
3217
3186
3102
3149
3104
2969
3105
3006
3022
3060
3011
3062
3044
3018
3005
3131
2932
3055
3061
3058
3028
2965
2962
3019
2977
3073
3038
2958
3045
3001
2991
2959
2990
2909
3046
3002
3015
2925
2943
2994
2931
2948
2848
2870
2907
2871
2824
2896
2876
2945
2921
2955
2863
2910
2852
2888
2915
2969
3012
3193
3259
3462
3304
3213
2987
2982
2921
2861
2871
2834
2808
2810
2900
2818
2937
2812
3128
3242
3379
3577
3748
3957
3766
3861
3640
3270
3066
2853
2900
2879
2814
2755
2726
2719
2661
2722
2839
2808
2836
2746
2719
2846
2815
2785
2756
2757
2708
2666
2694
2600
2797
2701
2702
2742
2726
2745
2724
2667
2713
2826
2883
2832
3009
3020
3279
3402
3452
3474
3449
3435
3493
3608
3649
3593
3550
3448
3523
3703
3915
4382
4625
4717
4661
4141
3757
3348
3053
2935
2795
2857
2909
2882
3053
3273
3629
4150
4570
4792
4561
4153
3640
3265
3003
2837
2709
2801
2683
2770
2689
2781
2792
2744
2804
2716
2880
2760
2806
2794
2826
2869
2822
2833
2773
2756
2836
2754
2761
2858
2723
2828
2765
2762
2887
2762
2735
2862
2813
2887
2771
2761
2723
2816
2754
2775
2853
2846
2784
2755
2694
2856
2875
2849
2948
2791
2806
2925
2879
2867
2841
2897
2783
2787
2701
2831
2773
2780
2754
2733
2768
2879
2785
2756
2814
2795
2773
2870
3072
3430
4325
6511
10850
18564
29973
43062
54503
59804
56555
45882
32493
21026
13068
8405
5668
4210
3349
3102
2790
2780
2766
2819
2813
2884
2792
2843
2823
2831
2786
2777
2747
2876
2885
2759
2780
2814
2733
2860
2787
2814
2747
2877
2820
2851
2884
3010
3141
3349
3772
4278
4852
5274
5232
4976
4367
3753
3208
3026
2992
2959
2916
3019
2901
2918
2943
2926
2923
2895
2945
2946
2930
2944
3005
3047
3009
2991
2998
3016
3021
3096
3008
2959
3044
3049
3058
3085
3132
3091
3111
3009
2916
3026
3053
3019
2965
3010
3065
3050
3140
3142
3355
3278
3233
3142
3051
2999
2983
2915
3031
3010
3027
2936
3147
3086
3003
3021
3048
3067
3007
2985
2984
2994
2982
3026
3114
3041
3161
3142
3077
3108
3288
3024
3039
2972
2931
2889
2879
2971
2898
2885
2976
2873
2899
2908
2910
2916
2936
2850
2924
2960
2987
2825
2936
2907
2946
2968
2894
2947
3016
2968
3001
3096
3104
3302
3498
3706
3915
4066
4191
3979
3793
3490
3343
3177
2940
2903
2833
2895
2885
2977
2883
2843
2817
2871
2843
2852
2795
2825
2809
2867
2801
2783
2845
2847
2900
2823
2867
2889
2844
2890
2836
2785
2808
2852
2774
2795
2866
2776
2775
2828
2967
2911
3021
3004
3202
3383
3753
4323
4821
5301
5459
5187
4315
3846
3401
3034
2858
2853
2912
2876
2805
2780
2744
2800
2860
2767
2793
2788
2878
2957
2898
2817
2925
2867
2848
2801
2797
2839
2851
2895
2840
2877
2873
2910
2884
3040
3197
3339
3989
4639
5572
6546
7350
7360
6926
6007
4829
3869
3343
3139
3065
3102
3052
3020
2995
2975
2959
3086
2883
2890
3038
2981
3067
2980
2990
3131
3116
3036
3053
3096
2977
3005
3142
3097
2955
3029
3106
3089
3168
3124
3088
3154
3169
3108
3211
3105
3206
3158
3273
3215
3158
3283
3329
3329
3299
3383
3474
3694
3866
4764
5635
6933
8080
8641
8524
7817
6402
5281
4644
3967
3805
3609
3544
3446
3418
3457
3388
3520
3473
3539
3403
3399
3410
3490
3569
3569
3615
3872
4118
4695
5707
7407
10353
15038
20971
28018
34304
38197
37906
33791
26873
19021
13014
9041
6775
5732
5251
5108
4971
4564
4304
4388
4208
4254
4271
4226
4143
4195
4157
4103
4197
4208
4180
4290
4324
4377
4313
4398
4650
5120
5805
6926
8944
12075
15984
19958
23972
26822
27465
25460
21451
16868
12685
9372
7333
5915
5479
5031
4803
4787
4670
4844
4758
4775
4600
4900
4639
4825
4729
4737
4776
4698
4704
4783
4717
4799
4707
4812
4741
4684
4873
4987
4912
4934
4871
4820
4860
4707
5004
4735
4773
4793
4871
4845
4878
4877
4847
4862
4938
4905
4917
4848
4714
4817
4804
4901
4819
4888
4879
4787
4991
4821
4886
5000
4890
4880
4912
5093
4884
4907
4959
4935
4897
4909
5038
4620
5029
4982
4904
4900
4960
4900
4938
4883
5000
4834
4837
4840
4799
4821
4786
4873
4828
4912
4743
4832
4779
4862
4834
4995
4749
4790
4833
4927
4860
4891
5010
4992
4994
4948
4881
4902
5008
5072
4913
4979
4756
4787
4757
4959
4803
4823
4769
4812
4733
4966
5050
4860
4863
4773
4915
4838
4872
4949
4921
4846
4931
4838
4842
4864
4839
4776
4801
5011
4799
4695
4861
4848
4852
4769
4783
4883
5061
5329
5547
5740
6131
6683
7130
7659
8142
7802
7563
6907
6118
5520
5107
4829
4956
4979
4766
4940
4843
4836
4825
4814
4914
4992
4891
4785
4820
4827
4912
4805
4937
4861
4878
4831
4976
4934
4972
4989
5041
4993
4952
5004
4967
5014
5010
5077
5393
5250
5683
5639
5696
5692
5509
5371
5308
5231
5238
5205
5187
5436
5729
6133
6844
7786
8943
9865
10113
9645
8389
7307
6507
5619
5263
5333
5320
5083
5191
5184
5102
5123
5279
5099
5169
5145
5231
5236
5215
5090
5173
5176
5126
5236
5365
5243
5318
5360
5221
5281
5305
5264
5367
5293
5278
5241
5415
5218
5238
5442
5240
5341
5309
5316
5242
5366
5322
5546
5414
5480
5433
5352
5485
5567
5499
5527
5567
5434
5480
5477
5546
5428
5457
5486
5494
5416
5436
5479
5649
5582
5629
5655
5640
5814
5522
5577
5563
5599
5632
5527
5693
5548
5689
5652
5655
5712
5619
5719
5912
5871
5714
5727
5785
5855
5880
5961
5989
6170
6504
7214
8523
10592
13751
17769
22585
26795
29022
28614
25402
20540
15968
11628
8826
7253
6511
6206
5860
5836
5838
5761
5741
5887
5748
5692
5722
5785
5970
5692
5854
5729
5601
5679
5730
5816
5788
5885
5871
5867
6183
6489
7017
8142
9534
11649
14053
16747
18012
18103
16685
14354
11500
9324
7605
6660
6015
5740
5605
5566
5561
5637
5423
5504
5461
5439
5412
5576
5511
5452
5446
5544
5686
5648
5456
5536
5632
5714
5625
5755
5777
5736
5717
5890
5663
5516
5643
5539
5446
5414
5413
5607
5297
5392
5334
5332
5269
5263
5216
5244
5352
5290
5271
5224
5312
5307
5145
5293
5142
5073
5136
5014
5098
5034
5099
5235
5122
5092
5131
5329
5294
5376
5342
5264
5259
5236
5023
4993
4950
4815
4885
4985
4832
4901
4696
4829
4734
4743
4741
4718
4826
4773
4724
4705
4700
4631
4554
4668
4554
4673
4472
4533
4632
4568
4545
4510
4522
4643
4683
4571
4774
5107
5627
6085
6537
6985
6812
6349
5797
5108
4623
4398
4115
4181
4119
4190
4136
4059
4094
4063
4089
4004
3981
3965
3994
3873
3900
3927
3897
3882
3939
3708
3925
3802
3830
3775
3746
3792
3718
3783
3807
3593
3750
3650
3713
3648
3603
3592
3692
3634
3658
3572
3633
3475
3560
3508
3546
3445
3458
3367
3485
3509
3483
3462
3502
3635
3477
3527
3310
3480
3379
3317
3393
3336
3284
3360
3315
3321
3342
3276
3281
3248
3255
3383
3178
3229
3228
3191
3282
3328
3380
3301
3343
3367
3447
3505
3399
3484
3302
3443
3325
3377
3229
3263
3206
3128
3251
3205
3239
3063
3175
3203
3232
3177
3257
3178
3128
3266
3185
3190
3036
3231
3127
3161
3152
3314
3188
3260
3129
3157
3145
3168
3176
3206
3128
3143
3205
3179
3219
3190
3181
3278
3111
3156
3170
3207
3095
3177
3241
3356
3288
3372
3346
3491
3314
3272
3243
3154
3212
3248
3099
3171
3258
3160
3082
3139
3127
3158
3241
3160
3265
3319
3207
3264
3348
3416
3379
3400
3367
3390
3224
3268
3231
3331
3407
3648
4368
5945
9243
15015
24624
38141
54958
70763
80587
80511
70022
51699
33448
18864
9928
5371
3824
3205
3142
3029
3050
3066
3041
3007
3101
3017
3086
3186
3096
3022
3030
3084
3016
3055
2974
3088
3008
3087
3134
3354
3887
5253
7594
11835
18037
26542
36813
46404
53506
54095
50625
42021
31740
21785
14278
9489
6668
4859
3813
3249
3069
2845
2750
2693
2633
2548
2659
2694
2668
2643
2709
2718
2671
2603
2589
2616
2698
2630
2519
2531
2528
2467
2573
2519
2530
2455
2465
2491
2448
2552
2428
2381
2428
2442
2417
2403
2406
2398
2448
2419
2432
2476
2386
2395
2403
2338
2344
2325
2360
2433
2370
2341
2460
2322
2399
2291
2350
2416
2348
2444
2401
2300
2335
2371
2385
2272
2312
2255
2335
2207
2167
2282
2265
2259
2207
2219
2224
2198
2214
2156
2226
2149
2219
2168
2098
2143
2067
2071
2082
2084
2140
2101
2106
2059
2056
2092
2023
2048
2077
2063
2054
2095
2005
2025
1942
1917
1941
1953
1957
1891
1895
1941
1876
1873
1988
1894
1853
1794
1888
1879
1855
1731
1742
1737
1722
1755
1756
1699
1754
1720
1746
1705
1676
1694
1677
1650
1665
1635
1659
1739
1696
1733
1852
2042
2327
2737
2934
3237
3301
3015
2790
2340
1976
1727
1597
1476
1573
1543
1563
1457
1464
1465
1433
1356
1395
1440
1332
1444
1397
1388
1390
1457
1435
1363
1337
1339
1314
1290
1324
1274
1318
1264
1259
1317
1183
1232
1263
1252
1231
1194
1231
1222
1171
1259
1195
1155
1144
1206
1198
1150
1130
1146
1164
1126
1169
1212
1231
1206
1266
1213
1167
1085
1120
1053
1101
1060
1069
1094
1069
1098
1064
1029
1066
1011
1047
1044
1026
1002
1071
1050
1071
1040
1004
1064
1029
1038
1059
1010
1017
1076
1083
1110
1071
1038
1070
975
1090
1029
1069
1048
1114
1030
1022
1048
1074
1060
1061
1017
979
1030
1020
1020
1029
1031
1015
1117
1061
1024
1042
1024
1029
1035
957
1030
1053
1020
1015
1086
1068
1083
1135
1151
1219
1237
1306
1153
1139
1156
1116
1030
1093
1010
1042
1048
1023
1088
1014
1020
1036
1125
1022
1056
1035
1142
1112
1138
1135
1126
1141
1177
1412
1951
3098
5282
9196
15375
23570
33204
43146
48313
47940
41172
30631
19321
10711
5183
2650
1436
997
903
897
941
883
918
868
870
834
849
887
906
881
918
887
927
928
907
889
907
896
943
991
1258
1809
2858
4814
7704
11801
17220
22006
25833
26645
23445
18240
12147
7161
3720
1883
1168
955
862
762
855
801
845
777
797
811
877
862
838
865
877
864
803
817
839
862
945
1077
1163
1344
1522
1640
1745
1820
1661
1630
1689
1776
1792
1794
1691
1655
1543
1247
1041
987
908
926
930
867
890
909
898
868
882
900
892
859
829
845
825
915
859
837
916
866
921
943
919
866
926
891
833
939
860
945
926
851
973
876
932
892
857
893
858
921
830
860
891
865
908
902
886
862
860
879
867
896
878
938
861
850
911
883
836
869
889
830
776
906
860
899
847
861
845
831
867
864
811
860
855
867
765
863
867
868
817
854
853
835
816
785
859
880
880
786
790
848
783
872
793
835
804
873
818
785
794
842
827
827
828
790
776
787
800
816
795
848
816
818
835
823
798
811
790
822
864
814
832
856
881
958
1016
1068
1079
1130
1109
1061
1043
950
886
877
826
808
848
797
816
789
816
778
835
766
761
804
832
787
838
764
839
783
816
852
953
1030
1071
1176
1214
1191
1129
1051
938
897
881
806
810
855
790
797
854
804
797
810
812
789
860
786
836
856
795
781
762
843
818
825
818
803
831
840
849
841
867
782
811
828
782
866
849
844
816
840
845
798
857
831
816
879
794
819
805
909
835
884
865
897
893
882
893
890
890
845
907
869
938
914
919
922
899
936
903
953
967
988
1100
1030
1158
1167
1196
1114
1072
1066
971
976
955
961
904
979
906
974
927
980
931
930
948
942
998
979
974
985
981
983
923
973
983
982
1011
997
1040
1002
1010
1026
1002
1064
1071
1054
1042
1044
1027
1101
1063
1145
1152
1077
1136
1185
1178
1333
1474
1695
1941
2365
2888
3455
4616
6249
8433
11299
14466
17201
19225
20356
19285
17466
14114
11002
7869
5198
3576
2443
1969
1651
1486
1454
1395
1458
1452
1402
1382
1385
1407
1381
1392
1405
1477
1435
1422
1448
1417
1445
1417
1413
1390
1456
1441
1427
1441
1467
1513
1475
1495
1513
1516
1565
1516
1499
1471
1444
1361
1372
1416
1404
1471
1377
1419
1472
1447
1434
1426
1497
1410
1453
1519
1427
1497
1532
1543
1580
1524
1578
1621
1518
1569
1537
1513
1488
1510
1476
1452
1503
1527
1519
1472
1484
1469
1490
1521
1420
1497
1419
1456
1486
1416
1455
1502
1416
1428
1456
1493
1501
1513
1495
1478
1541
1531
1518
1508
1492
1486
1549
1544
1503
1478
1447
1496
1409
1563
1419
1426
1422
1398
1400
1455
1449
1587
1485
1485
1520
1474
1517
1426
1493
1491
1506
1529
1477
1543
1567
1519
1428
1477
1461
1459
1496
1449
1411
1509
1455
1492
1462
1582
1617
1689
1609
1675
1676
1692
1549
1483
1545
1583
1456
1572
1514
1527
1665
1706
1710
1662
1734
1566
1446
1473
1469
1528
1497
1450
1436
1481
1436
1432
1397
1427
1464
1373
1475
1464
1478
1379
1474
1446
1451
1438
1475
1492
1389
1390
1526
1453
1478
1445
1507
1505
1451
1394
1480
1503
1470
1383
1412
1499
1500
1480
1482
1413
1455
1477
1454
1479
1475
1454
1484
1539
1487
1511
1493
1423
1477
1444
1464
1487
1443
1496
1550
1419
1498
1458
1502
1514
1464
1529
1434
1506
1542
1558
1537
1507
1540
1539
1549
1561
1639
1556
1479
1614
1584
1488
1551
1595
1521
1536
1575
1530
1549
1534
1515
1521
1473
1511
1519
1429
1509
1469
1555
1635
1547
1463
1543
1505
1490
1566
1503
1477
1554
1529
1622
1618
1661
1674
1758
1802
1841
1881
1861
1752
1648
1560
1544
1440
1531
1509
1489
1503
1487
1502
1567
1492
1529
1562
1534
1555
1460
1588
1539
1555
1518
1544
1553
1529
1575
1599
1559
1555
1641
1575
1538
1522
1526
1573
1613
1638
1546
1616
1557
1593
1545
1540
1545
1540
1572
1526
1594
1545
1549
1583
1548
1512
1562
1588
1600
1565
1632
1580
1645
1528
1519
1628
1622
1624
1503
1620
1600
1550
1621
1519
1587
1562
1673
1560
1582
1496
1589
1479
1543
1548
1472
1461
1526
1504
1494
1484
1413
1436
1356
1399
1362
1427
1280
1348
1431
1337
1396
1275
1352
1314
1319
1303
1347
1335
1300
1375
1434
1593
1714
1986
2268
2537
2869
3010
2892
2581
2178
1916
1623
1451
1383
1369
1461
1442
1390
1447
1396
1457
1335
1258
1271
1265
1230
1234
1213
1304
1280
1282
1214
1252
1220
1232
1288
1207
1274
1222
1193
1132
1131
1243
1245
1169
1236
1172
1169
1235
1233
1301
1281
1227
1203
1130
1178
1172
1178
1185
1219
1128
1141
1151
1172
1168
1117
1108
1146
1085
1164
1092
1100
1100
1116
1105
1099
1086
1015
999
1028
1066
1018
1088
995
1014
978
1014
961
986
1039
1025
999
951
1035
1014
935
976
1004
940
942
929
963
877
896
925
900
837
929
853
913
900
892
816
832
875
837
861
865
799
864
832
829
811
825
793
799
788
806
762
799
775
751
804
775
763
787
849
868
1011
1091
1201
1294
1441
1344
1351
1208
1080
952
875
809
723
719
650
638
639
659
621
663
658
602
653
630
626
670
628
613
630
576
584
587
573
611
556
569
546
533
534
555
555
561
566
548
534
532
533
514
515
511
547
524
541
504
521
513
496
478
481
490
480
496
526
518
473
480
505
494
531
469
485
536
536
532
527
533
554
498
539
496
506
502
462
467
502
520
490
489
517
527
490
487
468
461
542
476
428
464
430
448
439
489
455
498
518
504
563
600
750
893
1097
1385
1697
1973
2071
2228
2052
1837
1534
1249
933
724
611
541
562
530
552
538
529
496
549
547
574
550
554
523
533
527
512
523
502
546
516
529
487
523
503
523
506
500
545
526
532
554
512
534
554
586
503
549
547
653
671
772
857
1134
1385
1881
2360
3115
4220
5883
8565
12008
16868
21933
26687
30277
31408
30022
25929
20031
14269
9104
5321
2824
1518
747
533
426
447
440
418
429
424
441
405
406
382
393
396
442
451
389
421
409
428
408
414
403
384
430
468
438
420
504
518
515
527
549
548
532
528
461
449
445
455
425
447
363
403
396
382
429
406
418
417
405
418
442
434
422
420
403
421
410
414
395
439
400
435
385
416
422
465
439
519
505
537
505
540
478
431
457
436
426
414
437
431
430
380
430
416
398
403
401
425
438
429
417
418
426
414
391
426
375
411
437
411
405
425
421
428
433
413
425
431
450
412
402
397
398
395
389
424
412
429
458
461
479
472
461
504
510
508
500
519
452
437
445
481
469
470
483
401
486
435
437
441
437
479
435
406
425
449
391
494
457
458
542
632
670
739
745
823
813
799
659
579
496
465
520
472
443
487
473
456
452
467
466
508
443
438
462
434
480
460
474
462
491
469
455
467
496
439
419
484
474
449
506
501
466
469
469
451
447
499
457
470
442
483
417
431
463
419
476
475
476
459
447
474
455
458
449
472
508
439
447
435
477
492
449
463
459
475
428
468
437
449
460
430
465
490
482
465
477
453
442
418
467
465
471
468
422
461
473
444
427
475
435
453
510
439
468
448
496
463
456
489
483
464
489
503
437
470
485
478
473
497
453
483
455
481
468
464
488
478
461
452
483
474
481
461
499
483
453
449
458
486
471
515
443
503
474
470
434
489
472
467
456
460
485
491
501
523
513
526
489
477
461
455
446
442
504
500
512
478
471
484
499
506
532
485
510
501
509
451
465
488
518
500
480
476
489
504
465
449
460
505
482
492
489
509
484
470
503
507
472
475
482
474
525
508
523
514
501
515
451
482
461
500
519
529
514
596
594
611
565
566
542
514
589
512
477
530
520
523
482
534
497
508
522
515
515
484
513
504
523
516
528
546
573
525
564
543
480
507
527
526
508
540
558
571
628
641
653
678
724
722
621
669
619
629
572
521
531
483
494
498
487
474
471
421
500
465
487
444
466
504
461
495
461
436
467
535
513
536
485
533
523
531
552
511
514
437
458
517
459
497
473
488
474
508
458
477
450
434
485
487
493
441
447
489
457
501
472
475
497
508
500
545
517
495
525
539
598
604
639
640
712
680
581
561
483
522
516
515
443
475
456
500
461
496
471
478
478
498
493
504
523
496
534
507
531
476
500
470
471
449
480
489
462
518
567
561
684
815
970
1194
1611
1920
2187
2312
2185
1807
1431
1120
923
844
792
844
946
964
1014
982
941
839
766
681
629
555
563
592
556
610
577
567
568
597
599
593
578
660
584
625
651
612
628
621
603
611
660
665
676
670
640
645
632
650
628
625
634
655
654
620
621
596
626
583
564
589
640
568
591
613
631
640
603
612
617
619
688
650
620
667
658
645
721
718
680
722
718
742
740
679
686
712
703
722
661
659
714
730
709
721
797
754
726
738
742
702
674
653
657
667
703
722
676
707
742
780
935
1143
1408
1745
2425
3482
4512
5966
7403
8858
9973
10283
9675
8832
7300
5625
4152
2807
2075
1474
1147
1033
893
902
843
905
894
835
875
837
850
857
817
915
878
832
887
815
914
852
873
865
876
849
887
882
872
852
920
846
890
874
787
876
879
905
852
892
870
875
861
897
882
849
894
840
860
879
909
905
949
897
861
798
849
869
895
849
902
910
960
854
903
900
907
898
878
886
863
909
838
883
890
902
912
904
878
882
893
852
912
878
894
900
888
858
951
940
934
946
965
951
960
969
952
1023
1005
963
927
973
941
911
897
877
883
853
916
874
895
932
927
960
941
931
915
913
943
862
935
936
886
874
925
928
907
949
882
859
952
901
879
874
887
946
884
889
935
824
915
918
934
983
955
908
929
900
944
898
920
901
867
887
889
1000
925
903
936
892
897
887
885
916
892
931
896
871
919
917
885
900
939
918
918
874
879
930
914
933
853
879
885
900
911
874
922
889
872
942
954
917
888
880
939
923
908
918
921
991
958
916
950
925
952
950
943
938
890
893
920
915
823
903
885
945
894
919
878
897
996
909
887
884
891
882
911
926
973
901
964
972
987
947
940
977
939
954
935
961
967
938
970
940
957
980
917
976
963
949
967
933
933
940
984
930
999
937
901
942
924
948
965
995
971
995
947
975
968
986
952
970
1010
957
996
939
986
972
963
926
969
989
946
981
929
951
948
971
1036
932
886
891
930
985
940
943
927
936
970
961
926
954
948
1014
943
1001
1046
988
916
886
1013
942
1027
926
1024
1009
968
920
936
987
1028
928
982
978
1013
999
978
926
982
957
905
960
994
934
954
937
966
963
986
937
917
947
954
985
964
956
895
949
942
974
977
966
886
930
934
953
893
902
945
882
1021
959
941
914
941
883
879
861
927
881
956
890
866
898
948
901
922
843
843
844
882
917
835
792
857
862
878
795
819
823
824
851
859
882
875
857
807
808
831
873
870
850
846
847
862
761
791
883
830
753
813
808
797
807
785
823
774
787
833
823
825
783
767
822
781
780
777
841
774
727
813
789
790
772
777
750
764
787
805
729
796
803
824
803
757
747
730
781
764
761
802
754
830
832
880
886
938
1018
1032
1069
1080
1100
972
872
861
827
811
760
769
741
729
805
704
758
764
862
798
948
952
1043
969
965
950
914
818
767
727
747
741
719
657
717
662
638
686
684
719
676
667
693
687
704
714
720
754
769
710
755
720
655
676
679
663
646
643
634
668
653
673
657
714
632
659
605
674
642
657
605
672
624
638
655
624
682
693
714
749
774
705
813
856
930
1009
1173
1409
1554
1689
1746
1681
1565
1367
1112
926
827
678
672
596
643
637
597
585
616
644
623
613
588
607
616
649
626
632
670
624
647
623
626
652
647
717
769
902
1129
1625
2071
2868
4137
5383
6899
8575
9527
10027
9679
8290
6519
4793
3357
2169
1417
1086
870
753
729
773
749
698
735
731
686
737
760
736
706
710
743
782
705
702
710
778
736
748
759
765
767
788
757
721
798
769
785
768
752
737
783
790
782
835
814
851
716
771
747
727
768
727
686
767
707
702
722
724
733
803
762
767
730
776
746
743
750
723
720
700
756
782
748
717
764
821
750
792
745
764
728
752
748
744
757
735
809
798
827
821
859
795
825
826
818
825
950
967
1041
1219
1272
1412
1390
1527
1467
1425
1448
1429
1740
2174
3061
4249
5714
7790
9725
11602
13071
13409
12533
11192
8850
6687
4537
2968
1887
1269
828
775
736
684
682
691
690
708
731
720
703
709
707
715
700
732
666
700
664
712
742
660
692
698
707
687
667
725
650
730
659
651
698
647
641
667
697
661
698
718
641
691
693
637
700
717
718
684
726
690
682
719
693
732
724
708
709
714
657
700
662
677
719
647
681
725
689
681
687
696
734
698
723
729
676
690
706
685
723
655
697
750
687
694
671
756
719
733
806
690
756
693
638
662
733
734
684
739
676
682
696
679
679
731
699
694
657
742
743
701
717
716
735
738
717
715
709
689
726
710
690
710
713
686
674
705
709
638
739
688
741
715
712
738
682
698
686
751
749
729
794
783
733
716
769
776
702
757
738
688
730
703
729
692
771
757
722
766
695
731
699
660
728
706
698
681
728
685
737
758
703
718
729
668
729
697
719
655
696
691
689
720
698
674
698
762
657
688
724
694
647
697
695
710
728
679
720
698
733
699
746
766
705
691
700
722
724
738
707
686
736
670
708
727
644
704
650
713
751
695
693
660
746
691
696
709
696
676
667
662
742
723
728
674
705
717
696
665
695
703
682
682
681
684
673
661
651
626
617
608
611
639
658
653
616
633
652
662
617
667
673
652
667
642
676
598
626
633
595
603
585
649
577
637
600
590
651
609
568
606
607
610
619
609
636
617
566
592
589
642
565
622
602
581
603
562
545
587
584
623
619
610
601
624
592
618
555
622
634
566
551
604
538
584
595
546
526
540
585
548
574
578
533
546
584
559
593
552
539
514
508
553
512
555
507
512
536
520
558
569
516
515
517
511
533
505
553
488
503
512
470
525
494
473
486
468
481
500
440
482
453
489
496
490
484
448
470
424
423
466
415
454
431
496
423
450
413
455
429
419
414
392
408
445
423
426
393
430
416
430
410
417
445
388
413
414
429
394
363
411
393
392
367
394
385
394
391
351
336
349
372
388
361
319
353
398
358
323
354
377
345
317
325
343
331
350
336
318
331
318
297
357
310
290
318
322
297
308
285
298
329
293
302
303
307
265
298
316
313
297
300
372
398
416
520
552
649
632
631
581
557
428
331
311
293
280
266
245
252
260
280
334
341
386
407
490
530
570
567
536
494
426
362
272
272
228
235
228
242
237
226
227
249
216
213
226
245
235
215
240
226
235
268
232
256
226
243
226
214
236
225
188
221
220
251
227
253
226
226
234
227
216
223
194
212
227
238
207
251
234
219
224
203
236
250
287
291
361
476
604
751
977
1200
1392
1538
1542
1481
1248
977
769
541
388
292
247
229
201
209
211
199
229
234
209
216
205
235
211
220
226
199
223
244
194
211
211
209
275
311
446
548
826
1340
2038
3058
4446
6026
7983
9830
11065
11536
10588
8974
6804
4443
2737
1500
759
370
236
237
181
175
175
161
167
180
170
182
169
184
160
181
157
174
179
181
171
176
177
187
202
177
187
193
184
192
183
183
197
189
185
203
199
196
222
212
201
181
208
192
196
165
178
187
207
181
169
178
186
190
179
205
217
190
187
180
205
184
198
193
212
187
189
190
186
198
185
169
214
211
211
210
189
191
214
225
217
209
219
193
223
241
240
345
368
462
623
861
1175
1586
2194
2695
3307
3705
3968
4213
3860
3323
2724
1924
1453
969
717
465
364
339
283
266
283
280
275
313
274
279
267
283
274
268
273
255
290
282
239
287
274
274
304
263
279
308
288
284
272
295
258
291
274
276
271
278
281
277
250
270
291
265
269
280
284
287
263
274
288
259
277
265
273
289
286
287
281
270
276
251
289
250
290
262
272
265
310
275
278
267
304
279
268
281
287
282
291
287
271
263
267
324
272
255
297
248
276
283
258
282
312
290
308
301
306
271
268
314
304
319
283
270
282
290
298
267
288
282
281
299
305
293
281
276
255
260
296
308
293
286
257
274
237
266
251
244
250
254
284
273
261
285
276
256
244
281
270
304
271
279
241
271
296
245
268
287
269
285
252
294
263
292
271
277
287
268
297
282
270
263
275
258
298
253
287
258
293
256
246
267
280
260
249
283
288
233
274
237
268
290
288
268
266
272
298
263
274
263
267
274
263
283
266
296
283
272
247
247
258
279
269
245
283
259
290
237
251
265
288
276
248
265
291
282
274
267
270
300
304
281
279
285
300
292
316
280
269
270
281
270
266
287
305
308
295
264
277
267
275
290
275
297
257
309
291
296
285
270
278
282
257
275
296
278
267
299
291
304
265
284
276
284
267
274
275
292
277
287
284
291
274
272
280
263
294
260
267
276
288
251
279
280
274
267
270
268
262
252
276
275
286
282
276
263
282
315
249
304
268
306
304
274
306
281
300
322
320
291
330
310
309
300
307
281
283
288
273
318
251
298
271
273
303
292
294
280
294
301
284
286
299
283
304
299
253
288
265
248
278
249
304
287
296
284
279
247
275
285
293
285
361
332
316
346
348
364
343
314
291
283
297
278
249
279
295
282
258
264
253
247
248
235
275
243
300
245
273
274
283
257
253
261
239
263
233
227
280
272
238
274
226
255
220
252
232
226
274
257
259
243
255
248
239
252
247
247
239
260
222
246
259
232
255
232
204
278
267
209
263
254
252
255
237
241
234
245
234
230
250
254
215
256
237
281
238
263
244
222
241
273
219
216
245
274
257
284
308
362
397
423
459
477
481
446
426
379
351
314
266
241
258
268
228
221
198
244
268
231
224
202
235
223
249
202
177
205
195
195
210
221
215
202
204
194
207
215
204
204
213
217
177
189
178
191
211
196
189
179
218
218
218
175
196
176
173
209
178
188
173
197
186
200
202
190
185
198
183
166
176
193
196
182
163
169
192
164
156
182
169
168
170
160
148
149
169
169
148
168
141
158
151
143
166
145
176
144
144
129
150
171
161
162
148
145
130
130
131
132
152
154
152
148
130
143
142
133
136
154
125
132
146
118
133
118
123
145
125
147
138
106
133
125
131
122
123
135
132
127
135
128
136
116
118
127
118
108
116
120
101
118
123
130
141
147
111
132
126
124
142
142
132
118
110
115
128
114
117
123
133
107
127
132
106
121
131
120
113
124
114
128
124
128
120
120
135
140
102
113
131
132
136
114
149
101
122
94
118
117
124
134
137
114
115
126
93
124
126
136
123
137
123
162
130
130
129
150
121
130
128
133
118
114
142
118
116
114
124
126
117
118
123
137
139
113
124
132
125
121
138
121
122
130
124
132
127
195
192
270
372
604
850
1154
1672
2322
3027
3565
4210
4397
4467
3968
3400
2811
1809
1226
762
432
245
149
129
100
111
111
116
114
100
98
100
105
106
110
98
104
92
122
99
99
91
113
99
114
93
95
114
95
107
104
92
96
104
95
120
81
104
110
116
109
112
95
112
104
90
100
117
108
114
101
108
118
105
73
103
101
113
116
111
94
99
108
97
109
108
91
94
112
131
96
96
94
102
110
112
120
113
107
97
106
121
115
105
125
106
105
124
117
129
89
105
113
108
86
104
106
106
90
95
97
96
113
113
101
122
119
110
88
95
103
91
113
99
105
102
100
113
93
107
107
103
120
97
112
118
98
107
103
90
98
106
102
127
115
119
99
112
98
108
98
96
113
117
105
105
119
112
103
127
120
111
115
119
106
111
81
109
117
88
110
112
110
100
118
120
102
100
91
109
102
91
111
111
115
110
131
127
121
133
108
104
88
114
108
112
115
108
101
108
114
110
110
94
125
105
108
121
117
101
119
109
113
111
118
92
118
101
118
120
128
118
108
118
116
131
103
106
103
119
125
109
126
104
117
109
114
112
122
96
106
111
121
95
108
105
116
115
105
99
124
102
114
118
117
124
111
100
112
89
116
110
112
98
118
97
112
117
107
111
88
110
109
116
108
85
116
124
113
99
111
97
95
101
113
93
114
109
124
96
88
91
101
110
122
110
104
102
106
110
106
101
122
117
102
92
106
114
98
120
98
124
134
143
169
193
213
262
247
284
298
282
257
217
196
178
156
130
136
120
136
123
102
103
122
111
130
106
109
104
106
101
94
89
119
122
103
145
116
90
118
120
130
97
114
106
102
111
123
131
138
139
165
142
172
200
177
169
166
150
120
109
145
122
113
114
97
112
105
107
98
118
114
105
131
93
102
99
115
122
103
127
115
109
115
111
107
116
127
109
107
130
121
110
121
128
123
119
118
113
109
113
104
135
125
111
119
112
122
116
94
119
123
112
108
128
122
116
133
106
117
123
113
128
116
110
115
131
113
115
90
125
106
123
129
131
123
102
124
121
131
149
173
214
254
327
389
532
669
866
1005
1317
1359
1494
1480
1437
1239
991
792
566
424
350
258
209
187
190
192
143
164
147
151
150
161
178
151
141
144
134
145
136
142
148
154
156
161
144
173
166
170
142
157
133
136
169
150
158
150
171
144
151
151
153
156
149
154
152
160
142
147
131
136
140
162
136
155
135
135
172
146
149
158
159
139
167
177
161
128
163
151
148
149
158
150
160
149
169
144
168
140
147
151
147
147
159
160
127
172
160
155
167
179
176
191
157
176
160
175
159
154
163
166
159
154
151
172
142
160
145
151
177
136
157
142
147
143
163
141
140
159
168
157
136
148
157
163
163
152
168
171
144
150
157
167
148
164
158
148
161
159
151
170
156
142
144
137
144
123
132
166
152
141
140
160
150
134
164
146
129
140
137
165
147
144
142
152
157
137
164
180
150
137
165
151
164
153
142
153
176
141
161
135
138
143
143
149
154
157
139
132
132
162
140
151
171
134
144
172
157
174
198
190
214
206
195
177
161
177
176
170
143
140
159
125
154
156
150
166
173
159
155
135
146
149
146
149
145
161
145
141
129
137
155
155
133
152
157
159
144
176
161
145
167
168
147
149
147
164
146
140
162
164
140
133
136
146
146
142
169
153
150
145
136
156
158
173
163
160
139
179
151
125
156
142
127
157
166
149
153
163
158
143
157
145
162
169
125
160
158
135
137
143
126
151
154
158
142
147
147
163
162
164
156
120
159
154
150
144
143
140
160
153
149
153
164
155
152
137
117
137
139
158
132
158
138
150
155
141
154
162
166
123
143
145
161
152
160
163
179
163
154
165
179
139
141
146
132
141
148
154
163
142
146
163
131
145
149
162
148
154
173
164
177
149
164
147
144
154
141
151
154
135
146
148
148
152
152
139
138
122
138
147
160
146
143
161
142
138
125
146
131
138
135
131
140
134
130
134
147
133
126
133
126
146
139
133
148
127
129
122
139
132
137
134
137
134
145
151
153
116
146
126
127
145
146
152
139
144
118
123
132
130
133
134
133
143
99
154
124
145
126
122
126
142
143
138
123
150
136
145
121
126
116
111
110
148
133
123
166
120
133
122
121
137
110
124
117
115
115
109
134
126
122
106
119
139
126
136
117
129
119
103
108
101
112
122
129
133
113
116
92
130
119
105
127
105
110
107
127
119
132
122
133
111
100
114
95
105
118
111
117
99
111
102
124
103
108
113
123
107
105
93
120
115
88
113
101
100
105
118
103
95
93
105
120
110
113
99
107
79
95
97
104
96
99
107
94
101
99
103
105
86
91
88
100
117
124
119
115
135
157
127
162
190
227
221
239
292
259
257
226
196
171
131
111
105
104
102
90
85
93
95
80
74
92
84
82
79
73
102
101
95
101
93
91
97
82
82
94
84
102
95
94
90
76
76
83
71
88
79
90
84
110
86
86
93
80
108
90
83
87
83
81
94
90
80
86
69
78
99
97
79
69
100
88
80
105
76
87
99
92
85
83
93
83
96
83
83
77
104
86
80
87
81
80
84
92
88
92
95
99
90
84
84
102
81
85
84
77
76
76
93
89
68
92
78
83
104
78
98
84
85
89
82
84
77
70
71
83
56
101
91
84
93
83
93
85
94
98
141
151
163
213
309
377
515
686
883
1056
1256
1368
1487
1386
1278
1111
871
667
459
316
214
158
113
96
80
88
97
80
93
80
73
99
80
77
100
81
78
71
82
70
81
98
95
74
82
78
79
70
84
71
82
96
72
82
90
92
70
73
69
76
90
77
69
85
97
79
92
73
80
74
70
84
83
89
80
86
108
92
92
75
74
69
89
83
76
82
97
94
67
98
83
67
95
98
75
97
87
93
91
76
66
89
96
104
84
79
91
98
94
101
97
94
116
105
100
78
105
96
95
73
80
81
73
91
94
87
94
80
84
86
83
89
86
80
76
78
87
86
77
95
83
90
115
104
102
131
119
142
131
139
136
145
101
89
99
85
96
92
80
77
96
99
96
83
89
82
106
76
81
67
85
73
100
97
85
108
96
87
77
87
74
100
101
85
93
69
84
85
108
80
87
79
89
80
78
77
95
65
83
88
82
101
84
95
91
93
72
101
85
82
84
89
103
83
94
108
93
118
99
122
128
114
110
118
102
98
85
86
92
84
85
81
100
97
68
80
78
96
97
77
85
86
98
94
99
83
74
94
75
86
77
94
99
84
93
105
98
95
79
81
88
74
91
104
109
79
95
82
86
85
94
80
89
94
106
86
93
90
90
86
97
93
101
93
81
100
91
107
110
86
117
93
88
91
85
71
107
92
75
83
75
100
98
101
100
79
106
91
103
94
79
89
77
95
104
82
106
96
101
87
94
78
89
108
89
80
93
94
88
101
89
101
101
88
87
88
85
92
90
93
86
89
86
98
97
105
95
96
85
91
102
93
96
85
88
92
84
92
101
90
107
95
97
96
103
103
89
109
104
116
112
95
104
124
142
146
160
170
210
203
201
201
190
194
136
147
120
103
120
101
100
96
104
91
95
81
106
90
94
86
94
102
95
99
88
109
80
107
122
95
104
95
97
100
115
101
102
97
102
106
83
97
96
114
87
105
104
103
81
103
101
90
102
111
99
100
108
104
106
95
85
100
98
108
105
84
107
98
92
102
92
113
98
80
111
113
110
92
102
88
118
113
107
102
104
99
105
122
101
101
101
98
113
100
110
90
97
102
89
98
97
91
102
101
111
105
102
96
108
104
112
114
92
125
98
85
103
103
104
102
90
101
113
98
106
108
100
100
99
107
119
104
105
119
89
113
105
105
111
112
117
121
95
104
135
100
98
92
108
98
105
112
108
121
114
106
114
114
112
106
117
109
107
120
122
113
94
92
97
118
114
105
95
102
99
89
114
102
106
96
117
98
98
109
100
81
107
97
111
128
140
126
139
130
134
144
144
146
139
148
143
140
134
157
124
109
104
107
120
112
113
97
117
122
122
103
102
108
105
98
103
111
105
110
119
79
130
120
110
117
116
109
112
113
118
103
115
104
119
145
103
120
94
116
116
106
109
115
113
120
125
110
115
109
110
103
110
132
114
101
128
96
108
120
135
108
107
105
114
102
120
120
115
113
133
114
114
116
118
115
98
108
142
131
111
110
124
123
118
125
131
122
107
120
113
103
113
129
113
119
121
109
128
105
112
116
107
122
123
126
122
116
112
103
105
122
114
123
144
114
106
145
102
114
120
107
120
137
108
96
126
121
111
130
135
125
119
128
112
122
125
103
103
118
121
125
122
120
127
117
131
132
113
124
114
149
105
125
114
122
119
112
135
126
114
119
98
135
119
109
124
118
116
138
102
131
142
134
118
123
95
135
125
115
118
131
124
134
135
120
144
125
114
135
113
115
122
120
107
126
116
127
133
140
117
135
128
125
120
127
126
128
134
130
131
135
143
126
123
131
125
125
122
147
133
127
118
120
128
125
119
137
134
138
134
125
157
134
135
109
127
129
133
164
151
126
110
135
125
127
124
112
129
133
115
131
136
145
146
136
133
128
126
115
133
129
138
130
126
148
147
135
142
134
154
147
140
140
131
151
165
147
170
158
185
164
161
162
190
171
160
168
145
134
136
154
117
124
130
127
143
141
113
141
135
143
138
145
124
143
156
136
144
120
155
132
130
152
136
147
160
110
141
148
137
135
159
150
127
144
162
152
140
135
130
131
156
127
146
151
127
171
162
162
175
228
235
274
355
428
541
668
921
1117
1412
1639
1880
1917
1892
1714
1550
1142
805
617
465
338
315
267
252
216
247
262
253
230
262
248
244
262
266
226
240
259
249
252
225
242
242
239
277
239
238
252
245
244
235
239
258
260
252
239
263
241
283
238
232
238
256
249
230
249
254
277
239
267
252
257
251
243
255
252
253
239
280
247
255
274
235
246
255
239
265
258
250
238
252
253
289
248
258
273
252
268
266
278
272
235
285
245
259
248
262
247
249
260
269
265
275
236
239
253
260
291
261
284
244
252
259
284
288
281
269
247
252
274
262
264
286
255
230
271
277
263
273
246
269
264
264
250
247
249
268
234
270
234
260
276
276
280
241
274
254
292
259
302
257
281
270
273
275
281
327
301
296
314
352
387
367
359
363
358
353
343
300
305
257
306
252
299
261
275
278
261
254
293
265
267
284
283
266
280
267
285
275
266
284
260
293
278
284
252
290
279
286
294
289
300
258
302
264
295
255
257
281
292
279
258
239
287
287
264
294
275
284
250
263
271
255
277
272
292
319
281
261
287
250
292
300
277
256
310
294
287
296
287
294
327
278
305
288
329
288
307
356
325
333
324
332
308
303
323
306
325
316
313
303
316
311
345
330
310
311
305
329
304
321
314
315
314
325
328
267
295
323
328
297
324
299
326
331
290
311
338
328
302
334
328
302
289
298
350
334
311
326
328
325
297
304
304
325
308
354
291
316
286
314
331
315
302
314
287
316
315
319
310
270
326
299
321
288
335
323
304
346
317
322
297
294
359
313
329
305
320
308
295
312
317
355
325
315
325
328
318
305
338
315
327
304
329
334
387
348
358
380
335
394
336
367
338
365
366
349
314
309
343
336
330
353
347
349
361
310
322
345
366
351
314
334
363
332
327
303
319
342
342
355
342
345
350
333
322
359
328
344
346
342
345
359
331
342
336
367
346
339
321
370
366
351
355
334
367
357
362
346
331
385
385
358
389
350
318
366
326
358
366
349
344
348
358
358
392
349
363
346
331
336
331
362
367
365
363
368
363
401
368
391
337
391
393
388
361
337
352
346
362
371
354
379
396
369
373
364
353
371
369
398
400
375
403
358
376
349
359
341
362
371
321
351
347
335
392
303
342
330
324
343
358
328
306
341
329
345
334
331
307
325
331
346
356
355
316
293
331
326
327
331
343
309
321
347
305
317
311
347
349
326
325
325
282
319
347
337
312
324
303
316
350
316
328
316
325
308
335
304
321
315
330
330
331
298
302
306
327
327
299
298
322
313
289
329
316
321
289
280
290
306
316
283
290
283
313
295
287
332
298
298
283
294
286
262
277
270
298
298
273
241
283
316
297
271
297
305
251
267
294
294
267
277
269
288
301
320
318
301
324
285
280
294
299
301
295
297
301
306
275
300
295
294
269
305
277
306
318
282
304
269
326
324
291
284
311
296
341
309
305
325
301
289
313
318
321
348
321
323
300
313
295
308
298
287
350
325
292
351
337
321
342
356
340
341
332
314
333
355
342
322
362
348
357
329
329
331
326
383
327
358
327
352
360
353
345
324
379
354
350
361
319
340
352
348
378
364
383
377
343
398
372
364
369
384
359
375
379
383
388
370
400
389
394
414
462
578
606
788
1032
1211
1726
2335
2885
3803
4972
6201
7351
8795
9835
10315
10232
9651
8204
6365
5035
3505
2444
1646
1091
824
751
599
638
589
566
548
617
561
587
601
570
575
581
608
582
612
580
592
549
599
556
550
555
581
565
587
604
600
585
582
585
605
552
517
580
558
572
583
564
619
569
547
596
598
618
558
608
558
580
585
563
551
545
575
580
576
559
595
547
542
611
540
558
547
540
581
530
590
527
584
567
563
568
512
583
597
580
574
549
563
594
563
553
568
561
583
602
551
542
604
547
593
579
596
558
591
593
537
609
604
594
554
573
548
584
580
566
581
585
579
548
542
581
564
552
618
532
581
546
523
542
534
589
556
519
555
553
530
570
518
518
537
491
543
535
550
550
540
550
539
491
493
521
558
541
544
536
530
511
573
537
542
506
514
556
515
524
526
541
509
492
515
505
557
503
535
523
512
543
515
536
539
514
486
492
509
513
513
528
502
525
525
531
495
514
488
530
506
541
539
491
550
513
509
520
483
487
509
502
470
525
501
508
501
501
491
504
473
511
529
511
509
533
492
517
520
498
500
533
545
533
498
483
488
582
509
497
511
505
535
530
586
569
538
610
568
538
560
543
537
577
560
523
522
533
504
513
538
549
520
506
538
516
551
568
555
544
545
524
509
538
525
525
501
564
504
489
517
532
501
517
543
494
478
506
532
495
525
509
515
511
452
492
491
544
467
512
504
504
473
486
526
487
492
468
461
521
516
521
465
498
515
542
503
501
521
526
475
509
499
461
485
460
481
508
501
471
487
543
471
505
485
502
526
514
477
512
501
514
488
502
472
500
499
494
471
497
477
478
479
519
545
475
503
482
521
491
520
482
467
464
484
456
457
422
475
460
476
484
445
454
424
419
448
434
435
445
460
407
481
439
419
443
438
472
427
479
426
422
446
441
454
430
423
417
436
431
431
440
440
403
420
413
418
433
427
391
414
404
443
403
419
434
433
413
431
444
438
425
412
404
405
396
404
388
410
381
403
415
427
382
392
366
410
416
420
399
428
414
392
396
392
406
402
398
349
377
351
342
394
362
364
414
376
362
375
379
393
321
363
394
358
348
375
351
369
372
374
343
322
333
352
353
332
304
339
317
328
305
324
313
314
308
328
333
331
325
274
315
290
292
293
280
278
243
289
252
287
249
281
269
256
251
263
259
263
241
252
257
247
243
247
254
262
226
232
237
217
222
221
236
188
226
231
215
243
235
212
213
214
198
195
198
190
196
207
206
187
198
179
192
160
167
179
154
169
176
166
155
161
145
163
153
148
129
144
134
136
141
136
142
124
126
131
106
130
114
123
102
117
100
98
114
104
104
99
97
93
79
84
105
113
99
86
90
94
65
100
62
84
87
73
76
82
84
76
89
78
81
86
67
64
64
71
82
66
79
82
74
75
62
77
58
78
56
70
76
64
65
64
65
65
83
71
56
61
62
53
53
59
60
57
61
48
60
66
65
66
68
52
69
67
64
57
54
66
65
70
62
61
59
60
70
61
58
49
65
63
61
61
50
68
60
46
59
69
59
57
54
65
64
55
40
56
65
51
54
45
73
51
64
48
57
49
54
61
63
61
58
54
61
57
64
54
65
62
61
65
66
65
82
101
157
228
355
565
855
1267
1714
2416
3178
4225
5195
6255
7222
7912
8190
7901
7071
6022
4692
3237
2136
1243
647
320
164
78
25
10
10
6
2
3
6
4
2
4
3
4
3
3
0
1
3
3
3
4
3
3
3
0
4
3
5
2
3
3
3
2
2
3
3
4
5
0
2
2
3
3
6
2
2
1
0
1
1
0
2
3
1
0
1
1
2
0
1
0
0
1
0
0
1
0
0
0
1
0
1
1
1
0
0
2
1
1
1
0
1
3
0
2
1
1
2
2
3
0
3
3
2
0
2
2
0
3
1
3
3
4
0
2
1
0
0
2
1
0
1
2
1
2
1
0
0
0
0
0
3
2
0
4
0
1
1
0
0
1
2
0
0
0
2
1
1
1
1
2
0
1
1
1
1
0
0
1
0
0
0
2
1
1
2
1
0
1
0
1
0
1
0
1
1
0
2
1
1
2
1
2
2
1
0
2
1
0
0
1
1
2
0
2
0
0
0
2
1
1
1
1
0
0
0
2
0
2
1
1
1
2
0
0
2
2
0
0
1
1
2
0
1
1
0
0
2
1
3
1
0
1
0
1
1
2
2
1
1
2
0
1
1
2
0
1
1
0
3
3
0
1
0
0
0
1
0
2
2
0
0
1
1
0
0
2
2
1
1
3
2
0
1
1
3
0
0
1
1
0
1
0
0
1
2
1
1
0
0
0
1
0
2
1
1
1
2
1
1
2
1
2
0
3
2
0
0
0
3
1
0
1
0
0
2
0
1
0
0
0
0
0
1
0
0
2
3
2
1
1
0
1
0
3
1
0
2
3
0
0
0
1
1
0
1
1
3
0
0
0
1
0
2
2
0
0
0
2
0
0
0
0
0
1
4
1
3
0
0
0
2
1
2
1
0
0
1
0
0
0
0
0
0
2
1
0
1
0
0
2
2
1
0
2
0
0
0
1
0
0
1
2
0
0
1
0
1
0
1
1
1
1
1
3
0
0
1
0
0
1
1
1
0
1
1
2
1
0
0
1
1
1
0
0
1
1
1
0
0
3
2
1
0
0
1
1
0
1
1
1
1
0
0
3
3
0
1
0
2
1
0
1
1
0
0
3
0
0
0
0
4
0
0
1
0
0
2
1
1
0
0
0
0
0
0
2
2
1
0
1
1
1
0
1
0
2
0
0
4
2
1
0
2
0
2
2
2
1
1
2
0
0
0
1
2
2
0
1
0
0
0
1
0
1
0
1
0
0
0
0
2
1
2
1
1
1
1
0
0
0
0
1
1
0
0
0
0
1
0
0
1
0
2
2
0
0
1
0
0
1
0
0
0
1
0
0
2
0
3
0
0
1
0
0
0
0
0
1
1
0
1
1
0
1
0
0
0
0
2
0
1
0
2
0
1
1
0
1
1
0
0
0
0
0
0
0
3
0
0
0
0
2
3
1
3
0
0
0
1
2
0
2
2
1
0
1
1
1
0
3
0
0
0
0
0
1
3
0
0
1
0
0
1
0
1
2
2
2
1
4
1
2
0
0
0
0
0
1
1
0
2
1
1
0
1
1
2
0
0
0
0
1
1
0
0
1
0
1
0
3
2
0
1
1
3
0
1
1
0
0
1
1
0
2
0
0
1
0
0
0
1
0
2
2
1
1
0
0
1
1
0
1
3
2
1
1
1
0
0
0
0
2
1
0
1
1
2
2
0
0
0
0
0
0
0
0
1
1
1
2
0
1
1
1
0
1
1
0
0
0
0
1
0
1
2
2
3
4
2
4
2
1
1
1
1
1
0
2
1
0
1
0
0
1
2
0
0
0
0
0
0
1
2
0
0
1
0
0
1
0
0
1
0
1
1
0
1
0
1
0
1
1
0
1
0
0
0
0
1
0
0
2
0
0
0
0
0
1
1
0
0
0
1
1
0
0
1
0
2
0
0
0
1
0
0
1
1
1
0
1
0
2
1
0
0
2
0
1
0
1
2
0
1
2
0
0
0
1
2
0
0
1
2
0
0
0
0
0
0
1
1
0
0
0
2
0
2
1
0
0
0
0
1
0
1
1
1
0
1
0
1
1
1
0
1
1
1
1
3
0
1
0
1
1
0
2
0
1
1
0
2
1
1
0
0
0
0
0
0
0
1
1
0
0
0
0
0
1
1
2
1
1
2
1
1
0
3
0
0
1
1
2
0
1
0
1
1
0
0
2
0
0
0
3
1
0
0
0
0
0
0
0
2
1
0
0
0
2
1
0
1
0
0
0
0
3
2
0
1
1
0
2
0
1
2
0
2
0
1
1
0
0
0
0
0
0
2
2
1
0
2
1
1
0
1
1
1
0
2
1
0
1
1
1
0
2
0
0
0
1
3
0
0
0
2
1
0
0
2
0
0
2
0
0
1
0
0
1
2
0
1
0
2
1
0
1
4
1
0
1
2
0
1
1
1
0
1
0
1
1
0
0
1
1
0
2
1
1
1
1
0
0
1
1
0
2
1
0
0
1
2
1
1
1
0
1
2
1
0
3
1
0
2
0
0
0
0
1
1
1
2
1
1
2
4
2
2
0
0
1
0
0
0
1
0
0
1
1
1
2
0
1
1
0
1
0
0
0
0
0
0
2
1
2
0
1
1
1
0
0
0
1
1
1
0
1
0
3
1
0
0
1
1
0
0
0
1
0
0
2
0
2
2
2
1
0
0
0
0
1
1
0
1
1
2
0
0
$ENER_FIT:
-1.4790 0.712350 0.000000e+00
$MCA_CAL:
3
-1.4790 0.712350 0.000000e+00
$ENDRECORD:
