$SPEC_ID:
Sample title.

$MEAS_TIM:
6110.35000 6180.58000
$DATE_MEA:
02/10/2020 12:26:07 PM
$DATA:
0 16383
0
0
0
0
0
0
0
0
0
0
0
0
0
0
0
0
0
0
0
0
0
0
0
0
0
0
0
0
0
0
0
0
0
833
787
711
701
688
684
688
703
726
1058
1963
3740
4477
4823
3795
2061
985
725
642
677
644
727
682
713
702
699
705
741
774
761
801
762
845
848
881
892
913
922
905
926
930
965
952
1073
1089
1125
1123
1170
1180
1239
1290
1365
1418
1521
1430
1560
1648
1558
1554
1528
1501
1587
1665
1807
1762
1809
1908
1971
1941
2214
2624
3115
3632
4523
4766
4596
3993
2899
2180
1858
1609
1368
1393
1352
1360
1570
1943
2294
2598
2609
2238
2063
1791
1731
1535
1352
1272
1201
1231
1196
1233
1250
1275
1250
1322
1147
1195
1187
1203
1227
1161
1225
1212
1247
1294
1310
1344
1339
1299
1196
1265
1233
1296
1286
1257
1319
1282
1322
1308
1280
1395
1386
1385
1456
1382
1349
1431
1398
1447
1607
1671
1767
1667
1649
1635
1666
1638
1647
1481
1407
1423
1446
1405
1431
1456
1438
1444
1441
1524
1513
1381
1442
1481
1380
1417
1401
1355
1396
1331
1343
1346
1314
1316
1301
1341
1307
1279
1307
1278
1190
1207
1231
1201
1205
1174
1180
1225
1194
1263
1251
1155
1230
1276
1165
1217
1250
1288
1202
1296
1200
1284
1193
1303
1255
1273
1180
1256
1198
1172
1173
1151
1165
1073
1127
1174
1155
1147
1191
1133
1134
1095
1132
1093
1169
1127
1175
1209
1093
1135
1056
1103
1078
1109
1071
1069
1108
1006
1081
1036
1011
1040
1023
1086
1047
1035
1089
1105
1128
1106
1141
1049
1049
1108
1017
1016
1079
1022
1096
1026
1072
1105
1056
1075
1152
1182
1260
1374
1363
1431
1481
1574
1646
1770
1983
2154
2225
2442
2439
2494
2353
2288
2071
1951
1783
1618
1446
1311
1225
1151
1098
1016
1082
1064
1028
1047
989
895
947
931
909
924
883
955
913
975
971
937
937
947
1020
997
999
1046
1006
1007
1047
1077
982
1013
968
1018
1036
954
936
896
980
940
870
909
895
860
923
907
894
853
929
863
948
915
1026
984
979
1044
1048
1121
1094
1106
1231
1280
1431
1472
1459
1571
1656
1679
1704
1809
1843
1897
1920
1967
1951
1939
1893
1900
1979
1876
1809
1869
1821
1774
1649
1559
1440
1462
1359
1297
1306
1203
1237
1115
1136
1063
1129
1036
1022
1010
1005
923
953
952
910
900
865
878
848
855
832
846
822
761
778
741
762
721
790
783
697
748
804
742
753
806
838
779
736
654
604
561
594
534
526
595
562
523
500
537
566
522
497
522
581
528
528
505
487
568
516
492
498
503
509
492
509
521
482
505
616
656
605
587
505
510
406
434
445
391
432
408
422
450
553
758
860
923
908
651
450
381
357
406
377
347
366
368
403
372
391
368
398
402
439
447
465
453
471
391
408
371
366
375
390
373
354
372
358
371
371
385
379
343
310
376
431
505
564
547
526
414
380
345
361
355
360
321
329
331
352
355
341
321
328
331
345
343
343
363
365
376
556
870
1081
1130
900
647
378
315
321
322
338
339
351
333
312
316
359
331
389
373
319
338
305
307
302
330
350
331
337
322
337
311
277
298
304
324
326
287
315
299
321
328
289
297
332
305
321
308
344
310
341
325
338
346
361
318
316
296
311
294
332
331
302
324
306
326
297
296
323
306
322
301
322
335
334
302
323
409
501
645
716
696
623
414
342
330
355
291
352
359
327
351
354
356
332
325
353
401
452
742
1305
2072
3034
3904
4550
4964
5422
5642
5630
5579
5762
5833
5818
5655
5370
5217
4976
4637
3968
3234
2416
1484
819
469
314
275
298
266
266
272
268
288
242
265
268
267
254
243
270
273
254
289
278
297
272
273
265
253
275
295
296
283
328
469
701
1131
1699
1962
1982
1682
1229
784
491
318
326
307
290
298
284
303
319
259
254
267
272
272
249
246
281
289
246
230
266
245
277
277
240
257
264
232
252
240
257
254
266
251
272
245
258
222
260
227
270
236
261
274
264
296
325
453
462
491
402
322
278
231
250
269
267
273
275
267
266
276
247
251
281
231
290
260
284
276
322
254
278
270
319
315
301
300
334
277
242
270
237
290
279
247
254
289
280
267
308
292
297
297
267
339
355
380
417
387
332
291
277
308
374
343
338
336
292
256
282
276
304
296
299
311
299
265
299
298
321
307
277
288
330
344
339
289
299
300
272
291
320
334
317
321
308
300
272
260
313
281
297
256
280
262
299
308
262
295
282
298
293
262
277
293
292
271
286
255
318
272
269
270
273
280
276
278
260
257
302
302
273
264
253
283
298
298
295
280
286
271
311
310
309
317
330
325
319
281
285
316
275
270
276
242
267
334
338
336
369
310
293
294
292
267
291
268
274
349
343
334
340
322
331
290
278
302
297
296
291
280
292
287
289
261
262
275
284
299
277
302
290
289
288
283
258
299
298
309
279
255
289
283
285
280
309
337
404
474
499
457
363
340
295
343
296
291
313
310
295
283
291
290
308
313
273
302
294
279
315
323
340
303
321
300
339
300
291
307
291
317
300
297
337
303
318
310
301
265
297
301
306
308
269
315
298
299
291
305
302
284
283
275
305
269
315
279
277
306
278
284
333
301
285
318
309
292
320
287
303
322
271
280
298
335
294
294
271
306
283
320
325
316
292
330
341
322
367
419
479
500
465
425
369
341
329
346
330
357
303
311
322
323
300
322
343
354
327
319
329
343
303
323
314
349
324
314
317
313
297
342
333
318
294
317
276
329
280
350
347
394
491
508
570
501
415
316
313
288
288
320
320
283
315
316
305
305
318
272
295
279
312
290
296
303
319
307
286
319
327
294
264
305
320
330
343
350
344
296
318
310
267
293
290
321
321
265
290
265
302
277
324
291
285
302
271
321
300
334
317
355
430
731
1044
1211
1198
906
584
349
285
313
307
287
285
297
260
294
315
322
306
279
270
315
310
343
383
369
397
359
320
272
289
279
305
255
283
265
278
284
279
253
277
282
311
296
312
311
336
316
342
391
523
553
556
503
425
336
323
334
327
337
324
295
263
272
252
283
268
289
274
281
316
288
294
280
293
264
276
260
285
281
280
290
325
346
352
343
388
352
403
398
387
360
287
264
300
340
338
346
359
315
266
283
300
272
274
277
276
267
267
258
261
283
280
288
309
280
262
270
281
311
264
282
278
277
284
254
294
320
314
335
324
279
290
266
260
268
293
242
278
242
268
273
278
244
298
311
284
315
269
303
293
313
328
272
315
389
689
936
1097
1023
782
489
327
287
295
285
267
283
280
268
274
309
314
305
255
294
279
303
290
285
262
297
272
318
288
301
321
318
297
276
299
273
284
373
438
490
536
435
386
368
299
326
321
266
276
294
292
298
298
299
312
328
459
928
1819
2782
3114
2730
1857
961
443
322
290
289
298
293
295
265
297
307
251
302
283
290
288
298
276
294
296
270
301
277
305
304
311
301
270
309
299
303
311
301
288
302
290
390
663
1218
1742
1922
1823
1236
680
373
302
355
354
359
358
310
335
300
347
316
323
336
312
283
297
310
326
279
269
306
296
308
322
326
306
306
292
304
311
330
311
297
327
288
307
301
284
299
302
307
296
301
306
320
270
291
295
302
291
270
304
300
348
320
315
339
343
307
310
313
258
317
301
316
340
325
327
315
307
305
282
327
317
342
288
284
341
406
502
541
561
509
405
359
348
311
342
323
350
284
305
303
298
277
283
316
352
316
321
319
324
311
304
291
303
274
314
316
309
308
314
336
296
325
399
482
503
581
601
626
595
485
389
352
297
327
287
323
321
315
339
335
306
326
345
304
336
316
332
286
308
323
360
325
307
319
327
369
378
400
517
568
549
515
454
333
325
313
313
326
321
302
340
349
327
311
346
343
378
380
368
357
358
327
340
292
319
316
313
346
320
345
319
289
319
318
314
313
309
321
329
315
312
327
342
349
392
321
339
341
319
299
335
327
329
349
336
343
360
347
348
314
328
340
322
323
376
404
464
552
518
489
411
355
343
341
347
341
327
354
332
314
359
379
360
359
351
321
351
322
349
380
349
350
357
455
496
604
595
597
471
387
350
377
335
358
353
349
332
330
361
334
331
358
384
366
351
353
372
371
367
347
355
360
364
375
412
357
383
380
392
361
377
388
361
386
373
393
405
408
416
387
405
394
404
425
482
462
501
392
445
422
443
390
409
427
416
448
443
400
425
440
420
408
436
480
501
456
490
481
445
441
414
444
448
459
468
460
495
480
471
486
461
483
460
471
491
540
547
588
813
1150
1519
1715
1684
1357
953
707
701
817
1028
1265
1309
1272
1029
870
682
611
589
574
568
511
545
555
522
547
518
531
529
558
576
673
846
1044
1164
1076
888
702
600
580
595
598
534
600
544
568
570
566
567
579
607
539
561
563
559
595
587
584
629
583
611
603
648
716
754
722
714
608
645
618
634
580
637
582
605
600
602
606
591
559
588
627
655
735
763
741
734
712
647
575
639
614
592
629
615
616
616
613
641
595
587
563
612
563
614
623
615
664
611
657
617
677
605
698
844
953
1052
1049
972
817
673
611
647
584
616
639
611
627
667
611
686
665
661
647
668
608
659
662
642
691
639
691
652
628
614
723
729
802
821
804
796
687
696
646
615
679
617
686
710
676
720
657
650
675
656
681
676
698
696
762
813
857
835
859
812
700
710
704
694
668
693
658
643
734
694
706
726
703
704
713
681
668
724
709
697
681
747
708
725
715
699
698
663
712
735
817
1047
1509
1904
2314
2180
1699
1217
830
738
750
686
703
696
731
695
731
712
686
757
727
672
719
730
698
695
715
747
696
718
724
700
683
754
706
744
844
841
877
842
925
858
826
750
745
733
693
793
782
735
727
711
768
719
752
727
759
738
723
732
740
825
759
829
792
787
765
775
791
784
765
783
804
756
740
772
799
769
801
790
797
775
750
816
789
850
805
842
783
829
808
832
832
833
853
830
794
838
833
863
812
865
802
787
830
815
869
925
905
914
857
828
849
853
898
858
847
837
824
863
865
909
880
894
855
903
864
846
904
817
885
965
916
910
902
850
849
862
852
846
910
917
881
928
931
933
935
895
907
955
950
934
955
944
968
935
912
941
989
954
877
945
914
1006
951
969
1057
1273
1527
1668
1682
1588
1335
1086
965
1010
1003
966
965
998
1042
1021
1052
959
1013
982
1005
963
962
1028
998
1046
1037
956
1016
1030
1028
968
1044
975
997
1000
1013
995
1016
956
993
963
903
965
889
898
909
838
837
821
764
764
763
773
740
744
747
739
690
716
738
761
758
712
685
691
715
716
648
678
642
684
632
645
672
646
685
655
659
641
660
613
602
629
624
601
653
687
653
676
799
1019
1143
1174
1158
996
948
816
723
669
604
614
606
616
585
612
569
605
558
560
564
590
592
603
544
527
578
534
543
573
571
566
583
600
617
647
678
560
513
559
521
527
495
530
541
652
927
1454
2047
2488
2436
2135
1323
853
574
484
494
466
491
472
533
461
525
601
660
647
621
527
444
426
444
434
401
404
437
514
522
522
535
453
400
373
399
365
388
408
345
378
404
358
367
326
383
388
351
340
377
368
366
347
337
348
301
326
322
314
322
337
282
305
287
314
349
326
266
307
293
363
329
352
417
394
375
323
278
284
268
282
252
292
280
247
243
281
270
272
274
247
264
250
243
246
293
239
235
255
254
225
257
243
259
237
252
270
202
220
244
251
218
217
208
281
296
297
397
421
403
332
307
256
224
242
245
255
243
229
240
238
231
229
265
199
245
239
250
247
275
245
250
272
262
286
351
353
340
347
296
222
225
246
240
231
217
237
265
329
281
276
278
303
280
249
270
218
230
228
220
237
220
228
226
202
206
243
235
228
237
238
218
199
228
201
174
219
231
231
191
211
204
227
233
226
281
285
271
255
275
262
200
214
225
202
243
236
256
263
270
255
312
280
286
282
345
708
2516
7758
18389
32152
42273
43813
35400
21224
8982
2580
633
190
129
139
126
112
151
129
126
151
130
120
124
134
127
120
159
121
131
111
133
135
142
146
134
139
136
139
131
124
135
136
143
139
119
125
144
143
135
143
135
161
131
138
116
143
144
127
122
133
124
129
158
150
119
143
127
142
133
124
135
115
126
123
118
124
120
158
136
139
129
113
140
120
147
129
140
139
160
143
130
149
147
116
136
142
128
153
160
139
147
133
136
132
134
155
161
148
135
140
146
126
141
148
130
172
136
145
135
141
144
180
203
213
254
279
257
207
192
167
127
160
126
133
145
143
147
156
139
162
148
133
136
143
126
144
123
140
115
125
122
154
123
142
148
132
168
138
131
142
161
130
126
145
129
152
138
148
139
137
147
122
153
146
154
134
148
131
140
120
153
127
126
161
139
126
130
134
117
114
116
131
146
135
121
123
138
129
146
167
144
142
138
145
120
125
139
142
150
188
228
400
556
616
538
406
326
173
154
125
101
124
145
126
141
134
164
181
200
201
174
163
163
159
140
121
132
132
110
134
145
138
124
128
143
149
146
142
144
140
125
121
128
128
138
125
122
137
143
148
126
159
128
147
152
158
141
154
180
158
158
176
150
141
159
145
127
125
131
122
139
138
122
133
148
127
119
151
149
206
298
393
496
480
412
279
180
138
142
140
130
149
133
128
127
118
117
133
127
141
127
137
122
136
151
128
112
129
117
124
138
143
96
140
134
136
109
139
157
143
155
183
199
160
170
146
138
126
132
152
143
134
148
158
131
138
112
125
116
133
136
145
124
147
135
125
129
139
140
130
153
161
136
129
155
150
137
133
154
127
157
145
137
136
133
144
140
120
144
137
146
155
153
136
141
140
105
122
139
146
118
120
131
132
144
136
143
121
119
135
120
141
145
111
130
143
175
178
188
167
166
163
161
132
130
122
123
123
131
128
138
134
148
144
172
220
219
228
202
211
144
143
116
135
131
109
141
147
150
149
142
157
132
153
164
169
177
136
160
141
138
121
97
127
123
130
107
133
113
122
130
122
147
250
389
686
928
1049
959
733
398
258
171
145
136
162
157
147
132
133
132
136
137
121
122
133
125
114
110
145
118
119
143
157
202
202
217
222
211
141
129
126
128
113
126
140
221
339
557
712
778
746
588
384
209
139
143
126
127
107
106
140
102
134
123
127
116
114
123
122
115
104
135
89
102
111
101
130
131
98
114
125
125
120
104
114
105
114
108
110
121
143
180
194
235
226
238
161
168
106
107
118
124
116
121
129
98
110
108
109
118
110
114
116
119
128
133
115
89
111
117
110
107
111
136
118
117
99
115
110
122
120
126
143
117
124
124
112
127
111
115
117
113
113
110
118
98
118
103
101
126
135
117
102
115
112
127
110
110
102
99
118
121
112
139
124
173
185
193
222
199
158
155
107
105
120
123
117
115
126
113
134
107
116
130
102
111
135
117
115
107
99
131
116
109
133
126
128
133
111
130
118
136
128
117
118
118
135
150
113
159
196
223
281
290
297
232
173
127
131
122
140
123
113
89
107
137
116
114
131
114
146
175
295
447
551
705
717
593
443
258
145
167
139
146
183
152
184
352
569
1011
1376
1485
1413
1024
624
336
207
139
128
150
115
110
140
117
116
118
133
120
140
125
122
129
138
142
160
148
161
148
127
137
124
121
134
127
125
141
138
173
197
238
206
231
183
156
154
164
139
152
135
117
115
127
151
131
143
137
134
161
141
128
142
151
128
107
142
121
131
139
148
135
134
111
148
154
164
125
159
125
149
126
123
136
141
127
124
132
124
124
143
174
165
202
175
160
186
139
130
117
123
129
128
142
143
125
147
115
127
128
148
142
133
130
119
120
125
123
121
121
138
122
128
148
129
127
123
138
130
115
120
115
151
103
162
133
144
163
186
191
206
218
157
170
136
150
143
140
135
127
122
127
136
120
119
129
134
133
105
133
123
126
127
119
125
120
126
123
117
135
118
114
127
139
119
144
139
145
138
120
128
122
141
131
151
120
121
111
116
118
127
134
135
167
171
149
137
151
124
129
118
118
107
117
116
114
104
134
127
139
131
134
141
140
118
125
132
111
136
111
122
140
114
143
131
139
149
178
203
193
194
182
219
206
318
360
423
483
410
416
327
279
225
174
130
138
145
162
137
117
126
121
122
126
128
127
139
125
130
134
102
130
134
128
140
144
150
148
120
134
160
159
155
149
115
147
153
136
152
128
149
137
142
133
133
150
145
163
153
175
179
163
151
143
135
150
166
122
135
121
144
136
144
154
136
141
131
136
160
164
162
176
159
182
170
158
148
144
129
138
128
138
140
130
126
120
123
163
128
141
154
121
148
143
130
173
200
244
333
394
404
367
348
270
216
202
138
172
171
188
174
163
141
148
161
161
182
158
163
167
151
154
147
172
139
128
155
168
160
122
163
164
148
166
171
158
179
193
203
164
193
191
163
174
160
142
147
165
141
122
161
146
139
172
169
175
167
186
143
165
175
164
164
190
211
190
195
164
175
153
179
171
175
256
361
452
655
724
658
522
387
248
197
161
161
177
136
170
160
146
231
386
700
987
1203
1286
1131
756
434
271
141
149
142
130
145
141
132
146
147
146
138
144
155
153
150
135
146
168
142
164
151
155
121
132
145
140
131
148
173
157
141
160
168
129
158
164
138
152
176
165
192
247
327
395
481
477
431
307
268
187
153
165
142
148
152
184
149
170
150
170
141
152
150
164
147
150
122
192
176
162
143
156
158
150
159
147
154
162
139
148
158
147
151
159
169
189
180
202
195
200
182
182
159
165
170
154
189
186
140
155
159
154
162
143
159
140
152
168
163
163
132
156
160
141
170
170
172
151
159
155
160
165
178
155
164
174
171
180
158
150
136
156
138
148
167
163
152
162
185
160
148
168
150
158
162
156
158
157
146
160
164
161
171
155
163
163
152
166
187
209
245
302
358
318
303
227
197
152
172
176
131
187
162
151
148
153
170
185
181
174
169
181
146
165
147
191
209
233
222
217
196
166
186
179
192
226
254
210
242
193
169
150
132
143
146
166
157
168
165
154
188
164
157
139
145
141
143
151
144
139
138
152
166
162
157
185
162
157
156
143
141
158
137
139
147
158
145
148
157
153
142
151
133
147
149
151
148
139
149
151
145
157
160
141
145
131
158
174
166
163
170
144
160
163
132
140
136
149
130
167
123
138
145
153
140
177
162
172
208
170
154
182
150
140
149
124
128
138
150
149
146
129
142
148
139
144
126
124
130
116
122
127
117
125
109
104
120
124
133
112
118
117
130
140
182
247
417
658
951
1054
1082
919
555
343
196
172
132
156
166
149
127
116
122
129
120
112
129
128
136
138
141
133
120
133
106
110
125
113
108
114
117
127
112
118
126
87
112
91
99
128
138
112
137
139
142
130
132
126
99
107
111
110
122
126
112
123
106
101
117
103
98
107
108
110
106
105
127
115
113
69
97
135
118
99
121
131
120
149
149
137
118
105
127
137
130
130
117
111
122
127
157
153
152
133
126
117
95
100
90
115
116
112
96
114
108
96
90
92
100
110
88
116
93
105
116
108
101
97
90
101
111
79
88
97
110
89
109
100
102
88
99
91
95
99
106
96
107
114
136
144
169
146
129
146
97
113
101
90
93
90
108
89
76
78
80
86
93
100
108
94
87
99
93
98
101
102
72
88
79
107
84
91
82
76
93
95
89
77
94
124
100
135
182
251
348
400
429
442
420
440
670
1017
1568
2069
2471
2109
1664
1034
478
238
119
98
73
100
100
91
99
94
111
97
100
95
98
113
83
101
79
81
98
104
89
87
118
94
111
96
116
96
122
124
128
143
162
156
146
140
124
113
91
91
108
95
103
109
93
83
99
89
82
95
100
101
98
90
103
92
93
103
101
96
102
118
96
94
101
95
101
96
108
109
112
96
107
107
103
91
96
82
104
99
113
86
104
115
101
102
111
128
143
112
124
139
195
336
649
1106
1679
1955
2193
1865
1281
725
377
186
117
104
96
99
99
100
101
95
86
87
111
98
119
134
131
123
125
143
127
117
119
99
118
103
117
97
98
88
105
106
108
116
103
103
116
97
119
101
86
95
110
121
107
116
121
97
100
90
108
124
128
98
108
141
173
181
198
232
256
306
285
260
214
165
125
128
102
124
102
118
119
122
119
132
108
122
112
107
118
116
105
112
113
114
110
110
111
109
93
128
116
111
120
106
129
112
95
128
126
133
113
150
170
192
172
186
156
143
121
117
107
109
108
120
115
102
118
109
115
104
95
130
108
132
132
126
167
159
152
159
126
135
123
127
126
108
117
130
114
128
131
121
121
128
160
161
151
139
144
124
132
104
123
112
107
126
113
126
101
109
102
113
105
115
112
121
113
126
119
110
131
102
117
131
115
130
128
98
107
120
131
134
126
147
140
141
168
192
202
198
214
216
182
133
141
117
108
127
126
113
116
128
123
125
101
131
123
129
123
122
128
130
135
127
136
146
109
126
136
129
138
130
135
127
137
134
175
124
106
115
138
118
115
121
134
113
119
123
132
133
131
117
113
119
97
117
102
106
138
147
109
110
123
109
121
137
118
118
121
130
142
151
115
107
122
125
121
115
127
134
121
106
119
112
110
124
149
137
156
180
194
188
162
169
135
132
130
115
117
118
119
128
97
114
124
107
139
115
113
109
151
111
114
130
107
113
108
121
102
107
115
119
156
124
164
169
191
201
216
211
206
174
162
145
110
115
139
97
114
116
103
118
138
126
139
138
164
146
154
141
132
134
129
126
128
122
113
99
140
132
117
113
113
124
105
123
92
114
136
108
121
113
122
135
128
119
131
142
174
244
302
346
381
330
261
221
168
145
122
122
112
141
141
115
134
156
148
117
144
135
113
121
147
106
100
121
94
138
121
119
120
114
129
107
136
122
136
123
106
120
125
125
122
128
133
135
136
144
174
198
249
242
256
226
198
171
139
131
122
146
169
180
209
202
216
232
175
142
125
126
103
103
117
102
127
138
119
115
100
141
127
102
142
130
148
159
182
215
234
197
205
181
160
155
112
95
112
129
108
125
126
124
112
105
119
112
127
114
127
109
116
106
108
98
134
102
99
102
107
121
121
139
145
149
188
205
227
236
203
157
167
118
125
117
103
103
115
78
104
99
126
109
107
117
115
118
126
116
136
143
126
106
108
133
117
120
118
125
111
129
115
108
96
111
117
109
122
109
123
93
119
123
152
123
123
131
113
113
115
109
121
104
118
95
119
114
109
126
151
115
125
123
100
120
122
121
113
90
110
118
96
95
91
103
121
116
107
112
113
130
117
114
106
98
112
113
97
99
79
104
97
111
142
124
238
414
661
1038
1331
1592
1488
1145
809
465
273
150
109
108
108
112
119
94
114
97
89
91
85
95
101
129
92
107
112
92
117
110
93
116
100
96
110
94
92
100
73
111
103
91
86
105
94
92
92
109
88
92
80
95
98
83
111
107
113
120
120
112
132
125
111
95
108
108
98
94
100
93
91
102
96
93
113
98
93
101
103
93
90
88
86
101
110
98
87
99
111
83
112
86
99
83
110
108
108
101
92
105
89
97
125
113
143
145
154
192
164
148
142
116
112
105
105
104
111
110
77
93
106
105
112
107
87
97
111
102
104
95
110
104
144
140
160
211
267
311
297
230
221
152
135
98
107
108
113
92
100
94
109
109
112
102
116
103
100
88
108
117
91
95
98
89
113
81
102
92
119
92
90
91
93
119
138
182
272
446
644
856
972
1032
784
601
327
201
163
150
113
110
125
122
100
120
105
83
99
96
84
90
86
86
93
90
98
95
79
106
95
91
112
104
97
100
106
96
112
121
108
157
173
249
318
377
444
400
401
334
288
153
141
136
99
104
102
86
101
104
107
69
96
100
109
113
110
119
139
136
142
123
125
116
114
86
104
105
86
93
88
97
98
105
99
92
98
93
117
110
90
98
110
113
120
114
106
99
93
126
109
120
103
107
103
96
90
114
122
122
136
140
139
168
128
132
105
111
112
122
126
125
138
163
160
149
142
189
196
246
332
446
477
539
477
333
236
170
135
89
96
110
98
84
94
91
94
102
90
100
84
99
95
97
117
106
101
111
120
123
119
99
109
131
129
157
156
194
182
201
193
159
168
150
152
130
127
100
85
96
95
102
98
92
72
100
114
89
116
99
108
102
106
119
94
106
114
94
100
109
116
93
90
78
109
102
92
112
97
103
93
99
113
92
106
136
100
122
138
204
261
321
384
434
401
374
332
254
175
134
119
119
98
110
111
108
117
99
108
95
91
98
101
114
81
104
94
104
103
98
111
111
123
110
115
108
106
120
99
121
95
99
96
109
101
94
108
94
104
113
105
104
90
95
110
118
140
137
188
251
263
246
242
189
151
140
89
110
103
117
108
90
104
102
104
121
100
120
98
108
109
108
127
86
109
109
104
87
91
108
105
94
88
101
105
99
128
112
92
86
109
110
126
112
107
153
161
171
209
211
186
187
158
148
103
109
101
116
98
93
101
88
113
96
107
123
106
119
95
118
121
86
117
112
92
81
101
112
131
147
219
309
407
552
672
671
588
439
303
216
153
125
125
102
101
105
98
107
113
101
107
102
102
94
114
111
99
125
127
139
111
119
95
122
134
122
155
203
283
409
501
576
537
501
378
274
197
152
129
136
126
125
124
106
121
110
100
109
124
125
131
141
146
138
126
127
119
96
94
108
108
106
115
129
122
117
143
138
137
141
128
135
146
128
156
119
101
98
94
99
92
122
108
112
117
137
130
144
141
123
146
154
145
122
123
129
125
142
136
160
166
128
123
128
107
104
94
105
105
107
116
119
140
131
157
155
163
160
136
109
103
110
102
83
110
98
101
110
112
94
90
104
109
88
114
93
117
102
107
112
89
113
103
138
93
106
93
88
111
99
103
110
99
95
110
109
89
121
114
100
102
96
95
97
89
104
107
112
109
108
89
124
92
96
78
98
99
99
97
94
112
84
107
84
97
91
91
104
92
88
92
91
109
95
84
98
96
100
111
108
111
100
89
99
102
107
107
148
117
113
121
123
90
99
100
106
107
90
91
105
105
101
104
98
143
144
179
237
217
212
179
139
139
107
91
118
89
107
118
105
135
92
92
80
84
95
85
102
84
73
87
85
70
88
74
82
75
82
72
73
83
80
90
75
91
98
101
93
71
78
82
114
87
95
88
70
84
92
91
109
102
79
114
98
102
100
86
73
97
77
92
93
96
84
80
99
97
96
102
107
98
106
105
98
94
103
98
86
87
99
87
73
72
90
80
74
80
79
75
86
76
86
85
85
67
89
95
87
82
89
82
81
96
70
75
61
83
75
75
73
65
91
83
75
76
82
74
67
65
89
81
76
72
64
71
63
79
91
99
59
91
104
99
120
127
113
116
91
89
63
80
75
69
74
66
81
95
72
71
99
92
92
79
99
76
93
121
126
197
283
493
753
1024
1231
1273
1104
831
538
293
172
96
84
73
78
75
68
80
68
76
84
105
96
127
149
171
167
210
203
170
132
115
97
69
68
86
73
74
68
83
60
66
77
65
87
78
87
91
69
74
78
72
80
97
86
98
86
96
86
79
63
90
79
105
112
142
194
202
269
323
308
290
237
222
189
130
102
102
86
86
100
83
81
76
93
96
87
78
73
68
74
78
67
81
96
67
74
83
83
67
86
91
74
77
68
83
89
97
81
95
75
85
68
87
73
76
86
82
100
116
100
102
124
135
143
145
182
220
314
314
379
348
358
289
233
206
139
148
91
86
94
84
70
67
102
80
100
87
90
114
100
123
107
102
89
86
94
91
110
104
115
124
98
87
81
91
113
88
99
107
102
90
130
136
156
173
176
289
486
667
958
1147
1240
1032
888
557
344
190
116
104
95
73
75
92
91
110
83
90
78
80
89
96
77
79
76
99
99
91
83
121
90
105
123
101
111
80
91
84
81
73
82
84
84
87
79
85
90
85
67
100
77
77
101
78
74
82
74
80
90
77
101
96
98
100
86
82
99
65
91
81
94
71
88
92
86
65
94
84
92
90
81
96
97
86
78
100
88
78
84
87
79
89
90
84
115
90
77
89
92
93
94
96
105
93
94
77
72
96
86
82
68
74
89
77
72
95
99
80
88
76
75
98
94
87
92
86
109
98
98
100
85
102
108
81
82
88
109
93
83
90
96
77
86
77
94
90
106
97
101
87
93
88
90
69
94
90
100
76
94
106
82
107
88
115
119
114
150
125
156
153
150
104
93
100
109
108
113
108
106
101
88
123
123
144
182
224
206
260
267
276
248
224
151
161
127
123
107
94
108
112
106
93
111
83
86
95
108
108
103
127
110
121
99
95
92
99
119
101
93
105
94
112
97
88
105
96
114
85
114
128
147
172
189
184
185
199
206
208
238
223
206
242
191
198
242
284
334
322
349
276
275
220
154
133
121
116
109
129
111
108
95
109
98
99
110
108
115
112
106
124
95
96
102
104
96
119
90
101
92
97
104
110
105
98
114
111
120
101
94
108
94
102
111
114
96
105
88
116
119
99
117
103
89
91
104
93
107
96
105
105
112
105
88
97
106
104
113
123
121
110
111
117
119
96
98
102
92
86
109
107
91
89
85
101
100
90
96
97
95
95
99
103
86
105
113
90
96
87
75
83
101
93
90
104
97
97
114
83
93
101
100
85
104
100
81
105
86
78
90
103
97
78
94
83
80
95
85
80
87
92
76
90
85
80
86
96
79
83
80
75
94
75
85
69
75
88
80
73
100
70
83
68
92
59
83
78
83
70
84
87
81
97
73
91
77
80
87
98
74
96
84
97
96
102
78
86
66
81
84
82
96
95
94
78
85
69
91
67
92
69
90
95
84
120
107
130
102
117
102
102
84
82
69
73
87
88
73
92
80
77
75
70
56
75
73
62
73
82
88
104
84
97
113
119
118
93
103
90
77
76
87
70
60
89
78
74
69
60
70
64
70
72
73
68
66
76
71
74
65
89
72
87
85
82
80
109
94
125
147
162
189
228
255
276
221
204
149
123
91
89
82
77
65
74
69
69
78
74
65
80
69
72
76
62
61
56
65
70
69
58
78
74
60
70
70
71
84
52
74
75
71
81
53
73
60
63
77
65
96
150
192
236
328
431
438
404
398
271
176
132
106
87
63
72
69
56
66
52
79
53
60
54
81
74
60
74
90
69
62
60
60
65
71
59
70
58
81
53
73
89
95
125
184
262
395
517
653
699
756
615
447
261
201
104
93
76
85
69
55
59
66
70
65
82
57
58
59
69
59
58
53
59
59
69
57
73
61
65
48
59
59
63
56
61
52
61
44
51
65
73
55
64
60
60
73
63
54
53
73
74
85
93
159
244
339
526
650
800
887
733
679
459
330
207
158
122
84
66
61
56
54
48
69
66
53
60
72
61
48
57
49
55
60
70
98
92
124
117
110
98
78
71
68
76
68
56
73
103
125
162
172
175
146
142
139
83
85
63
73
49
56
64
56
56
50
45
56
52
40
42
33
45
44
60
56
31
62
53
56
45
55
45
45
59
40
56
68
50
62
75
74
61
75
69
55
66
59
53
46
46
38
52
50
42
43
45
33
44
50
48
57
54
51
54
55
47
63
44
53
47
47
42
44
39
51
39
22
42
42
48
32
45
49
38
42
43
52
48
42
30
46
33
52
44
47
39
37
49
47
46
47
38
44
46
42
38
45
34
61
38
43
52
38
48
42
40
35
43
31
43
34
43
45
43
50
28
36
38
42
45
49
36
45
40
35
37
40
37
45
45
56
32
34
34
50
60
59
42
58
52
46
41
41
36
47
39
35
32
39
52
45
36
39
38
40
33
47
44
46
38
48
41
46
47
39
36
48
35
33
48
37
34
43
39
46
63
69
86
110
149
219
244
365
390
442
505
438
411
298
190
121
77
51
46
55
45
44
36
40
37
41
40
43
45
37
41
44
48
36
50
44
43
39
46
36
43
37
27
39
36
37
52
43
36
44
56
49
69
68
87
79
67
44
55
47
42
41
73
91
155
208
308
432
546
647
640
537
423
283
173
98
49
51
31
37
26
31
29
46
38
46
33
33
32
29
41
36
32
35
29
42
51
49
39
45
34
57
29
32
33
33
33
32
29
41
41
36
26
42
35
33
39
33
41
35
51
49
42
36
43
59
45
47
48
36
30
33
35
36
25
37
26
31
37
49
52
46
37
44
52
37
42
36
25
46
28
36
32
41
32
34
39
35
37
41
27
40
40
32
44
37
34
50
30
40
30
47
30
21
26
24
30
27
19
24
43
26
25
19
36
46
35
38
37
33
37
28
38
37
23
33
39
34
56
30
29
35
44
42
18
33
34
37
33
43
35
19
30
32
25
34
31
35
30
31
37
28
27
30
34
27
26
19
39
33
47
31
20
29
33
32
21
24
29
40
53
46
49
50
69
49
50
49
65
106
83
84
86
83
68
72
78
70
62
67
58
46
39
30
47
34
23
33
32
37
39
32
27
32
33
26
29
25
23
45
36
29
37
31
35
26
45
42
48
81
63
82
92
71
78
62
53
45
39
33
26
30
23
32
30
28
27
23
26
36
31
40
34
35
37
31
34
29
30
31
28
27
36
34
42
34
39
45
65
87
134
173
243
336
385
370
380
319
228
146
98
54
48
38
35
36
33
30
33
29
31
33
28
25
24
38
28
43
29
27
40
27
23
27
37
36
33
31
32
25
22
34
24
39
27
30
19
37
35
14
32
25
32
14
25
31
20
32
29
29
36
39
34
38
44
61
39
37
35
35
43
27
31
31
26
43
36
40
37
46
30
30
34
30
27
23
34
33
31
34
39
43
50
64
55
66
66
72
58
41
36
31
28
36
42
39
38
31
41
26
27
37
31
33
26
36
26
32
23
27
27
29
20
36
43
32
30
37
22
26
39
18
28
24
28
21
25
33
28
26
17
26
35
26
26
39
33
44
55
46
51
65
52
61
50
39
36
28
30
32
35
33
42
31
34
27
37
31
21
35
34
46
40
45
50
53
36
56
39
48
30
35
29
21
26
36
26
20
24
24
37
42
46
34
34
20
38
24
28
15
30
29
26
22
32
29
36
31
38
29
43
28
33
31
33
42
25
32
43
41
42
33
39
34
32
37
35
46
36
55
47
46
61
36
27
39
47
43
57
64
71
92
71
83
69
43
46
31
26
28
33
30
27
23
32
24
21
29
28
34
20
34
26
27
26
27
29
31
40
25
19
32
27
28
33
30
29
25
22
22
25
24
30
45
31
25
25
30
22
21
37
30
17
27
28
27
23
33
31
23
30
29
27
34
33
38
39
38
28
34
35
28
23
42
31
24
28
20
22
29
28
25
21
25
24
24
27
26
19
31
20
29
31
34
26
32
20
28
37
29
33
19
30
33
19
31
24
41
37
33
32
26
27
32
23
18
25
32
19
25
21
29
21
35
35
29
32
26
22
24
35
30
21
35
22
33
21
21
22
26
22
24
31
30
37
35
44
62
61
124
159
206
244
295
281
250
197
126
89
52
41
34
33
34
36
35
25
35
27
20
29
26
34
38
30
35
39
46
30
29
32
30
26
21
21
27
20
26
30
18
26
20
17
24
31
27
32
24
21
22
23
35
24
32
33
25
31
32
32
42
45
41
41
44
38
40
37
26
28
29
35
33
31
28
31
27
21
23
26
23
23
20
32
33
23
23
18
22
25
26
27
29
27
27
23
19
20
26
32
31
21
20
28
24
21
23
21
35
25
16
20
24
36
25
15
19
27
28
23
19
22
27
24
21
33
16
31
31
29
31
31
25
35
24
30
41
39
47
69
57
51
53
53
42
38
29
30
28
24
26
26
29
20
25
31
19
27
24
35
23
31
35
27
35
38
25
24
26
27
27
27
25
25
24
26
21
20
27
34
27
23
23
26
23
30
26
18
32
32
27
28
35
31
25
28
22
35
28
23
29
24
32
33
28
30
32
32
25
23
29
24
22
37
34
22
28
35
28
26
18
30
21
35
22
28
26
32
26
29
22
18
28
32
21
26
22
27
33
23
37
24
44
35
48
59
72
125
116
188
169
149
158
147
158
160
174
138
168
131
125
81
64
46
36
31
30
35
47
32
31
25
24
34
30
32
30
33
24
41
29
36
33
32
31
27
23
32
23
31
32
27
40
30
31
33
39
24
25
29
26
24
25
29
29
34
16
33
32
29
25
45
25
27
25
21
28
35
28
37
35
28
29
28
27
28
38
33
26
30
28
27
21
21
31
27
35
26
32
41
21
26
28
19
31
15
22
33
26
32
39
25
24
26
36
30
37
33
36
21
31
27
37
20
27
33
29
26
26
28
34
28
26
26
29
30
28
30
34
21
29
36
36
33
25
31
43
36
35
43
58
68
85
78
70
59
62
55
45
30
16
37
34
18
35
30
39
29
32
22
23
26
25
29
29
29
23
28
36
37
52
66
69
86
85
90
71
71
49
31
37
36
22
27
34
35
34
34
32
23
30
41
34
32
26
31
29
25
28
30
45
28
40
38
32
29
28
29
18
30
22
24
30
38
24
28
30
28
25
31
29
30
24
28
21
27
28
32
25
25
37
39
35
41
31
31
29
20
32
24
37
25
35
31
32
24
40
38
42
37
52
64
72
79
76
62
59
55
33
26
29
39
34
37
34
40
33
23
30
41
26
23
24
34
27
26
31
28
29
34
37
22
31
29
20
27
33
27
28
32
31
31
29
32
46
37
42
41
43
31
46
62
64
75
94
108
139
133
132
137
130
101
96
87
46
39
38
43
25
33
43
37
23
27
30
25
29
23
49
29
39
37
29
26
36
27
32
31
32
37
40
37
29
34
35
31
39
44
20
33
45
26
30
41
36
40
36
43
43
40
34
36
34
34
34
25
28
32
29
30
31
28
39
31
35
24
32
36
25
43
35
39
47
38
54
55
44
44
41
40
31
34
31
29
34
45
27
37
28
49
34
30
31
35
32
22
26
32
37
30
32
31
37
39
33
29
33
37
33
29
28
34
22
26
33
30
33
20
32
30
34
23
38
40
32
31
29
28
31
43
37
22
25
29
28
38
39
21
37
28
29
25
34
34
31
36
29
20
23
27
43
24
30
34
27
44
52
52
75
66
64
54
45
56
63
43
37
41
48
45
52
63
65
61
70
57
48
44
45
39
28
38
36
35
30
35
21
17
31
39
34
28
25
27
26
20
32
27
37
28
27
41
23
40
38
26
27
31
29
22
27
22
35
28
23
28
39
24
35
28
26
24
21
22
36
36
33
31
25
28
32
27
31
31
21
22
40
29
25
19
30
28
29
35
30
25
32
22
29
29
27
22
28
22
31
38
30
25
21
22
20
36
24
22
24
23
24
24
26
31
23
19
27
28
27
22
21
22
23
33
29
31
22
38
20
26
24
25
25
27
32
34
37
44
53
55
80
80
69
79
59
48
40
27
24
26
33
23
21
26
27
23
23
35
24
30
38
29
25
24
18
20
27
29
21
23
26
19
29
29
20
25
27
25
25
24
30
31
19
24
26
15
21
17
15
21
23
26
23
21
28
28
24
25
19
25
24
24
30
24
25
26
28
26
21
32
19
24
19
25
25
30
25
20
23
24
20
30
21
29
26
25
34
38
37
32
40
41
16
29
23
29
26
35
23
29
23
42
24
32
26
19
27
25
22
32
41
44
76
99
119
165
240
234
286
272
199
155
94
79
49
54
41
43
39
65
41
48
32
42
37
36
21
28
19
26
19
38
28
16
17
19
27
23
27
26
24
28
24
24
21
20
28
23
26
21
24
33
21
32
22
35
23
26
34
30
31
16
30
26
28
20
24
12
24
18
28
25
30
21
31
30
21
21
23
14
25
17
21
33
14
26
18
20
27
22
19
22
21
21
30
31
17
32
16
25
28
19
23
23
25
20
26
31
31
26
23
22
20
14
26
19
25
24
18
28
33
17
22
24
24
20
25
25
26
27
21
20
21
19
18
27
24
25
43
51
67
70
111
94
121
129
115
102
74
63
41
37
24
28
24
21
17
21
25
21
19
27
26
26
27
31
20
32
29
21
24
21
20
18
12
23
18
12
27
20
23
29
20
24
26
21
22
17
23
29
19
22
20
22
18
18
19
24
22
26
23
30
22
22
24
23
19
37
18
22
22
24
31
26
26
34
39
28
30
37
26
21
18
29
24
19
29
25
27
17
21
35
23
21
23
28
19
32
20
20
27
22
28
24
23
19
23
17
25
20
14
25
25
18
19
18
26
25
18
22
15
30
21
24
19
25
21
20
25
28
29
24
25
18
16
21
17
21
16
19
27
18
18
13
23
11
18
25
17
15
15
26
20
17
17
16
19
18
21
28
31
36
57
56
61
77
140
168
173
207
182
154
112
82
53
39
21
22
18
24
20
23
20
21
19
21
25
25
32
20
17
18
17
25
20
14
25
13
15
19
25
30
17
29
24
19
21
18
23
22
22
21
17
20
35
34
48
26
34
30
36
30
28
25
22
25
14
27
24
32
11
26
18
28
15
26
19
22
18
16
22
19
15
16
21
28
22
18
27
21
18
24
21
27
23
15
25
25
27
39
26
25
36
22
19
27
28
31
29
18
18
19
16
26
14
20
24
17
27
18
15
27
16
22
18
16
25
14
17
20
10
22
18
17
28
16
28
19
18
20
14
12
20
27
17
19
22
14
23
31
27
29
40
26
34
26
32
23
29
21
40
22
36
34
32
21
17
17
28
13
19
21
18
21
26
29
26
27
28
35
34
58
65
87
75
65
56
67
49
36
21
23
24
20
17
21
22
19
25
20
24
19
21
28
15
19
28
26
22
26
22
23
21
19
22
28
23
18
19
26
19
25
20
22
21
15
25
23
26
22
28
25
19
16
24
29
18
13
14
11
16
20
21
29
25
14
23
15
21
17
24
19
16
23
18
18
20
14
24
22
21
16
32
21
21
18
24
20
27
18
18
23
17
31
23
15
14
17
26
17
21
23
20
9
13
16
13
25
32
22
25
22
24
24
18
20
24
27
15
18
15
14
18
18
17
23
29
13
18
19
20
21
17
23
21
22
22
22
19
18
15
24
16
20
25
21
22
21
11
19
18
28
22
28
20
14
22
20
26
18
26
20
21
21
23
12
27
25
19
16
21
18
19
24
15
17
15
17
16
16
26
24
24
11
17
17
15
16
21
29
22
18
20
15
12
18
32
15
19
14
25
16
21
22
27
15
11
24
26
20
23
24
22
24
30
26
35
38
43
21
25
19
15
23
23
23
26
21
18
22
19
15
26
20
22
20
25
28
30
19
23
26
31
16
26
15
26
18
19
22
25
37
22
36
63
55
43
67
61
51
47
55
43
35
32
21
29
19
28
22
12
18
27
32
16
21
19
21
18
16
15
18
18
20
21
17
24
20
16
16
30
17
16
22
24
24
16
28
20
19
22
19
20
22
22
25
32
22
23
21
23
29
22
25
24
30
26
27
29
38
31
28
36
32
35
45
55
46
44
47
56
50
27
31
19
20
15
27
25
19
23
20
28
31
30
15
20
21
23
24
27
29
21
31
28
13
28
18
30
30
25
15
22
45
48
59
78
118
138
210
268
298
304
293
206
198
112
92
64
66
87
89
106
105
117
87
80
61
47
49
31
29
25
38
27
26
33
44
50
33
38
39
33
35
52
49
63
37
41
46
40
39
28
35
31
38
39
28
37
27
41
42
33
35
32
40
35
51
34
25
35
35
32
31
38
51
31
28
40
33
47
32
37
42
36
38
40
41
38
46
48
45
48
57
48
40
46
52
35
33
52
51
50
49
43
39
36
57
48
42
35
41
40
35
36
41
27
36
35
36
34
39
33
26
33
33
48
33
40
39
35
33
34
38
37
33
30
35
40
30
42
48
39
38
40
39
54
36
42
28
30
56
29
48
33
41
34
45
41
36
32
39
36
36
34
36
45
35
35
49
26
34
42
42
37
37
45
45
34
52
41
40
39
49
43
41
38
47
37
45
39
61
39
40
49
39
40
31
48
34
26
44
36
26
39
35
37
37
35
40
35
45
37
45
46
40
44
29
30
44
41
47
41
33
48
45
48
37
44
38
29
44
67
49
49
52
54
49
54
49
53
46
43
44
45
39
37
26
55
44
38
40
47
36
50
52
46
35
31
49
50
51
57
40
53
44
40
41
34
37
45
52
54
60
46
41
46
49
44
46
39
41
41
46
57
41
44
32
39
55
38
39
43
41
51
42
37
44
47
47
47
50
39
31
40
48
43
45
55
48
39
35
40
29
41
34
42
40
49
49
49
48
39
35
38
41
41
47
53
49
55
48
44
34
46
53
48
46
46
43
40
45
55
51
41
50
31
50
43
48
42
43
47
52
37
48
49
47
56
47
38
39
42
35
51
49
43
51
47
50
47
42
43
51
41
37
50
36
37
37
37
52
43
47
56
61
38
42
45
55
43
52
44
49
47
50
46
41
41
56
49
43
49
45
49
42
49
69
46
45
65
48
48
43
40
42
38
49
55
50
56
40
44
36
45
48
55
41
48
52
52
46
44
45
47
54
39
58
36
47
43
49
60
45
34
47
48
50
45
47
58
47
56
52
38
48
45
36
55
54
62
50
46
62
51
60
59
54
57
44
47
62
54
39
40
47
53
44
43
61
39
68
55
49
66
46
43
53
54
46
44
42
44
39
44
38
32
50
48
45
43
60
45
51
56
45
53
44
37
41
41
47
45
44
62
43
46
41
62
35
43
43
45
51
33
48
43
41
45
50
35
47
42
30
44
40
42
43
39
39
44
39
51
40
54
37
41
52
56
28
36
40
43
43
43
49
43
45
47
37
41
25
47
41
38
46
43
49
46
36
38
49
46
40
40
53
47
43
56
34
37
52
36
41
52
42
39
40
42
47
51
53
55
57
67
76
80
101
97
89
84
87
78
60
44
43
39
46
37
55
53
46
55
57
54
66
78
79
85
93
81
72
70
68
55
57
49
46
66
42
44
44
43
42
58
57
49
41
46
43
46
35
47
66
55
53
46
49
47
46
58
52
40
46
42
55
65
58
54
50
56
57
59
55
55
57
60
47
50
54
47
62
45
66
72
48
71
64
79
87
120
140
164
183
216
209
239
223
197
162
133
101
79
70
67
54
63
46
65
69
62
57
62
60
67
67
64
67
62
70
56
56
62
65
72
57
66
86
113
141
178
218
361
455
652
885
1098
1304
1417
1568
1379
1128
1000
661
420
320
201
144
118
93
102
98
76
91
120
66
87
97
73
81
96
102
79
83
96
104
93
96
93
91
82
92
94
85
92
105
88
73
80
80
85
97
76
66
90
91
63
107
78
80
98
89
86
83
85
74
95
95
86
80
83
81
74
96
77
78
85
81
72
82
81
100
70
101
84
105
84
92
75
96
81
72
79
96
99
79
82
80
95
110
98
81
92
78
83
77
92
72
82
71
88
89
91
93
85
97
81
81
100
96
79
86
71
87
108
99
93
97
94
81
97
73
77
84
75
76
71
96
116
63
70
89
98
87
85
91
71
73
97
84
86
77
87
91
86
101
88
92
80
88
84
80
95
77
66
85
80
84
91
78
88
95
90
92
75
84
103
79
93
78
80
77
64
75
68
96
74
95
99
67
74
84
94
87
77
59
80
91
69
82
89
68
87
61
88
84
60
72
86
81
87
75
73
76
105
85
73
77
89
100
71
65
100
90
86
94
84
75
91
91
78
77
104
96
95
83
78
79
90
91
92
86
79
79
84
83
94
85
86
100
92
86
77
77
95
92
93
69
83
69
75
87
75
79
92
85
87
91
97
89
92
81
86
97
104
88
97
86
81
90
85
94
108
89
86
77
82
86
96
78
91
75
78
83
102
72
83
82
84
77
63
90
81
95
77
97
80
85
88
76
67
71
80
68
77
73
98
95
68
84
86
93
80
89
86
83
74
78
76
95
67
77
80
69
58
88
82
81
77
97
91
85
72
75
91
93
77
89
66
89
76
83
76
99
86
71
97
72
75
91
74
82
85
83
102
77
85
88
78
83
91
90
69
67
96
83
71
73
68
72
65
67
80
79
63
72
58
66
65
78
71
63
64
83
61
71
70
58
80
59
81
58
63
64
64
70
76
84
56
64
61
65
64
61
57
82
63
71
77
70
68
55
55
52
68
62
61
47
54
67
62
70
62
74
73
53
55
56
54
60
67
56
59
62
45
61
57
58
62
68
59
55
62
57
45
63
60
49
56
57
78
59
69
72
45
64
68
54
51
53
49
52
55
64
44
49
54
59
58
49
59
49
52
55
55
53
51
50
48
43
54
48
45
51
50
42
41
40
42
50
39
54
48
45
30
46
42
53
30
45
48
33
40
37
35
33
43
47
37
19
39
38
38
42
40
42
32
31
33
29
37
35
23
39
36
31
40
27
43
25
19
26
28
24
37
29
33
31
24
28
32
22
23
30
26
20
19
32
20
34
34
23
17
22
25
21
15
24
18
29
20
21
18
15
18
21
25
19
12
20
13
19
23
16
14
23
15
12
28
27
35
48
52
62
71
67
70
77
51
28
36
25
11
24
18
12
10
13
22
14
28
32
51
50
65
50
59
50
45
26
31
20
18
9
12
8
8
17
10
5
12
12
13
10
11
9
10
10
9
6
22
12
11
16
8
10
10
8
10
9
9
9
12
8
11
5
8
10
8
11
9
12
9
6
17
9
8
15
5
11
6
6
17
14
18
36
56
68
99
121
158
176
192
230
196
155
122
97
61
28
17
10
6
6
11
5
8
10
6
6
9
5
16
7
8
6
9
11
10
10
6
11
5
12
42
39
72
134
219
342
498
690
963
1272
1460
1658
1649
1458
1241
889
612
387
202
83
40
10
3
2
0
1
0
0
0
1
0
0
0
0
0
0
0
2
0
1
1
2
0
1
0
0
0
0
0
1
1
0
0
0
0
0
0
0
1
0
0
1
0
0
0
0
1
0
0
0
0
0
0
0
0
1
0
0
0
0
0
1
0
0
0
0
0
0
0
0
0
0
1
0
0
3
0
1
2
1
1
0
0
1
0
0
0
0
0
1
0
0
0
0
0
0
1
0
0
0
0
0
0
0
0
0
0
0
0
0
0
0
0
0
0
2
0
0
0
0
0
1
0
0
2
1
0
0
0
0
0
0
0
0
0
0
0
0
0
0
0
0
2
0
0
0
1
0
1
0
0
0
1
0
0
0
0
0
0
1
0
0
0
0
0
0
0
1
0
0
1
0
0
0
0
0
0
0
0
0
0
2
1
0
0
0
2
5
0
0
1
0
1
1
1
0
0
0
0
0
0
1
0
1
1
0
0
0
0
0
0
1
0
0
0
0
0
0
1
0
1
0
0
0
0
0
0
1
0
1
1
0
0
0
0
1
1
0
1
0
1
0
0
1
0
0
0
0
0
0
0
0
1
0
1
0
1
2
2
3
1
1
1
1
0
2
0
0
1
0
0
0
1
0
1
0
0
0
2
1
0
0
0
0
0
0
0
0
1
0
0
0
0
0
1
0
1
0
0
0
0
0
1
0
0
0
1
0
0
0
0
0
0
2
0
0
0
0
1
0
0
0
0
1
0
3
0
0
0
1
0
0
0
0
0
0
0
2
0
2
0
0
0
0
0
1
0
1
0
0
1
0
0
1
0
0
0
0
1
0
1
0
1
0
0
0
0
0
0
0
0
0
0
0
0
0
0
1
0
0
0
0
0
0
0
0
0
1
0
2
0
0
1
0
0
0
0
1
1
0
0
0
0
1
0
2
0
2
0
2
0
0
0
1
0
0
1
0
0
1
0
0
1
0
0
1
1
0
0
0
0
0
0
0
0
0
0
0
0
1
0
0
0
1
1
0
0
0
0
1
0
1
1
1
0
0
0
1
0
0
1
0
0
1
0
0
0
0
0
0
0
0
0
0
0
0
1
1
0
0
0
0
0
0
0
0
0
0
1
0
0
0
1
1
0
0
0
0
0
0
0
0
0
1
0
0
0
0
0
0
1
0
0
1
1
1
0
0
0
0
0
1
0
0
0
1
0
0
0
0
0
0
1
2
0
1
1
0
0
0
0
1
1
1
0
0
0
0
0
0
0
0
2
0
0
0
0
0
0
0
0
0
0
0
0
0
0
0
1
1
0
1
0
0
0
0
0
0
1
0
0
1
0
0
0
1
0
0
0
0
1
0
2
0
0
0
0
0
0
1
0
0
0
0
1
0
0
0
0
0
0
0
0
0
1
0
1
1
0
2
1
0
1
2
1
1
0
2
1
1
2
1
0
0
0
0
0
0
0
0
0
1
0
1
0
1
0
0
0
0
0
0
1
0
1
0
1
1
0
0
0
0
0
0
0
0
0
0
1
0
0
0
1
0
0
0
1
1
0
0
0
0
0
0
0
0
0
1
1
0
0
0
0
0
0
0
0
0
0
0
0
1
0
0
0
0
0
0
0
0
0
0
0
0
0
0
0
1
0
0
0
0
0
0
0
0
0
0
0
0
1
0
0
0
0
0
1
1
0
0
0
0
0
1
0
0
1
1
0
0
1
0
0
0
0
1
0
0
0
0
1
1
1
1
1
2
2
2
2
2
0
0
0
0
0
1
0
0
0
1
0
0
0
0
0
0
0
0
0
0
0
0
0
0
0
0
0
1
0
0
0
0
0
1
0
0
0
0
0
1
1
2
0
0
0
0
0
0
0
0
0
0
0
0
0
2
1
0
0
1
2
1
0
0
0
0
0
0
0
1
0
1
0
0
0
0
0
1
0
0
0
0
0
0
0
0
0
0
0
0
0
0
0
0
0
0
1
0
0
0
0
1
0
1
0
0
0
1
0
1
1
0
0
0
1
0
0
0
0
0
0
0
0
0
0
0
2
3
3
3
2
1
1
4
1
0
0
3
0
1
1
0
0
1
1
1
0
0
0
0
0
0
0
0
0
0
0
0
1
0
1
1
0
0
0
0
0
0
0
0
1
1
1
0
0
0
0
0
0
1
0
1
2
0
0
0
0
0
0
0
0
1
1
0
0
1
0
0
0
0
0
1
1
0
1
0
0
1
0
0
0
0
0
0
0
0
0
0
0
0
0
0
1
1
2
1
0
0
0
0
1
2
0
0
0
0
0
1
0
1
1
0
0
2
1
0
0
0
0
0
0
0
0
0
1
0
0
1
0
0
0
0
0
0
0
1
0
0
0
1
1
0
1
0
3
0
1
0
0
0
2
0
0
1
0
1
0
1
0
1
2
1
1
5
2
2
1
1
1
1
0
0
0
0
0
0
0
0
1
1
0
1
0
0
0
0
0
0
0
0
0
0
0
0
0
1
0
0
0
1
1
0
0
0
0
0
0
0
1
2
0
0
0
1
0
2
0
0
0
0
0
1
1
1
1
0
0
0
0
0
0
0
0
0
0
1
0
0
0
1
0
0
0
1
1
0
1
1
0
0
1
1
0
0
0
1
0
0
0
0
2
0
0
1
1
1
0
0
1
0
0
0
0
0
0
0
0
1
0
0
1
0
0
1
3
0
0
1
1
1
1
1
0
0
0
2
1
1
0
0
0
0
0
1
0
1
0
0
0
0
1
0
0
1
0
0
0
0
0
0
0
0
0
0
0
0
1
0
0
0
0
1
0
1
1
0
0
1
0
0
0
0
0
0
0
0
1
0
0
0
0
1
0
0
0
0
1
0
0
1
1
0
0
2
0
0
2
0
0
0
1
0
0
0
0
0
0
0
0
0
0
0
1
0
0
1
1
1
0
0
0
0
1
1
2
0
0
0
1
0
0
0
0
0
1
0
0
1
0
1
1
1
0
0
0
0
0
1
0
0
1
0
1
0
0
0
0
0
0
0
0
0
0
3
1
0
0
0
0
1
1
2
0
0
0
0
0
0
0
0
2
1
1
0
1
0
0
0
0
0
0
1
0
1
1
0
1
0
0
1
0
0
2
0
0
0
0
0
0
0
0
1
0
2
0
1
0
0
1
0
0
2
1
0
0
0
0
0
0
1
0
0
1
0
0
0
0
0
0
0
0
0
0
0
1
0
0
0
0
0
0
0
0
0
0
0
1
0
0
0
0
0
0
0
0
0
0
0
0
0
0
0
0
0
2
1
0
0
0
0
0
0
1
0
0
0
1
0
0
1
0
1
0
1
0
0
0
0
1
1
0
0
0
1
0
1
2
1
3
3
2
7
2
8
5
3
2
1
0
4
2
0
0
0
0
0
1
1
1
0
0
0
2
0
0
0
0
0
0
0
0
0
0
1
1
0
3
1
1
0
0
0
0
0
0
0
0
1
0
0
0
0
0
1
0
0
1
0
0
0
1
0
0
0
1
0
1
0
0
0
0
0
0
0
0
0
1
0
0
0
0
0
0
0
0
0
2
0
1
0
0
1
1
0
1
0
0
0
0
0
0
0
0
0
0
0
0
1
0
0
0
0
1
1
1
0
0
1
0
0
0
0
1
0
0
0
1
0
1
0
0
1
2
0
1
1
1
1
1
1
3
1
0
3
1
1
0
1
1
2
0
0
1
0
0
0
0
0
0
0
0
0
1
0
0
0
0
0
0
0
0
0
0
1
0
0
0
0
0
1
0
0
0
0
0
0
0
1
0
0
0
0
1
0
0
0
1
0
0
0
0
0
0
1
0
0
0
0
0
0
0
1
0
0
1
0
0
0
0
0
0
2
0
0
0
0
0
1
0
0
0
0
0
0
0
1
0
0
1
1
0
0
1
0
0
1
0
0
0
0
1
0
0
0
0
1
1
1
1
0
0
1
0
1
0
0
1
0
0
1
1
0
1
0
1
0
0
0
0
0
0
1
0
0
0
0
0
0
0
1
0
0
0
1
0
0
0
0
0
0
1
2
2
0
0
1
0
1
0
0
1
0
0
0
2
0
0
0
0
0
0
1
0
0
0
0
0
0
0
0
1
0
0
0
0
1
1
2
1
0
0
0
1
0
0
0
0
0
1
0
1
0
1
0
1
0
1
1
0
1
0
0
0
0
0
0
0
0
0
0
0
0
1
1
0
1
0
0
0
0
0
0
1
0
0
0
0
0
0
0
0
0
0
0
0
0
0
1
0
1
0
0
0
0
0
1
1
0
0
0
0
0
0
0
0
0
0
0
0
0
0
0
1
0
0
1
0
0
0
0
0
0
0
0
0
0
0
0
0
0
0
0
0
0
0
0
0
0
0
0
0
0
0
0
0
0
1
1
0
1
0
0
0
0
0
1
0
0
0
1
0
0
0
0
1
0
0
0
0
1
1
0
0
0
0
0
0
0
0
0
0
0
0
1
0
0
0
0
1
0
1
0
0
0
0
0
0
0
0
1
0
0
0
1
0
0
1
0
0
0
0
2
0
0
0
1
0
0
0
0
0
0
0
0
0
1
1
0
0
0
0
0
0
0
0
0
0
0
0
0
0
1
0
0
0
1
0
0
0
0
0
0
0
0
0
0
0
0
1
0
0
0
0
0
0
0
0
0
0
0
0
0
0
0
0
0
0
0
0
1
0
0
0
0
0
0
0
0
0
1
0
0
0
0
0
0
0
0
0
0
0
0
0
1
0
0
0
1
0
0
0
0
0
0
0
0
0
0
0
0
0
0
0
1
0
0
0
0
0
0
0
0
0
0
0
0
0
1
0
0
0
0
0
0
0
0
0
0
0
0
0
0
0
0
0
0
0
0
0
1
0
0
0
0
0
0
0
0
0
0
0
0
0
0
0
0
0
0
0
0
0
0
0
0
0
0
0
0
0
1
0
0
0
0
0
0
0
0
0
1
0
0
1
1
2
2
5
8
2
3
4
5
6
2
2
5
2
0
0
0
0
0
0
0
0
0
0
0
0
0
0
1
0
0
0
0
0
0
0
0
0
0
0
0
0
0
0
0
0
0
0
0
0
0
0
0
0
0
0
0
0
0
0
0
0
0
0
0
0
0
0
0
0
0
0
0
0
0
0
0
0
0
0
0
0
0
0
0
0
0
0
0
0
0
0
0
0
0
0
0
0
0
0
0
0
0
0
0
0
0
0
0
0
0
0
0
0
0
0
0
0
0
0
1
0
0
0
0
0
0
0
0
0
0
0
0
0
0
0
0
0
0
0
0
0
0
0
0
0
0
0
0
0
0
0
0
0
0
0
0
0
0
0
0
0
0
0
0
0
0
0
0
0
0
0
0
0
0
0
0
0
0
0
0
0
0
0
0
0
0
0
0
0
0
0
0
0
0
0
0
0
0
0
0
0
0
0
0
0
0
0
0
0
0
0
0
0
0
0
0
0
0
0
0
0
0
0
0
0
0
0
0
0
0
0
0
0
0
0
0
0
0
0
0
0
0
0
0
0
0
0
0
0
0
0
0
0
0
0
0
0
0
0
0
0
0
0
0
0
0
1
0
0
0
0
0
0
0
0
0
0
0
0
0
0
0
0
0
0
0
0
0
0
0
0
0
0
0
1
0
0
0
0
0
0
0
0
0
0
0
0
0
0
0
0
0
0
0
0
0
0
0
0
0
0
0
1
0
0
0
0
0
0
0
0
0
0
0
0
0
0
0
0
0
0
1
0
0
0
0
0
0
0
0
0
0
0
0
0
0
0
0
0
0
0
0
0
0
0
0
0
0
0
0
0
0
0
0
0
0
0
0
0
0
0
0
0
0
0
0
0
0
0
0
0
0
0
0
0
0
0
0
0
0
0
0
0
0
0
0
0
0
0
0
0
0
0
0
0
0
0
0
0
0
0
0
0
0
0
0
0
0
0
0
0
0
0
0
0
0
0
0
0
0
0
0
0
0
0
0
0
0
0
0
0
0
0
0
0
0
0
0
0
0
0
0
0
0
0
0
0
0
0
0
0
0
0
0
0
0
0
0
0
0
0
1
0
0
0
0
0
0
0
0
0
0
0
0
0
0
0
0
0
0
0
0
0
0
0
0
0
0
0
0
0
0
0
0
0
0
0
0
0
0
0
0
0
1
0
0
0
0
0
0
0
0
0
0
0
0
0
0
0
0
0
0
0
0
1
0
0
0
0
0
0
0
0
0
0
0
0
0
0
0
0
0
0
0
0
0
0
0
0
0
0
0
0
0
0
0
0
0
0
0
0
0
1
0
0
0
0
0
0
0
0
0
0
0
0
0
0
0
0
0
0
0
0
0
0
0
0
0
0
0
0
0
0
0
0
0
0
0
0
0
0
0
0
0
0
1
0
0
0
1
0
0
0
0
0
0
0
0
0
0
0
0
0
0
0
0
0
0
0
0
0
0
0
0
0
0
0
0
0
0
0
0
0
0
0
1
0
0
0
0
0
0
0
0
0
0
0
0
0
0
0
0
1
0
0
0
0
0
0
0
0
0
0
0
0
0
0
0
0
0
0
0
0
0
0
0
0
0
0
0
0
0
0
0
0
0
0
0
0
0
1
0
0
0
0
0
0
0
0
0
0
0
0
0
0
1
0
0
0
0
0
0
0
1
0
0
0
0
0
0
0
0
0
0
0
0
0
0
0
0
0
0
0
0
0
0
0
0
0
0
0
0
0
0
0
0
0
0
0
0
0
0
0
0
0
0
0
0
0
0
0
0
0
0
0
0
0
0
0
0
0
0
0
0
0
0
0
0
0
0
0
0
0
0
0
0
0
0
0
0
0
0
0
0
0
0
0
0
0
0
0
0
0
0
0
0
0
0
0
0
0
0
0
0
0
0
0
0
0
0
0
0
0
0
0
0
0
0
0
0
0
0
0
0
0
0
0
0
0
0
0
0
0
0
0
0
0
0
0
0
0
0
0
0
0
0
0
0
0
0
0
0
0
0
0
0
0
0
0
0
0
0
0
0
0
0
0
0
0
0
0
0
0
0
0
0
0
0
0
0
0
0
0
0
0
0
0
0
0
0
0
0
0
0
0
0
0
0
0
0
0
0
0
0
0
0
0
0
0
1
0
0
0
0
0
0
0
0
0
0
0
0
0
0
0
0
1
0
0
0
0
0
0
0
0
0
0
0
0
0
0
0
0
0
0
0
0
0
0
0
0
0
0
0
0
0
0
0
0
0
0
0
0
0
0
0
0
0
0
0
0
0
0
0
0
0
0
0
0
0
0
0
0
0
0
0
0
0
0
0
0
0
0
0
0
0
0
0
0
0
0
0
0
0
0
0
0
0
0
0
0
0
0
0
0
1
0
0
0
0
0
0
0
0
0
0
0
0
0
0
1
0
0
0
0
0
0
0
0
0
0
0
0
0
0
0
0
0
0
0
0
0
0
0
0
0
0
0
0
0
0
0
0
0
0
0
0
0
0
0
0
0
0
0
0
0
0
0
0
0
0
0
0
0
0
0
0
0
0
0
0
0
0
0
0
0
0
0
0
0
0
0
0
0
0
0
0
0
0
0
0
0
0
0
0
0
0
0
0
0
0
0
0
0
0
0
0
0
0
0
0
0
0
0
0
0
0
0
0
0
0
0
0
0
0
0
0
0
0
0
0
0
0
0
0
0
0
0
0
0
0
0
0
0
0
0
0
1
0
0
0
0
0
0
0
0
0
0
0
0
0
0
1
0
0
0
0
0
0
0
0
0
0
0
1
0
0
0
1
0
0
0
0
0
0
0
0
0
0
0
0
0
0
0
1
0
0
0
0
0
0
0
0
0
0
0
0
0
0
0
0
0
0
0
0
0
0
0
0
0
0
0
0
0
0
0
0
0
0
0
0
0
0
0
0
0
0
0
0
0
0
0
0
0
0
0
0
0
0
0
0
0
0
0
0
0
0
0
0
0
0
0
0
0
0
0
0
0
0
0
0
0
0
0
0
0
0
0
0
0
0
0
0
0
0
0
0
0
0
0
0
0
0
0
0
0
0
0
0
0
0
0
0
0
0
0
0
0
0
0
0
0
0
0
0
0
0
0
0
0
0
0
0
0
0
0
0
0
0
0
0
0
0
0
0
0
0
0
0
0
0
0
0
0
0
0
0
0
0
0
0
0
0
0
0
0
0
0
0
0
0
0
0
0
0
0
0
0
0
0
0
0
0
0
0
0
0
0
0
0
0
0
0
0
1
0
0
0
0
0
0
0
0
0
0
0
0
0
0
0
0
0
0
0
0
0
0
0
0
1
0
0
0
1
0
0
0
0
0
0
0
0
0
0
0
0
0
0
0
0
0
0
0
0
1
0
0
0
0
0
0
0
0
0
0
0
0
0
0
0
0
0
0
0
0
0
0
0
0
0
0
0
0
0
0
0
0
0
0
0
0
0
0
0
0
0
0
0
0
0
0
0
0
0
0
0
0
0
0
0
0
0
0
0
0
0
0
0
0
0
0
0
0
0
0
0
0
0
0
0
0
0
0
0
0
0
0
0
0
0
0
0
0
0
0
0
0
0
0
0
0
0
0
0
0
0
0
0
0
0
0
0
0
0
0
0
0
0
0
0
0
0
0
0
0
0
0
0
0
0
0
0
0
0
0
0
0
1
0
0
0
0
0
0
0
0
0
0
0
0
0
0
0
0
0
0
0
0
0
0
0
0
0
0
0
0
0
0
0
0
0
0
0
0
0
0
0
0
0
0
0
0
0
0
0
0
0
0
0
0
0
0
0
0
0
0
0
0
0
0
0
0
0
1
0
0
0
0
0
0
0
0
0
0
0
0
0
0
0
0
0
0
0
0
0
0
0
0
0
0
0
0
0
0
0
0
0
0
0
0
0
0
0
0
0
0
0
0
0
0
0
0
0
0
0
0
0
0
0
0
1
0
0
0
0
0
0
0
0
0
0
0
0
1
0
0
0
0
0
0
0
0
0
0
0
0
0
0
0
0
0
0
0
0
0
0
0
0
0
0
0
0
0
0
0
0
0
0
0
0
0
0
0
1
0
0
0
0
0
0
0
0
0
1
0
0
0
0
0
0
0
0
0
0
0
0
0
0
0
0
0
0
0
0
0
1
0
0
0
0
0
0
0
0
0
0
0
0
0
0
0
0
1
0
0
0
0
0
0
0
0
0
0
0
0
0
0
0
0
0
0
0
0
0
0
0
0
0
0
0
0
0
0
0
0
0
0
0
0
0
0
0
0
0
0
0
0
0
0
0
0
0
0
0
0
0
0
0
0
0
0
0
0
0
0
0
0
0
0
0
0
0
0
0
0
0
0
0
0
0
0
0
0
0
0
0
0
0
0
0
0
0
0
0
0
0
0
0
0
0
0
0
0
0
0
0
0
0
0
0
0
0
0
0
0
0
0
0
0
0
0
0
0
0
0
0
0
0
0
0
0
0
0
0
0
0
0
0
0
0
0
0
0
0
0
0
0
0
0
0
0
0
0
0
0
0
0
0
0
0
0
0
0
0
0
0
0
0
0
0
0
0
0
0
0
0
0
0
0
0
0
0
0
0
0
0
0
0
0
0
0
0
0
0
0
0
0
0
0
0
0
0
0
0
0
0
0
0
0
0
0
0
0
0
0
0
0
0
0
0
0
0
0
0
0
0
0
0
0
0
0
0
0
0
0
0
0
0
0
0
0
0
0
0
0
0
0
0
0
0
0
0
0
0
0
0
0
0
0
0
0
0
0
0
0
0
0
0
0
0
0
0
0
0
0
0
0
0
0
0
0
0
0
0
0
0
0
0
0
0
0
0
0
0
0
0
0
0
0
0
0
0
0
0
0
0
0
1
0
0
0
0
0
0
0
0
0
0
0
0
0
0
0
0
0
0
0
0
0
0
0
0
0
0
0
0
0
0
0
0
0
0
0
0
0
0
0
0
0
0
0
0
0
0
0
0
0
0
0
0
0
0
0
0
0
0
0
0
0
0
0
0
0
0
0
0
0
0
0
0
0
0
0
0
0
0
0
0
0
0
0
0
0
0
0
0
0
0
0
0
0
0
0
0
0
0
0
0
0
0
0
0
0
0
0
0
0
0
0
0
0
0
0
0
0
0
0
0
0
0
0
0
0
0
0
0
0
0
0
0
0
0
0
0
0
0
0
0
0
0
0
0
0
0
0
0
0
0
0
0
0
0
0
0
0
0
0
0
0
0
0
0
0
0
0
0
0
0
0
0
0
0
0
0
0
0
0
0
0
0
1
0
0
0
0
0
0
0
0
0
0
0
0
0
0
0
0
1
0
0
0
0
0
0
0
0
0
0
0
0
0
0
0
0
0
0
0
0
0
0
0
0
0
0
0
0
0
0
0
0
0
0
0
0
0
0
0
0
0
0
0
0
0
0
0
0
0
0
0
0
0
0
0
0
0
0
0
0
0
0
0
0
0
0
0
0
0
0
0
1
0
0
0
0
0
0
0
0
0
0
0
0
0
0
0
0
0
0
0
0
0
0
0
0
0
1
0
0
0
0
0
0
0
0
0
0
0
0
0
0
0
0
0
0
0
0
0
0
0
0
0
0
0
0
0
0
0
0
0
0
0
0
0
0
0
0
0
0
0
0
0
0
0
0
0
0
0
0
0
0
0
0
0
0
0
0
0
0
0
0
0
0
0
0
0
0
0
0
0
0
0
0
0
0
0
0
0
0
0
0
0
0
0
0
0
0
0
0
0
0
0
0
0
0
0
0
0
0
0
0
0
0
0
0
0
0
0
0
0
0
0
0
0
0
0
0
0
0
0
0
0
0
0
0
0
0
0
0
0
0
0
0
0
0
0
0
0
0
0
0
0
0
0
0
0
0
0
0
0
0
0
0
0
0
0
0
0
0
0
0
0
0
0
0
0
0
0
0
0
0
0
0
0
0
0
0
0
0
0
0
0
0
0
0
0
0
0
0
0
0
0
0
0
0
0
0
0
0
0
0
0
0
0
0
0
0
0
0
0
0
0
0
0
0
0
0
0
0
0
0
0
0
0
0
0
0
0
0
0
0
0
0
0
0
0
0
0
0
0
0
0
0
0
0
1
0
0
0
0
0
0
0
0
0
0
0
0
0
0
0
0
0
0
0
0
0
0
0
0
0
0
0
0
0
0
0
0
0
0
0
0
0
0
0
0
0
0
0
0
0
0
0
0
0
0
0
0
0
0
0
0
0
0
0
0
0
0
0
0
0
0
0
0
0
0
0
0
0
0
0
0
0
0
0
0
0
0
0
0
0
0
0
0
0
0
0
0
0
0
0
0
0
0
0
0
0
0
0
0
0
0
0
0
0
0
0
0
0
0
0
0
0
0
0
0
0
0
0
0
0
0
0
0
0
0
0
0
0
0
0
0
1
0
0
0
0
0
0
0
0
0
0
0
0
0
0
0
0
0
0
0
0
0
0
0
0
0
0
0
0
0
0
0
0
0
0
0
0
0
0
0
0
0
0
0
0
0
0
0
0
0
0
0
0
0
0
0
0
0
0
0
0
0
0
0
0
0
0
0
0
0
0
0
0
0
0
0
0
0
0
0
0
0
0
0
0
0
0
0
0
0
0
0
0
0
0
0
0
0
0
0
0
0
0
0
0
0
0
0
0
0
0
0
0
0
0
0
0
0
0
0
0
0
0
0
0
0
0
0
0
0
0
0
0
0
0
0
0
0
0
0
0
0
0
0
0
0
0
0
0
0
0
0
0
0
0
0
0
0
0
0
0
0
0
0
0
0
0
0
0
0
0
0
0
0
0
0
0
0
0
0
0
0
0
0
0
0
0
0
0
0
0
0
0
0
0
0
0
0
0
0
0
0
0
0
0
0
0
0
0
0
0
0
0
0
0
0
0
0
0
0
0
0
0
0
0
0
0
0
0
0
0
0
0
0
0
0
0
0
0
0
0
0
0
0
0
0
0
0
0
0
0
0
0
0
0
0
0
0
0
0
1
0
0
0
0
0
0
0
0
0
0
0
0
0
0
0
0
0
0
0
0
0
0
0
0
0
0
0
0
0
0
0
0
0
0
0
0
0
0
0
0
0
0
0
0
0
0
0
0
0
0
0
0
0
0
0
0
0
0
0
0
0
0
0
0
0
0
0
0
0
0
0
0
0
0
0
0
0
0
0
0
0
0
0
0
0
0
0
0
0
0
0
0
0
0
0
0
0
0
0
0
0
0
0
0
0
0
0
0
0
0
0
0
0
0
0
0
0
0
0
0
0
0
0
0
0
0
0
0
0
0
0
0
0
0
0
0
0
0
0
0
0
0
0
0
0
0
0
0
0
0
0
0
0
0
0
0
0
0
0
0
0
0
0
0
0
0
0
0
0
0
0
0
0
0
0
0
0
0
0
0
0
0
0
0
0
0
0
0
0
0
0
0
0
0
0
0
0
0
0
0
0
0
0
0
0
0
0
0
0
0
0
0
0
0
0
0
0
0
0
0
0
0
0
0
0
0
0
0
0
0
0
0
0
$ENER_FIT:
-1.4790 0.712350 0.000000e+00
$MCA_CAL:
3
-1.4790 0.712350 0.000000e+00
$ENDRECORD:
