$SPEC_ID:
None

$MEAS_TIM:
1182.85000 1226.66000
$DATE_MEA:
05/07/2013 12:55:03 PM
$DATA:
0 16383
0
0
0
0
0
0
0
0
0
0
0
0
0
0
0
0
0
0
0
0
0
0
0
0
0
0
0
0
0
0
0
0
0
0
0
0
0
0
0
0
0
0
0
0
0
0
0
0
1
8
27
31
33
40
35
42
22
14
53
264
495
452
460
448
432
446
454
448
413
470
478
475
444
431
453
468
484
489
473
496
490
499
485
474
498
524
502
527
523
491
509
545
570
552
582
601
518
580
548
607
593
603
624
634
589
647
633
648
670
713
785
740
804
903
902
819
763
781
798
662
643
683
627
709
647
642
654
646
743
753
763
709
716
753
800
748
742
683
660
681
712
655
640
722
633
664
603
716
721
640
704
679
672
634
619
658
656
645
698
655
679
708
694
714
688
696
722
687
642
657
691
701
672
690
661
645
681
705
695
662
669
656
676
634
672
678
680
676
687
659
654
678
678
658
624
632
643
666
612
679
647
654
626
670
665
596
618
645
674
663
647
625
589
588
589
588
612
586
608
647
625
606
640
586
621
590
618
619
581
585
579
643
602
606
631
591
612
591
540
575
599
601
572
579
605
642
598
569
652
619
579
611
601
545
571
563
541
601
593
563
558
584
616
607
585
615
637
654
589
568
567
568
618
578
601
552
604
624
575
597
566
543
561
532
566
554
554
563
577
505
552
573
567
570
552
521
558
559
505
539
588
535
606
581
558
595
536
541
580
511
558
543
571
510
559
538
555
546
545
539
518
520
492
533
524
499
545
501
493
535
536
545
522
525
512
520
463
505
511
549
495
516
548
497
494
482
503
524
532
474
464
506
449
536
476
492
523
459
509
479
523
507
473
496
496
508
491
476
470
500
452
532
520
517
489
503
502
510
495
449
461
526
476
510
445
507
480
453
442
482
467
449
488
460
469
497
477
479
471
462
418
488
486
473
474
473
459
461
459
524
508
492
480
491
490
444
477
502
461
409
484
469
432
479
422
458
478
434
462
434
433
426
421
425
396
456
378
398
430
463
477
393
402
437
444
425
395
405
415
433
407
404
396
352
381
417
470
406
416
424
407
425
362
391
404
377
416
418
387
409
426
426
432
400
406
420
385
381
399
392
384
403
400
409
357
407
394
381
372
396
369
380
399
377
416
384
388
366
386
414
370
348
387
358
363
362
377
354
349
370
346
343
308
373
359
353
378
341
358
326
340
353
341
334
329
320
365
333
362
351
333
304
329
341
338
326
312
309
332
318
376
367
329
333
297
323
326
308
321
313
334
330
324
260
315
319
297
289
302
296
307
271
301
322
328
298
303
296
264
298
303
279
292
268
305
270
310
279
311
317
294
305
291
289
291
295
322
304
340
294
310
301
292
308
285
295
298
293
282
258
323
302
298
282
268
315
290
279
296
321
272
295
305
262
279
314
302
302
297
284
301
262
270
283
289
287
289
311
283
279
295
297
251
260
259
274
289
255
293
308
270
267
275
272
274
277
256
298
250
270
257
259
246
266
283
279
269
280
281
299
276
271
287
257
247
273
257
259
253
237
233
264
317
259
274
245
281
249
270
272
281
238
237
272
231
238
228
231
267
241
263
269
275
261
222
291
243
290
243
249
237
244
252
253
257
246
250
244
277
253
260
261
260
238
286
270
278
229
225
285
288
258
237
245
235
215
244
229
247
248
242
241
265
232
250
246
240
257
251
249
240
254
252
239
252
227
241
265
259
248
253
275
278
249
258
272
283
262
265
269
264
269
286
345
447
636
876
1116
1188
1319
1330
1376
1358
1461
1455
1434
1415
1464
1413
1387
1370
1397
1391
1337
1316
1166
1039
916
729
486
326
247
210
201
196
212
172
202
183
203
185
180
217
188
202
184
194
209
198
187
159
196
191
178
181
179
184
195
203
180
164
195
202
184
180
198
234
286
389
552
732
863
868
765
570
427
285
250
222
198
164
216
217
203
196
168
156
175
173
187
185
186
194
167
180
197
197
179
192
187
188
196
183
177
176
157
182
148
178
168
160
160
179
203
212
165
173
166
188
181
164
198
207
188
169
197
200
173
187
173
173
199
189
187
169
178
189
170
159
171
189
207
204
179
194
223
302
597
1223
2078
2253
1665
843
423
214
151
176
171
171
156
169
151
175
166
139
173
169
143
158
156
158
163
151
167
144
160
215
232
304
274
263
195
187
158
182
192
198
173
156
179
201
203
228
194
169
157
158
148
162
163
171
150
161
163
145
148
157
158
151
173
177
201
184
210
182
182
157
157
178
171
151
164
169
175
155
177
176
134
137
178
148
158
181
177
150
188
151
158
171
179
145
176
176
155
163
163
165
161
171
142
158
142
154
169
129
155
148
154
169
151
164
154
161
153
171
162
161
145
154
152
173
149
174
158
168
171
152
167
167
141
152
170
171
156
154
172
159
164
149
167
143
146
156
158
164
156
139
163
157
188
251
315
481
487
398
299
222
171
185
173
189
186
197
154
155
152
151
149
129
158
147
144
158
148
157
160
146
159
184
158
139
150
132
142
144
158
144
146
152
171
129
138
135
156
137
135
141
158
153
158
151
138
155
163
125
140
167
139
134
165
137
137
140
145
133
141
132
163
146
124
144
150
152
148
149
168
158
145
156
129
162
144
140
137
151
171
169
142
153
147
160
134
154
155
168
171
159
154
134
142
167
169
139
163
147
154
177
134
145
154
165
140
136
134
151
132
132
163
141
134
145
172
189
191
244
284
216
182
167
149
150
155
136
135
138
143
136
159
156
140
160
153
135
144
152
157
149
142
143
161
138
147
155
175
140
149
146
166
150
160
184
167
179
154
151
159
164
141
124
151
136
166
157
145
160
117
153
146
135
142
117
162
157
141
151
140
144
156
147
140
158
144
151
146
145
131
146
141
123
153
144
132
149
135
138
160
135
160
119
166
155
149
137
139
149
146
144
164
142
145
146
162
158
174
161
134
129
139
176
149
125
151
159
136
153
157
137
157
146
129
154
157
138
153
126
142
141
141
137
152
142
138
153
152
141
196
218
224
254
206
182
145
139
140
177
137
124
144
134
130
151
172
133
130
145
158
135
162
152
149
139
143
136
156
135
153
137
138
124
132
136
149
151
181
122
126
141
146
136
132
127
142
163
157
148
139
146
151
156
140
131
150
150
157
157
169
168
133
140
158
150
152
147
138
127
153
137
132
146
142
137
136
143
141
148
123
130
143
135
145
160
144
140
137
139
139
150
145
143
165
138
140
137
161
155
142
145
153
144
139
119
150
168
138
130
144
144
145
145
142
134
139
136
134
130
145
140
140
159
129
151
142
143
141
134
129
155
126
126
113
156
146
148
139
138
131
139
163
160
150
150
142
130
163
138
143
149
143
162
158
125
126
145
130
132
150
152
143
129
153
149
155
136
145
160
149
149
123
129
129
147
151
154
137
160
143
167
138
139
134
153
165
150
143
142
164
144
154
136
147
137
153
147
111
120
161
142
141
134
146
134
131
151
165
143
132
150
113
131
140
143
153
148
127
143
150
120
142
150
141
149
136
131
128
126
153
119
138
135
133
138
137
136
146
146
150
149
144
132
146
144
147
129
121
152
138
119
163
138
141
142
149
137
126
134
153
148
146
136
144
142
126
135
105
153
147
128
139
127
147
121
175
125
164
125
151
144
149
108
139
131
153
135
152
147
145
132
151
153
174
142
153
139
129
157
140
164
148
128
127
147
176
160
127
150
131
148
136
135
133
159
138
140
158
146
114
139
143
156
145
146
129
138
142
143
148
139
132
128
138
112
145
157
152
137
153
138
139
138
173
124
158
123
136
155
139
152
145
129
157
145
123
149
134
169
159
170
140
124
145
129
148
150
168
146
138
145
152
152
144
136
114
137
150
126
138
126
150
143
123
130
144
131
139
141
141
155
133
141
160
159
131
141
133
118
156
144
154
139
151
158
129
165
140
141
160
129
120
145
151
175
135
143
145
141
154
150
154
135
126
142
123
150
126
154
137
124
130
151
142
139
142
145
151
117
132
129
141
147
141
139
150
160
168
144
139
134
167
150
141
164
132
154
142
160
127
144
149
145
150
167
144
142
128
129
145
136
129
139
158
123
125
141
165
142
133
141
145
138
157
145
129
160
148
153
151
134
144
135
141
133
159
154
159
144
170
157
148
153
147
137
164
172
151
148
156
146
139
135
140
123
126
140
120
130
122
141
143
138
136
145
139
135
163
156
143
139
136
155
145
138
155
145
157
138
138
143
147
145
136
158
167
152
131
141
130
150
145
160
149
143
153
139
151
113
124
158
138
121
137
141
164
124
154
144
158
147
149
155
142
169
138
156
135
138
132
154
146
138
156
152
147
158
167
143
131
167
155
180
156
154
162
125
117
153
143
142
139
166
118
143
152
151
167
163
173
162
170
167
160
140
137
134
167
133
145
144
139
141
140
143
142
145
152
140
143
174
164
154
163
138
143
134
140
143
149
148
134
156
150
144
147
147
181
217
281
374
529
615
643
545
459
289
221
192
182
174
137
175
177
194
230
211
225
215
203
151
183
144
147
161
155
130
158
155
161
147
159
162
159
157
172
160
152
142
134
161
151
163
152
139
179
162
179
164
146
163
163
131
157
156
147
121
148
171
140
158
143
159
174
138
137
150
146
146
147
146
163
152
152
156
151
172
161
149
148
151
160
164
146
156
141
159
155
163
157
169
144
176
147
158
159
149
141
170
180
173
190
203
221
185
192
170
152
171
141
150
171
160
147
147
169
165
168
146
156
162
156
132
164
170
155
172
155
167
159
149
160
154
153
169
168
168
186
163
192
166
172
164
153
147
152
161
163
143
165
153
164
148
144
176
176
162
157
145
164
155
184
151
142
172
165
170
167
165
151
173
196
162
186
176
188
158
164
155
188
162
169
149
171
161
148
158
143
163
167
163
171
184
172
181
153
171
142
158
137
171
179
173
180
166
171
161
169
146
153
147
147
157
132
151
177
144
176
175
151
172
167
172
183
168
175
154
180
157
156
151
199
157
129
167
154
180
158
157
168
143
154
164
173
158
170
179
160
166
186
147
145
170
154
165
169
143
177
177
141
190
178
188
172
163
151
163
175
185
192
220
209
247
225
197
178
168
150
178
174
150
177
178
159
175
175
154
157
171
151
158
157
158
170
170
176
193
160
157
175
179
163
178
170
160
187
170
165
162
179
151
162
183
162
141
169
170
172
182
180
184
160
167
174
168
171
181
206
202
213
208
233
213
197
179
174
176
172
146
185
156
178
171
163
169
192
174
177
163
180
168
186
165
176
152
171
178
176
143
140
145
173
162
166
175
167
163
169
178
163
147
170
177
150
180
167
159
177
153
163
191
172
172
171
166
192
165
175
159
183
167
176
177
167
180
169
170
170
155
157
149
180
173
180
184
153
190
184
165
181
169
179
170
176
157
144
182
154
185
176
194
169
185
170
166
183
181
160
160
170
177
183
187
164
195
180
181
168
180
159
179
158
174
156
181
189
177
157
189
163
185
185
159
190
177
154
168
167
182
193
162
171
194
175
187
199
162
182
184
179
159
167
165
181
187
198
179
201
216
214
186
192
179
201
188
165
192
171
165
189
166
150
194
185
180
184
180
189
170
201
173
164
184
187
186
182
177
168
166
188
158
178
158
188
189
166
169
152
182
199
182
171
188
171
176
182
182
180
182
187
201
187
212
192
190
199
146
196
181
190
172
193
185
176
220
201
180
164
174
167
202
193
170
195
204
185
186
194
189
188
164
166
179
180
179
195
170
176
158
159
183
212
188
173
189
173
169
175
174
164
192
185
199
176
179
198
180
199
193
176
168
187
172
190
198
197
196
164
158
178
189
166
173
198
183
175
173
147
175
185
189
156
167
150
167
174
160
195
188
182
202
189
184
173
184
176
155
199
182
191
178
195
168
186
172
193
166
162
195
198
198
200
170
199
213
171
182
173
193
196
189
187
191
166
172
194
189
186
181
182
179
177
198
167
189
189
169
178
191
183
196
174
169
191
210
199
187
180
183
188
158
178
198
183
219
182
157
174
191
208
203
189
177
221
185
222
209
194
162
185
198
208
186
177
212
196
180
174
198
194
203
193
200
210
244
221
250
210
213
212
205
195
199
168
181
185
187
186
182
167
184
214
173
196
188
169
195
191
179
204
206
196
207
230
207
181
192
220
187
191
189
197
185
194
196
193
215
210
247
214
227
230
210
227
231
214
191
199
200
194
197
161
182
221
173
188
176
205
179
182
206
175
195
199
175
200
205
190
212
226
217
224
219
212
215
202
186
206
196
222
202
209
207
215
197
210
212
243
197
210
199
209
209
182
184
202
192
197
209
212
214
219
229
229
199
181
192
220
206
192
188
195
194
196
207
202
231
221
274
312
378
458
628
770
882
903
910
776
641
444
356
301
260
245
210
243
235
226
213
219
228
230
209
212
223
212
215
216
229
201
209
209
233
202
225
239
194
226
194
231
211
244
222
203
218
215
201
212
214
220
198
215
234
204
212
197
204
220
231
261
219
227
208
231
201
207
212
221
231
205
238
230
208
226
249
197
214
245
214
198
208
213
210
236
216
206
205
210
199
220
229
254
228
222
200
235
219
232
233
215
236
228
225
203
213
221
218
220
210
211
267
248
236
260
258
253
244
266
232
230
224
220
225
198
235
228
251
251
225
254
221
227
198
218
216
258
230
239
246
235
252
268
230
220
206
252
244
233
255
246
219
231
221
220
222
263
265
223
235
223
254
224
252
229
240
215
242
226
237
237
262
227
221
252
254
234
232
231
242
264
215
250
223
270
211
268
244
238
224
238
221
261
271
238
260
242
256
285
242
238
260
239
275
249
252
270
272
242
242
232
224
267
254
245
231
239
224
243
236
246
250
283
266
261
266
236
242
236
265
248
261
246
289
267
242
262
229
255
279
270
274
246
277
235
231
278
266
243
256
264
229
280
269
270
238
266
273
273
245
244
261
260
254
294
272
281
272
245
272
255
298
257
290
264
312
284
278
289
300
287
224
284
283
263
276
297
287
308
313
330
341
336
306
313
303
281
299
254
275
312
285
288
295
313
270
259
316
305
276
280
287
288
288
286
265
302
302
271
267
312
263
298
290
288
294
287
300
316
296
325
284
290
315
291
301
282
280
303
309
311
286
289
294
341
330
306
308
311
318
302
290
328
319
304
339
314
296
325
291
288
307
330
316
292
316
319
337
307
323
308
292
317
328
319
283
295
311
333
331
295
351
335
320
303
301
341
340
317
321
313
353
327
360
347
331
312
352
305
371
347
318
351
342
347
341
342
365
329
359
352
351
348
327
376
342
332
347
376
357
357
377
332
359
347
377
361
347
350
355
316
349
385
305
320
324
352
374
367
354
321
369
384
310
361
368
374
376
370
387
384
320
344
381
376
369
332
348
309
362
376
342
327
359
360
341
313
353
322
292
329
313
291
280
269
278
272
298
273
287
259
258
279
302
263
264
264
286
250
256
251
261
234
251
220
243
268
250
254
286
228
249
257
265
224
276
238
214
230
208
233
266
250
223
220
230
241
244
233
223
205
215
223
209
220
223
222
227
242
232
244
239
214
233
223
215
224
247
192
204
223
216
221
231
245
190
219
220
205
193
215
203
229
186
222
197
214
237
189
210
206
215
198
200
194
196
180
199
205
195
195
198
198
191
189
183
188
200
191
178
186
184
192
167
177
175
150
175
196
171
178
167
180
172
165
175
191
190
165
173
165
167
190
168
165
184
151
165
154
163
191
147
155
164
140
158
165
126
113
148
143
140
138
117
143
143
123
142
143
128
131
163
142
139
134
143
137
131
121
136
120
126
109
152
123
116
139
135
130
129
124
112
109
100
135
118
101
109
93
115
114
123
109
113
104
106
120
93
119
106
104
115
123
138
92
118
125
104
105
112
107
121
119
127
126
123
93
115
117
111
120
124
111
119
111
129
124
130
134
120
118
114
115
100
104
115
127
128
127
102
134
106
114
107
102
119
112
116
117
100
94
105
115
108
118
98
119
111
104
101
106
109
121
102
120
100
101
87
117
106
114
104
111
105
101
93
103
125
108
107
110
110
123
122
99
103
112
101
102
103
111
110
97
93
108
103
98
98
94
97
97
106
108
110
110
101
97
94
101
116
94
77
89
110
108
90
104
105
84
115
107
109
110
96
106
112
106
93
112
111
115
86
115
124
81
90
101
92
101
109
95
97
102
119
91
110
107
101
94
114
94
93
101
97
112
102
111
127
121
92
87
110
121
117
110
129
115
133
152
215
272
505
1045
1961
3197
5288
7362
9570
11143
11486
10230
7782
5103
2686
1233
530
163
76
43
35
37
40
27
30
29
23
31
35
28
32
34
36
25
34
24
29
26
28
38
27
24
28
42
31
36
29
29
31
18
29
37
28
19
34
23
33
32
34
36
36
24
25
26
25
28
28
26
29
30
29
29
26
35
19
32
27
16
23
22
27
26
23
35
28
26
16
33
30
30
21
25
40
20
22
40
31
29
42
23
38
23
23
22
16
25
32
36
23
23
24
26
34
34
39
33
31
27
26
25
25
39
20
29
22
24
28
34
32
28
23
32
35
27
30
24
23
27
23
27
32
24
35
22
23
30
27
28
28
31
31
36
16
28
23
23
29
24
26
22
32
24
24
31
30
21
22
25
20
25
24
23
24
23
25
22
31
24
26
36
27
23
34
30
27
21
25
27
34
21
32
19
35
22
27
34
27
15
23
21
25
33
26
17
29
25
27
30
22
21
22
25
20
29
22
20
22
30
23
34
36
36
34
25
39
26
27
35
31
28
26
22
25
23
27
20
23
32
27
22
24
16
38
29
29
18
19
25
21
24
29
38
22
21
20
32
26
24
23
29
21
25
25
22
28
29
35
25
36
33
25
23
24
28
14
16
31
21
21
31
26
20
34
24
22
27
22
17
19
28
33
23
26
39
32
35
27
30
34
34
27
26
17
27
30
16
30
22
25
19
21
25
30
24
20
28
28
25
27
31
28
29
19
30
27
21
18
21
22
23
27
21
20
23
30
19
38
26
23
13
21
19
25
25
22
24
18
23
24
23
21
23
29
18
21
18
31
25
17
23
31
12
26
25
16
28
30
30
21
31
21
24
31
30
30
35
25
26
19
20
19
18
21
25
21
27
23
32
20
44
43
44
46
42
50
44
40
42
31
36
22
20
21
22
23
29
24
26
23
19
33
17
19
23
20
25
18
25
18
25
18
29
35
20
28
27
24
17
16
23
17
23
17
24
16
22
17
20
16
25
18
15
22
17
17
24
24
33
23
23
22
19
23
24
19
15
27
18
19
20
17
21
17
16
26
23
29
21
26
15
19
22
18
24
34
33
25
24
23
23
28
36
17
19
22
24
25
19
19
14
20
26
21
19
19
33
31
27
35
43
38
28
29
19
31
26
26
31
27
32
30
18
24
17
20
28
17
19
25
27
21
28
15
22
23
22
27
18
26
25
22
21
19
31
27
21
23
17
10
26
20
23
27
25
19
18
37
24
35
37
31
25
24
29
18
26
25
33
21
21
20
24
27
18
21
29
17
11
20
16
18
18
14
19
39
14
22
20
17
20
20
22
20
19
23
24
29
17
29
13
14
24
14
26
24
27
25
24
16
28
26
28
20
15
29
22
13
22
23
19
21
20
23
18
31
21
33
21
27
18
24
24
22
12
19
19
27
27
23
28
12
19
23
25
23
17
19
34
19
33
24
28
22
18
24
19
15
20
20
28
33
19
19
17
22
28
20
26
21
24
29
26
22
27
18
22
22
21
21
21
21
21
20
18
17
15
16
20
23
20
18
17
21
21
23
20
23
20
23
22
11
28
23
20
18
19
13
22
24
17
18
18
23
24
24
22
14
17
18
26
17
22
14
26
27
24
30
25
20
14
26
24
31
21
19
38
30
44
29
30
43
35
35
27
32
22
27
23
21
19
24
27
26
14
16
14
24
15
15
22
23
19
19
24
21
17
29
18
30
25
21
18
24
15
24
24
24
21
25
15
14
27
22
24
15
20
26
15
19
16
15
16
21
18
17
17
20
26
17
10
21
22
27
19
23
15
31
25
16
28
21
26
26
23
35
22
18
25
21
20
17
18
18
18
22
21
20
22
13
22
16
26
14
14
14
24
16
19
24
22
22
20
25
22
23
22
17
21
16
18
14
16
18
22
17
18
16
17
23
27
24
26
20
16
14
25
23
22
18
26
16
13
13
16
12
15
26
18
17
14
16
27
19
25
25
25
19
20
18
23
27
18
19
17
26
25
27
19
24
19
22
20
25
14
18
20
21
20
18
13
23
24
30
34
20
32
26
25
21
30
32
26
16
11
19
23
20
21
23
21
24
23
16
16
18
21
8
20
30
15
22
23
15
20
17
18
25
13
25
21
19
25
15
17
18
20
24
15
22
13
10
21
19
21
14
18
19
26
26
22
25
22
19
22
17
28
17
22
19
19
15
16
21
19
23
20
21
27
24
14
21
31
11
20
15
21
13
20
17
17
21
19
18
24
24
23
25
24
14
24
21
15
27
17
20
21
21
23
17
32
24
21
20
20
19
25
20
22
27
17
18
29
17
18
28
13
19
23
26
14
20
18
22
17
13
22
12
19
18
22
22
13
12
18
15
12
19
21
21
11
12
11
11
13
18
15
15
16
16
20
20
12
12
21
24
16
18
19
20
18
20
13
18
24
15
12
25
16
16
16
19
21
22
23
11
15
17
13
11
19
16
10
10
18
17
25
22
17
19
16
13
13
22
22
16
18
13
18
18
16
23
19
8
11
10
21
22
8
17
18
19
20
21
22
24
21
10
20
19
10
18
18
18
20
18
20
19
10
25
23
24
15
22
15
19
11
18
22
19
22
23
13
21
15
17
19
26
19
20
14
27
20
15
14
24
17
16
18
18
20
18
18
20
20
20
18
24
24
19
28
19
13
26
21
16
16
12
18
16
18
24
15
16
26
17
17
22
19
17
22
13
22
19
17
20
12
14
16
19
15
24
16
18
12
18
15
16
21
21
23
19
21
15
14
18
19
13
15
22
15
15
20
15
12
24
17
15
21
15
21
8
24
10
20
15
11
13
19
17
17
17
19
11
17
22
15
21
17
22
25
19
21
16
14
18
17
13
10
24
15
15
12
14
23
13
15
14
28
18
12
13
21
21
20
13
27
23
20
26
25
13
18
25
22
28
20
17
12
16
13
19
14
16
12
19
17
14
18
12
17
15
16
12
19
27
12
21
17
14
11
15
17
14
16
21
16
17
16
19
16
17
11
19
13
18
16
16
14
15
18
14
20
18
16
22
22
12
22
11
18
9
19
15
19
15
9
11
11
17
15
12
12
12
9
17
18
21
21
19
19
15
16
19
21
19
20
25
21
16
19
22
17
24
14
14
11
19
19
18
15
14
17
18
17
29
27
17
20
13
14
14
15
18
16
11
13
16
17
12
11
16
20
21
20
16
13
19
14
9
14
20
13
20
16
13
19
18
17
18
14
10
16
24
14
20
15
17
15
13
14
14
21
16
16
13
13
17
10
16
7
20
23
15
13
17
29
13
14
19
19
26
16
12
18
11
20
23
16
24
29
12
21
21
19
22
12
15
18
11
13
15
15
7
11
17
14
15
17
16
20
22
11
10
20
17
19
9
14
19
21
11
22
11
17
22
7
10
11
17
13
16
17
22
19
19
11
16
18
21
12
7
21
28
12
14
15
18
18
18
15
22
13
23
15
21
12
15
13
11
16
16
18
12
18
20
13
13
8
7
13
10
8
15
19
16
28
18
13
24
13
23
15
23
25
27
14
20
28
20
17
20
21
9
15
18
20
11
23
19
12
9
15
19
9
15
17
18
20
17
13
23
18
16
19
18
14
15
15
8
11
16
14
14
20
16
17
10
19
17
13
18
14
16
11
16
12
15
17
16
16
7
10
16
23
15
14
17
8
13
21
21
15
15
24
16
21
13
9
22
26
22
18
21
13
18
22
19
21
14
14
22
14
14
26
17
12
28
21
18
17
15
17
13
17
12
8
14
21
15
16
18
13
23
13
20
20
13
11
18
16
10
16
14
12
19
18
17
12
17
19
6
11
18
10
13
9
20
16
14
8
12
18
16
12
18
13
14
14
18
16
13
13
10
13
21
12
16
15
16
16
10
10
23
12
14
15
19
17
15
19
22
20
15
7
14
12
12
9
19
12
12
18
11
16
13
16
17
15
10
22
17
25
12
14
7
14
9
14
12
20
15
23
23
13
25
16
14
15
18
11
14
14
12
16
15
19
12
20
16
20
11
14
18
11
17
15
7
7
19
23
14
15
20
18
12
13
11
19
21
14
10
11
20
8
13
20
11
8
11
14
24
8
15
14
21
13
10
14
11
16
19
12
9
16
11
14
15
12
14
12
13
15
14
16
19
17
14
15
15
16
15
17
16
14
17
9
16
14
8
23
10
15
14
12
21
22
12
16
20
24
21
17
12
9
15
15
16
16
16
14
18
14
13
9
12
16
21
18
12
16
9
14
9
15
6
14
9
22
9
20
11
17
11
21
20
16
10
12
18
9
14
14
10
12
16
11
12
12
8
17
12
16
18
15
16
21
14
21
9
18
12
17
15
15
12
20
11
12
14
15
12
15
17
11
12
21
13
21
19
16
11
16
10
10
11
7
17
14
15
17
12
13
11
14
17
15
10
12
8
21
13
20
15
16
15
15
13
13
16
17
14
12
24
12
10
17
12
10
22
14
19
13
21
15
18
9
13
11
23
13
13
11
13
17
17
20
10
11
16
11
20
22
14
17
17
17
10
13
4
12
11
14
14
12
21
15
13
11
15
7
15
10
14
11
20
9
13
12
10
15
12
13
16
10
10
18
10
17
13
16
15
10
19
12
16
14
13
17
12
16
11
14
12
21
13
15
16
12
21
16
4
16
10
11
15
11
11
8
19
14
19
17
17
11
10
11
8
9
12
16
18
11
11
13
13
8
17
20
19
22
18
19
18
16
19
15
22
10
13
13
18
9
8
15
15
14
23
12
10
15
16
13
17
11
13
12
14
9
15
15
5
14
17
15
12
12
12
10
11
11
14
13
16
9
14
16
11
12
12
11
12
15
15
9
16
13
9
16
11
11
13
17
7
14
13
14
9
15
19
14
11
19
19
17
27
27
17
22
13
26
20
17
16
11
11
15
7
11
12
16
10
13
11
10
6
14
10
9
13
19
11
8
15
15
18
11
15
10
9
15
21
10
17
10
11
14
12
6
16
10
14
19
13
11
10
14
4
10
11
11
16
12
4
14
13
19
9
10
17
19
14
11
11
11
16
12
10
13
18
14
11
17
7
12
10
26
11
13
16
15
19
9
22
10
7
18
13
15
13
12
10
14
11
11
11
9
9
12
12
6
9
7
15
11
6
13
14
17
12
21
9
12
12
8
16
13
9
13
12
18
8
13
8
12
15
14
13
12
9
13
19
8
10
17
20
9
11
8
10
12
7
8
8
16
14
14
16
16
11
8
16
10
11
11
8
18
19
14
14
11
10
12
9
10
14
10
9
15
8
19
10
10
5
9
15
11
13
17
15
10
14
15
16
16
13
16
7
11
18
8
12
11
12
10
13
17
19
8
11
16
9
12
9
11
20
16
17
22
20
14
15
11
13
7
11
13
13
13
11
13
13
10
15
13
11
13
14
9
12
19
17
19
21
22
33
24
28
34
33
27
20
17
18
29
28
21
22
26
27
28
21
15
10
17
12
13
6
12
11
15
10
9
5
9
10
12
16
17
13
9
16
14
10
11
11
13
7
13
6
11
9
18
10
7
7
8
13
5
10
9
11
15
13
8
11
8
5
10
8
17
14
6
8
11
12
12
5
16
13
9
12
8
11
11
4
14
19
8
10
10
11
6
10
15
14
13
10
10
14
20
14
4
14
16
9
16
10
10
10
14
10
15
10
11
16
11
7
14
10
19
17
8
14
11
9
11
13
10
11
11
6
16
4
11
10
9
8
16
10
14
12
6
12
12
12
13
10
12
7
18
7
20
8
9
9
9
12
11
15
13
16
4
9
9
14
12
12
12
10
13
21
13
14
13
16
9
16
12
8
12
16
18
17
15
13
14
16
15
9
12
10
8
13
6
13
17
15
13
17
16
6
13
15
15
12
14
16
8
17
12
10
16
12
8
7
7
10
6
14
12
8
9
9
15
10
7
12
14
4
8
11
6
6
10
10
15
13
14
12
11
8
4
13
14
14
8
6
9
8
10
9
13
11
11
11
8
11
14
10
10
8
10
5
4
11
9
14
11
11
15
14
13
13
10
9
4
11
17
12
11
10
11
14
11
12
12
6
7
6
5
14
11
18
12
10
6
13
12
14
7
9
17
19
13
11
12
10
9
11
11
8
9
16
7
7
11
4
10
10
9
11
13
10
10
13
7
11
9
13
8
9
17
12
7
8
8
14
12
12
9
9
9
10
13
9
8
12
8
11
5
9
10
8
10
14
10
6
12
13
4
9
14
11
15
12
5
12
10
6
8
13
7
9
10
12
13
7
4
15
13
12
13
9
10
14
8
9
7
9
11
7
9
20
17
9
8
8
18
8
11
10
15
13
16
17
12
15
12
14
18
13
9
13
13
8
11
16
10
9
13
11
2
12
16
10
7
12
9
13
11
15
9
13
10
13
7
7
11
10
9
9
15
10
15
10
10
8
11
6
13
7
12
10
8
10
6
5
5
13
12
12
13
15
10
10
13
8
10
21
14
13
16
5
16
14
10
7
4
13
15
12
11
11
12
14
11
7
8
10
9
5
14
10
10
17
11
15
13
3
10
11
12
10
9
10
8
11
13
9
10
6
11
13
9
13
9
8
15
9
9
18
8
11
15
12
11
14
12
15
13
22
28
16
16
20
8
14
22
12
5
9
11
9
12
13
8
5
12
7
5
10
12
11
11
9
8
14
11
15
12
8
10
14
8
6
14
11
10
9
9
11
12
12
12
23
7
9
10
10
6
10
11
8
12
10
15
13
6
13
11
19
11
14
8
16
14
7
8
14
11
5
11
4
12
11
12
17
8
4
10
10
18
5
10
13
9
7
8
17
15
10
13
9
8
15
13
11
14
4
8
3
7
14
5
9
10
5
13
7
8
11
7
15
8
4
7
10
7
18
10
10
13
10
12
17
6
14
13
10
4
13
6
12
12
7
9
9
8
7
11
14
9
15
8
10
13
10
12
14
15
15
8
13
13
10
9
12
6
6
8
11
14
8
7
10
8
11
8
15
4
7
10
8
10
9
6
8
9
2
14
8
10
10
6
7
7
7
9
11
19
15
10
7
11
9
10
6
10
9
14
14
9
13
9
8
11
8
14
10
11
7
15
10
10
8
9
10
7
8
10
9
16
7
8
10
15
11
13
9
12
12
13
12
8
16
12
14
10
8
10
7
9
13
10
6
17
16
12
16
9
9
6
11
10
12
7
9
9
9
12
15
18
11
15
8
10
8
9
8
8
14
11
10
16
7
13
6
14
11
4
9
14
10
15
12
10
10
6
13
9
10
11
6
13
13
13
5
18
10
12
6
12
9
15
6
12
7
8
5
12
8
5
6
9
8
9
4
9
12
10
10
12
10
13
7
16
11
11
18
7
9
9
14
9
7
9
8
8
12
9
7
8
6
6
9
10
12
8
6
17
13
16
9
9
6
6
11
7
6
6
9
10
9
12
16
7
11
10
16
12
10
17
13
9
18
10
14
8
15
7
8
8
5
14
12
10
10
13
10
12
17
7
15
9
15
8
7
11
8
17
5
9
12
13
7
14
17
17
11
10
16
12
18
9
8
16
10
14
16
11
13
10
10
13
14
7
13
8
9
15
12
8
14
15
6
14
9
6
2
8
8
7
12
12
7
5
8
11
12
7
8
10
9
14
10
13
20
13
16
20
7
16
17
14
6
13
19
9
9
8
16
7
13
9
7
10
10
6
6
7
9
8
9
9
9
5
9
10
10
10
13
11
12
15
16
6
7
9
13
14
14
9
10
12
14
13
8
13
7
9
10
7
11
9
10
8
7
13
3
12
18
5
9
9
6
15
7
11
9
15
10
10
7
14
6
6
8
12
8
11
10
9
15
9
9
11
8
6
7
5
14
9
9
7
12
10
11
8
8
10
11
9
3
13
8
9
11
7
12
10
6
5
16
10
8
15
18
10
13
8
10
8
3
8
9
9
13
9
10
17
10
8
10
7
9
11
12
13
11
15
17
6
9
11
8
13
9
7
13
12
9
11
10
7
7
10
9
10
9
10
9
6
13
7
8
14
3
13
5
5
10
7
6
5
16
12
11
7
12
9
5
13
5
11
11
15
9
10
10
17
11
12
11
11
9
12
8
11
9
14
4
14
4
7
10
5
15
15
11
5
15
8
15
8
8
11
16
13
12
7
11
10
10
5
10
13
8
7
9
9
10
9
10
10
8
17
8
5
7
6
14
9
8
10
9
8
8
6
10
10
9
6
12
6
12
19
17
6
13
14
12
21
18
13
24
13
15
17
9
14
15
12
11
9
10
13
10
11
15
9
7
9
7
5
9
13
7
13
8
12
7
11
6
7
5
13
10
12
13
8
11
9
5
6
9
3
9
10
7
6
4
6
8
9
8
7
5
9
6
8
7
13
8
11
7
8
10
4
5
12
9
15
13
13
7
7
7
8
12
8
8
16
6
7
8
12
9
14
12
12
13
13
8
6
6
9
9
8
12
13
5
13
9
9
12
6
10
17
9
10
8
12
6
10
12
12
12
14
17
11
23
16
34
28
19
24
26
23
26
19
19
19
18
9
16
13
8
8
7
16
10
10
9
10
11
9
10
13
10
8
10
4
12
8
9
5
17
16
5
10
9
8
11
12
11
16
6
8
14
12
11
10
17
8
7
11
10
14
7
11
9
18
8
11
13
11
10
10
8
12
6
6
12
5
9
8
8
11
8
13
10
11
7
8
11
10
11
5
10
5
6
14
8
13
6
6
14
9
10
5
13
7
6
7
9
9
5
5
14
13
9
8
11
7
7
9
7
3
8
6
13
11
6
9
7
2
8
5
16
14
6
6
4
11
12
8
12
8
10
14
9
4
5
10
7
15
5
10
9
15
9
6
9
7
10
10
7
6
7
6
5
12
7
8
3
8
9
15
12
8
13
9
8
10
9
15
6
9
18
12
4
8
10
7
10
9
10
4
14
9
20
7
7
7
8
8
8
8
5
9
14
7
8
14
12
6
8
12
10
4
9
11
7
13
9
10
14
6
12
8
11
13
7
3
4
9
12
19
8
7
7
11
11
9
6
9
11
6
11
6
10
4
7
11
8
10
13
10
11
11
11
4
6
11
7
12
7
10
11
5
7
5
8
10
10
7
9
8
7
13
10
13
4
7
10
7
10
6
3
9
8
8
9
8
14
11
7
5
6
7
12
10
14
9
13
5
6
10
6
9
19
8
13
13
10
5
9
6
13
8
7
10
14
10
15
7
8
9
9
6
10
12
8
11
4
5
13
5
6
8
4
9
15
14
11
9
8
8
7
9
6
11
10
7
9
9
8
8
12
8
9
2
6
4
6
7
9
6
4
11
2
7
9
6
9
10
10
14
8
6
12
7
12
10
12
8
9
10
7
10
9
14
14
5
16
13
8
15
10
15
8
8
11
9
16
13
4
11
8
16
11
10
9
5
7
19
8
14
10
14
22
16
14
21
18
16
20
17
13
20
21
23
11
12
11
7
10
11
10
11
14
12
6
6
8
14
6
7
7
7
9
10
5
7
12
7
4
10
11
7
7
5
9
13
13
11
5
13
8
11
12
16
15
16
15
16
10
13
13
15
9
9
12
8
8
13
7
8
9
6
14
5
11
15
10
8
8
12
7
11
11
8
9
11
12
9
11
8
16
11
8
5
11
13
11
12
10
11
12
7
12
10
12
3
11
10
8
10
11
6
12
3
8
4
11
14
8
15
11
9
4
3
7
7
10
12
7
7
4
8
11
7
13
9
6
9
12
10
15
11
7
5
10
10
10
12
10
9
6
6
8
10
8
14
9
3
7
8
12
4
13
3
3
3
8
8
9
3
13
5
9
7
12
5
10
8
6
7
8
9
10
9
13
6
5
5
8
9
7
7
12
6
12
11
6
7
8
12
6
9
6
8
11
9
5
7
12
9
9
12
8
13
6
8
7
8
9
6
2
9
12
7
11
11
14
5
11
9
10
6
6
12
7
5
8
6
9
7
4
6
10
12
10
14
13
8
7
6
7
5
6
9
7
9
5
10
10
11
10
7
11
9
5
8
11
12
6
4
12
5
6
6
11
17
6
6
6
8
11
9
8
17
7
3
8
7
7
8
5
10
4
13
7
8
9
7
7
4
10
9
9
7
10
7
16
12
9
12
7
8
18
25
23
14
23
18
19
22
14
21
21
11
17
3
10
8
9
11
8
6
7
4
8
6
9
4
6
11
3
7
8
4
10
4
5
7
5
7
6
11
7
8
7
11
10
9
10
5
11
6
5
8
6
5
7
7
6
6
6
10
7
9
5
5
5
10
7
7
10
7
4
0
13
9
8
7
10
9
6
5
7
5
12
8
6
5
6
12
10
11
10
9
12
6
7
6
4
7
5
14
10
13
3
6
5
9
9
9
13
9
8
7
4
17
6
10
10
6
6
11
6
4
8
12
15
15
18
13
10
9
17
13
13
13
19
16
12
13
13
3
9
14
10
10
10
3
5
7
11
5
10
8
11
8
7
9
17
6
4
4
5
4
2
7
1
3
11
9
9
17
7
8
9
7
8
8
10
17
7
23
12
9
12
9
13
10
9
6
4
5
5
2
4
6
3
8
6
4
7
2
9
13
3
7
9
13
2
2
5
7
9
10
5
7
8
11
12
6
13
12
9
15
6
3
11
13
6
5
7
3
7
5
11
11
6
5
6
7
8
7
5
10
6
6
3
8
4
12
5
6
7
9
6
12
3
7
3
6
11
5
7
2
5
12
5
6
12
6
7
8
5
10
7
9
9
10
8
6
10
7
3
8
5
8
7
11
4
6
5
9
3
8
4
7
3
9
4
13
4
4
5
2
6
6
7
5
8
6
7
4
5
5
8
10
9
14
5
9
5
1
8
5
4
6
9
8
8
8
3
6
9
10
7
11
8
10
6
11
9
5
10
5
5
9
9
9
13
5
10
8
10
4
5
6
10
5
6
5
10
6
3
5
6
4
6
10
5
7
4
6
6
4
5
3
4
5
2
7
4
3
8
4
7
5
5
6
3
3
5
8
2
2
8
7
10
13
4
8
3
4
6
5
2
3
10
4
4
6
8
6
3
4
7
5
4
10
0
4
4
5
4
6
7
7
8
7
13
10
4
6
7
2
4
6
4
4
4
1
7
4
6
7
5
10
7
4
8
7
7
7
7
6
3
6
10
7
5
2
9
4
10
5
2
4
6
4
6
3
2
4
3
3
3
4
6
3
8
5
5
8
8
6
4
4
7
5
5
9
8
7
5
7
6
4
7
5
5
14
5
9
4
9
7
10
4
6
8
6
7
8
5
3
8
4
6
2
3
4
3
8
7
6
5
5
7
6
9
6
5
12
12
15
17
16
18
25
19
22
31
26
23
20
23
16
15
12
13
14
7
6
4
7
7
3
12
9
7
2
10
5
2
4
7
4
4
6
5
8
6
5
4
7
2
6
5
8
11
15
10
10
18
20
18
9
18
24
25
15
15
11
15
17
15
15
6
11
3
7
8
4
6
5
6
3
6
11
10
9
9
6
8
8
10
7
4
7
8
10
9
10
6
6
8
8
3
9
6
5
9
12
3
7
4
8
7
10
8
6
4
6
3
4
4
4
4
0
1
4
3
6
7
3
8
1
3
4
2
6
1
4
5
3
7
7
5
2
8
4
3
4
5
6
8
3
9
4
5
5
6
2
8
2
7
5
5
4
8
6
4
4
3
6
6
8
4
7
3
4
7
5
3
5
5
9
3
5
2
9
7
1
3
3
4
3
4
2
5
3
6
4
5
5
5
3
0
3
6
5
5
1
6
3
5
7
5
4
5
2
5
7
5
3
2
4
5
0
10
2
7
6
1
3
3
6
2
5
1
8
2
6
3
3
5
2
4
2
2
2
6
3
3
2
5
4
4
6
3
4
7
5
6
4
3
4
4
5
5
5
7
5
7
7
6
6
3
5
7
5
5
6
6
8
4
6
7
5
5
6
8
5
9
3
8
5
4
4
7
2
1
2
7
4
1
7
5
4
4
5
4
1
3
3
2
0
2
3
7
3
3
7
7
0
4
4
3
5
3
4
4
5
5
5
7
5
4
1
6
1
6
2
4
4
2
5
10
4
8
2
5
1
9
2
6
4
3
3
2
2
2
4
3
6
9
8
3
4
2
7
6
3
3
2
3
1
5
5
5
1
6
5
4
5
3
5
2
5
4
4
1
6
5
4
7
7
6
7
1
1
4
4
5
2
3
4
5
3
5
1
3
8
5
2
1
4
7
1
4
5
4
2
2
1
8
4
1
2
4
5
3
7
4
6
2
6
4
6
5
6
4
6
4
7
5
8
7
8
6
10
11
10
21
10
16
8
16
9
14
6
14
15
6
6
10
8
4
5
4
3
2
6
3
6
3
6
3
4
3
4
3
5
3
6
4
4
3
6
4
5
7
7
11
3
7
12
9
10
9
6
12
9
4
6
8
10
8
8
8
6
7
3
5
4
1
3
7
1
1
4
2
3
5
4
4
2
4
2
3
2
7
1
8
6
4
4
1
0
6
1
1
3
3
4
5
3
7
6
4
3
6
3
4
3
5
4
3
4
4
2
5
3
6
5
1
5
7
5
1
4
3
3
2
2
3
2
4
3
3
2
4
2
4
2
2
3
3
1
5
4
3
7
2
5
3
2
3
3
2
1
7
4
3
1
5
4
2
5
6
2
8
4
2
3
2
8
3
2
0
6
0
3
2
2
3
3
3
4
5
5
7
1
4
5
3
1
4
2
4
5
2
6
3
8
3
2
5
5
1
1
0
4
1
2
3
6
3
2
6
3
3
6
1
1
2
3
5
1
4
3
4
4
3
2
1
2
5
3
2
3
2
7
6
4
2
5
9
5
4
2
3
1
1
2
1
3
3
2
2
2
1
3
4
3
4
4
2
2
5
2
6
3
2
3
4
2
0
3
3
1
5
2
5
1
1
4
3
2
5
2
2
1
3
1
2
6
6
2
4
1
2
2
2
4
4
1
5
4
3
3
5
1
8
3
1
3
3
3
5
3
1
2
4
2
5
2
4
1
3
3
6
5
1
0
2
1
5
2
2
1
5
5
3
3
5
7
4
3
2
7
6
3
6
2
1
3
5
6
3
3
1
4
3
1
5
1
2
3
4
2
1
1
3
5
3
3
3
2
2
2
3
4
2
2
2
6
3
3
2
3
4
5
3
6
1
2
3
1
3
2
2
0
2
3
2
3
0
2
3
3
4
0
5
2
4
3
2
0
0
6
4
3
2
3
1
4
5
2
6
4
3
4
1
1
2
0
2
2
3
3
1
3
7
6
3
2
2
6
0
2
2
3
1
2
0
3
3
6
2
2
3
11
8
8
3
8
3
9
10
5
11
5
8
8
13
8
7
8
4
8
3
8
4
3
3
4
2
8
6
6
3
5
7
9
3
3
4
10
3
6
9
7
3
5
4
1
3
2
4
4
2
4
2
5
8
2
4
1
3
3
1
3
1
3
2
1
2
1
2
2
1
1
5
3
2
1
3
4
4
1
7
5
3
3
1
2
4
1
4
2
2
2
1
0
2
2
2
4
7
2
1
4
2
3
4
3
0
2
1
2
4
5
3
0
2
3
2
0
2
4
0
5
3
5
2
0
2
4
3
0
5
3
4
5
1
5
6
3
3
5
2
2
2
5
4
3
3
5
2
3
1
1
4
1
2
5
6
3
2
1
1
2
3
1
1
4
2
2
4
2
2
4
4
2
3
0
2
1
6
1
4
5
1
1
4
3
3
2
2
2
3
4
4
3
1
5
4
7
4
5
3
1
6
0
4
1
3
5
3
4
3
1
1
5
5
4
3
1
6
2
3
1
4
3
2
3
3
5
4
3
3
3
1
2
2
3
4
1
3
3
6
3
3
4
2
2
1
1
9
3
1
6
3
8
3
2
1
3
2
0
4
1
2
1
1
3
3
0
3
2
4
4
1
1
4
4
2
2
2
1
4
3
2
0
1
3
1
2
0
2
3
1
2
3
2
4
2
1
0
3
2
4
4
0
3
2
3
3
0
1
0
3
1
2
3
1
2
5
2
3
2
4
0
1
2
2
4
3
5
3
5
0
1
3
3
0
0
1
6
2
1
1
2
3
2
0
1
8
4
5
2
3
5
3
6
2
4
3
1
3
4
1
5
4
2
1
0
1
4
2
1
2
4
1
2
3
3
4
2
2
2
3
4
2
3
3
2
2
0
3
4
0
3
2
8
3
2
4
1
1
4
6
5
0
4
3
1
2
2
4
1
0
0
2
4
1
0
0
2
1
3
1
2
1
5
5
3
4
2
3
4
5
1
1
2
1
1
2
3
0
0
3
3
3
6
1
4
1
3
2
1
6
1
3
3
5
2
1
4
1
7
0
2
2
3
1
1
2
3
1
2
2
0
4
1
4
4
5
4
3
4
5
4
4
1
1
0
3
1
2
3
1
0
1
4
2
8
2
3
5
5
3
1
3
2
3
7
2
4
2
2
4
4
5
4
5
3
0
3
2
3
10
0
2
1
2
1
3
1
1
3
1
4
0
1
0
6
1
1
2
2
2
4
2
1
2
3
1
1
1
0
4
1
0
0
2
2
1
2
0
4
1
1
1
1
2
5
2
1
2
2
3
2
4
2
0
3
2
2
2
3
6
2
2
1
2
2
3
1
1
2
1
3
2
1
0
2
3
3
2
1
3
1
2
2
0
2
5
2
0
3
0
0
1
4
5
3
2
0
2
2
1
0
3
1
1
0
3
2
2
2
0
3
0
2
2
2
0
0
2
4
3
3
0
4
1
0
1
2
1
3
4
1
1
0
2
0
2
1
0
1
0
2
2
1
3
1
2
2
0
3
5
2
2
2
3
2
0
1
2
1
2
1
0
2
1
0
4
1
1
2
4
3
5
0
0
1
8
0
1
4
4
2
5
2
3
4
2
0
5
0
1
3
2
3
1
1
2
2
1
2
4
2
1
3
1
5
3
2
1
4
1
2
1
4
2
2
0
1
1
2
3
2
3
2
2
3
0
3
0
2
3
0
4
5
1
3
1
1
3
1
0
3
2
1
1
1
3
2
2
3
3
4
5
2
1
2
2
1
4
2
2
0
0
2
2
1
3
4
2
0
1
2
1
5
3
1
3
1
1
3
3
3
1
1
1
0
4
3
4
2
2
2
2
1
0
1
1
2
0
1
0
1
1
2
5
2
3
4
2
4
1
4
3
1
2
5
3
4
3
3
2
1
2
6
9
6
3
5
4
8
3
6
6
7
11
6
17
7
11
8
8
5
5
4
1
3
1
1
1
3
1
1
3
0
4
4
4
0
5
0
1
5
4
0
3
2
2
1
5
2
1
1
1
2
1
0
3
1
2
0
2
2
1
1
1
3
1
3
3
2
1
1
2
0
2
1
2
1
1
2
1
0
3
1
3
2
2
3
1
1
1
2
2
2
2
1
4
1
2
1
2
1
0
2
6
1
0
1
0
1
1
0
5
2
2
1
2
0
1
0
0
1
1
0
5
1
2
1
2
0
1
2
1
1
1
3
1
3
0
2
0
2
1
0
0
0
1
1
4
2
0
3
1
1
2
0
0
3
3
1
3
1
1
0
0
3
2
3
3
3
2
2
2
2
1
1
2
3
1
1
1
1
1
1
0
2
1
1
1
1
5
2
1
0
0
2
2
0
3
1
1
2
1
2
0
3
4
2
0
1
1
1
4
3
3
2
2
1
1
2
3
1
4
3
2
1
2
0
1
1
0
1
4
3
3
4
3
1
1
2
2
1
0
5
1
3
1
2
4
2
0
0
3
0
2
1
3
2
1
1
0
1
1
0
2
0
0
1
1
2
1
0
1
4
2
1
2
0
0
0
1
1
0
3
2
2
2
3
3
1
2
2
2
2
0
0
0
0
2
2
1
3
4
3
1
1
5
1
1
2
1
5
2
0
2
3
3
0
1
3
4
2
1
0
1
4
0
0
3
2
2
0
3
2
0
3
2
0
2
3
3
2
1
2
2
3
2
1
1
3
1
1
2
1
3
2
2
2
1
3
3
1
2
0
0
1
2
0
1
1
2
0
1
1
2
0
3
0
1
3
1
3
1
0
0
2
1
1
2
1
3
1
1
2
1
2
2
2
1
0
0
3
0
2
1
1
1
2
1
2
0
3
1
1
2
0
4
2
1
3
2
0
1
1
1
1
0
0
2
4
1
2
1
0
2
2
4
2
1
2
2
2
2
2
3
2
0
2
4
2
3
2
0
2
1
1
2
0
1
2
0
2
0
2
1
4
3
1
2
5
3
2
0
4
1
3
5
5
2
2
6
0
1
3
1
1
6
4
4
2
2
3
3
1
1
4
3
0
3
1
4
2
4
3
4
2
2
3
2
1
1
1
1
2
2
3
1
2
2
4
3
3
2
1
2
1
1
0
0
1
2
2
2
1
3
1
1
2
4
4
1
0
0
1
1
3
1
0
0
2
2
3
1
0
2
0
3
3
1
1
2
2
1
2
2
1
1
0
1
3
3
3
2
0
2
5
1
0
2
3
3
0
2
1
3
3
2
3
0
0
1
1
2
0
1
0
1
0
1
1
3
1
0
2
1
0
0
1
1
1
1
1
1
2
1
1
0
1
1
0
1
1
1
4
0
1
2
4
0
0
5
2
2
0
4
1
4
1
2
3
3
2
1
1
1
2
0
2
1
1
1
1
2
4
0
2
1
2
4
2
1
2
2
2
3
2
1
1
2
0
1
0
2
0
2
1
2
1
1
2
0
1
2
3
2
1
2
2
1
0
1
1
1
2
6
2
3
2
0
1
2
2
0
3
4
0
1
1
0
1
1
1
1
3
3
3
0
0
2
0
2
0
1
1
0
1
1
1
2
2
3
3
1
2
3
2
2
3
3
3
0
2
3
2
2
0
1
1
3
3
3
1
3
5
1
3
2
0
1
0
2
2
0
2
2
3
1
2
2
1
1
3
5
1
7
4
3
3
3
1
7
4
2
5
2
1
3
3
4
1
0
4
2
3
2
0
0
3
1
3
0
1
1
2
0
1
1
1
1
1
0
0
1
0
1
3
2
0
1
1
1
1
0
1
0
0
3
2
1
2
0
0
1
1
2
0
0
2
1
3
3
4
1
1
2
3
2
1
2
3
3
2
2
3
2
2
3
1
3
1
1
0
1
0
1
1
2
1
3
4
0
1
3
1
3
0
1
1
1
4
2
2
2
2
1
2
1
1
0
5
0
1
1
2
0
3
3
0
2
0
1
1
3
0
4
0
0
2
1
0
2
3
1
2
1
1
1
2
0
1
1
2
0
1
4
0
3
1
0
3
1
0
1
1
4
1
4
3
1
1
3
2
4
2
0
1
2
1
2
1
0
2
1
2
1
1
2
1
2
2
3
4
1
4
1
1
1
3
4
3
2
2
2
2
2
0
0
5
5
1
2
2
0
2
2
1
0
1
7
0
0
5
0
4
1
0
1
2
0
1
3
3
5
1
0
2
3
0
1
1
4
3
4
1
1
3
3
2
1
3
0
1
2
1
1
1
0
1
0
1
2
1
2
0
4
3
2
0
0
2
5
0
0
2
1
1
1
1
0
2
0
2
1
3
3
1
1
2
3
0
2
1
0
2
2
0
0
1
2
2
1
1
1
1
0
0
0
2
1
1
2
4
1
2
1
1
2
3
1
2
1
3
1
2
0
0
0
3
1
0
2
2
1
0
0
2
1
0
0
0
0
1
2
1
0
2
0
1
1
1
1
1
1
1
0
1
1
1
0
1
1
1
1
0
2
0
1
0
1
3
1
0
1
4
2
1
0
0
4
2
1
1
1
0
0
1
3
1
0
1
1
3
1
2
0
0
2
1
2
0
2
1
1
2
3
0
1
2
0
0
1
4
4
2
0
0
1
3
2
0
1
1
0
1
4
2
1
0
1
1
0
1
2
2
1
1
1
1
1
1
1
2
1
2
0
2
2
1
0
1
0
0
2
1
2
0
3
2
4
1
1
0
1
2
2
1
0
1
1
1
0
2
4
0
0
1
0
0
1
0
1
2
1
1
1
1
3
0
3
0
1
1
1
0
1
1
0
1
0
0
2
0
0
0
2
0
1
1
3
3
0
2
3
1
1
1
2
1
1
1
1
1
2
2
3
3
1
3
0
0
1
1
1
0
2
0
1
1
0
2
2
2
1
0
4
2
1
1
1
2
2
3
2
2
2
1
2
0
2
1
4
3
0
1
1
2
2
3
3
2
2
0
1
1
2
0
4
3
0
4
1
2
1
1
2
3
4
1
1
2
3
3
2
1
0
1
0
1
3
0
5
3
6
3
0
2
2
1
0
1
0
1
2
1
0
0
1
0
0
1
0
1
0
3
1
0
2
0
1
0
3
1
0
2
1
3
0
2
1
1
1
2
1
0
0
2
1
1
2
2
2
0
1
1
1
0
1
1
0
0
1
1
1
2
0
3
3
1
2
0
2
0
1
0
0
0
1
0
1
1
1
2
3
0
0
1
1
3
0
0
0
2
0
4
0
4
0
0
1
0
2
3
0
1
0
2
1
1
1
0
1
0
0
2
0
3
2
1
2
1
2
0
3
1
1
0
2
1
0
0
3
0
1
0
1
0
2
2
0
1
2
2
3
0
0
2
0
1
2
1
0
0
0
1
2
0
1
0
2
0
0
0
0
1
1
3
1
1
1
0
1
1
2
2
0
0
3
1
0
2
1
3
1
0
1
0
2
0
1
1
2
0
0
2
0
1
1
1
0
2
0
1
1
0
0
2
1
0
0
0
3
1
0
1
2
0
3
1
2
3
1
2
2
2
5
1
0
1
1
3
4
0
2
1
2
1
1
1
0
4
0
2
2
3
3
2
2
1
2
4
3
1
4
5
1
4
4
2
2
6
6
1
2
1
2
0
2
1
1
1
1
0
0
1
1
1
0
3
1
0
0
0
1
1
2
0
1
1
1
2
1
2
1
3
1
2
1
0
1
2
0
1
0
2
2
0
1
1
1
1
1
1
0
0
1
0
0
0
1
1
0
3
3
3
0
2
1
0
2
0
0
1
1
5
0
2
1
0
2
0
1
0
2
0
1
1
0
0
1
1
0
1
1
0
0
3
0
2
1
1
1
1
3
0
1
2
1
1
0
3
0
2
0
1
3
1
1
1
1
0
1
0
0
0
2
1
1
1
1
2
3
0
1
1
0
1
2
1
0
0
1
0
1
1
0
2
1
0
1
0
1
0
2
2
0
1
1
1
0
0
3
0
0
0
0
1
0
1
0
3
1
2
1
1
1
0
1
0
0
1
1
6
1
0
1
3
0
0
1
3
0
1
0
1
0
1
2
0
1
0
0
1
1
2
2
1
1
0
0
1
0
1
0
0
1
2
1
0
0
0
0
1
0
1
0
2
1
1
1
1
0
3
1
0
1
2
1
2
0
0
1
1
2
0
1
1
0
0
2
1
2
0
1
0
2
0
0
1
2
2
3
2
0
0
2
1
1
1
1
2
0
0
0
0
1
2
2
0
1
1
1
2
0
0
2
5
1
0
1
0
1
0
1
0
1
1
0
3
2
4
2
1
1
1
1
3
1
1
0
2
0
1
2
2
3
2
1
1
2
0
3
1
1
0
1
1
1
2
0
1
0
0
0
0
0
0
1
1
0
0
0
0
0
0
1
1
1
0
0
1
1
4
2
1
0
1
0
1
1
1
1
0
0
0
1
1
1
1
1
0
0
0
1
0
1
1
0
1
0
1
0
1
1
0
4
0
0
0
1
0
0
0
0
1
2
1
1
1
2
1
0
2
2
3
1
1
2
1
0
3
2
2
0
2
0
0
0
1
2
2
0
1
0
1
2
0
0
1
0
0
0
2
0
1
2
1
0
1
0
0
0
0
2
1
0
1
1
0
0
0
0
0
1
2
0
0
3
0
1
1
0
0
0
1
1
1
0
0
4
0
0
0
0
0
1
0
1
1
3
0
0
2
1
2
0
0
1
0
1
2
0
1
0
0
0
0
0
1
2
0
0
0
1
0
1
1
0
1
1
2
0
0
0
1
2
2
3
1
0
0
0
0
2
1
0
0
1
3
0
3
3
0
1
0
1
1
3
1
6
1
1
0
1
2
2
3
1
2
1
0
0
0
0
1
1
1
2
2
1
1
2
2
2
3
0
3
3
3
3
1
1
1
0
0
2
0
1
1
1
0
0
1
0
0
0
0
1
0
0
0
0
1
2
1
1
1
0
1
1
0
0
3
1
0
1
3
0
0
1
1
0
1
0
0
0
1
0
1
2
1
2
2
2
1
0
0
0
0
1
0
0
2
0
0
0
1
3
0
1
0
1
1
1
0
0
0
2
0
0
1
1
0
2
0
2
0
0
0
2
1
1
0
0
0
0
1
0
1
0
0
0
0
0
0
0
0
0
0
0
0
1
2
0
0
1
0
1
0
0
1
2
4
0
0
1
2
1
1
0
1
2
1
0
0
0
1
1
1
4
3
0
0
0
0
2
0
0
1
1
2
1
0
1
0
1
0
0
0
2
0
1
0
1
0
0
0
0
3
1
0
2
1
0
0
0
0
0
1
1
0
0
0
0
0
0
0
0
0
2
4
0
2
0
1
0
0
2
1
0
0
0
0
0
1
0
0
0
0
0
1
0
0
1
2
0
0
1
0
0
0
1
0
2
2
1
1
3
0
3
1
1
1
1
1
0
2
3
0
0
4
2
0
0
2
3
1
1
1
2
1
0
1
2
5
1
2
0
0
0
1
1
0
1
0
1
1
0
1
1
0
0
1
0
2
0
2
0
0
1
1
0
1
1
1
1
0
0
1
1
0
0
2
0
0
0
0
1
0
2
0
0
1
0
1
0
0
0
1
1
1
0
1
1
0
0
0
1
0
0
0
2
0
0
0
0
1
0
0
1
1
1
0
0
0
1
0
3
1
0
0
2
0
0
1
0
2
0
1
1
0
1
0
2
0
0
0
1
0
0
1
0
0
0
0
0
0
0
0
0
0
1
4
0
0
0
1
0
2
0
0
0
0
2
0
0
2
1
2
0
1
1
1
0
0
0
1
1
2
2
0
0
0
0
0
0
0
1
0
1
1
2
0
0
0
0
0
0
1
1
0
0
1
0
1
0
0
1
0
1
0
0
0
0
0
1
0
0
2
0
0
0
0
0
0
0
0
0
1
0
0
0
0
1
0
0
0
0
2
1
0
0
0
0
0
0
0
1
0
0
2
2
1
0
1
1
1
1
1
1
0
0
0
0
1
0
0
0
0
0
1
0
0
0
1
0
1
1
0
0
0
0
0
0
0
0
1
0
1
2
0
0
0
0
0
0
0
1
0
0
1
0
0
1
1
2
0
0
1
0
2
0
0
0
1
2
1
1
1
4
0
0
0
1
1
1
2
1
0
0
1
1
1
0
0
1
0
1
0
2
1
1
1
0
1
0
1
1
0
0
0
0
0
0
0
0
0
0
0
0
0
2
0
2
0
1
1
0
0
1
0
1
0
1
2
0
0
0
2
0
0
1
0
0
0
0
0
0
1
0
2
0
1
0
1
1
0
2
1
0
0
0
2
0
0
0
0
0
0
1
0
0
0
0
0
1
2
1
0
0
0
0
1
0
0
0
1
1
2
1
0
0
0
2
0
0
1
0
0
0
1
0
1
0
1
1
1
1
0
0
0
0
0
0
0
1
0
1
0
0
1
1
0
0
0
0
1
1
1
0
0
1
0
3
0
1
0
0
1
1
1
2
0
0
0
1
0
0
1
0
0
0
0
0
0
0
0
0
0
1
1
0
2
0
1
0
0
1
0
1
2
0
0
0
1
0
0
1
0
2
0
1
0
0
0
0
0
0
1
0
0
0
0
2
1
1
0
1
0
0
1
0
0
0
0
0
0
0
0
0
0
1
0
0
0
0
1
3
1
1
0
0
2
1
0
0
1
2
0
1
0
0
0
1
0
0
0
0
0
1
0
0
1
0
0
0
1
1
1
0
1
0
0
0
0
0
0
1
0
1
1
0
1
0
1
0
0
0
2
0
0
2
1
0
1
0
1
0
0
0
0
0
0
1
0
0
0
0
0
0
0
1
0
1
2
1
0
0
0
1
0
0
0
0
1
0
0
0
0
1
0
0
1
0
0
0
2
0
1
1
0
1
0
0
0
0
0
0
1
0
0
0
0
1
0
1
0
1
1
1
2
1
0
0
0
0
1
0
0
0
0
0
0
0
0
0
2
0
0
1
0
0
1
0
1
1
0
0
0
0
0
1
0
1
1
2
0
0
0
1
1
0
0
0
1
1
1
0
0
0
0
1
0
1
1
1
0
0
0
0
0
0
0
0
1
0
1
0
1
0
0
0
1
0
1
0
0
0
2
0
0
1
1
0
0
0
1
0
0
0
0
0
0
0
0
0
1
0
0
0
0
1
2
0
0
1
0
0
0
1
0
0
0
0
0
2
0
0
1
0
0
2
1
0
1
0
0
0
0
1
0
0
0
0
1
0
1
0
0
0
0
1
0
0
0
0
1
1
0
0
0
1
1
1
0
0
2
1
1
0
0
0
0
0
1
0
0
0
0
0
0
1
0
1
2
0
2
0
2
1
2
1
0
2
0
0
2
0
0
0
0
2
2
1
1
3
0
1
1
1
0
0
0
0
0
1
1
0
0
0
0
1
0
0
1
0
0
1
0
0
0
0
0
0
1
0
1
0
1
0
0
0
0
0
2
1
0
2
0
1
0
1
1
0
0
0
0
2
0
0
0
1
1
0
0
0
1
2
1
0
1
0
0
0
0
0
2
0
0
0
0
0
0
1
1
0
0
1
1
0
0
0
0
0
1
0
0
2
1
1
0
0
1
0
0
0
1
1
1
0
0
0
0
1
1
1
2
0
0
0
0
1
0
0
1
0
0
0
0
0
0
0
0
0
1
0
2
0
0
0
1
0
0
0
0
1
2
0
1
0
1
0
0
0
1
0
1
0
1
0
0
0
1
0
0
1
0
0
1
0
0
1
0
0
0
1
0
0
0
1
0
0
0
0
1
1
1
0
0
0
0
0
0
2
0
0
0
0
0
1
1
0
0
2
0
1
0
0
1
1
0
0
0
1
0
0
2
0
1
0
0
0
0
0
0
0
0
2
1
0
1
0
0
0
0
0
0
0
0
0
0
0
0
1
0
0
0
0
0
0
3
0
0
0
0
0
0
1
0
0
0
0
0
0
1
0
0
0
2
1
0
0
0
0
0
0
0
1
0
1
2
1
1
1
0
1
0
0
0
1
2
2
0
2
0
1
0
0
0
0
0
0
0
1
0
1
0
0
0
0
1
1
1
0
0
0
0
1
1
1
0
0
1
0
0
0
0
0
0
2
0
0
1
0
1
1
0
1
0
0
0
0
1
0
0
1
0
1
1
1
0
0
0
1
0
1
0
0
0
1
0
0
2
1
0
0
1
1
0
0
1
0
1
0
1
0
0
0
0
0
0
0
0
0
0
0
0
0
1
1
1
0
0
1
0
0
0
0
1
0
0
0
0
0
0
0
0
0
0
0
0
0
0
0
0
0
2
0
0
0
0
0
0
0
0
0
1
1
0
1
0
0
0
0
0
0
0
0
1
0
0
0
0
0
0
0
0
0
0
0
1
1
0
1
0
2
0
1
0
0
0
1
0
0
0
1
0
0
0
1
2
1
0
1
0
0
0
0
2
0
1
0
0
1
0
0
0
0
0
1
0
0
0
0
2
0
0
0
0
0
0
0
0
2
0
0
0
0
2
0
1
0
0
0
1
0
0
0
0
1
0
0
1
1
3
0
0
0
0
0
1
1
0
1
0
0
0
0
0
0
1
1
1
0
0
1
0
0
1
0
0
0
1
0
0
0
0
0
0
2
0
0
0
0
1
0
0
1
0
0
0
0
0
1
0
0
2
0
0
0
0
0
0
0
0
0
1
0
1
0
0
0
0
0
0
0
0
0
0
0
0
1
1
0
1
0
0
0
0
0
0
0
1
0
2
0
1
0
0
0
0
1
0
0
0
0
0
0
1
0
0
0
0
0
0
0
0
0
0
1
1
1
0
0
0
0
0
2
0
0
1
0
1
0
1
0
0
0
0
0
0
0
0
0
0
1
0
0
0
0
0
0
0
0
0
0
0
0
0
0
2
0
1
0
0
0
0
3
1
0
0
0
1
0
0
1
0
1
0
1
0
0
0
0
1
0
0
0
0
2
0
0
0
0
0
0
0
1
0
0
0
0
0
0
0
0
0
0
0
2
0
1
0
0
0
2
2
0
0
1
0
1
1
0
0
0
0
0
1
1
0
1
0
1
0
0
1
0
0
0
0
1
0
0
0
1
0
0
0
0
1
0
1
1
1
0
0
0
2
0
0
0
0
0
0
1
0
0
0
0
2
0
0
1
0
0
0
0
0
0
0
1
0
0
0
0
0
1
1
0
0
0
0
0
0
3
0
1
1
0
0
0
1
0
0
1
0
0
1
0
0
0
0
0
0
0
0
0
0
0
0
0
0
0
0
1
0
0
0
1
0
1
0
1
0
1
0
0
0
0
0
0
0
0
0
0
0
0
0
0
0
1
0
0
0
1
1
0
0
0
0
0
0
0
0
0
1
0
1
0
0
0
0
1
0
0
0
0
1
0
1
0
0
1
0
0
0
0
0
0
0
0
0
0
0
0
0
0
0
0
0
0
0
0
0
0
0
0
1
0
0
0
0
1
0
0
0
1
0
0
0
0
0
0
0
1
2
2
0
0
0
0
0
0
0
1
2
0
0
0
0
0
0
0
0
0
0
0
0
0
0
0
1
0
0
0
0
0
0
0
0
1
0
0
0
0
0
0
0
1
0
0
0
0
0
1
0
1
0
0
0
0
0
0
1
0
1
1
0
0
0
0
0
0
1
1
0
2
0
0
0
0
0
1
0
0
1
0
0
0
0
0
0
0
0
1
0
0
0
0
0
1
0
0
1
0
0
1
0
0
0
0
0
0
0
0
0
0
1
0
1
0
1
0
0
0
0
0
2
1
0
0
0
1
0
1
0
0
0
2
0
0
0
0
0
1
0
1
1
0
0
0
0
0
0
0
1
0
0
0
1
0
1
1
1
0
0
0
0
0
0
0
0
0
0
0
1
1
0
0
0
0
0
0
1
0
0
0
0
1
0
0
1
0
0
1
1
0
2
0
1
0
0
0
1
0
1
0
0
0
0
0
0
0
1
0
0
0
0
0
0
0
0
1
0
0
1
0
0
0
0
1
0
0
0
1
0
1
0
1
1
0
0
0
1
0
0
0
1
0
1
0
1
0
0
0
1
0
0
0
0
1
1
1
0
1
0
1
1
1
1
0
0
0
0
0
0
0
1
0
0
0
0
0
0
1
0
0
0
0
0
1
0
0
0
1
1
0
0
0
1
0
0
0
0
0
0
0
1
0
0
0
0
0
1
1
1
0
0
2
0
1
0
1
0
0
0
2
0
0
2
0
0
0
0
0
0
1
0
1
1
0
0
0
0
0
0
0
0
0
1
1
0
1
0
0
1
0
0
1
0
0
1
0
0
0
0
0
1
0
0
0
0
0
0
0
0
0
2
0
0
0
0
0
0
0
0
0
0
1
0
0
0
0
1
1
0
0
0
1
0
1
0
0
1
1
0
0
0
1
0
0
0
0
0
2
0
0
1
0
1
0
0
0
0
1
0
0
3
0
0
1
1
0
1
3
1
1
1
0
0
0
0
0
1
1
1
0
0
0
0
0
0
0
0
0
0
0
1
0
0
0
1
0
0
0
1
1
0
0
0
0
0
0
0
0
0
1
0
0
0
0
0
0
0
0
1
0
0
0
0
0
0
0
0
0
0
0
0
0
0
0
0
1
1
1
0
1
0
0
0
0
0
0
1
0
0
0
0
0
0
0
0
0
0
0
0
1
0
1
1
1
0
0
1
0
0
0
0
0
2
0
0
0
0
0
0
0
0
0
0
1
1
0
1
0
0
0
0
0
0
0
0
0
0
0
0
0
1
2
0
0
0
0
0
0
0
1
0
0
0
0
0
0
1
0
1
0
0
0
0
0
0
0
0
0
0
0
0
0
0
1
0
0
0
0
1
0
0
0
0
1
1
0
0
0
1
0
0
1
1
1
1
0
0
0
0
0
0
0
0
0
0
0
1
0
0
0
0
0
1
0
1
0
1
2
0
1
0
0
0
0
0
0
0
1
0
0
0
0
0
2
0
0
0
0
0
0
1
0
0
0
0
0
0
1
0
0
0
0
0
0
1
0
1
0
0
0
1
1
0
0
0
0
1
0
0
0
1
0
1
0
0
1
0
0
0
1
1
1
0
2
0
0
0
0
0
0
0
0
1
0
0
1
1
0
0
0
1
0
0
0
0
0
1
0
0
0
0
0
1
0
0
1
0
0
0
1
2
0
1
0
0
0
0
0
0
0
0
0
0
0
0
0
1
0
0
2
0
0
1
0
0
0
0
0
0
1
0
2
0
0
0
0
0
0
0
0
0
0
0
0
0
0
1
1
0
0
0
1
0
0
0
0
0
0
0
1
1
0
0
0
0
0
2
0
0
0
0
0
0
1
0
0
1
0
1
0
0
0
0
0
0
0
0
0
0
0
0
1
0
0
0
1
0
1
0
0
2
0
0
0
0
0
0
0
0
1
1
0
0
1
0
0
0
0
1
0
0
0
0
2
0
0
0
0
0
2
0
0
0
0
1
1
0
1
0
0
0
0
0
0
0
0
1
0
0
0
0
0
0
0
1
0
0
0
0
0
0
0
0
0
0
0
0
0
0
0
0
1
0
0
0
0
0
0
0
0
0
0
0
0
1
0
0
0
1
1
0
0
0
0
0
0
0
1
0
0
1
1
0
0
0
0
0
2
0
0
1
1
1
1
0
1
1
0
0
0
0
0
0
0
0
1
0
0
0
0
0
0
0
0
0
0
1
1
0
0
0
0
0
0
1
0
1
1
0
0
1
3
1
1
1
0
0
0
0
1
0
0
0
0
0
0
0
0
0
1
0
0
1
0
0
0
0
0
0
0
0
0
0
0
2
0
0
0
0
1
0
1
0
0
1
0
0
0
0
0
1
0
0
0
0
0
0
0
0
0
1
0
0
0
0
0
1
0
0
0
0
0
0
1
0
0
0
2
1
0
0
0
1
0
2
0
1
0
1
1
0
0
1
0
0
1
0
0
0
0
0
2
0
2
0
0
0
0
1
0
0
2
0
0
0
0
0
0
1
0
0
1
0
1
1
0
0
0
1
0
0
0
0
0
0
0
0
1
0
1
0
0
0
1
0
1
1
0
0
1
0
1
0
1
0
0
1
0
0
1
1
0
0
0
0
0
0
0
0
1
0
1
0
1
1
0
1
0
0
0
0
0
0
0
0
0
1
0
0
1
0
0
0
0
1
0
0
0
0
0
0
3
1
0
1
0
0
0
1
0
0
0
0
1
1
0
1
0
1
0
2
1
1
0
1
1
0
0
0
1
0
1
1
1
0
0
0
0
0
0
0
1
0
1
2
0
1
0
1
0
0
0
0
1
1
0
0
0
0
1
0
0
0
0
1
1
0
1
0
0
0
1
1
0
0
0
3
1
0
0
0
0
0
0
0
1
2
0
1
0
0
1
0
1
2
0
0
0
1
0
0
1
0
1
0
0
0
0
0
0
0
0
0
0
0
0
0
1
1
0
0
0
1
0
0
0
1
0
0
0
1
0
1
0
0
0
1
0
2
1
0
0
0
0
1
1
0
2
0
0
1
0
0
2
0
0
0
0
0
0
0
0
0
0
0
1
0
0
0
0
0
0
0
0
0
0
0
1
2
0
0
0
0
0
0
1
0
2
0
0
1
0
0
0
0
0
0
0
1
0
2
0
1
1
1
0
0
0
0
0
0
0
1
0
0
0
0
0
0
0
0
0
0
0
0
0
0
1
0
0
0
1
0
0
0
1
0
1
0
0
1
0
0
0
0
0
0
0
1
0
1
1
0
0
0
1
0
0
0
0
0
0
0
1
1
0
0
0
0
0
0
0
1
0
0
0
0
1
0
1
0
0
0
0
0
0
0
0
0
0
0
0
0
0
0
0
0
0
0
0
1
0
0
2
0
0
1
3
0
5
0
0
0
2
1
1
3
1
2
0
1
6
0
1
1
1
1
2
1
1
1
1
0
1
0
1
1
0
0
0
0
0
0
0
0
0
0
0
0
3
1
0
0
0
2
0
0
0
0
0
0
0
0
0
1
0
0
1
1
0
1
0
0
0
0
0
1
0
0
0
2
0
1
0
0
0
0
0
1
1
0
1
0
1
2
1
0
1
0
0
0
0
0
0
0
0
1
0
1
0
0
0
2
0
1
0
1
1
1
0
0
1
0
0
0
0
1
0
0
1
0
1
0
0
0
0
0
0
0
0
0
1
0
0
0
0
1
0
1
0
1
2
0
2
0
0
0
0
0
0
0
0
0
0
0
0
0
0
1
0
0
1
1
0
1
0
1
0
0
0
0
0
0
1
0
0
1
0
0
0
0
0
0
1
0
0
0
0
1
1
0
1
0
1
1
0
1
0
0
0
0
0
0
0
1
0
0
0
0
0
2
0
0
0
2
0
0
0
0
0
1
0
0
1
0
1
1
0
0
2
2
0
1
0
1
1
0
0
0
0
0
1
0
1
0
1
0
3
1
0
0
0
0
0
$ENER_FIT:
5.9250 0.607168 -1.583600e-008
$MCA_CAL:
3
5.9250 0.607168 -1.583600e-008
$ENDRECORD:
