$SPEC_ID:
None

$MEAS_TIM:
689.57000 715.76000
$DATE_MEA:
05/09/2013 5:18:08 PM
$DATA:
0 16383
0
0
0
0
0
0
0
0
0
0
0
0
0
0
0
0
0
0
0
0
0
0
0
0
0
0
0
0
0
0
0
0
0
0
0
0
0
0
0
0
0
0
0
0
0
0
0
0
0
6
19
11
22
29
10
27
16
12
26
121
277
276
256
273
280
268
294
246
260
275
259
267
285
254
278
293
280
264
318
308
280
320
314
302
309
293
334
310
325
350
331
343
353
343
370
338
303
395
349
357
362
374
395
330
361
373
397
403
407
474
494
469
519
560
562
519
466
528
472
444
417
404
429
434
397
415
370
402
435
466
487
453
446
496
497
446
415
422
399
456
394
423
382
401
438
409
399
433
418
424
417
452
378
419
357
415
384
417
416
401
418
450
393
370
395
392
448
394
418
388
388
420
416
385
394
401
405
410
415
416
397
382
410
387
411
447
394
393
396
387
376
381
411
415
401
413
390
398
372
404
404
387
383
376
392
399
394
391
379
386
388
374
390
398
402
356
372
376
379
383
359
402
371
356
349
374
378
394
344
358
390
380
400
390
371
358
390
353
359
382
385
373
365
372
378
392
357
322
396
386
331
366
346
345
346
364
369
365
362
361
348
381
347
356
377
384
392
371
396
396
356
353
359
382
360
394
377
355
372
333
383
343
370
362
336
377
365
375
345
378
304
363
334
329
355
350
331
326
365
331
293
374
353
331
354
346
335
316
322
282
329
306
364
322
307
357
315
343
358
352
312
319
353
308
307
350
325
308
299
315
328
312
339
321
310
280
328
311
319
303
304
302
279
321
317
306
292
272
317
285
292
333
315
314
298
306
305
299
301
278
284
304
299
279
334
282
291
325
317
264
302
326
303
310
310
325
312
284
342
292
307
278
292
273
291
298
312
302
275
261
273
299
281
293
289
255
285
270
303
308
262
236
290
296
290
256
294
304
277
308
323
306
299
310
313
276
292
300
290
292
286
263
265
254
286
269
282
271
255
272
231
280
252
266
253
247
247
254
257
287
238
250
256
245
245
275
246
290
259
287
252
231
240
283
240
236
269
265
251
260
254
220
247
227
246
262
250
263
238
262
237
251
255
241
251
252
256
280
231
237
235
227
220
281
225
216
257
238
231
224
216
259
246
260
244
251
229
228
229
211
245
216
215
207
237
208
199
210
225
238
218
222
202
240
239
208
191
197
232
202
217
194
186
193
176
224
199
203
211
207
186
217
195
192
170
184
196
185
198
225
200
195
196
172
192
196
190
205
195
188
196
181
174
185
222
176
204
182
184
196
178
169
145
176
176
180
169
177
194
180
205
181
179
188
177
173
171
164
185
174
209
187
168
175
177
185
172
169
161
170
170
162
163
171
164
173
210
209
147
166
173
145
170
165
186
165
172
166
166
182
206
175
172
193
182
160
184
180
166
177
188
184
147
176
178
198
181
192
160
191
181
179
177
172
177
171
172
165
174
157
197
182
168
174
170
184
168
206
152
164
167
169
170
173
185
172
193
164
186
174
169
162
168
152
160
152
182
165
164
159
148
171
168
160
150
164
168
172
152
156
179
155
153
142
143
147
115
133
154
128
150
149
141
150
138
137
142
151
144
156
169
158
132
155
154
175
137
167
137
148
145
155
153
147
157
142
142
143
153
155
130
146
154
176
145
155
159
161
164
153
121
160
123
168
164
148
161
149
142
132
155
159
175
165
150
135
171
158
167
158
162
163
164
188
162
159
149
165
162
165
188
160
192
226
342
376
583
628
772
802
879
904
902
919
926
859
944
893
827
915
922
934
866
880
838
779
633
558
432
275
202
145
147
114
125
134
114
93
123
119
112
110
104
98
123
113
116
109
128
114
123
96
103
109
119
100
121
105
118
118
100
112
102
121
115
130
155
161
265
401
444
539
524
439
314
228
177
150
119
119
127
137
120
119
110
126
107
121
106
103
113
110
102
98
92
106
114
101
114
94
129
106
105
112
109
112
96
106
106
125
96
126
103
113
99
109
130
106
107
135
142
109
106
125
103
101
137
93
123
108
118
112
121
129
109
99
125
113
100
114
131
121
116
99
112
154
216
432
913
1289
1338
956
470
182
135
94
90
110
88
105
99
103
112
91
115
111
123
99
88
102
100
113
88
90
95
95
126
141
144
170
180
107
107
105
91
116
97
100
105
108
119
124
126
100
98
85
88
109
97
95
105
91
118
107
104
97
98
87
99
102
107
96
115
87
94
109
83
106
107
109
94
79
95
103
111
86
82
99
95
83
89
104
96
103
120
104
96
94
81
89
88
87
83
85
98
100
81
84
94
90
89
87
103
112
87
95
88
96
94
94
91
97
76
112
81
95
94
94
96
86
108
92
112
92
91
88
102
95
96
106
96
99
95
90
95
79
98
108
103
90
84
102
92
92
88
99
89
109
109
110
175
211
288
323
211
178
115
129
100
115
114
111
101
102
84
92
91
81
97
92
89
92
97
105
97
112
103
105
87
98
89
85
104
78
109
106
97
83
89
91
87
99
70
78
90
89
70
99
80
85
90
97
77
83
83
90
85
98
81
97
86
88
116
93
97
83
92
115
102
90
99
84
96
88
82
97
93
98
85
91
96
81
102
84
81
102
82
91
92
85
85
71
85
121
109
110
104
91
101
94
93
81
88
84
69
82
92
100
99
78
88
96
86
80
90
87
76
94
104
72
102
96
120
108
141
143
139
111
87
91
98
84
60
85
83
77
89
86
77
84
93
92
89
111
97
83
104
83
78
86
98
83
91
101
92
113
76
81
64
103
81
116
107
110
90
105
107
88
92
96
83
87
78
84
96
87
70
78
78
90
91
81
121
86
86
82
80
104
92
85
90
99
82
88
79
81
100
93
87
85
81
85
100
97
85
85
78
71
94
81
102
93
76
95
86
90
80
104
108
95
93
73
82
104
86
72
103
95
88
103
85
87
97
103
94
100
100
93
99
76
85
99
89
74
88
81
77
88
70
77
84
82
100
103
109
116
154
139
141
135
104
85
80
87
86
105
80
86
84
82
86
88
72
80
81
81
71
86
94
82
66
97
80
82
94
71
82
82
77
71
87
77
103
86
88
79
81
69
78
80
71
92
81
85
81
74
98
95
103
79
82
92
83
100
116
97
108
87
94
90
89
85
83
90
85
101
83
69
77
97
88
78
104
79
75
76
80
80
85
76
94
86
109
92
89
85
87
94
76
82
86
85
92
87
86
101
97
101
99
94
73
72
86
79
81
81
96
99
88
81
72
78
79
94
96
93
93
81
74
80
83
76
65
92
88
77
101
94
103
79
94
86
73
71
78
84
78
90
93
82
68
87
85
72
90
83
83
108
93
86
93
79
80
85
97
91
88
82
97
97
89
71
105
95
76
77
87
82
72
79
107
76
84
87
103
77
74
83
74
77
81
73
78
78
97
85
99
93
90
68
88
101
82
92
91
88
94
75
77
92
103
77
91
98
82
88
84
80
80
105
101
85
94
98
95
86
74
88
82
87
75
88
100
90
86
80
82
73
86
73
96
95
83
81
79
78
71
90
81
89
96
62
80
95
73
80
79
88
104
88
80
91
88
91
93
91
73
79
75
102
78
89
76
71
76
82
81
93
92
81
95
78
84
87
81
85
72
72
101
79
87
96
91
95
83
74
94
77
76
90
101
89
96
98
83
71
62
81
84
93
82
87
90
81
75
94
84
83
78
94
91
98
80
79
84
94
83
71
92
79
92
71
83
82
92
95
83
99
83
84
79
92
81
74
85
104
86
112
102
86
93
83
80
69
101
102
87
67
84
92
88
90
95
84
101
95
84
69
93
86
78
82
64
84
87
97
97
89
87
84
97
91
96
98
81
83
94
82
76
113
74
89
89
87
88
86
76
95
88
80
88
88
99
82
91
78
83
107
69
86
90
102
101
92
73
86
94
91
75
82
79
95
95
92
89
92
75
80
82
87
92
93
97
96
82
91
95
93
76
97
101
96
93
72
75
86
73
94
90
97
92
92
86
81
83
92
79
68
80
95
93
90
98
96
83
89
84
91
109
93
85
85
85
87
113
106
95
74
93
105
96
84
73
87
81
79
87
79
95
87
93
90
99
86
89
102
76
76
111
82
86
89
79
90
97
93
105
85
92
74
100
88
91
97
78
90
90
64
76
81
94
99
90
87
96
82
81
79
87
69
86
91
87
81
75
95
88
90
77
94
107
93
90
89
100
82
105
70
93
97
78
90
110
78
114
89
97
85
75
95
82
103
66
90
114
79
80
84
80
83
109
86
104
105
75
72
90
94
94
86
89
78
89
82
85
97
98
88
89
71
99
99
89
81
84
98
95
94
107
114
100
103
83
88
78
76
95
108
105
100
87
112
98
111
104
108
89
87
96
82
114
75
78
93
82
89
89
86
83
85
72
86
99
77
108
79
93
73
85
90
71
95
78
77
73
96
88
84
78
81
85
76
96
101
142
192
265
346
364
338
288
228
162
137
106
106
101
103
85
106
118
135
169
138
113
116
84
108
90
97
98
101
98
98
99
83
103
106
88
73
99
99
89
95
112
94
100
99
92
91
95
93
115
86
89
110
107
89
103
109
100
90
103
94
96
99
94
106
100
111
84
91
95
101
96
74
113
85
82
113
85
106
92
92
88
88
108
97
113
89
87
95
97
78
109
90
101
97
78
96
83
107
95
88
89
103
121
106
120
108
111
105
100
86
102
85
109
81
81
98
102
92
104
98
74
94
94
84
81
93
85
79
90
105
95
101
105
86
87
104
87
86
101
134
115
108
106
98
109
117
81
87
87
85
80
84
90
86
96
97
85
119
105
95
97
87
94
95
112
110
78
100
103
121
118
105
121
99
102
115
95
124
100
101
127
86
106
104
105
86
102
114
107
117
114
107
98
85
101
91
96
111
93
112
91
81
115
103
99
106
104
106
100
104
113
105
96
86
93
98
90
99
114
102
126
96
98
122
86
94
84
85
88
99
98
79
103
107
105
96
82
98
102
107
107
81
88
93
85
100
93
106
92
83
84
113
100
100
106
98
109
106
112
81
95
93
121
103
95
109
107
85
98
105
94
131
129
129
143
153
124
104
96
101
94
111
121
104
115
117
92
135
116
119
102
101
115
116
113
103
92
98
115
96
92
105
107
100
86
113
115
103
117
113
89
120
102
95
107
119
107
97
99
83
89
90
105
113
121
92
117
107
117
119
125
130
124
120
111
127
97
106
100
108
92
111
99
95
90
99
105
86
100
97
101
112
95
120
93
111
116
94
106
104
106
89
109
117
106
103
112
103
106
106
105
108
97
104
108
107
103
98
89
126
109
83
109
92
95
104
105
91
89
120
109
79
107
101
105
127
104
93
101
97
94
101
89
97
104
129
95
89
124
89
117
101
108
94
105
125
94
113
102
115
108
115
101
100
97
88
93
110
105
118
122
117
109
119
93
113
110
110
89
109
106
100
95
115
93
114
105
121
107
111
110
107
118
91
109
106
105
108
110
106
121
96
100
100
104
96
96
106
96
99
105
108
109
91
92
118
92
126
135
140
128
124
127
119
109
109
114
106
100
117
117
93
106
115
101
120
94
99
89
117
95
117
119
120
102
99
124
89
112
116
98
111
128
100
135
125
112
108
113
112
104
84
109
114
108
108
99
105
95
110
97
112
125
102
113
105
113
117
115
116
105
124
106
108
96
99
130
91
112
122
129
96
102
108
110
121
104
120
106
118
100
127
98
100
98
106
106
126
121
121
128
98
107
122
109
105
112
89
112
103
113
131
121
109
103
114
94
103
127
111
120
109
98
108
104
104
104
99
103
121
88
101
99
143
122
103
109
112
122
113
117
117
98
116
113
107
96
108
100
113
109
112
122
115
104
106
110
94
103
109
102
107
102
106
112
97
106
108
125
111
88
101
116
111
105
109
128
102
121
130
103
112
112
109
104
118
103
115
111
112
102
104
109
103
122
110
109
97
121
110
107
109
114
101
113
108
117
117
113
128
120
127
119
122
121
124
108
117
111
105
118
126
107
105
104
126
118
110
119
102
100
123
123
140
112
115
117
111
111
110
106
102
131
128
126
113
129
130
140
141
125
127
133
111
107
122
110
126
101
120
131
96
128
113
114
120
112
130
130
109
112
118
109
110
123
127
136
105
117
110
114
135
133
112
118
148
139
116
109
144
141
137
142
124
115
124
101
120
117
112
118
97
94
108
115
127
127
119
118
114
111
115
127
112
112
117
121
126
133
173
151
150
118
157
117
143
110
142
121
132
97
119
121
113
122
120
120
131
121
132
108
116
121
127
117
117
116
128
112
127
119
124
114
140
118
128
134
127
128
120
121
116
146
131
129
137
134
146
140
135
192
191
273
334
406
473
554
574
513
431
361
257
169
172
151
141
126
130
146
136
131
106
127
115
141
136
128
113
124
135
130
127
134
126
127
129
127
130
127
127
120
130
135
128
136
128
127
121
139
129
128
123
133
137
119
138
121
123
129
152
134
163
123
135
127
115
119
137
116
139
141
144
119
127
138
135
143
133
135
134
156
121
128
120
156
124
137
138
131
131
142
134
127
159
143
131
114
113
118
123
128
127
148
122
123
156
134
131
126
146
148
123
162
137
139
167
148
135
150
144
170
141
133
133
140
122
143
143
140
155
133
146
130
167
142
149
137
132
121
137
147
152
157
114
140
168
144
145
136
150
131
152
146
168
135
127
158
145
152
156
131
129
154
145
135
147
164
140
143
135
156
159
134
168
132
132
158
161
147
145
155
146
136
153
135
159
144
139
146
148
159
151
154
159
158
162
141
153
153
167
153
148
152
139
160
141
143
139
163
152
156
166
170
159
178
154
157
150
172
137
180
151
151
150
153
142
171
149
167
143
158
145
168
171
170
158
140
161
161
153
173
188
158
144
169
152
156
157
146
170
159
178
167
155
126
154
159
168
151
174
166
158
158
146
163
137
165
169
197
171
187
172
176
172
182
172
169
174
147
163
183
193
176
154
188
164
159
195
229
176
186
186
188
186
204
188
192
173
179
161
163
192
159
164
193
154
190
162
184
170
175
166
189
183
165
174
171
173
188
182
198
180
178
162
195
170
198
179
188
188
180
177
192
199
170
182
197
175
198
171
182
183
174
198
192
218
183
192
197
174
209
197
195
190
197
190
171
177
201
190
190
194
174
185
193
189
172
201
169
194
211
200
199
191
186
189
202
246
171
185
207
211
195
197
197
184
211
201
200
222
189
211
163
210
218
203
193
194
195
227
209
210
219
200
201
220
222
197
211
205
213
188
190
222
182
208
229
193
193
211
228
196
251
212
194
182
235
203
205
196
197
234
198
207
228
231
215
219
186
248
219
203
220
199
218
206
211
219
224
222
238
197
229
206
226
202
216
211
205
220
211
231
211
235
202
219
204
184
208
196
190
212
174
186
191
168
175
178
166
191
155
171
173
165
165
146
156
150
142
148
164
149
171
152
152
127
175
160
152
150
148
170
144
152
129
153
153
162
148
165
146
142
143
146
134
154
125
130
139
150
144
152
143
148
147
125
135
134
130
141
129
148
152
135
146
147
136
134
142
127
133
131
103
117
145
122
136
130
117
118
131
132
108
128
139
127
117
121
146
133
99
132
132
120
116
122
130
107
122
121
134
126
126
117
112
124
107
106
124
122
105
132
119
104
103
111
114
108
109
114
98
101
123
79
101
97
103
106
88
87
83
106
115
97
94
116
90
97
95
113
82
90
110
101
81
66
106
95
96
84
98
88
82
78
76
94
99
89
89
82
80
70
87
82
78
84
75
84
88
81
90
74
60
77
95
66
70
73
70
83
68
81
73
64
69
68
75
69
64
69
76
59
58
60
60
71
79
65
82
67
72
88
69
83
61
56
62
74
80
63
71
79
64
85
84
59
71
63
65
63
78
78
63
70
83
68
84
82
74
77
63
75
76
54
81
72
72
67
82
66
68
73
62
65
68
58
65
59
65
64
62
79
68
85
66
62
58
75
60
76
70
66
61
65
70
55
74
69
66
67
56
60
65
57
72
75
54
65
78
49
64
58
64
57
53
64
73
69
63
55
64
53
63
53
68
74
51
58
57
55
66
76
50
66
57
43
65
58
81
79
74
63
67
59
53
65
68
51
63
70
55
79
69
55
70
73
73
72
64
66
52
60
70
58
61
60
50
60
64
45
50
55
65
40
69
56
39
49
65
56
63
59
57
54
54
60
67
63
75
75
82
68
66
63
69
73
76
65
76
131
150
291
516
982
1709
2729
4104
5128
6562
6952
6469
5356
3579
2142
1073
400
170
48
27
26
26
17
23
15
21
12
19
16
23
16
18
15
18
17
15
15
12
13
24
13
21
27
12
14
20
12
15
14
19
21
16
16
18
16
22
17
14
18
27
25
20
20
23
19
16
33
16
19
14
19
14
13
12
13
17
12
19
14
15
18
19
24
18
22
23
13
17
20
19
16
22
17
15
13
20
13
11
17
16
9
21
9
16
16
17
17
11
25
11
21
24
18
18
18
12
15
18
16
27
18
18
15
17
13
20
13
19
14
13
17
13
18
17
13
20
16
13
10
10
20
20
15
11
16
7
5
17
19
17
18
16
19
16
17
19
14
17
20
22
19
21
22
13
24
22
15
19
13
20
9
19
15
17
15
14
17
13
18
13
23
9
21
18
14
13
24
19
15
16
16
26
15
11
13
10
16
16
17
13
21
15
17
14
16
15
22
13
17
16
20
21
11
18
9
20
14
15
16
15
18
24
27
11
21
20
14
7
15
19
16
23
19
20
12
8
17
14
15
13
18
12
15
15
18
17
23
13
18
13
21
13
17
18
17
13
20
13
12
17
14
16
15
13
16
17
14
19
15
18
16
16
12
16
10
22
8
17
16
15
17
15
10
11
17
16
10
19
12
18
22
14
14
20
20
18
17
16
14
22
19
14
16
18
15
14
20
14
8
17
19
12
12
12
12
23
14
16
18
11
13
16
15
10
12
15
11
19
16
22
12
17
15
11
12
11
19
20
15
16
13
18
19
18
16
23
10
14
14
17
15
16
16
17
7
15
6
15
13
20
16
10
19
16
13
10
20
12
14
13
11
14
10
16
12
14
9
13
16
20
9
13
22
15
19
17
14
20
15
18
26
24
33
24
35
27
26
23
25
24
16
13
21
17
13
9
14
5
11
10
16
22
17
14
13
18
15
12
20
5
11
10
14
15
16
15
15
8
18
21
22
13
13
15
13
14
14
20
16
12
12
12
10
20
13
8
10
18
20
14
24
9
17
10
14
5
15
13
8
11
14
18
11
6
12
16
12
8
16
5
20
13
11
17
10
9
18
11
19
15
13
16
14
9
9
8
12
14
13
12
12
19
8
14
19
20
16
24
14
18
29
18
11
12
23
20
12
16
9
15
8
14
11
11
13
14
11
12
11
24
12
5
10
7
15
12
12
16
17
13
17
12
17
12
20
12
16
10
12
11
10
17
15
14
13
17
12
15
24
21
20
18
18
17
10
13
15
16
14
15
11
19
18
12
25
13
7
7
12
14
7
14
14
15
11
14
11
14
12
15
14
13
7
13
15
13
11
10
8
14
12
9
16
11
16
14
17
19
13
15
17
14
11
10
15
12
17
16
18
8
12
10
10
9
11
20
8
18
12
17
14
13
12
13
14
14
13
23
20
18
18
18
22
11
14
19
21
10
19
17
20
12
11
10
18
15
16
14
16
10
10
16
16
13
14
10
12
9
19
14
11
18
13
9
16
13
14
6
16
14
13
13
15
12
15
9
12
13
15
13
15
12
7
15
16
12
18
5
13
10
12
12
13
7
11
14
11
18
16
10
11
6
15
12
11
13
11
8
19
15
17
18
19
19
16
21
20
13
9
19
16
15
12
15
30
15
32
19
32
24
16
25
27
22
13
16
12
10
20
14
10
14
17
17
14
7
7
13
17
19
12
10
13
26
8
10
12
11
9
14
12
18
9
10
21
21
16
9
7
14
11
13
14
16
8
8
6
9
18
11
8
12
15
14
14
19
10
15
19
19
9
14
10
16
14
14
10
17
15
19
17
10
8
12
13
11
13
11
16
15
7
18
7
14
13
13
7
17
13
12
11
13
11
12
16
15
8
14
9
10
23
11
13
11
20
15
13
15
11
12
14
14
21
12
14
10
16
13
17
9
13
10
8
12
16
12
10
22
14
10
16
14
19
10
19
10
9
13
8
3
9
15
18
12
14
12
21
15
11
12
14
14
11
15
13
18
11
12
9
16
8
13
10
18
13
10
18
15
13
9
19
12
14
15
7
18
25
18
20
23
16
20
18
14
16
9
19
10
19
13
7
14
14
16
13
8
15
6
9
13
16
8
12
14
8
8
19
10
14
9
17
8
26
13
11
13
9
17
13
11
15
10
14
12
14
19
12
16
18
22
11
22
13
19
13
8
10
8
9
9
13
7
21
13
10
11
19
9
15
10
14
9
5
12
10
9
10
10
10
11
8
23
19
14
14
11
13
14
8
14
10
13
12
15
9
13
15
6
10
17
13
11
10
15
11
12
13
16
9
8
15
16
8
11
10
17
15
7
10
11
13
13
8
17
13
11
10
11
13
10
14
10
6
12
17
13
10
13
16
7
8
16
12
9
12
15
10
14
8
17
8
6
10
13
13
17
11
12
9
7
11
9
13
15
16
6
15
14
8
14
6
11
17
11
17
11
7
12
10
12
12
4
8
8
9
5
12
10
10
14
5
8
15
15
13
13
8
12
15
9
8
11
8
8
17
16
9
11
12
10
13
12
8
15
14
12
10
6
10
5
9
19
11
14
10
9
7
10
16
6
15
5
17
13
18
12
12
14
14
7
10
6
9
8
11
11
4
15
9
5
13
13
12
9
9
9
11
5
16
11
12
10
14
10
12
13
12
13
22
7
10
17
10
7
6
14
11
14
13
10
9
6
13
8
11
9
9
17
10
17
13
10
14
12
10
4
15
8
10
13
11
16
11
15
10
7
15
11
10
8
11
7
12
14
11
13
11
15
12
12
8
14
13
10
16
17
5
17
10
9
10
7
7
5
13
6
12
10
12
14
8
11
6
9
7
11
8
3
18
14
11
12
19
5
10
13
8
12
13
9
11
5
7
9
13
8
10
14
17
11
14
15
13
20
12
13
13
10
15
14
7
12
13
14
11
14
11
8
9
8
15
19
7
5
9
7
10
10
13
6
7
6
10
14
13
11
14
13
11
10
11
10
10
4
22
14
16
5
14
17
13
9
9
9
9
15
15
7
6
8
10
9
13
8
9
8
18
15
15
14
10
12
11
9
8
14
10
21
15
10
18
9
16
15
15
8
13
11
13
14
8
14
17
8
10
4
15
13
15
22
13
11
8
11
10
9
4
13
13
8
16
7
8
12
10
6
11
10
10
5
9
9
5
11
15
7
8
8
13
9
10
7
12
10
14
10
7
14
10
7
7
17
7
4
17
14
8
10
15
11
8
10
8
8
12
5
6
6
13
9
7
6
10
13
8
5
8
7
6
14
7
8
8
12
13
8
9
10
10
7
23
8
11
15
8
14
10
13
14
15
12
6
14
12
15
13
16
14
7
15
11
4
16
6
9
9
13
10
11
8
19
16
11
8
9
10
4
11
10
6
8
8
12
6
8
7
7
9
10
12
9
14
9
10
8
6
6
9
2
9
11
7
3
9
9
11
14
6
4
11
10
11
11
10
7
5
12
15
10
7
12
9
7
9
16
8
14
11
13
8
18
8
10
5
8
10
16
6
19
14
4
15
15
14
8
14
11
7
16
9
13
13
6
9
8
7
7
9
9
10
12
11
9
10
12
13
7
10
9
3
9
11
8
6
12
9
12
4
4
10
12
8
10
11
8
6
14
9
12
7
6
4
4
5
9
11
4
10
5
11
8
13
8
10
9
17
11
15
15
10
7
4
9
12
14
10
12
15
8
20
7
9
11
8
9
6
10
11
10
11
9
10
13
12
9
9
9
10
8
14
8
6
12
11
8
14
6
10
8
10
7
7
10
6
10
10
10
11
5
9
8
6
5
14
11
8
11
11
7
7
10
14
6
4
10
11
5
9
10
8
6
14
7
12
7
11
10
8
13
10
10
7
10
10
5
14
7
13
13
12
9
13
6
7
7
7
13
10
12
9
10
9
12
4
8
6
9
6
7
10
11
9
6
9
7
9
7
9
9
4
6
8
5
8
4
9
6
16
7
8
7
7
12
13
11
10
9
12
8
6
8
8
3
11
5
6
6
13
5
10
5
8
7
7
11
5
6
9
9
10
11
9
7
6
6
12
8
12
10
7
7
6
3
16
4
13
7
10
4
10
11
11
9
10
3
6
9
8
10
13
14
11
7
12
6
6
9
15
6
17
9
8
9
9
11
9
11
13
12
10
11
12
10
12
7
9
8
19
9
10
12
5
7
6
8
9
15
10
11
13
10
6
13
8
9
6
5
10
8
5
20
11
12
13
10
9
6
7
10
15
10
7
7
8
5
8
10
8
10
11
4
13
13
9
6
8
3
8
6
7
14
8
4
7
7
8
9
13
7
10
4
10
11
5
11
11
10
7
9
7
14
8
8
5
13
14
9
6
9
10
13
11
6
11
10
6
10
7
8
7
8
12
6
10
9
11
14
9
8
5
5
12
6
13
11
6
12
7
7
19
11
13
10
7
4
15
10
12
7
8
9
13
11
9
10
4
14
9
14
10
11
11
5
14
10
11
11
13
13
7
5
11
4
15
12
14
12
4
4
13
7
8
5
5
12
11
5
11
8
11
12
15
10
8
11
6
8
7
6
3
9
9
8
6
12
5
9
8
14
4
13
7
10
6
12
6
4
7
9
8
6
10
7
9
15
8
3
7
11
15
5
10
9
8
11
7
9
7
6
7
7
6
7
16
7
6
6
10
7
15
14
7
9
10
6
10
7
8
6
7
6
7
8
15
9
10
12
11
8
13
13
12
8
6
6
8
14
11
6
5
12
8
12
7
7
9
11
3
7
9
11
10
9
8
8
9
16
5
5
8
3
7
9
9
6
10
6
5
8
4
5
7
7
2
6
11
6
6
7
12
12
7
8
3
6
9
3
4
5
4
9
10
6
10
7
7
11
10
9
10
14
16
12
12
11
14
10
19
11
14
13
7
8
5
7
6
7
4
9
7
9
5
5
10
12
10
9
10
12
9
8
9
7
9
10
11
10
5
10
5
6
14
14
8
8
9
6
7
9
6
10
14
10
8
13
8
5
11
8
3
12
6
8
5
8
12
6
7
17
7
6
10
11
8
8
7
10
10
9
3
11
5
10
7
11
13
8
3
9
10
9
8
11
6
6
3
13
11
5
6
8
11
7
5
9
12
8
10
10
9
7
9
8
6
4
9
5
8
4
5
6
8
14
5
11
7
13
12
13
14
11
6
4
5
9
8
11
12
3
11
9
9
12
3
10
5
8
9
11
6
11
7
7
12
6
7
11
10
8
11
6
6
8
7
5
7
6
7
4
12
8
11
8
4
3
9
6
11
7
11
5
8
4
6
6
14
5
7
7
12
6
5
12
6
12
3
5
12
7
6
5
12
10
9
7
6
11
5
7
9
6
10
6
6
8
8
8
10
8
10
3
10
10
6
7
11
6
4
9
4
10
8
8
11
5
7
12
12
12
11
14
15
13
10
20
11
18
27
13
14
15
10
16
16
11
9
15
14
11
16
11
10
12
4
6
5
14
9
3
3
6
11
9
7
5
10
4
9
10
6
7
4
8
3
9
10
5
5
8
4
7
4
9
12
6
6
8
5
5
6
10
13
10
8
4
5
6
5
6
6
10
11
8
9
1
4
6
13
11
9
5
7
9
5
5
5
6
9
4
8
10
10
9
4
10
9
5
11
5
9
6
2
11
8
5
2
4
8
8
4
11
2
10
5
8
6
6
6
6
7
10
8
8
5
9
7
10
9
9
1
9
8
7
7
10
4
9
9
13
4
16
5
12
4
10
4
7
10
6
7
9
4
8
7
10
3
7
5
5
6
9
6
3
9
6
9
7
7
2
7
10
13
5
13
7
8
8
5
17
6
8
5
12
10
3
4
7
5
7
10
15
8
10
3
10
12
9
9
3
7
10
11
9
8
9
4
7
4
8
11
9
3
12
3
8
4
7
5
4
6
6
9
7
6
11
9
3
5
5
6
8
4
2
12
3
6
4
7
7
14
5
4
3
6
7
4
7
8
4
6
9
10
6
4
10
10
5
6
9
9
5
6
11
5
8
6
6
9
5
4
7
5
7
0
6
7
6
6
4
6
11
4
5
4
4
4
4
4
8
7
11
3
7
5
4
6
6
10
12
5
6
6
5
9
8
10
6
12
5
3
7
7
5
7
10
6
5
6
6
9
7
2
2
2
3
9
5
12
6
3
8
3
5
5
7
7
4
7
6
5
7
10
10
9
8
5
8
6
15
4
7
7
1
7
5
4
11
1
3
3
7
6
7
7
7
4
3
4
5
5
4
2
6
5
6
10
8
5
8
8
6
9
1
9
5
10
3
6
6
10
6
7
2
8
4
8
6
7
4
7
6
10
8
9
5
9
8
19
7
9
6
8
4
6
8
8
10
7
8
6
9
9
12
7
7
9
6
8
5
6
4
6
10
10
7
9
6
8
5
10
6
9
7
3
3
5
4
8
3
5
6
5
6
3
5
6
9
7
4
7
4
6
9
8
4
6
6
8
10
12
3
12
9
7
9
7
4
6
9
5
5
1
6
4
10
7
10
5
6
4
8
5
4
7
6
0
4
7
3
6
8
7
7
9
12
5
5
7
5
8
5
1
4
10
6
10
5
5
5
6
12
5
5
6
10
6
11
4
8
10
13
12
11
10
11
8
7
14
5
8
5
8
6
8
6
5
1
3
5
9
4
6
7
7
4
5
6
6
3
6
5
10
11
6
7
8
4
8
3
8
7
9
8
7
5
3
5
4
2
2
5
7
9
9
7
7
13
4
7
5
5
9
8
7
6
12
7
6
7
5
10
8
6
2
7
5
2
4
5
5
12
12
8
4
2
9
6
10
6
9
5
7
9
5
3
5
4
7
5
6
8
8
10
8
9
14
1
5
4
7
7
5
7
10
10
10
3
3
9
8
3
3
9
9
7
6
2
2
10
12
6
6
8
8
6
5
9
11
3
11
3
3
6
7
6
6
5
7
8
6
4
4
4
3
6
6
6
6
9
4
6
7
8
11
4
10
8
6
7
4
8
11
3
8
5
10
5
6
6
8
10
3
10
5
7
4
8
5
5
5
1
8
8
10
5
8
4
4
2
10
3
8
3
6
1
6
6
6
4
9
6
8
9
4
9
6
7
7
3
12
7
4
5
10
11
13
5
6
8
4
7
8
8
7
7
6
4
7
9
10
5
4
6
5
9
7
5
1
4
6
7
4
4
6
2
8
7
8
3
7
8
2
5
4
7
7
11
7
5
8
3
10
2
5
5
4
9
3
3
2
2
4
7
4
8
6
6
2
3
4
7
8
8
6
7
6
7
9
4
7
5
6
8
7
10
5
8
6
9
9
6
7
9
6
2
6
4
10
2
6
6
6
5
3
6
3
5
5
6
2
2
5
3
8
5
10
6
2
3
9
5
8
5
5
10
7
6
8
8
5
9
10
4
9
5
3
7
6
3
5
9
6
5
8
5
7
5
10
8
7
6
12
5
7
7
11
7
7
12
9
4
6
4
8
3
4
10
8
9
5
9
8
12
3
9
10
6
7
10
7
5
11
5
7
3
9
6
9
8
13
6
7
5
9
14
3
9
12
7
10
7
6
8
5
11
5
8
4
10
8
3
9
7
10
4
5
3
10
1
9
7
7
6
7
6
9
6
7
8
6
6
6
10
16
4
5
10
11
5
8
4
5
5
7
10
7
5
4
5
5
4
4
4
5
5
4
4
1
2
8
7
7
9
6
6
11
3
12
8
6
6
9
4
3
3
5
5
2
6
9
14
3
11
4
8
8
9
3
9
6
4
10
7
9
6
5
9
4
9
6
10
10
5
4
2
6
2
8
8
7
9
2
4
6
9
5
7
4
4
11
6
8
4
4
9
3
5
6
8
2
6
6
5
5
5
5
4
10
10
3
0
11
8
3
7
7
4
9
4
8
7
5
8
12
6
9
6
7
5
3
6
10
5
10
5
3
6
2
3
5
7
4
9
6
2
5
7
3
9
9
10
8
7
7
7
4
7
6
8
6
7
1
2
4
5
3
8
2
4
6
8
6
5
8
5
3
4
7
6
3
2
3
8
2
5
7
5
4
8
6
4
9
8
8
9
5
6
5
4
5
9
3
4
3
8
11
10
5
4
12
5
5
5
6
5
5
5
9
4
1
8
2
8
5
4
9
7
1
3
5
3
2
10
6
3
4
4
7
4
8
4
3
8
4
9
1
3
9
2
7
5
5
2
7
4
1
6
9
3
8
7
11
11
10
5
12
8
13
9
12
4
12
9
8
9
6
5
13
11
3
3
12
10
8
10
2
7
4
6
13
6
11
7
7
7
6
4
7
6
6
5
5
6
7
5
2
2
5
4
4
7
6
4
8
5
7
8
6
3
6
10
3
7
8
8
4
7
4
2
5
5
9
2
8
5
5
5
4
1
9
5
9
10
3
7
4
7
9
5
2
6
8
3
8
10
7
3
5
5
2
9
5
5
4
8
3
8
4
4
6
11
4
9
6
7
2
4
9
8
2
8
10
5
9
6
1
11
4
8
14
13
9
15
19
12
12
13
10
24
12
13
6
9
8
8
7
6
5
7
5
3
9
6
2
6
5
7
6
10
6
4
9
9
7
9
6
5
10
7
9
4
6
4
10
3
4
4
4
6
7
7
8
6
6
6
12
12
12
8
8
5
5
7
12
8
9
12
9
3
5
4
7
3
9
9
6
4
8
6
5
4
6
6
8
5
9
7
9
9
5
7
6
8
5
1
6
6
5
6
6
4
3
6
6
5
7
8
7
10
11
4
4
8
6
4
7
6
9
5
4
5
9
10
2
6
5
4
3
8
5
9
5
3
7
1
4
5
11
7
9
6
7
6
9
9
3
0
6
5
6
7
7
13
5
5
2
13
5
2
6
7
7
5
4
4
12
5
7
5
6
8
8
6
7
3
4
4
7
4
4
4
5
5
4
4
5
10
5
6
7
4
7
4
4
2
2
9
4
5
8
5
6
8
6
2
10
8
4
5
9
8
5
0
5
5
2
9
5
10
4
4
10
6
4
6
4
3
8
7
5
7
4
1
10
9
2
5
7
1
9
3
7
4
2
4
6
4
8
4
2
8
6
7
3
9
8
8
4
7
4
9
7
7
10
4
5
5
8
6
3
6
4
5
4
8
6
4
5
3
5
7
3
9
8
10
3
3
7
6
7
6
8
7
6
5
4
3
3
7
6
4
4
7
2
6
2
8
7
7
5
8
5
5
5
3
9
9
3
4
6
3
3
7
14
5
5
5
2
5
6
8
8
7
3
3
7
6
7
9
8
4
8
6
6
9
5
6
9
2
6
4
6
3
8
4
1
0
7
3
3
4
5
4
9
8
5
5
6
9
2
10
7
9
6
7
3
5
2
10
11
5
6
5
8
5
7
3
5
4
7
6
4
4
9
3
3
7
7
9
6
5
6
5
5
5
5
4
4
8
11
11
6
9
10
9
10
10
11
4
12
6
11
10
4
9
5
5
5
6
8
10
2
6
2
4
4
2
6
5
2
9
2
8
3
8
2
4
6
10
6
5
11
7
5
9
10
8
11
14
11
4
9
7
10
6
8
5
12
8
7
4
5
4
6
3
7
5
12
2
10
7
5
8
6
3
4
7
6
5
11
5
5
9
10
7
8
8
7
5
4
5
6
9
7
7
5
6
5
4
7
8
4
1
9
7
2
8
8
2
4
6
5
2
7
3
3
5
5
6
6
9
6
1
7
3
2
7
9
8
6
6
6
2
5
4
4
5
3
2
4
3
6
6
3
5
3
2
5
7
2
3
1
3
5
3
2
5
7
4
3
7
6
1
10
7
5
10
11
3
0
4
3
5
3
4
4
5
6
2
2
9
5
3
6
2
6
3
7
2
10
5
9
6
6
2
2
5
4
5
6
8
7
4
7
8
5
4
5
8
4
5
6
5
5
2
5
6
5
5
4
1
2
4
5
2
8
3
4
5
6
4
5
7
4
4
2
3
6
4
3
1
4
6
7
5
2
5
4
5
4
5
9
8
5
2
7
7
7
9
5
9
7
7
5
4
3
12
12
6
7
2
4
6
4
4
5
8
7
2
8
3
6
4
1
2
3
1
5
4
4
7
7
8
5
2
6
5
3
5
3
7
7
5
5
5
4
9
9
9
7
4
6
9
12
13
16
13
18
14
8
8
5
3
3
6
6
2
4
9
7
7
5
4
4
3
3
7
4
5
7
3
7
3
8
2
6
1
2
5
5
3
7
5
5
3
4
3
1
3
6
5
2
3
3
3
6
5
5
1
2
6
6
3
4
7
3
3
4
8
3
1
5
6
4
4
7
3
5
3
7
3
5
4
4
3
8
5
7
1
5
7
5
10
5
0
3
2
6
10
4
2
5
6
9
2
4
3
3
7
7
5
8
4
4
4
4
2
7
8
5
6
9
8
6
4
14
8
4
4
12
10
8
10
6
8
17
8
8
8
7
5
7
3
6
6
5
5
2
7
4
6
2
4
7
2
4
5
8
5
6
8
2
5
4
5
7
6
2
5
2
5
9
6
8
7
4
4
7
6
12
5
6
6
11
4
2
7
5
5
1
5
4
3
4
3
5
4
3
1
3
1
7
5
5
4
2
4
4
6
3
4
3
1
7
7
6
4
2
3
4
9
4
8
2
1
6
2
4
3
0
5
6
2
3
6
7
5
3
2
2
2
3
5
2
6
2
3
7
8
5
3
5
2
6
4
5
4
2
3
3
3
4
5
1
4
5
3
6
4
3
2
6
1
8
3
3
5
4
7
3
4
5
5
4
2
2
6
1
4
0
6
6
2
2
4
6
1
2
5
2
2
2
2
1
6
7
3
4
8
3
7
10
5
2
6
1
2
3
3
4
4
2
6
3
3
6
2
3
3
4
2
6
4
2
5
3
3
4
3
2
3
6
5
5
8
6
3
8
3
2
5
14
2
6
5
4
4
2
2
4
2
4
3
2
4
5
0
4
2
4
5
2
6
3
5
8
4
6
4
2
1
3
1
4
3
3
2
6
6
5
7
1
5
1
7
3
2
5
6
1
3
2
3
4
5
4
3
6
3
4
3
6
5
3
3
2
5
3
5
3
4
1
6
4
4
4
5
3
5
3
3
4
3
4
3
2
5
4
7
4
4
7
7
4
1
2
2
6
2
4
5
1
3
0
5
1
3
3
5
3
6
6
4
5
6
3
4
3
5
2
2
3
2
3
5
2
5
3
0
3
3
1
3
3
3
2
4
2
8
1
4
3
5
2
0
4
4
4
3
1
5
6
1
2
4
7
7
6
3
4
1
2
6
5
3
5
2
2
1
5
3
6
1
5
5
6
5
4
7
10
11
5
7
6
8
9
12
10
18
15
11
10
7
14
9
5
7
3
2
3
4
3
4
1
1
3
2
6
3
3
1
3
3
3
7
3
4
5
2
3
2
5
3
4
3
8
4
3
7
8
8
7
15
14
8
10
12
14
11
6
17
13
14
4
3
8
7
4
5
1
2
4
4
2
4
2
6
4
8
11
8
6
5
6
4
8
3
0
5
5
6
4
4
5
5
2
3
4
5
6
3
4
3
4
2
3
1
3
0
3
0
0
8
1
3
5
3
4
2
1
5
5
0
1
0
3
3
2
4
2
3
5
2
3
1
3
1
3
5
1
2
2
1
3
2
1
2
2
1
2
4
3
2
4
3
3
3
5
2
4
3
2
5
1
1
0
4
2
3
3
4
3
4
3
1
2
6
3
4
4
2
0
4
2
2
2
0
4
5
4
4
2
3
7
1
5
2
3
1
4
0
4
3
4
0
1
2
3
3
1
5
2
2
1
1
3
2
1
4
0
3
2
4
6
3
4
3
3
3
1
2
1
2
0
1
4
5
3
4
1
1
2
1
3
2
2
6
2
4
0
1
3
5
4
3
3
4
3
3
4
2
5
4
2
5
3
0
4
7
4
3
4
3
1
4
3
2
4
3
3
5
3
0
9
2
4
0
5
3
1
2
1
0
1
4
2
3
3
3
2
1
2
2
2
2
0
2
2
3
4
3
3
3
1
4
2
5
2
2
5
2
3
2
6
2
3
2
2
6
1
2
5
2
1
2
3
3
4
4
3
7
2
3
0
2
0
1
0
5
0
4
2
2
2
0
1
0
3
5
0
2
1
0
5
2
2
1
3
4
4
1
4
2
2
5
3
1
4
1
3
2
3
0
2
5
5
4
2
5
3
5
4
3
4
4
4
1
5
3
2
3
6
4
2
4
2
2
4
3
1
1
2
1
2
2
3
3
0
2
1
0
1
2
2
2
4
2
2
4
7
2
1
3
3
4
8
4
10
8
5
9
13
14
6
10
8
2
10
4
5
3
5
3
2
4
2
2
1
1
2
4
5
0
4
3
2
2
2
2
2
5
2
2
0
1
2
4
1
0
9
3
1
0
5
2
3
4
4
8
2
3
10
2
3
4
9
5
4
3
2
0
0
3
3
2
1
2
3
1
2
1
2
2
4
5
3
4
4
2
0
1
2
1
4
0
1
1
2
3
2
3
3
4
4
1
1
2
3
1
2
2
0
4
4
1
2
3
3
0
2
1
5
3
5
4
2
3
0
3
3
2
2
2
0
1
0
2
2
1
1
0
2
3
1
1
4
2
0
2
1
4
4
0
6
2
1
0
3
3
2
3
0
6
1
1
1
1
4
1
2
6
1
2
2
2
1
0
3
1
4
3
4
2
0
1
2
3
3
2
0
2
1
2
1
1
2
4
1
1
0
1
2
2
2
2
0
0
2
2
1
1
1
2
0
3
4
2
2
5
2
3
2
2
2
1
1
2
1
1
3
2
3
2
3
2
3
3
1
1
1
2
1
4
5
0
0
3
0
0
3
1
3
0
2
2
0
1
1
3
2
1
2
0
2
2
2
3
3
1
1
1
0
2
0
0
4
1
0
0
4
1
0
0
3
4
3
5
3
0
0
1
5
2
1
1
0
3
2
2
1
2
4
2
0
1
2
3
1
3
4
0
2
2
1
3
0
4
0
0
1
2
2
0
3
4
3
3
3
1
0
2
1
2
1
1
2
1
2
1
4
1
2
2
3
1
3
1
4
2
3
3
4
2
4
1
0
3
0
2
0
7
1
3
3
0
1
1
2
3
3
1
1
2
1
1
0
3
2
1
2
0
0
2
2
1
3
3
2
2
3
2
3
2
2
0
2
4
4
1
0
1
1
1
2
1
1
4
2
3
7
0
2
4
2
0
2
0
2
0
1
1
4
3
6
2
1
5
5
2
1
3
5
1
2
2
1
1
0
2
2
1
1
2
3
2
1
0
1
2
3
2
5
2
1
1
2
1
6
3
7
5
2
3
3
3
10
4
5
5
10
2
4
2
2
5
4
4
3
3
2
2
1
1
1
2
4
4
2
1
4
4
3
2
7
5
1
1
2
4
3
4
3
3
5
2
2
2
1
1
0
0
1
1
1
0
2
2
3
1
0
1
2
0
4
1
1
3
2
1
2
2
0
0
0
1
0
1
1
0
3
5
1
3
0
3
3
0
2
0
0
0
2
1
1
2
1
3
1
3
3
1
0
1
1
4
4
2
3
4
3
0
0
1
1
1
1
3
0
3
1
0
4
2
1
0
0
0
1
2
0
3
0
0
1
2
1
1
0
3
0
3
2
0
3
0
1
1
1
2
0
4
1
1
0
2
4
1
1
3
1
3
1
2
6
0
2
2
1
2
3
4
4
2
1
1
1
1
4
2
1
0
0
0
1
0
2
2
0
4
2
2
1
1
5
3
1
1
1
2
4
1
1
0
1
2
1
1
1
2
1
3
2
4
2
3
0
1
2
4
1
0
2
1
1
4
4
1
2
0
1
1
2
1
1
2
2
2
3
1
0
1
1
2
2
0
3
2
1
2
2
0
1
2
1
3
2
2
1
1
1
1
2
2
1
2
1
2
1
2
1
1
1
2
0
1
2
0
3
1
2
1
1
1
2
1
1
1
2
0
1
2
0
2
1
2
1
4
2
1
2
0
1
0
1
0
2
1
1
3
2
0
5
1
0
2
1
2
1
0
0
2
0
1
1
2
1
0
0
0
2
1
1
2
0
1
2
0
1
0
0
2
0
1
4
1
1
1
1
3
2
0
2
3
3
0
6
1
1
2
0
2
2
1
1
0
2
1
3
2
2
1
2
0
2
2
0
2
0
2
2
3
1
2
1
1
3
2
2
1
2
1
1
2
1
2
0
0
2
2
2
2
2
0
0
2
3
1
2
1
4
1
1
0
3
2
2
1
2
0
3
1
1
1
2
2
1
2
3
1
0
0
0
2
1
0
4
1
2
1
1
0
0
1
0
0
1
3
0
4
0
2
3
2
1
2
1
2
4
2
0
3
1
1
0
4
1
4
3
1
2
1
4
2
0
0
3
0
1
0
0
2
1
4
0
0
1
3
2
3
2
0
0
3
0
3
4
1
0
2
2
3
1
3
3
2
1
0
3
3
0
4
1
2
0
0
1
1
0
0
0
1
1
3
2
1
1
1
2
0
2
1
1
3
2
1
1
0
2
1
3
0
3
1
1
2
0
1
1
3
2
2
1
1
0
1
0
0
2
1
1
0
0
2
0
0
0
2
0
3
2
0
3
2
0
3
2
0
0
2
1
0
1
1
3
2
1
1
0
0
0
2
1
0
0
2
1
1
1
1
3
0
0
0
2
2
1
2
3
4
2
2
2
1
1
2
3
1
2
0
1
1
0
1
0
0
2
1
1
1
1
0
0
2
1
0
2
3
1
0
0
3
3
1
1
1
2
0
1
0
1
2
2
1
1
0
0
5
0
0
2
2
1
2
2
0
0
1
1
2
0
2
0
4
0
0
1
1
0
0
0
1
0
3
0
1
2
1
1
0
1
1
0
0
1
2
3
1
1
1
2
4
0
2
0
1
0
2
1
0
0
0
1
1
1
1
1
1
1
0
3
3
1
0
1
1
2
1
0
2
0
1
2
0
3
2
0
1
2
0
0
1
0
2
3
1
0
0
1
0
1
2
0
2
0
1
2
0
2
2
0
1
1
1
2
0
1
2
4
4
2
2
2
1
2
0
4
4
4
2
3
2
4
0
1
7
3
2
1
1
1
3
1
1
1
1
1
0
0
2
2
2
0
1
1
1
0
3
0
1
3
1
1
1
2
0
2
1
1
1
0
0
1
0
0
1
0
2
0
0
1
2
0
1
0
1
2
2
2
3
5
1
2
6
3
1
3
2
3
8
4
5
3
4
3
4
6
5
3
4
6
2
3
4
3
2
1
1
2
1
1
0
3
1
1
2
1
0
1
0
1
3
0
1
3
0
2
1
0
2
1
0
2
0
1
0
1
0
2
0
1
3
2
0
0
0
1
2
0
1
0
0
4
0
0
0
1
1
1
1
0
1
1
0
2
1
1
1
0
1
1
0
2
2
2
0
0
2
1
2
1
0
1
1
0
2
0
1
1
0
0
1
1
4
2
1
1
0
2
3
3
3
0
1
2
2
2
0
0
0
0
0
0
1
0
0
1
1
2
2
1
0
0
0
1
1
1
1
0
2
1
0
0
0
1
1
1
0
3
1
1
1
1
0
1
0
0
1
2
0
3
2
2
2
1
1
0
2
2
0
0
0
1
0
1
1
0
1
0
1
0
1
0
4
1
0
2
1
1
1
1
0
1
2
1
0
0
0
2
2
2
1
1
0
1
0
0
0
2
0
2
1
1
1
1
1
0
0
1
2
1
1
1
0
1
1
2
2
3
1
0
5
0
2
1
2
7
2
1
0
1
1
0
0
1
1
0
1
2
1
0
1
2
0
2
2
0
1
1
0
0
1
1
4
2
0
0
3
3
1
0
1
1
1
2
1
1
0
0
0
0
1
0
1
4
1
2
0
1
0
0
1
0
1
3
1
0
2
1
2
0
1
1
1
1
1
0
1
2
0
0
0
1
2
2
0
1
2
2
0
2
0
0
1
1
1
0
1
1
0
0
2
1
1
1
0
0
1
1
1
0
1
2
0
1
3
1
1
1
1
3
1
3
0
2
1
0
0
1
3
1
2
0
1
0
0
1
1
1
1
0
2
0
0
0
0
1
3
2
0
0
2
1
1
1
2
1
0
3
0
0
2
0
0
0
0
1
1
2
3
2
0
2
1
0
1
1
1
1
1
1
1
0
2
0
1
6
1
1
0
1
2
0
1
1
1
0
2
0
1
1
0
2
2
0
2
3
0
0
2
2
2
2
4
3
1
1
1
1
1
0
1
2
0
1
0
0
0
2
2
1
3
1
0
0
3
0
0
1
1
2
2
0
0
4
1
3
3
2
0
2
0
1
0
0
3
0
1
1
0
1
1
1
2
2
2
3
3
3
1
2
1
1
0
1
2
0
0
1
1
1
1
3
0
0
1
0
1
0
1
0
0
1
0
0
1
1
0
1
0
2
0
2
1
1
0
1
1
0
1
2
2
1
0
0
1
0
1
3
1
0
2
2
0
0
3
0
1
0
1
1
0
0
1
0
0
0
1
5
2
2
0
1
1
2
1
1
2
1
1
1
1
2
2
0
0
0
0
0
1
2
1
0
2
4
0
0
1
1
0
0
2
0
2
0
1
2
2
0
0
1
0
0
1
0
0
3
0
2
1
2
0
1
0
0
1
1
1
0
1
0
3
2
1
0
1
0
0
0
0
0
0
0
1
1
1
0
2
0
3
2
0
1
0
1
0
0
3
0
0
2
1
0
0
0
0
1
3
1
1
0
1
2
1
3
1
1
1
2
2
1
0
1
0
0
0
5
2
0
1
0
0
1
0
0
0
2
1
0
2
3
3
1
0
2
0
1
1
2
1
4
0
3
4
1
1
1
1
1
1
2
1
0
1
0
2
2
2
0
0
1
1
1
1
1
2
4
2
1
1
0
2
0
0
1
2
1
0
1
0
1
2
0
3
0
2
3
0
0
4
1
2
0
0
1
5
2
1
0
2
5
2
2
4
2
2
0
3
5
3
1
0
0
1
1
0
0
1
1
1
1
0
1
0
1
0
0
3
2
1
1
0
0
1
3
1
1
1
0
1
1
1
0
1
0
0
0
0
1
1
0
0
3
2
3
1
0
1
3
2
4
2
0
3
1
1
0
2
1
0
1
0
0
0
0
0
1
0
2
0
1
1
2
0
0
1
2
1
0
0
3
1
1
2
1
0
0
0
1
1
0
0
0
1
2
2
0
2
0
2
2
2
1
2
0
4
0
0
2
2
1
0
2
0
1
0
1
0
4
3
2
1
2
0
2
3
3
1
0
1
3
0
0
0
1
0
1
1
1
3
0
1
1
0
0
2
1
0
1
1
3
0
0
1
1
1
1
2
1
0
3
2
1
0
1
2
3
0
2
0
1
1
0
0
1
1
1
2
0
0
2
0
2
0
1
0
0
3
1
1
0
2
2
0
1
0
1
1
0
1
2
5
0
2
0
2
0
0
0
0
0
4
0
0
0
0
1
0
2
0
0
1
3
0
3
1
1
0
1
2
3
2
1
0
0
2
1
1
0
1
0
1
0
1
1
3
1
0
1
2
2
1
0
0
1
1
0
0
0
0
0
0
0
0
0
0
3
3
2
1
1
0
1
0
1
2
1
1
1
1
0
2
0
1
1
1
1
1
2
1
0
0
0
1
1
4
1
0
2
2
0
1
1
0
0
1
1
0
0
2
2
1
2
2
0
2
1
1
0
2
1
0
0
3
2
1
4
0
2
0
0
1
1
1
2
2
1
3
0
0
3
0
0
0
0
1
2
0
0
1
1
0
1
1
0
1
4
1
2
0
0
1
0
2
2
0
0
1
2
3
2
1
1
2
2
1
0
0
2
1
2
1
2
0
1
1
1
1
0
1
1
1
1
0
0
1
0
1
1
0
1
2
1
0
1
1
1
2
1
1
0
0
1
0
1
0
2
0
2
0
0
1
1
2
1
0
2
1
1
0
1
1
2
1
1
1
0
2
0
0
1
1
1
0
1
1
0
1
2
1
0
0
0
0
0
0
1
1
0
1
0
2
1
1
0
0
1
0
2
1
0
0
1
0
2
1
0
0
1
1
0
2
0
1
0
1
2
0
0
2
0
0
1
1
0
0
0
2
1
0
0
0
1
0
0
0
4
1
0
2
0
0
1
0
2
1
1
0
1
2
2
0
1
0
0
1
0
0
1
2
3
0
1
1
4
1
0
0
0
2
1
2
1
2
0
1
0
2
1
0
1
1
2
0
1
1
0
3
5
5
1
1
1
0
0
0
1
0
0
2
2
2
2
0
0
0
0
0
1
0
2
1
1
1
1
1
2
0
1
0
1
1
2
1
1
0
1
1
2
0
1
0
3
0
1
1
1
1
0
2
2
1
2
0
0
2
1
2
1
0
2
2
2
0
1
3
2
0
1
2
2
0
2
3
1
0
2
2
1
1
1
0
0
1
0
1
1
1
0
0
0
0
0
1
0
0
0
2
2
2
0
1
0
0
3
0
3
0
2
0
0
1
2
1
0
0
2
1
0
2
0
2
1
0
1
1
0
3
2
1
4
0
1
0
3
0
0
0
0
0
0
1
0
2
1
0
0
0
1
1
1
2
0
1
1
1
2
1
0
0
1
0
1
1
0
0
0
1
0
0
0
2
0
0
2
1
2
4
0
0
0
1
0
2
0
1
1
1
1
0
1
0
0
0
3
1
0
0
1
0
0
0
0
1
0
1
1
1
2
0
1
0
1
0
0
2
0
2
0
0
0
0
0
0
2
1
0
0
1
2
0
0
1
1
1
3
2
3
1
1
2
0
2
0
2
1
2
1
1
0
1
2
0
0
0
0
0
0
1
2
3
0
2
0
4
1
4
1
2
2
3
1
1
2
4
3
0
3
1
3
1
0
0
0
1
0
3
1
2
2
1
1
1
1
0
1
0
2
0
0
0
0
0
0
1
1
1
0
0
1
2
0
0
2
0
1
0
1
1
0
0
1
1
0
2
1
0
0
1
0
0
0
0
1
0
0
1
1
1
2
0
0
0
0
0
0
1
1
1
0
0
1
1
0
0
0
1
0
0
0
0
0
2
0
2
0
0
0
0
0
1
3
0
1
0
0
3
0
0
0
1
1
0
0
0
0
0
1
0
0
2
0
0
1
1
0
0
2
0
0
0
0
0
1
0
0
1
1
0
0
0
1
0
0
1
0
1
0
0
0
0
0
0
1
0
0
1
1
0
0
3
1
0
4
0
1
1
1
1
2
0
1
0
1
2
0
1
0
1
0
1
0
0
1
0
2
0
1
0
0
2
2
1
0
1
0
0
1
2
1
0
1
2
1
1
0
0
0
1
1
1
1
1
0
0
1
2
1
1
0
0
0
0
0
0
1
0
0
0
0
1
0
0
0
0
0
0
3
1
0
1
1
1
1
1
1
0
0
0
2
0
1
0
0
0
1
0
2
0
2
0
0
0
0
1
0
0
0
2
0
1
0
0
0
1
0
1
1
0
2
0
2
0
0
1
0
0
0
0
0
0
0
1
0
1
1
1
1
1
0
1
0
1
1
0
0
0
0
0
0
1
0
0
0
1
0
0
0
0
1
0
1
0
1
0
0
2
0
0
0
1
2
1
0
0
0
0
0
0
1
0
1
0
1
0
0
0
0
0
0
0
0
0
1
0
0
2
1
0
0
0
0
0
1
0
0
4
1
0
1
1
0
0
0
0
0
1
0
0
0
1
0
0
2
1
1
1
0
0
1
0
0
0
0
0
1
0
0
0
2
0
0
1
0
0
0
0
0
1
1
0
1
0
0
1
0
0
0
0
0
0
0
0
0
0
1
0
0
0
0
0
0
0
1
1
0
0
0
0
0
0
0
0
0
1
1
0
0
0
0
0
0
1
0
1
0
0
0
0
0
0
0
2
0
0
2
0
0
0
1
0
1
0
0
1
2
1
0
1
0
1
0
0
0
1
0
1
0
0
0
0
0
1
1
1
0
0
0
0
1
2
1
0
0
2
1
0
0
0
1
0
0
1
0
0
0
3
0
0
1
1
0
0
0
0
0
0
0
1
1
0
0
0
2
0
0
0
0
0
1
0
0
1
1
2
2
0
0
2
1
0
0
1
3
2
1
3
0
1
0
1
0
0
0
1
2
1
0
1
0
0
3
1
1
2
1
1
1
0
1
2
0
0
0
2
0
1
0
1
0
0
0
0
1
0
0
0
0
0
0
0
0
0
0
1
0
0
1
0
0
0
1
0
0
1
1
0
0
0
0
1
0
1
1
0
1
0
1
0
2
2
0
0
1
2
0
0
2
0
1
0
0
0
1
2
0
0
0
0
0
1
0
1
0
0
0
0
0
0
0
0
0
1
0
0
0
1
1
1
0
0
0
2
0
0
0
0
2
0
1
0
0
0
0
0
0
0
0
0
1
1
0
0
0
0
0
1
0
0
0
0
0
1
0
0
1
0
0
1
1
0
0
0
0
0
1
2
1
1
0
0
0
1
0
0
1
0
0
0
0
0
1
0
0
0
1
0
0
1
1
0
0
0
0
0
0
0
1
1
0
0
0
0
2
0
1
1
0
0
0
0
0
2
0
0
0
0
0
1
0
0
0
0
0
0
0
1
0
0
0
0
1
0
0
0
1
0
0
0
0
0
1
1
1
0
0
0
0
0
1
0
0
0
0
0
1
1
2
0
1
0
1
1
0
0
1
0
0
4
0
1
1
2
1
0
0
2
0
1
0
1
0
2
1
0
0
1
0
0
1
0
0
0
0
0
0
0
0
0
0
0
0
0
0
1
0
0
0
0
2
0
0
0
1
0
0
0
1
1
0
0
0
0
0
0
2
0
0
0
0
0
3
0
0
2
0
0
0
0
0
1
2
0
1
0
0
1
0
0
0
1
0
0
1
0
0
0
0
0
1
0
0
0
1
0
1
0
1
0
0
0
0
2
0
0
1
0
2
0
0
0
0
0
0
0
0
1
2
0
0
1
0
0
1
0
0
0
0
0
1
2
1
0
1
0
0
0
0
1
0
0
0
0
0
1
0
0
0
1
0
0
0
0
0
0
0
0
0
1
0
0
0
0
0
0
1
0
1
0
0
0
0
1
1
1
0
1
0
0
0
0
0
0
1
1
1
1
0
1
0
3
0
1
1
0
1
0
0
0
0
0
0
0
0
0
0
0
1
0
0
0
0
0
1
0
0
1
0
1
0
0
0
0
0
0
0
0
0
1
0
0
1
0
0
0
0
0
0
0
0
0
0
0
2
0
0
1
1
0
0
0
0
0
0
0
0
0
0
0
0
0
2
0
0
1
0
0
0
0
1
0
2
1
0
0
0
1
1
0
0
0
0
0
1
2
0
1
1
1
1
0
1
0
2
0
1
0
0
0
0
0
1
1
0
0
1
0
0
0
1
1
0
0
0
1
0
0
0
1
1
1
2
0
0
0
0
0
0
0
0
0
0
0
1
0
0
0
1
0
0
0
0
0
0
0
0
0
0
0
0
1
0
0
0
2
0
0
0
0
0
0
0
0
1
1
0
0
0
0
0
0
1
0
1
0
0
1
1
0
0
1
0
1
0
0
1
0
0
0
0
0
0
0
0
0
1
0
0
0
0
0
0
0
1
0
0
0
1
0
0
1
0
0
0
1
2
0
0
0
0
0
0
2
0
0
0
0
0
0
1
0
0
2
0
0
0
0
0
1
0
0
1
0
0
0
0
0
0
0
0
1
2
0
0
0
0
0
1
0
0
0
0
0
0
0
0
0
0
1
0
0
0
0
0
0
0
0
0
1
0
0
0
1
0
0
0
1
2
0
0
0
0
1
0
0
0
0
0
1
0
2
0
0
0
1
0
0
0
1
0
0
1
0
1
0
0
1
0
1
1
0
0
1
0
1
0
1
0
0
0
1
0
3
0
0
2
0
1
0
1
0
0
1
1
0
0
0
1
0
0
1
2
0
1
1
0
0
1
0
0
0
0
0
1
0
0
0
1
0
0
1
0
0
1
0
0
0
0
1
1
0
0
0
0
0
1
0
0
0
1
0
0
0
0
0
1
0
0
0
0
0
0
0
1
0
0
0
1
1
0
0
0
1
1
1
0
0
0
2
0
0
0
0
0
0
0
1
1
0
1
0
0
0
0
0
0
0
1
0
0
0
1
0
0
0
0
0
0
1
1
0
0
0
0
0
0
0
0
0
0
0
0
0
0
0
2
0
0
0
0
0
0
0
0
0
1
0
1
1
0
0
0
2
0
0
0
0
0
1
0
0
0
0
1
0
1
0
0
0
0
0
0
0
0
0
0
0
0
0
0
0
0
0
2
0
0
0
1
1
0
0
0
1
0
0
0
0
0
1
0
0
1
0
1
0
0
0
0
0
0
1
0
0
0
0
0
0
0
0
0
1
0
0
0
1
0
0
0
0
0
0
0
0
0
0
0
1
0
0
0
0
0
0
2
1
0
0
0
0
1
0
0
1
0
0
0
0
1
0
0
0
0
0
0
1
0
0
1
1
0
0
0
1
0
0
2
0
0
0
0
1
0
0
0
0
0
0
0
0
0
1
0
0
0
0
0
0
0
0
1
0
1
0
0
0
1
0
1
0
0
0
1
0
0
0
0
1
2
0
1
0
1
0
0
2
0
0
0
0
0
0
0
0
0
0
0
0
0
0
0
0
1
1
0
1
0
0
0
0
0
0
0
0
0
0
0
0
0
0
0
0
0
1
0
0
0
1
0
0
0
0
0
0
0
0
0
0
0
0
0
1
0
1
1
0
0
0
0
0
0
0
0
0
0
0
0
0
1
0
0
0
0
0
0
0
0
0
0
2
0
1
1
0
1
0
0
1
0
0
0
0
0
0
0
0
1
0
0
1
1
2
0
0
1
0
0
0
0
0
1
0
0
0
0
0
1
1
0
0
0
0
0
0
1
1
0
0
0
0
0
0
0
0
0
0
0
0
0
0
0
0
0
0
0
0
1
1
0
0
0
0
0
0
0
0
0
0
1
0
0
0
0
0
1
0
0
0
1
0
0
0
0
0
0
0
0
0
0
0
0
0
0
1
0
0
0
0
0
0
1
1
0
1
0
0
0
0
0
0
0
0
0
0
0
0
0
0
0
0
0
0
0
0
1
0
0
0
0
0
0
0
0
0
0
0
0
0
0
0
0
0
0
0
1
0
1
0
1
0
0
0
0
1
0
0
1
0
0
0
0
0
0
0
0
1
0
0
0
0
0
1
0
0
0
0
1
1
0
0
0
3
1
0
0
2
1
1
1
0
1
1
0
3
0
0
0
0
1
0
0
0
0
0
0
0
1
0
0
0
0
1
0
0
0
1
0
0
0
0
1
0
0
1
0
0
0
1
0
1
1
0
0
0
1
0
0
1
1
0
0
2
0
0
0
1
0
0
0
1
2
0
0
1
0
0
0
0
1
0
1
0
0
1
0
1
0
0
0
0
2
0
0
0
0
1
0
2
0
1
0
0
0
0
1
0
0
0
0
0
1
0
1
0
0
0
0
1
0
0
0
0
1
0
0
0
1
0
0
0
0
0
0
0
0
0
0
0
0
0
0
0
0
0
0
0
0
0
0
1
0
0
0
0
0
0
1
0
1
0
0
0
0
0
0
0
0
0
0
0
0
0
0
0
1
0
0
0
0
1
0
0
0
0
0
1
0
0
1
0
0
0
0
0
0
0
0
1
0
0
0
0
0
1
0
1
0
1
0
0
0
0
0
0
0
0
0
2
0
1
0
1
1
0
0
0
0
0
0
0
1
0
0
0
0
1
0
0
2
0
1
0
0
0
0
0
0
0
0
0
1
1
0
1
2
0
0
0
0
0
1
1
0
0
0
0
0
1
0
1
1
0
1
0
0
1
0
0
0
0
0
0
0
0
0
1
1
0
0
0
0
0
1
2
0
0
0
0
0
0
1
0
0
0
1
1
1
2
0
0
0
0
0
0
0
0
0
2
0
0
0
1
0
1
0
0
0
0
0
1
1
0
0
0
0
0
0
0
0
0
0
0
0
2
0
0
0
0
1
0
0
0
1
1
0
0
0
0
0
0
0
0
0
0
0
0
0
0
0
0
0
0
2
0
0
0
0
0
0
0
0
0
0
0
0
0
0
0
0
1
0
0
0
0
0
0
0
0
0
0
0
1
0
0
0
0
0
0
0
0
0
1
0
0
0
0
0
0
0
0
0
0
0
0
0
0
1
0
1
0
0
0
0
0
1
0
0
1
1
0
0
0
0
0
0
0
0
0
0
0
1
0
1
0
0
0
0
0
0
0
0
0
0
0
0
0
0
0
0
0
0
0
0
0
0
0
0
0
0
0
0
1
0
0
1
0
0
0
0
0
1
1
0
0
0
1
0
0
0
0
0
0
0
0
0
0
0
0
0
0
0
0
0
0
0
0
0
0
0
0
0
0
0
0
0
0
0
1
0
0
0
0
0
0
0
0
0
0
0
0
0
1
0
0
0
0
0
0
0
0
0
0
0
1
0
0
0
0
0
1
0
0
0
0
0
0
1
0
0
0
0
0
0
0
0
0
0
0
0
0
0
0
0
0
0
0
0
0
1
0
0
0
0
0
1
1
0
1
0
0
0
0
0
0
0
1
1
0
0
0
0
0
0
0
0
0
0
0
1
0
0
0
0
0
0
0
0
1
0
0
0
0
0
0
0
0
0
0
0
0
0
0
0
1
0
0
0
0
0
0
0
0
0
0
0
0
0
0
1
0
1
0
0
0
0
0
0
0
0
0
0
0
0
0
0
0
0
1
0
0
1
0
0
0
1
0
0
0
0
0
0
0
0
0
0
0
1
0
0
0
0
0
0
0
1
0
0
0
0
0
0
0
0
1
0
1
0
0
0
0
1
0
0
0
0
0
0
0
0
0
0
0
0
0
0
0
0
0
0
0
1
1
0
1
0
0
0
0
0
0
0
1
0
0
0
1
0
0
1
0
0
0
0
0
1
0
0
1
0
0
0
0
0
0
0
1
0
0
0
1
0
0
0
0
0
0
0
0
0
0
0
0
1
0
0
0
1
0
0
0
0
0
0
0
0
0
0
1
0
0
0
0
1
0
0
0
0
0
0
0
0
0
0
0
0
0
1
0
0
0
0
1
0
0
0
0
0
0
0
1
0
0
0
1
0
0
0
0
1
0
0
0
0
0
0
0
1
0
0
0
0
1
0
0
0
0
0
0
0
1
0
0
0
0
0
0
0
0
0
0
0
0
0
0
0
0
0
0
0
0
0
0
0
0
0
0
0
0
0
0
0
0
0
0
0
0
0
0
0
0
0
0
0
1
0
0
0
0
1
1
1
1
0
0
0
0
0
0
0
1
0
0
0
0
0
0
0
1
0
0
0
0
1
0
0
1
0
0
0
1
0
0
0
0
0
0
0
1
0
0
0
0
0
0
0
0
0
0
1
0
0
1
0
0
0
1
0
0
0
1
0
0
0
0
0
0
0
0
0
0
0
0
0
0
0
1
0
1
0
0
0
0
0
0
0
0
0
0
0
0
1
0
0
0
0
0
0
0
1
0
0
0
0
0
0
0
0
0
0
0
0
0
0
0
0
0
0
0
0
0
0
0
0
0
0
0
0
0
0
1
0
0
1
0
2
0
0
0
0
0
0
0
0
0
0
0
0
0
0
0
0
0
0
0
0
1
1
0
0
0
0
0
0
0
0
0
0
0
0
1
1
0
0
0
1
0
1
1
0
0
0
1
0
0
1
0
0
0
0
0
0
0
0
0
0
1
0
0
0
0
2
0
0
0
0
0
0
0
0
0
0
0
0
0
0
0
0
0
0
0
0
0
0
0
0
0
0
1
0
0
0
0
0
0
0
0
0
0
0
0
0
0
0
0
0
0
0
0
0
0
0
0
0
0
0
0
0
0
0
0
0
0
0
0
0
0
0
2
1
0
1
0
0
0
0
0
0
0
0
0
0
0
0
0
0
0
0
0
0
0
0
0
0
0
0
0
0
1
0
0
0
0
0
0
0
0
0
0
0
0
0
0
0
0
1
0
0
0
0
0
0
0
0
0
0
0
0
0
1
0
0
0
1
0
0
0
0
0
1
0
0
0
0
0
0
0
0
0
1
0
0
0
0
0
0
0
1
0
0
0
0
0
0
1
0
0
0
0
0
0
0
0
0
0
0
0
0
0
0
0
0
0
0
0
0
0
0
0
0
0
0
0
1
0
0
0
0
0
0
0
0
0
0
0
0
0
0
0
0
0
0
0
0
0
0
0
0
0
0
1
0
0
0
0
0
0
0
0
0
0
0
0
0
1
0
1
0
1
0
0
0
0
0
0
1
0
0
0
0
0
0
0
0
0
0
0
0
0
0
1
0
0
0
1
0
0
0
0
0
0
0
0
0
0
0
1
0
0
0
0
0
0
0
0
0
0
0
0
0
0
0
0
0
0
1
0
0
0
0
0
1
0
1
1
0
0
0
0
0
0
0
0
0
0
0
0
0
1
0
0
0
0
1
0
0
0
0
0
0
1
0
0
0
0
0
0
1
0
0
0
0
0
0
0
1
0
0
0
1
0
0
0
0
0
0
0
0
0
0
0
0
0
0
0
1
0
0
0
1
0
0
2
0
0
0
0
0
0
0
1
1
0
0
0
0
1
0
0
0
0
0
1
1
0
0
0
0
0
0
0
0
0
0
0
0
0
0
0
0
0
0
0
0
0
0
0
0
0
0
0
1
0
0
0
0
0
0
0
0
0
0
0
0
0
0
0
0
0
0
0
1
0
1
0
0
0
0
0
0
0
0
0
0
0
0
0
3
0
0
0
0
0
0
0
0
0
0
0
0
0
0
1
0
1
0
3
0
0
0
0
0
0
0
0
1
0
0
0
0
0
0
0
0
0
0
0
1
0
1
0
0
0
0
0
0
0
0
0
0
0
0
0
0
0
1
0
0
0
0
0
0
0
0
0
0
0
0
0
0
0
0
0
0
0
0
0
0
0
0
0
0
1
0
0
1
1
1
0
0
0
0
0
0
0
0
0
0
0
1
0
0
0
0
0
0
0
1
0
0
0
0
0
1
0
0
0
0
0
0
0
0
1
0
0
0
0
0
0
1
0
0
0
0
1
0
0
0
0
0
0
0
1
0
0
0
0
1
0
0
0
0
0
0
0
0
0
0
0
0
0
2
0
0
0
0
0
0
0
1
0
0
0
0
0
0
0
0
0
0
0
0
0
0
0
0
1
0
0
1
0
0
1
0
0
1
1
0
0
0
0
0
0
1
0
1
0
0
0
0
0
0
1
0
0
0
0
1
0
0
0
0
0
0
0
0
0
0
0
0
0
0
2
0
0
0
0
1
1
0
0
0
0
0
0
0
0
0
0
0
0
0
0
0
0
0
0
0
0
0
0
0
0
0
0
0
0
0
0
0
0
0
0
0
0
0
1
1
0
1
0
0
0
0
0
0
0
1
0
0
0
0
0
1
0
0
0
1
1
0
0
0
0
1
1
0
0
1
1
0
0
0
1
0
0
1
0
0
2
0
0
0
0
0
0
0
2
0
0
0
0
0
0
0
1
0
0
0
0
0
0
0
0
0
0
1
0
0
0
0
0
1
0
0
0
0
0
0
0
0
0
0
0
0
0
0
0
1
0
0
0
0
0
0
0
0
0
0
0
0
0
0
0
0
0
0
0
0
1
0
0
0
0
0
1
0
0
0
0
0
0
0
0
0
0
0
0
0
0
0
0
0
0
0
0
1
0
0
0
1
0
0
1
0
1
1
0
0
0
1
0
0
0
0
0
0
0
0
0
1
0
0
1
0
0
0
0
0
0
0
0
0
0
0
0
0
0
0
1
0
0
0
0
0
1
0
0
0
0
0
0
0
0
0
0
0
0
0
0
0
0
0
0
0
0
0
1
0
0
0
1
0
1
0
0
0
0
1
0
0
1
0
0
0
0
0
0
0
1
1
0
0
0
0
1
2
0
0
0
0
0
0
0
0
0
0
0
0
0
0
0
0
0
0
1
0
0
0
0
0
1
0
1
0
0
0
1
1
0
0
1
0
0
0
0
1
0
1
1
0
0
0
1
0
0
0
0
0
1
0
0
0
0
0
0
1
0
0
0
0
0
0
0
1
0
0
0
0
2
2
1
3
0
0
2
0
0
2
1
3
0
0
0
3
1
2
1
1
2
2
1
0
0
0
1
0
0
0
0
0
2
0
0
0
0
0
0
0
0
0
0
1
1
0
0
0
0
1
0
0
0
0
1
0
1
0
1
0
0
0
1
0
1
2
0
0
0
0
0
2
0
0
0
0
2
0
0
0
0
0
0
0
1
1
0
1
1
1
0
0
1
0
0
1
1
0
0
0
1
0
0
0
0
1
0
1
0
0
0
0
1
0
0
0
0
0
0
0
0
0
0
0
0
0
1
0
0
0
2
0
0
0
0
1
0
0
2
0
1
0
0
0
1
0
0
0
0
1
0
0
0
1
0
0
0
0
0
1
0
0
0
1
1
0
0
0
0
0
0
0
0
0
0
0
0
0
0
0
0
0
0
1
2
0
0
1
0
0
0
0
0
1
0
1
0
0
0
0
0
0
1
0
0
0
0
0
0
0
0
1
0
1
1
0
0
0
0
0
0
0
2
0
0
1
0
0
0
0
0
0
0
0
1
1
0
0
0
0
0
0
0
0
0
0
0
0
0
1
0
0
0
0
0
0
$ENER_FIT:
5.9250 0.607168 -1.583600e-008
$MCA_CAL:
3
5.9250 0.607168 -1.583600e-008
$ENDRECORD:
