$SPEC_ID:
None

$MEAS_TIM:
1134.24000 1176.18000
$DATE_MEA:
05/07/2013 12:09:04 PM
$DATA:
0 16383
0
0
0
0
0
0
0
0
0
0
0
0
0
0
0
0
0
0
0
0
0
0
0
0
0
0
0
0
0
0
0
0
0
0
0
0
0
0
0
0
0
0
0
0
0
0
0
0
0
6
23
27
38
41
28
37
31
17
64
254
401
402
461
414
427
444
421
441
396
451
462
434
483
468
446
461
428
463
480
488
509
467
474
452
487
483
513
508
495
503
501
529
506
502
526
514
520
522
539
594
551
543
575
580
591
579
615
622
643
656
684
741
748
891
824
791
759
817
758
655
608
643
560
617
637
587
610
690
678
774
710
663
667
755
777
669
629
664
645
629
681
633
598
616
611
634
612
699
676
655
646
619
627
638
654
659
638
671
586
653
590
680
659
630
654
632
677
713
656
660
625
650
628
661
633
647
662
621
642
588
644
645
673
634
605
602
660
661
620
644
591
676
644
640
662
597
641
614
574
589
661
587
619
600
601
622
632
653
566
644
617
587
569
536
605
618
575
582
626
590
590
628
596
598
570
607
599
571
559
554
586
562
542
603
595
541
565
559
585
612
551
612
564
561
567
541
617
581
562
527
559
571
576
567
596
580
552
549
603
548
598
522
605
564
611
599
581
589
618
620
592
571
540
545
542
566
568
554
542
513
562
584
610
558
553
576
551
509
553
498
545
543
541
554
543
547
520
534
512
550
557
514
524
520
577
513
520
522
534
539
530
544
548
551
514
511
577
546
576
512
543
480
551
498
484
547
532
476
487
501
504
511
535
515
471
514
465
506
491
450
501
500
525
491
525
473
528
473
482
480
501
498
472
461
493
516
501
462
457
493
485
476
484
451
466
489
508
495
446
508
479
472
465
481
463
477
518
462
456
485
477
513
466
490
472
434
469
445
433
435
451
459
457
459
439
488
472
456
482
455
430
462
436
456
454
466
522
467
480
459
420
512
459
454
474
436
472
438
422
454
441
401
442
424
442
409
415
398
414
396
411
421
433
435
420
430
411
370
422
469
402
390
443
452
402
443
386
422
392
385
392
419
386
393
416
388
377
373
436
426
373
372
372
399
385
417
417
403
393
400
373
390
387
394
399
383
388
435
417
394
382
412
404
386
371
356
387
392
389
377
454
370
360
367
373
386
366
378
345
376
355
364
364
375
357
337
374
389
341
351
375
354
330
310
319
317
307
334
315
328
342
350
315
342
343
276
345
330
333
329
309
291
306
329
307
309
296
302
314
330
307
348
303
291
298
294
351
323
274
309
292
300
253
316
296
307
297
308
293
306
305
283
300
288
283
292
278
300
293
297
270
290
293
258
281
290
265
281
319
286
306
261
257
259
265
291
279
313
268
269
290
281
298
274
289
290
324
269
259
293
293
265
299
250
283
283
316
286
272
301
299
295
308
300
297
269
264
316
274
299
287
278
277
268
257
290
295
270
263
271
275
291
263
279
287
268
274
289
265
260
258
303
285
281
273
281
274
270
293
278
271
267
263
270
238
254
269
244
246
258
261
265
239
247
249
256
267
257
248
219
264
252
279
255
252
267
256
245
245
240
237
272
265
258
254
268
254
238
227
266
289
225
255
216
209
257
248
243
227
238
238
246
228
224
277
250
229
250
264
265
237
240
209
247
235
241
278
196
232
238
250
237
251
247
232
226
232
239
235
217
267
237
213
246
251
250
226
230
238
243
229
246
263
209
253
244
221
258
234
232
235
228
253
262
278
274
262
270
275
253
286
288
278
346
441
602
886
1065
1241
1371
1400
1406
1409
1395
1433
1444
1438
1439
1417
1403
1301
1432
1335
1334
1250
1158
1094
897
679
476
325
227
219
188
188
175
182
171
210
180
208
192
167
162
168
203
182
186
173
199
187
196
148
194
180
180
187
183
199
158
174
174
160
181
188
192
204
311
408
544
712
824
830
730
535
420
271
257
214
189
204
228
216
177
158
169
176
169
188
162
185
154
190
190
202
181
179
177
165
174
193
174
161
140
178
165
178
150
156
169
174
160
173
179
201
174
207
164
154
176
176
168
154
188
174
174
169
192
168
173
180
194
165
174
158
179
189
175
181
155
163
182
180
176
201
194
281
626
1228
1953
2170
1702
906
385
200
157
156
146
160
168
181
156
148
191
139
163
165
161
171
161
170
144
151
119
154
131
176
204
259
259
259
199
172
162
158
135
163
147
158
176
168
184
213
167
155
169
139
156
175
161
146
158
169
143
151
142
155
159
166
153
144
190
147
165
168
146
158
181
167
165
178
172
156
157
159
148
148
153
148
158
149
170
137
154
171
173
174
137
152
153
140
148
160
168
157
137
159
162
155
164
132
164
172
153
158
156
135
172
167
162
138
167
146
167
163
157
138
168
135
154
160
140
147
135
139
147
153
157
135
141
144
148
132
156
169
151
131
155
158
164
170
136
143
143
154
150
142
154
169
184
229
332
473
504
383
320
241
176
189
171
194
158
173
125
159
134
165
152
153
146
150
138
124
136
140
150
169
163
111
142
141
151
145
135
129
154
164
138
129
133
138
140
129
145
145
144
122
138
142
149
146
126
141
137
150
168
142
142
153
146
161
150
149
133
135
137
148
144
134
138
148
149
156
153
151
145
140
129
153
144
154
133
146
135
139
155
150
149
136
156
152
159
160
145
173
175
185
163
166
123
140
132
120
144
144
149
145
146
159
142
135
131
133
120
131
136
136
148
116
132
162
142
175
199
231
226
233
170
163
129
127
143
135
136
134
113
125
146
128
160
138
138
139
133
151
149
146
133
137
128
140
145
139
147
164
128
136
126
145
162
153
160
172
166
163
154
140
140
133
150
123
131
145
139
155
150
137
157
165
143
145
139
139
137
146
149
148
136
150
158
141
138
125
124
127
157
152
149
128
131
125
129
142
127
137
137
145
150
135
127
148
143
122
142
147
114
161
140
125
147
135
143
144
128
118
142
155
136
151
159
146
148
137
90
156
144
141
122
138
132
130
155
126
114
130
117
155
125
143
140
141
133
143
154
154
184
213
242
242
203
164
154
151
132
128
139
122
148
142
149
140
146
144
124
125
143
126
143
130
152
158
142
141
128
140
141
104
134
129
126
135
140
137
138
156
145
129
145
153
156
134
149
140
153
154
131
151
133
130
157
118
160
136
174
148
176
148
127
157
152
134
149
134
132
165
149
124
141
135
147
140
137
126
142
144
134
142
143
168
144
136
131
127
147
150
139
119
129
133
134
137
143
144
162
158
131
143
155
135
128
129
131
124
133
128
144
138
125
147
136
124
135
141
140
131
138
148
149
132
131
118
133
138
160
159
142
114
135
134
107
129
150
110
136
126
138
129
126
127
138
121
145
124
151
132
111
131
145
151
149
146
110
148
145
147
132
118
136
128
166
145
140
110
133
134
138
128
135
137
109
128
141
142
143
149
132
113
134
128
133
140
142
120
137
137
130
133
152
139
131
130
138
107
130
130
127
139
151
131
143
154
116
104
139
132
134
144
117
132
122
124
137
143
136
133
153
147
133
116
141
149
130
132
146
127
111
127
152
142
148
116
133
131
153
143
147
135
133
132
131
139
125
121
106
139
125
137
122
130
130
123
135
144
137
138
140
156
147
116
115
135
133
144
140
149
130
142
126
150
126
127
130
125
125
126
134
121
125
128
149
141
128
132
120
149
130
143
148
140
133
148
140
144
146
150
154
165
138
137
133
136
116
130
138
152
123
139
159
134
148
151
141
135
138
136
122
128
145
157
127
133
127
140
140
160
155
121
144
128
126
110
130
142
143
127
131
124
145
146
126
138
134
123
135
155
138
132
136
147
118
147
141
140
128
134
135
130
136
137
126
136
146
129
140
153
145
137
117
148
152
149
135
158
145
124
120
147
137
133
164
152
138
155
127
144
141
142
149
141
171
138
135
144
133
134
134
131
137
133
133
128
138
147
139
160
136
124
151
145
137
128
135
152
117
122
166
126
152
135
124
135
141
131
147
117
154
163
150
156
146
133
145
122
144
154
141
119
130
134
137
143
129
126
144
138
148
152
125
137
157
134
152
129
135
145
156
140
140
137
136
124
125
130
135
135
151
150
133
144
145
148
124
167
137
143
139
135
123
123
165
155
159
144
154
143
122
139
129
142
138
140
161
130
141
135
152
160
161
134
145
151
132
156
134
120
146
120
142
151
149
155
157
135
155
148
122
136
145
141
133
136
142
150
143
140
116
157
160
137
139
129
140
160
149
126
147
125
151
141
132
144
140
155
130
107
153
156
133
121
140
136
143
127
135
156
139
132
157
141
142
155
150
129
141
115
157
153
150
153
147
146
132
141
137
156
134
142
147
162
148
156
132
161
154
143
134
151
131
140
167
156
137
145
144
147
130
122
141
165
166
146
134
145
163
164
150
143
158
141
125
142
139
121
150
133
129
134
146
145
129
146
134
145
143
163
141
126
150
139
134
135
136
129
139
133
135
129
130
126
155
140
148
171
155
180
262
369
468
560
624
530
398
264
205
172
166
178
148
170
188
161
213
226
215
217
178
159
158
148
139
148
160
158
152
153
158
145
136
167
157
173
149
163
161
145
147
161
150
156
135
125
150
144
141
135
172
129
153
158
133
159
157
138
140
158
124
154
146
163
175
133
164
171
148
165
151
140
133
155
147
156
167
160
141
123
151
160
143
159
153
164
159
152
163
150
153
160
140
163
176
153
154
175
140
155
162
168
183
183
173
198
153
166
147
175
156
164
158
142
152
143
161
147
156
153
149
164
149
130
146
125
151
153
154
145
165
149
143
168
154
164
154
159
174
172
189
156
169
172
144
162
170
154
134
156
144
134
138
162
171
156
137
155
171
174
169
159
164
144
151
145
157
185
190
169
157
156
153
170
178
160
176
170
164
157
181
169
162
153
176
160
136
159
156
135
167
156
153
176
150
147
165
172
153
147
157
168
138
169
151
131
147
155
180
159
160
178
148
146
134
159
155
154
126
163
158
171
140
160
165
135
170
147
154
175
143
156
155
135
138
143
139
157
172
139
171
142
160
151
165
158
155
161
143
144
159
163
161
152
175
157
159
160
155
165
160
186
161
162
183
165
169
154
160
171
189
214
231
202
215
194
180
174
168
171
165
145
168
169
164
182
182
165
149
146
163
160
172
164
181
145
155
158
157
164
175
174
156
169
132
158
151
146
152
150
144
173
151
168
163
172
147
141
173
153
154
172
137
156
161
160
176
183
172
187
194
217
227
168
160
186
160
160
153
164
149
192
151
173
158
164
158
169
155
156
172
165
162
160
160
153
161
161
161
147
161
166
157
168
149
159
149
163
161
165
157
150
144
160
165
169
150
158
143
185
150
189
175
167
196
159
166
171
163
194
144
176
152
161
164
159
162
169
167
151
163
188
160
152
156
165
184
146
172
159
186
189
144
169
180
168
141
163
136
182
147
150
167
175
172
177
167
175
158
172
180
167
155
160
163
151
172
160
169
188
185
166
167
157
173
164
149
180
189
160
148
169
177
169
164
171
165
168
155
162
177
181
162
159
157
169
165
171
197
164
171
150
165
181
168
157
161
202
220
199
190
195
180
182
163
178
194
155
174
155
183
174
165
189
174
176
174
159
174
167
204
167
175
184
186
159
192
172
152
168
172
157
177
170
175
172
166
148
173
163
176
172
153
163
152
168
171
188
173
161
192
163
210
163
168
168
167
176
171
180
156
190
177
153
176
187
172
163
157
177
170
157
187
178
171
173
173
172
184
178
159
168
152
173
167
167
180
186
169
151
160
171
169
177
160
194
168
170
159
174
175
177
142
194
191
175
176
185
180
211
175
177
174
177
168
174
178
188
175
164
176
160
177
189
171
179
195
168
181
191
162
175
195
185
158
162
180
176
172
168
174
170
175
175
210
166
158
161
181
186
190
178
179
178
170
181
167
165
203
178
156
198
203
145
164
146
163
191
175
166
157
177
181
166
173
210
189
155
171
180
178
174
195
189
164
185
186
183
191
183
156
187
177
184
182
182
166
178
165
180
168
187
184
187
160
182
175
192
179
198
201
188
178
213
162
176
161
207
168
180
189
193
182
184
184
203
186
157
200
179
178
198
206
187
216
220
198
227
209
208
216
183
172
169
162
201
193
184
175
185
170
171
170
175
201
219
189
208
194
193
189
167
172
198
189
197
169
196
197
208
197
183
194
187
205
187
182
235
219
200
203
212
218
200
205
182
191
182
196
179
184
179
193
183
187
203
168
177
178
188
199
195
191
181
175
181
207
193
216
223
209
213
187
205
203
187
177
213
219
217
195
179
174
188
166
195
171
172
196
194
207
194
210
196
166
203
183
180
182
188
188
213
199
195
190
194
203
178
169
193
195
186
207
198
182
230
192
174
203
227
308
384
438
563
727
873
868
877
730
615
477
348
276
253
224
216
215
198
194
195
184
197
193
218
198
196
244
205
188
175
222
202
199
189
201
199
189
210
213
208
207
215
216
179
232
226
212
201
220
186
177
195
197
209
210
185
220
227
206
204
189
196
217
229
183
235
210
204
216
208
221
202
206
205
191
239
218
218
205
213
200
178
211
215
230
217
213
190
204
208
192
198
187
222
199
204
215
227
229
224
164
241
189
213
191
222
199
233
222
209
197
218
241
229
228
226
234
249
229
241
212
216
202
207
189
230
227
196
218
226
227
221
249
213
241
233
225
216
228
212
231
196
216
204
236
241
223
220
234
212
250
227
214
216
210
230
252
221
242
218
235
218
225
224
216
209
234
216
218
226
238
237
218
235
234
232
265
221
204
203
239
201
222
233
224
217
214
249
237
253
220
244
233
257
271
237
259
262
226
234
253
220
220
222
238
252
258
220
210
204
237
248
266
247
226
272
222
254
260
245
264
258
239
278
251
247
241
261
261
262
235
249
242
248
239
259
257
238
257
262
239
248
250
249
252
254
231
230
234
252
224
235
251
247
249
287
250
231
259
272
252
272
261
282
274
243
260
249
235
281
265
282
222
285
251
242
258
256
283
252
248
260
291
306
245
286
273
291
283
316
318
318
305
273
266
271
288
269
283
284
245
254
289
322
271
287
279
275
290
275
261
259
259
259
269
253
279
279
276
272
286
290
270
253
288
306
262
292
266
295
271
294
258
313
286
290
294
287
305
294
300
286
291
327
276
297
351
294
306
309
304
277
318
305
271
297
282
308
294
296
268
320
303
272
280
287
299
313
299
305
312
318
287
325
325
312
352
313
315
320
280
316
292
301
305
344
264
311
321
308
333
328
316
322
325
353
337
317
306
355
337
317
317
313
294
317
305
333
333
359
339
362
321
333
318
326
327
359
332
369
330
346
364
318
354
363
341
342
318
356
335
338
361
354
354
335
352
371
324
349
352
334
340
348
338
343
374
348
342
332
335
331
334
328
379
332
332
341
319
334
355
317
299
322
328
352
343
331
307
309
301
315
275
279
280
301
309
272
268
257
266
254
257
294
252
261
255
268
229
209
234
257
225
218
283
242
209
221
236
226
222
235
219
232
233
247
213
215
261
213
239
233
252
229
236
209
213
215
193
236
220
226
243
205
255
227
211
206
217
228
196
222
231
200
213
238
197
189
223
225
225
221
216
188
244
210
205
222
209
199
192
189
176
206
213
210
196
202
206
188
204
232
194
191
193
186
201
207
191
180
176
177
166
179
193
175
195
162
183
195
186
160
188
192
164
169
144
156
151
149
179
159
149
165
174
158
162
165
162
176
138
170
167
151
153
139
135
168
161
149
171
149
149
167
140
148
156
150
155
164
136
142
142
149
132
149
136
136
114
111
128
142
114
121
126
127
116
137
129
124
113
125
139
131
118
115
115
135
126
130
119
117
122
110
105
103
94
119
123
92
98
118
92
103
113
136
110
110
109
109
116
102
121
109
118
103
99
113
118
88
111
122
116
108
117
102
114
92
106
108
114
103
113
120
119
115
115
130
107
112
121
111
118
107
114
111
112
117
109
105
111
121
135
107
117
117
128
102
106
103
88
125
109
100
113
103
121
120
106
107
88
95
104
100
96
100
106
107
106
98
104
116
92
99
106
122
113
103
103
92
89
106
105
113
103
96
115
106
108
111
108
81
104
108
111
115
115
89
100
84
76
87
101
88
95
103
91
106
99
103
113
89
117
73
112
108
95
98
82
93
91
100
93
110
100
107
98
106
89
93
104
107
117
100
103
106
100
88
97
105
102
102
84
104
95
90
104
96
89
90
97
95
102
112
104
118
104
94
105
88
92
110
101
111
112
113
124
144
137
184
285
499
976
1799
3173
4836
6924
9105
10605
10856
9804
7535
5013
2664
1190
449
145
51
38
34
36
31
51
26
27
31
23
31
28
35
34
28
31
36
25
27
28
21
28
20
39
25
22
24
35
19
16
25
30
29
36
33
32
23
39
35
35
32
20
33
38
39
24
21
24
23
19
27
22
25
32
30
19
28
35
24
28
24
21
30
32
21
24
28
30
23
25
23
27
29
28
26
23
38
19
34
22
18
22
25
33
16
23
48
18
32
26
23
27
27
18
39
26
29
39
33
31
36
24
24
23
23
23
25
18
27
29
40
31
31
28
23
33
29
21
25
35
27
30
31
20
34
25
34
23
33
20
23
28
26
22
18
29
31
29
28
39
26
27
26
24
35
20
38
27
23
26
18
26
21
30
24
21
19
22
19
25
27
20
32
28
24
24
17
18
23
28
21
31
20
22
30
30
28
19
23
31
32
25
22
21
24
18
22
28
29
37
29
24
38
25
25
31
22
25
35
37
32
26
23
35
19
31
21
28
29
16
22
31
34
31
18
23
25
20
31
22
15
25
21
20
30
27
25
26
24
16
22
24
28
25
29
18
26
37
26
21
28
31
28
23
26
25
35
27
29
23
34
21
31
21
39
25
28
19
17
29
15
17
17
24
20
23
27
21
28
24
19
20
28
29
22
27
24
29
37
23
32
28
35
30
31
22
32
25
21
19
20
22
26
17
31
20
24
25
23
28
22
24
19
24
25
29
20
16
23
17
26
21
21
19
24
19
20
20
19
21
30
29
15
24
25
32
17
30
23
26
23
21
26
17
25
26
28
28
26
26
19
28
26
21
24
24
19
31
23
25
26
37
26
20
24
25
23
24
27
22
17
27
35
29
25
23
33
32
26
29
28
24
37
46
50
47
52
50
30
32
21
22
19
21
27
30
19
18
29
15
22
29
16
17
37
19
25
21
24
19
19
25
20
17
24
23
22
20
23
22
18
19
20
35
33
26
24
21
24
18
28
17
19
26
13
23
23
18
18
25
23
22
16
30
22
19
23
23
24
25
26
34
23
26
26
25
24
16
23
20
23
21
19
37
19
13
20
16
20
18
20
20
21
15
32
24
10
22
16
32
20
30
22
21
24
13
31
18
23
19
34
33
30
27
32
33
23
25
23
13
26
15
26
18
27
25
25
19
24
26
18
36
27
28
28
23
19
20
28
29
21
17
21
24
26
25
11
17
15
16
23
22
23
16
18
25
28
22
27
22
29
27
30
30
22
27
18
23
12
23
20
22
24
24
23
23
25
19
21
21
18
16
18
25
24
24
23
19
19
23
28
19
13
16
25
21
21
26
17
25
14
32
17
27
29
19
7
19
19
16
20
22
21
26
27
18
13
22
17
24
34
15
21
28
25
23
19
24
14
25
21
25
25
29
27
17
26
26
19
26
38
22
23
32
29
17
25
15
24
29
16
24
20
19
21
24
23
28
27
28
16
24
25
28
23
20
22
20
16
22
30
26
15
18
24
19
34
19
21
19
17
24
16
33
26
22
25
19
24
18
22
25
16
24
18
22
20
25
17
17
24
16
26
19
14
22
21
20
19
24
19
8
19
20
21
15
21
21
22
27
29
17
24
28
26
22
23
18
24
20
22
22
18
23
23
18
26
25
27
32
32
41
41
33
22
28
21
26
17
20
21
18
14
17
27
17
19
16
28
20
20
18
24
19
22
16
21
17
16
15
14
23
16
27
19
25
19
22
22
26
34
20
17
13
18
22
26
17
17
16
18
17
22
20
18
20
15
21
17
17
22
18
22
21
19
22
21
21
12
31
20
25
26
29
27
23
22
23
24
20
20
14
22
27
21
9
20
19
17
15
18
17
11
21
17
15
14
21
29
18
21
17
14
16
28
14
16
24
19
22
24
20
21
22
18
15
16
14
17
21
17
16
15
28
19
23
20
14
22
21
24
14
20
31
26
15
19
22
21
27
23
26
18
23
19
22
23
17
17
13
11
17
13
26
16
21
21
22
18
24
14
25
23
22
19
18
16
17
21
22
20
20
23
20
16
28
23
26
25
25
17
23
25
19
18
24
17
15
20
18
21
19
27
17
22
18
18
22
17
19
13
22
22
17
21
22
21
32
23
18
21
19
14
18
19
14
23
16
14
21
20
18
24
15
15
28
24
19
30
24
22
15
26
25
27
20
15
21
23
17
19
26
22
17
29
21
21
22
23
23
27
26
20
25
21
25
23
20
16
18
12
23
26
19
22
14
20
18
23
16
19
16
26
20
17
16
18
17
26
23
18
17
23
18
20
20
14
29
22
18
15
20
14
16
20
22
17
19
14
14
19
12
21
19
23
14
15
11
18
20
21
22
11
27
25
20
12
20
13
18
17
17
20
13
19
17
16
19
20
21
15
19
28
21
16
16
22
19
15
15
15
23
19
26
18
14
24
22
15
14
9
16
19
14
16
15
16
19
18
21
23
15
19
17
12
22
18
24
27
14
18
26
15
22
18
21
18
17
20
15
16
21
19
20
18
17
14
17
18
19
20
7
17
16
22
12
13
22
14
9
16
16
20
22
26
16
13
21
19
21
19
12
15
16
17
12
22
15
20
24
20
23
18
18
20
21
15
23
12
18
18
15
24
11
14
17
18
16
20
14
20
23
16
14
24
21
15
17
12
19
13
20
15
15
17
27
17
11
15
20
12
24
15
15
13
19
13
13
13
21
16
9
18
23
26
21
22
12
18
18
15
24
17
18
21
17
14
28
23
18
19
19
20
21
14
24
18
17
14
16
23
18
20
19
12
23
11
14
20
14
13
18
10
29
18
18
11
23
13
13
13
22
18
13
24
8
18
17
25
11
22
12
16
14
14
17
20
18
15
22
18
12
24
11
17
14
17
22
20
13
10
17
16
18
19
10
20
16
27
21
20
31
22
16
22
22
22
28
15
16
15
15
20
19
19
14
8
18
22
11
14
21
13
12
17
18
17
15
20
11
21
14
13
31
16
9
18
14
25
15
15
16
16
22
13
15
15
22
15
16
17
28
22
14
15
15
15
20
26
15
12
14
11
14
17
18
17
12
16
17
17
16
15
20
14
10
16
14
13
11
20
23
14
13
22
20
24
22
16
19
10
14
24
15
17
15
20
16
20
14
17
19
17
18
15
16
14
15
12
16
10
12
14
16
17
14
19
16
15
20
11
16
23
16
14
17
25
15
24
16
26
16
13
10
20
24
21
19
17
22
24
13
23
18
18
13
13
19
14
13
13
17
14
20
11
15
11
10
11
17
14
13
16
16
16
16
14
18
18
15
16
13
15
13
15
19
22
12
21
20
26
20
22
20
32
17
20
15
17
12
14
21
13
20
16
9
10
10
8
14
9
22
12
18
12
17
16
22
11
16
17
19
18
11
14
11
11
17
14
20
14
12
23
20
17
22
17
22
12
13
18
23
17
13
13
14
14
19
13
11
14
25
15
14
10
24
16
15
15
9
16
18
10
14
17
10
12
22
14
17
17
20
26
17
14
15
18
11
17
22
20
17
16
16
16
23
25
15
23
22
20
26
19
24
26
21
27
32
24
19
16
14
17
13
14
12
15
20
19
17
17
16
15
17
10
17
16
14
12
18
13
10
16
14
21
6
16
15
18
17
19
19
19
20
9
15
14
11
14
8
17
11
24
17
11
9
16
15
16
12
14
20
10
11
14
13
14
11
13
10
12
10
18
18
12
17
17
20
19
29
23
23
16
21
22
23
17
16
15
20
16
8
18
16
16
19
17
17
21
10
9
16
12
18
17
17
8
15
19
15
12
25
17
12
12
10
18
17
7
16
17
17
14
13
21
21
21
15
22
18
17
15
14
12
18
10
10
16
15
16
9
16
15
15
18
7
10
18
22
11
23
19
18
16
20
14
13
17
20
10
12
12
15
21
9
13
11
11
13
14
11
15
11
23
19
12
22
14
15
13
10
21
16
10
11
15
18
6
16
17
15
13
16
18
7
16
12
19
15
15
17
10
16
15
11
9
10
12
11
13
12
13
11
15
16
15
18
13
9
15
15
8
20
10
16
13
12
17
16
14
14
6
11
15
15
13
13
15
16
11
17
9
18
12
14
16
15
10
20
13
15
15
20
18
6
17
18
15
13
13
21
11
15
10
11
14
15
16
18
20
19
14
17
13
12
16
18
19
9
16
17
12
14
12
11
11
7
20
22
18
14
12
20
15
14
9
19
14
11
18
15
9
13
17
12
12
11
16
11
14
14
18
14
14
13
24
14
12
10
10
14
11
21
17
15
16
18
7
10
16
12
13
17
12
15
13
6
16
13
17
14
16
23
22
11
9
12
13
8
9
13
14
14
13
6
10
11
10
14
15
14
18
13
10
16
9
13
13
7
21
16
13
12
9
15
12
14
13
12
17
14
12
12
14
15
12
20
9
13
5
9
18
13
18
15
13
16
18
13
25
12
18
9
25
11
17
9
17
14
22
14
16
16
16
11
13
11
15
19
13
5
12
15
12
20
10
14
18
17
15
9
13
12
14
10
8
13
13
19
13
17
16
15
9
7
14
8
8
20
10
17
10
14
8
9
20
10
13
15
13
13
9
12
12
17
9
18
10
15
14
8
7
10
9
14
16
8
15
15
19
16
16
23
11
17
14
16
24
17
13
14
14
14
11
14
18
14
20
16
22
11
11
13
9
13
15
8
16
13
12
20
17
15
8
16
15
15
10
11
12
14
16
19
11
21
19
25
12
17
11
17
16
8
15
7
13
11
16
13
7
15
13
14
13
9
18
18
17
14
23
6
13
14
8
11
11
12
12
12
14
13
11
10
14
13
14
12
11
18
15
12
10
13
9
11
11
15
11
14
13
8
16
14
15
9
13
11
14
12
11
15
16
14
26
18
23
15
18
20
19
29
13
13
16
16
15
7
10
8
18
10
8
13
15
12
9
16
9
8
9
19
14
10
12
16
13
12
4
10
9
11
9
12
16
11
19
12
12
16
12
9
18
12
13
13
8
15
17
9
20
7
17
9
14
10
16
6
11
8
6
12
14
9
12
15
8
14
15
13
9
9
9
20
7
15
10
11
15
16
7
10
5
11
13
10
12
15
16
19
11
12
5
12
10
12
14
14
10
8
13
12
13
20
19
15
11
10
6
9
13
11
8
11
16
22
19
14
8
8
13
5
9
9
8
10
6
14
10
9
13
13
13
21
17
16
15
14
14
9
13
10
15
12
12
12
18
11
12
15
9
10
10
8
14
12
17
17
13
6
13
13
10
13
13
9
12
11
11
9
15
8
12
12
10
20
18
11
12
14
15
12
14
8
13
6
3
8
15
19
13
15
10
9
9
7
13
9
12
8
11
11
9
12
10
13
12
14
10
13
13
17
13
7
12
15
19
11
17
9
13
13
9
9
14
7
12
9
10
12
15
18
16
17
16
21
25
26
40
25
34
30
18
23
21
25
18
23
23
20
25
18
14
10
15
15
11
14
11
10
9
9
14
15
18
17
12
10
9
7
4
11
15
11
15
10
7
3
7
16
13
16
9
13
12
12
8
12
10
10
17
10
8
15
14
10
12
16
22
10
12
13
8
13
8
7
12
12
16
15
10
7
8
14
15
9
13
16
10
13
13
14
18
7
17
10
13
19
18
6
13
9
11
11
15
10
10
6
7
9
10
11
12
9
13
11
8
11
12
7
15
7
9
7
10
16
10
8
10
13
14
13
12
11
8
16
16
13
5
8
13
17
14
12
10
10
10
15
13
8
6
13
7
9
11
12
12
18
9
10
9
13
12
9
10
12
5
13
6
6
13
10
8
12
14
15
13
9
8
13
6
13
8
8
9
11
13
14
11
13
10
12
7
15
8
16
11
10
6
7
14
13
12
17
9
14
12
8
8
15
7
8
11
16
15
10
7
19
10
14
8
13
17
9
16
5
15
7
8
12
14
13
7
24
12
10
7
10
13
11
11
12
12
11
9
12
16
9
9
16
14
8
5
7
7
10
10
15
8
14
12
10
11
7
6
10
8
10
10
13
11
16
9
5
12
12
11
15
12
17
11
11
11
4
15
6
11
10
11
8
11
15
10
7
11
8
11
14
12
9
11
6
7
10
15
10
5
9
11
10
11
8
9
10
5
6
9
11
13
9
10
13
12
11
11
19
6
11
7
11
13
12
10
19
10
10
5
12
14
11
8
17
11
14
9
9
8
9
16
10
7
9
7
9
12
11
10
6
9
9
8
7
7
8
13
12
5
15
9
7
8
11
16
8
8
10
13
11
12
9
8
10
9
6
9
13
8
5
10
6
9
10
9
9
12
11
12
12
11
12
7
13
10
11
9
11
21
11
12
12
11
13
9
17
9
18
19
18
10
13
11
14
12
13
12
8
16
9
12
11
6
10
10
12
12
14
11
10
12
6
12
18
6
16
7
12
11
10
3
9
6
6
4
9
8
7
8
9
13
13
7
8
3
10
15
11
16
16
11
7
9
9
7
10
12
12
7
10
8
11
13
13
12
9
9
11
9
10
7
18
9
7
7
8
8
11
5
7
9
11
11
15
14
7
10
10
14
11
15
8
12
6
7
8
10
10
6
7
7
10
11
8
12
10
6
12
14
10
9
13
10
12
14
5
15
11
11
15
18
16
12
9
12
11
11
8
8
12
5
9
16
7
12
9
10
10
9
12
9
6
4
8
8
9
13
9
8
11
8
10
8
9
11
13
14
13
5
7
9
9
10
8
9
10
12
8
5
9
14
4
8
9
13
9
11
8
13
13
9
12
6
11
11
10
12
13
7
8
7
7
9
12
9
7
13
9
10
10
10
12
11
7
12
9
13
12
10
5
9
10
12
7
15
16
6
12
7
12
7
13
9
13
15
13
7
14
11
6
16
8
9
7
12
10
11
8
12
14
14
15
9
9
14
7
7
9
15
12
13
11
16
8
14
10
10
10
4
16
10
16
15
10
11
6
6
11
9
5
9
13
9
7
8
9
10
9
7
9
14
11
17
10
9
8
7
8
5
8
16
14
19
7
14
8
11
8
14
8
11
3
13
9
13
12
14
10
7
12
9
9
8
11
13
13
10
14
10
11
12
14
8
11
13
8
11
17
8
9
9
5
13
5
7
7
6
13
14
15
6
12
16
11
14
11
7
18
7
14
15
7
14
6
5
7
7
1
10
9
13
7
12
11
9
17
6
10
6
8
7
12
17
6
8
7
6
5
11
6
12
9
5
8
14
7
17
11
8
10
11
5
9
7
11
7
11
9
8
4
9
7
5
6
7
10
9
11
14
10
6
16
10
7
9
10
13
10
8
12
13
12
9
5
7
11
6
13
10
15
6
8
5
12
11
8
13
19
16
8
10
5
12
9
7
11
12
17
8
14
13
9
11
14
10
9
12
14
14
8
14
8
11
12
10
12
11
9
7
7
6
8
7
11
10
12
8
6
16
15
10
11
9
13
8
19
12
13
6
6
10
9
12
12
11
8
8
6
11
6
10
7
10
15
8
11
14
6
16
8
11
11
7
8
10
12
13
17
15
8
10
17
16
11
16
14
12
11
13
12
14
16
14
19
12
12
12
16
10
9
11
14
12
2
12
10
10
12
11
10
12
11
10
14
10
8
12
9
10
12
14
16
9
9
4
9
21
6
20
14
17
13
14
13
15
14
9
11
17
13
16
9
8
13
11
9
10
12
7
11
8
6
9
5
7
15
14
11
5
6
8
6
12
8
12
8
10
14
3
8
13
10
14
13
11
11
8
13
19
8
7
8
15
14
11
7
11
13
7
8
6
15
9
8
13
6
10
12
15
12
15
7
8
12
4
4
9
8
8
7
11
11
5
8
8
10
9
13
12
10
14
13
16
8
9
8
8
10
14
10
11
13
12
4
11
10
9
7
11
14
11
16
8
10
7
10
6
13
5
11
12
9
9
12
10
11
6
12
11
9
7
7
8
8
7
10
13
10
8
12
9
10
8
13
11
11
14
14
7
8
18
10
8
7
9
6
6
6
8
11
8
13
12
8
20
12
12
7
6
6
8
11
14
8
10
8
7
5
9
11
8
12
8
11
14
9
10
6
16
11
14
9
5
13
10
9
14
6
12
10
12
10
12
10
12
10
7
11
2
11
8
3
11
9
9
7
10
7
15
13
8
9
15
8
12
14
6
11
6
9
8
9
8
14
14
8
8
8
17
10
8
9
7
5
7
3
11
11
6
10
6
12
10
9
9
4
9
11
12
13
20
10
15
12
19
14
11
14
12
15
12
13
14
21
11
11
13
10
16
12
8
5
10
15
10
10
13
9
10
7
9
5
9
9
13
7
8
12
9
11
6
10
9
9
9
3
11
8
5
7
7
9
11
9
7
5
10
12
6
7
7
7
12
8
4
11
5
11
12
10
6
5
8
11
9
9
8
10
11
13
10
11
9
11
13
9
12
14
8
8
8
7
5
12
5
9
11
18
8
8
2
8
10
8
8
17
13
10
11
6
9
7
12
4
10
9
8
9
12
11
7
8
13
22
22
19
13
20
21
15
16
21
18
22
29
17
14
17
8
12
8
15
4
13
14
16
11
5
16
6
10
10
10
8
7
13
12
15
21
17
10
12
14
17
9
8
6
6
13
9
13
16
4
8
9
14
7
12
15
8
16
12
10
9
11
14
6
6
10
9
11
13
9
10
9
7
8
8
11
8
10
9
13
6
8
10
11
12
9
10
6
8
15
10
7
15
6
9
8
8
15
4
10
12
12
5
7
8
11
3
10
16
8
8
6
10
10
7
4
5
9
3
12
10
12
6
6
10
8
13
12
6
14
3
11
7
9
12
8
8
7
10
13
8
7
14
3
12
9
12
15
16
9
15
1
13
8
17
9
16
17
9
8
6
9
8
8
8
8
10
13
12
4
11
6
7
9
6
17
9
9
6
10
9
11
9
12
8
8
5
8
15
5
8
8
5
2
13
8
9
10
11
14
11
9
12
7
11
10
12
8
7
8
11
12
10
2
12
10
7
6
9
9
7
9
16
9
12
10
11
10
5
8
8
10
9
12
9
13
8
8
9
10
12
2
10
12
10
5
11
3
10
10
4
5
5
9
5
6
3
12
4
9
7
9
1
7
11
10
4
8
9
6
9
11
11
3
7
13
4
9
5
9
17
6
12
8
5
11
7
6
4
9
9
8
6
10
8
7
8
11
6
12
7
11
15
3
9
10
11
13
8
2
9
9
7
11
5
9
10
6
13
10
8
8
13
8
5
10
5
6
11
8
20
7
5
10
11
5
13
11
12
15
9
14
9
14
6
10
9
9
12
6
13
8
6
7
8
8
9
11
4
9
14
4
10
12
4
10
5
9
12
15
9
8
9
10
12
14
14
11
7
8
11
9
10
11
13
11
7
7
10
10
8
4
10
6
8
11
5
18
12
10
4
10
9
14
10
14
10
9
12
9
18
11
17
12
14
13
16
12
10
23
22
14
13
21
21
13
12
12
9
14
10
19
10
8
9
5
6
15
6
10
12
11
4
5
7
6
11
12
3
4
8
5
13
5
14
18
13
14
16
4
12
9
13
19
14
12
14
13
15
16
13
5
14
10
11
6
14
6
7
7
9
9
6
8
7
12
8
12
12
11
9
6
12
10
10
7
7
8
9
14
11
12
11
16
14
7
14
12
12
7
7
15
7
10
12
8
10
12
5
12
6
4
11
5
8
7
10
7
7
8
9
12
14
4
5
10
3
6
11
19
10
9
4
8
4
9
6
7
8
9
9
7
4
9
8
6
10
6
11
10
12
11
6
11
14
6
10
3
10
8
6
11
6
10
8
5
6
10
5
12
6
9
9
4
3
9
3
2
7
6
8
9
6
5
4
5
6
6
5
5
7
7
10
13
7
11
8
5
4
8
5
12
6
4
4
7
8
5
9
12
6
6
7
7
8
12
5
9
6
4
6
6
5
6
7
7
3
9
5
7
11
7
5
6
5
10
10
7
11
10
4
11
7
6
11
9
5
8
6
12
10
8
12
8
6
9
12
14
6
8
10
9
8
6
5
11
5
7
8
9
6
9
8
9
12
11
6
10
4
10
5
3
7
6
7
5
2
3
9
6
8
8
10
10
1
5
10
7
9
7
10
4
7
10
5
7
9
11
16
9
15
13
17
20
20
22
14
22
24
23
20
21
23
8
8
9
6
6
6
8
12
8
8
2
7
9
4
7
9
6
5
6
6
4
6
4
9
7
8
10
5
5
8
7
4
6
7
7
6
7
7
1
6
6
9
9
8
6
6
7
7
5
3
4
10
6
8
14
8
7
3
6
5
6
3
6
5
7
7
6
8
15
10
2
8
5
12
6
7
14
9
13
11
7
10
4
7
9
7
5
8
8
6
4
10
4
9
8
6
5
8
9
0
9
6
4
8
9
8
11
9
7
4
6
7
11
14
20
9
19
13
8
13
6
9
14
10
10
16
13
12
9
7
8
8
9
1
7
4
6
16
8
7
10
8
8
3
16
9
11
6
6
8
7
12
4
3
8
4
6
8
9
11
13
9
10
8
13
11
8
3
7
12
9
9
10
10
9
5
7
12
7
6
9
6
9
8
5
7
2
7
0
9
8
9
4
4
5
8
7
6
7
7
3
3
7
9
5
7
10
4
7
7
8
5
8
6
5
11
8
8
3
14
4
5
9
10
12
1
6
7
9
8
8
6
8
6
5
6
8
7
5
5
12
1
2
6
5
4
4
9
1
4
4
12
9
4
8
8
8
9
6
8
8
6
6
7
4
10
8
5
6
3
5
3
5
8
9
8
2
6
7
6
6
5
7
7
5
4
4
4
7
7
2
3
4
9
11
4
5
9
6
5
6
7
6
10
7
5
5
1
4
6
5
4
3
8
8
7
5
5
3
11
6
3
5
3
2
6
7
3
5
8
4
5
5
9
1
9
9
8
8
6
9
8
9
4
7
5
4
8
4
6
5
7
6
7
5
1
5
9
3
9
6
1
10
5
5
9
3
7
7
4
11
3
3
3
4
5
8
4
5
7
6
4
4
10
4
7
5
8
3
2
5
7
7
7
8
8
3
5
6
4
1
2
2
11
5
5
10
7
8
4
8
5
6
9
7
9
2
14
6
13
6
7
10
4
4
7
5
7
4
3
8
3
8
3
4
4
6
7
7
7
5
5
3
8
7
4
6
10
5
10
11
10
8
6
6
6
8
7
8
9
6
3
5
6
5
6
8
8
9
5
3
6
9
6
5
2
3
4
4
4
5
7
3
5
9
5
8
7
4
11
4
5
5
4
8
3
5
9
4
4
8
3
3
8
2
6
6
6
9
4
2
5
5
9
6
6
9
11
7
5
15
14
21
19
23
12
30
24
15
21
14
27
20
16
18
14
7
4
10
5
5
4
6
5
2
7
9
4
7
6
4
2
10
6
3
6
7
3
3
5
4
6
8
10
9
12
17
12
18
20
12
13
20
21
19
19
11
20
17
15
10
11
15
12
3
12
10
5
1
7
8
6
1
11
6
4
5
4
9
7
5
6
10
12
8
7
11
6
7
7
8
4
4
4
8
5
3
5
7
5
7
1
8
3
11
3
1
3
6
6
3
3
1
8
3
3
1
3
5
3
5
6
9
4
5
6
4
5
2
4
3
3
1
6
4
1
2
3
5
7
3
2
3
10
7
2
4
5
4
7
6
7
5
5
6
6
4
4
2
9
4
9
3
6
7
6
1
4
3
0
5
3
4
2
3
10
7
3
8
0
4
3
4
3
3
5
4
6
5
7
4
1
4
2
5
3
6
4
4
7
7
4
3
4
3
6
3
3
0
5
0
5
7
4
3
3
2
2
4
1
5
2
6
3
1
6
4
5
4
4
4
0
4
1
4
3
8
2
3
7
5
6
0
2
1
4
1
3
9
2
1
5
9
10
6
6
4
4
2
6
6
7
6
5
4
4
4
6
6
6
3
7
2
1
11
3
5
7
12
8
7
4
5
4
5
1
2
6
3
4
8
2
4
3
6
7
7
5
1
4
6
3
5
8
3
2
3
3
3
4
4
8
2
5
5
8
2
3
9
2
2
6
4
1
2
7
4
4
3
2
7
5
1
3
7
5
5
4
2
2
4
4
7
2
3
2
4
3
7
2
4
3
7
7
3
8
5
6
5
4
1
3
1
4
2
2
4
3
4
2
5
5
8
4
7
4
1
2
3
6
1
2
5
5
6
1
2
4
7
5
8
3
4
2
2
3
6
1
3
3
2
1
2
2
2
4
5
4
8
4
2
1
5
2
3
7
3
4
4
6
4
5
4
1
3
5
2
3
6
4
5
8
5
10
8
12
10
8
11
14
11
12
10
21
11
7
9
10
7
3
6
4
1
6
2
3
5
1
4
2
3
6
3
2
2
5
8
7
4
5
6
4
6
5
2
4
4
3
12
10
5
3
7
5
6
4
3
7
10
8
2
12
5
4
8
9
5
5
6
5
4
7
3
4
5
4
4
3
1
5
6
2
5
5
4
2
3
3
2
3
3
6
3
4
6
3
2
6
5
3
8
2
1
3
3
2
3
1
4
4
2
3
6
3
2
3
6
3
5
6
4
2
5
8
2
6
2
3
0
1
3
1
7
6
5
1
9
4
2
2
5
2
4
3
3
0
5
5
0
1
4
4
7
4
5
3
3
2
5
1
1
1
2
3
1
2
5
3
3
2
6
4
0
3
2
2
3
3
7
1
4
4
4
3
2
2
0
0
4
1
2
5
3
4
2
2
4
2
7
4
6
3
4
3
5
6
1
3
2
2
2
2
0
3
4
3
1
1
2
2
5
3
1
1
5
1
4
3
5
5
6
3
2
3
7
4
0
4
3
2
5
2
5
4
4
2
4
6
5
2
4
3
3
5
1
1
4
5
3
2
0
2
1
3
2
5
5
2
4
2
1
2
3
2
1
3
2
3
4
4
4
4
5
3
0
3
5
0
2
3
0
3
6
2
0
7
5
3
1
3
5
2
4
8
5
6
2
4
4
2
4
6
2
4
3
2
3
1
4
6
3
3
4
5
1
2
2
6
4
5
1
3
2
4
0
2
2
4
6
2
4
4
1
0
1
5
3
3
4
8
1
3
4
2
1
2
4
2
2
2
3
1
4
6
5
5
1
2
1
3
2
5
1
5
2
2
3
0
2
3
6
1
4
2
3
5
2
3
4
3
1
1
3
8
3
4
0
0
1
5
2
1
3
1
1
0
5
6
3
5
4
0
3
4
2
3
3
2
3
6
3
2
3
3
3
6
5
5
8
4
3
3
2
5
2
2
4
2
3
2
3
4
3
4
0
4
3
8
0
0
4
4
2
3
7
1
5
4
1
6
6
6
5
9
4
9
5
4
12
9
13
4
8
3
3
13
3
5
5
9
4
4
5
4
7
3
7
8
11
7
8
5
5
7
7
6
7
8
2
4
0
1
3
4
5
2
1
5
3
3
1
2
0
3
2
1
1
3
4
5
2
4
2
0
2
1
2
3
2
3
1
0
3
4
1
2
6
2
5
4
3
2
5
2
2
4
3
0
2
1
0
6
6
1
5
1
1
2
1
1
5
2
3
2
4
2
1
1
7
4
1
3
3
3
2
3
3
4
0
2
6
1
4
3
2
3
7
3
1
3
3
1
2
1
2
5
1
6
1
1
2
1
3
1
2
1
1
1
3
6
2
1
4
5
4
2
1
1
1
4
3
1
0
1
2
0
2
1
1
3
1
2
5
3
4
1
2
3
2
4
2
2
3
4
1
2
3
5
5
0
8
4
2
4
1
5
4
3
4
1
2
4
0
9
3
3
5
1
4
3
6
3
2
4
3
0
4
3
2
4
1
3
3
3
2
3
0
4
1
6
2
0
1
2
3
2
6
6
3
2
3
3
2
1
0
3
1
6
3
5
0
4
0
0
3
1
6
3
2
1
3
1
2
1
3
3
0
5
0
2
2
3
2
1
4
4
3
1
2
0
3
2
0
2
3
4
1
6
4
4
1
4
3
3
1
5
2
0
3
1
1
3
3
4
1
6
3
1
1
3
2
4
4
10
1
2
0
1
3
2
3
1
3
1
3
2
1
3
4
1
2
0
3
5
2
4
4
1
2
0
4
1
1
4
3
3
6
6
3
1
2
4
6
1
4
2
2
4
2
3
2
5
2
2
4
2
1
1
4
0
1
0
3
3
1
4
1
2
2
3
1
3
0
1
4
2
2
1
0
0
2
0
2
5
1
2
0
4
3
0
0
1
1
2
3
6
1
2
1
2
2
0
2
5
1
3
0
1
1
1
1
4
3
1
1
3
2
0
1
3
1
1
1
3
0
2
4
5
1
5
2
2
4
6
2
1
3
3
6
1
3
2
5
2
1
0
3
1
1
0
1
3
3
2
2
1
3
3
1
2
0
1
1
1
2
2
2
3
3
2
1
3
3
1
4
2
2
5
1
1
1
4
0
4
2
3
0
2
4
3
4
4
2
3
1
2
2
4
4
1
2
4
2
5
1
3
1
5
0
5
3
4
1
0
4
1
3
0
0
3
3
7
4
2
2
4
4
3
1
1
3
0
1
1
0
4
0
4
2
3
5
2
1
0
3
1
0
2
3
2
1
1
2
2
1
0
1
2
1
1
2
2
2
2
2
4
0
2
5
4
2
1
2
2
3
2
4
1
2
1
3
1
3
2
1
1
2
2
2
3
3
1
2
1
3
1
4
4
3
1
2
1
0
1
1
1
3
1
2
4
3
1
1
1
0
3
3
4
1
3
1
3
1
1
5
6
0
0
2
2
3
2
4
4
5
1
2
1
3
1
4
2
2
0
2
2
5
0
1
0
1
2
3
4
5
0
0
4
1
4
2
1
0
1
0
1
2
2
1
2
2
2
4
3
2
0
0
2
1
2
3
5
4
2
0
1
2
1
1
3
1
1
2
3
3
2
1
3
2
3
2
2
2
0
3
1
3
0
3
2
2
1
0
1
3
3
3
4
1
6
4
1
1
3
1
4
3
2
0
1
1
5
2
2
3
3
1
1
0
2
3
2
3
3
2
2
0
4
1
2
2
0
3
3
1
3
2
3
2
1
1
4
2
3
1
5
4
3
1
0
2
5
6
2
2
1
4
4
1
2
0
1
1
4
0
2
1
0
2
3
1
1
3
2
2
0
2
2
3
3
2
1
3
1
0
3
3
0
1
1
1
2
2
0
3
2
1
1
3
5
2
4
1
6
1
4
1
3
3
4
2
2
2
2
7
9
2
8
3
9
4
8
7
12
6
10
14
6
8
3
2
2
6
2
3
2
3
0
1
0
0
1
0
2
1
1
0
3
1
1
1
2
1
6
1
1
5
0
1
1
0
1
2
5
0
3
0
2
0
1
1
3
1
2
0
0
3
5
1
2
2
1
1
4
3
1
1
4
2
4
2
0
1
2
0
0
2
2
1
1
3
1
1
0
2
0
0
2
2
1
2
4
0
1
3
1
1
0
1
1
2
3
4
2
1
2
0
2
1
1
4
1
2
3
3
4
1
0
4
2
1
3
1
1
2
1
2
4
3
2
4
2
0
1
3
1
1
2
1
1
2
2
5
0
1
2
3
1
1
1
1
4
3
1
2
0
1
2
2
3
2
2
2
0
2
0
1
0
2
3
1
1
2
2
1
0
1
2
2
0
0
2
2
2
1
1
1
2
2
1
2
0
2
3
1
3
2
1
3
3
1
2
4
2
1
4
3
0
0
1
0
1
1
1
1
1
4
1
5
0
1
0
3
1
1
1
1
0
1
2
1
2
1
4
2
2
1
0
0
3
4
1
0
4
1
2
1
2
2
4
0
2
2
4
1
0
1
1
2
0
0
1
0
3
1
2
4
3
4
3
2
2
1
2
5
2
0
1
2
2
3
0
0
0
0
2
3
2
2
1
1
2
3
1
2
0
2
1
0
2
2
0
4
1
0
0
0
0
0
3
1
1
3
0
0
0
3
2
1
2
0
4
1
2
2
0
2
1
2
1
0
0
5
2
2
0
1
2
3
3
3
3
2
0
1
1
1
2
1
1
1
3
0
3
1
4
3
1
0
2
2
3
2
1
5
2
3
3
1
5
5
1
4
2
2
0
1
2
1
1
1
1
0
1
4
1
1
1
1
2
1
4
0
1
1
1
4
1
0
0
2
3
1
2
0
2
2
0
0
2
2
1
3
3
2
2
0
4
4
0
2
1
2
1
1
1
0
2
3
1
0
2
1
1
1
2
3
0
1
0
4
1
3
0
0
2
1
3
3
0
3
0
3
1
3
6
1
0
1
1
0
3
1
1
4
1
1
3
4
1
1
2
1
4
2
1
2
0
4
1
0
1
2
1
2
4
1
0
2
0
3
2
0
5
1
1
0
4
2
4
1
3
0
1
1
2
1
0
3
3
0
0
2
3
2
2
2
2
3
1
0
0
5
1
1
1
0
2
1
1
2
3
3
1
0
1
0
2
3
1
4
0
2
3
3
3
1
2
0
3
0
4
1
1
0
1
1
2
2
1
0
2
2
0
0
1
0
3
1
1
0
1
4
2
1
3
2
0
0
1
4
0
1
1
0
2
1
1
2
0
1
0
2
3
2
1
2
2
1
1
1
1
3
1
1
1
2
0
1
3
0
6
1
0
3
3
2
2
4
0
0
3
1
2
0
1
2
1
4
3
2
3
0
2
2
2
1
0
2
1
1
4
1
0
1
2
1
2
1
1
1
0
1
2
0
0
1
0
1
2
0
2
1
2
0
1
1
0
2
0
6
1
1
0
1
1
1
2
1
3
2
1
2
0
3
2
0
2
0
1
1
1
2
3
2
2
1
2
2
2
4
1
0
1
1
2
2
3
0
1
2
1
2
0
2
0
3
2
1
0
1
1
2
0
0
2
3
2
1
2
2
0
1
3
6
3
2
2
0
0
2
2
2
6
2
0
3
0
0
2
2
1
1
0
1
2
2
2
1
6
2
1
4
3
4
2
4
4
1
5
6
5
4
6
6
6
4
6
0
1
0
1
0
1
1
1
2
2
2
1
2
2
3
4
1
0
2
2
0
0
3
2
4
2
2
0
3
4
0
3
3
1
1
2
1
2
2
0
0
3
0
0
4
2
2
2
3
2
4
2
1
0
1
2
2
2
1
0
4
3
2
0
1
0
0
1
2
1
1
1
1
1
3
2
4
4
1
1
2
1
2
1
0
2
1
1
1
4
1
5
4
1
0
4
2
0
0
4
1
1
0
2
3
4
2
2
1
0
0
1
3
0
1
3
1
2
2
4
0
2
0
1
1
1
1
1
1
0
1
2
2
0
1
4
0
1
2
0
1
1
1
2
1
3
2
2
0
1
0
1
1
1
2
0
1
3
0
1
2
4
1
1
1
2
1
2
1
3
1
3
1
3
2
2
1
1
1
2
2
2
0
0
2
1
1
0
1
6
1
2
2
0
0
0
4
1
1
1
0
1
1
2
1
0
1
2
2
3
0
1
4
0
1
1
4
1
1
0
0
0
1
3
5
2
1
1
2
0
0
2
0
0
0
1
0
3
2
1
3
2
1
1
2
2
0
0
1
2
3
1
0
0
3
1
1
1
1
2
0
3
0
1
1
2
3
2
1
1
3
1
2
0
2
1
2
2
1
1
2
1
3
1
1
2
2
2
2
2
3
2
0
2
0
1
4
2
4
1
1
0
2
1
2
1
2
0
3
2
0
0
0
1
1
0
1
2
2
2
1
3
5
1
1
1
1
1
0
4
2
0
1
2
1
2
5
0
0
0
2
0
3
3
0
5
0
4
1
2
1
2
1
0
1
2
2
0
0
2
2
1
1
0
1
3
0
2
2
1
3
0
3
3
0
1
3
5
3
0
0
1
1
0
1
0
2
0
3
0
0
2
0
0
2
2
2
2
0
2
0
1
1
1
2
2
3
3
0
2
1
1
1
0
1
4
1
0
1
4
2
3
2
1
1
0
3
1
0
0
1
0
0
1
0
0
2
1
4
3
1
0
0
0
0
2
1
1
3
1
1
0
0
2
1
1
4
1
0
2
0
0
1
0
0
0
2
0
0
0
1
0
1
1
3
2
1
3
3
1
0
1
1
3
3
0
1
2
1
1
0
1
1
1
3
1
2
0
1
0
1
3
0
4
1
2
0
2
0
1
1
2
1
1
1
1
2
0
3
0
1
2
1
0
1
0
1
0
1
1
1
2
0
2
1
4
6
2
2
7
2
3
3
2
0
2
2
4
3
2
1
1
1
2
0
2
4
1
0
1
1
5
2
2
2
2
3
3
3
0
2
2
3
2
1
1
1
1
2
1
0
0
2
0
0
1
0
0
0
2
0
1
1
0
1
4
0
0
1
1
1
1
1
1
1
1
0
4
0
1
3
2
1
1
1
2
1
2
1
2
0
0
4
1
3
1
0
1
2
0
2
2
2
4
0
2
0
1
0
1
1
2
1
1
0
1
0
0
1
4
1
1
1
2
0
3
0
2
0
3
1
0
1
0
0
1
2
0
0
0
0
0
0
1
2
2
2
0
0
1
0
1
5
1
2
2
2
3
3
4
1
1
1
2
1
3
5
1
2
0
2
3
2
0
1
0
0
0
1
1
2
1
1
3
1
2
2
0
2
1
2
0
0
0
2
1
1
0
1
0
1
2
1
3
2
0
1
1
2
1
1
2
0
1
3
0
1
1
1
2
4
0
0
0
4
1
0
1
0
0
1
1
0
0
2
1
2
0
2
0
2
0
1
1
1
0
2
2
3
0
1
1
0
0
2
2
2
1
1
0
0
3
1
1
0
1
1
4
2
1
1
0
2
1
3
0
2
0
2
2
1
2
1
0
1
2
2
2
2
2
4
4
2
2
1
3
0
2
2
3
4
4
2
6
5
5
5
3
3
3
2
2
4
1
4
1
1
1
1
1
0
1
1
0
4
0
2
2
1
1
1
1
1
3
0
0
1
0
1
0
0
1
1
1
1
1
0
2
1
3
0
1
0
0
0
0
0
0
1
1
1
1
0
1
4
3
0
0
1
1
0
0
0
0
3
3
0
1
0
1
1
0
0
1
0
1
1
2
1
0
2
1
0
2
0
1
0
2
1
0
1
1
0
1
0
0
1
2
1
1
0
1
1
1
1
1
0
0
0
1
0
1
0
0
1
0
1
0
0
0
2
2
0
3
0
0
0
1
0
1
2
1
1
0
0
1
0
1
1
0
2
2
1
1
1
0
1
0
0
0
0
0
1
0
3
0
1
0
2
0
1
0
0
1
1
0
1
1
2
1
1
3
1
3
1
0
1
0
1
3
2
1
4
1
1
1
0
2
3
2
2
0
1
0
1
1
0
0
0
0
0
0
1
1
1
0
1
0
0
1
1
0
0
1
1
1
0
1
0
2
0
0
1
0
1
1
0
0
2
1
1
0
2
1
0
1
0
1
1
1
1
0
0
1
0
0
0
0
0
1
0
1
2
2
2
0
0
0
3
1
0
2
1
0
1
0
1
0
2
1
2
0
2
1
1
0
0
0
0
1
0
0
1
0
0
1
1
1
2
0
2
3
0
0
0
0
2
0
0
0
1
1
1
0
1
0
1
1
0
2
1
1
2
1
0
2
0
0
0
1
0
1
1
1
0
0
1
0
1
0
2
1
1
1
1
0
1
0
2
0
2
0
1
0
1
0
1
2
0
1
1
2
2
1
0
0
1
1
1
0
1
0
0
0
0
0
0
2
2
0
2
2
1
0
1
1
1
1
0
0
1
2
1
1
0
1
2
1
0
0
0
0
1
0
0
0
0
1
1
0
2
0
0
0
0
2
0
0
0
1
1
0
1
1
1
2
1
1
0
1
0
0
1
0
0
0
2
0
1
1
1
0
0
1
0
1
0
0
0
0
0
0
1
0
2
0
0
0
2
1
0
1
0
1
0
0
0
0
1
0
1
0
1
1
0
1
0
0
1
0
0
1
1
0
1
0
1
0
1
0
0
1
1
2
0
0
0
2
0
1
1
1
0
0
0
0
2
0
1
1
1
0
2
2
0
0
0
0
0
0
1
0
0
0
0
1
1
0
1
2
1
0
1
1
1
0
2
1
0
4
0
3
2
3
4
1
2
3
0
1
2
0
2
2
0
0
4
1
1
1
1
0
1
2
0
3
0
2
2
2
3
0
2
0
2
0
1
1
1
0
2
1
0
3
0
1
1
2
2
1
0
0
0
3
0
1
0
0
1
1
0
1
0
0
0
1
2
2
1
1
1
1
0
1
0
1
0
1
0
0
1
1
0
1
0
1
0
0
0
1
2
0
1
3
3
2
0
1
2
1
0
1
1
1
0
1
0
0
1
0
1
0
3
1
0
1
1
0
0
0
1
0
1
0
0
1
2
0
0
2
0
0
1
0
0
0
1
0
1
0
0
1
0
0
1
1
1
0
2
0
2
0
1
1
2
1
1
0
1
4
1
0
3
0
1
2
3
1
1
0
0
2
0
1
1
0
0
0
1
0
0
1
0
1
2
1
0
2
1
4
0
2
1
2
1
0
0
0
0
0
1
0
0
0
1
0
0
0
1
1
0
0
0
0
0
1
0
0
1
0
0
2
1
1
1
0
2
1
1
0
0
2
0
0
0
0
3
0
0
1
0
1
0
2
0
0
0
2
1
0
0
1
1
1
0
1
0
0
3
1
0
1
0
0
2
2
0
2
1
1
2
1
1
2
2
2
4
2
0
0
1
2
3
2
2
1
2
4
1
1
1
0
0
0
1
3
1
0
0
0
0
1
0
1
1
2
0
0
0
0
3
0
0
1
1
1
1
1
1
2
0
1
0
1
0
1
0
0
1
0
0
1
2
0
0
0
1
0
1
0
1
0
2
0
2
0
1
0
0
0
0
1
0
0
1
0
1
0
1
0
0
0
0
0
1
0
0
0
0
0
0
0
1
1
0
1
1
0
0
0
0
0
0
1
0
0
0
0
0
0
2
0
1
2
1
1
1
0
0
1
1
0
0
1
0
0
1
0
1
1
0
1
0
1
1
0
0
0
0
0
1
0
0
0
1
1
0
0
1
0
0
0
1
1
0
1
1
1
0
1
0
1
1
1
1
1
1
0
0
0
1
0
0
1
2
0
1
0
0
0
0
0
0
1
0
1
1
0
0
0
0
1
0
1
0
0
0
0
1
0
0
0
1
0
0
0
1
0
0
0
0
0
0
0
1
0
0
0
0
2
0
0
0
1
0
0
0
0
0
0
0
1
0
0
0
1
1
3
1
1
0
1
1
0
1
0
3
1
1
0
0
1
0
1
0
0
1
0
1
1
1
0
0
0
2
0
1
2
0
1
0
0
0
1
2
1
0
2
0
0
1
2
2
2
0
0
0
0
0
0
0
1
0
1
1
1
1
1
0
0
0
0
1
1
0
2
0
1
1
0
1
1
1
0
2
0
2
0
1
0
1
0
0
1
0
0
1
1
0
0
3
0
0
0
1
1
0
0
1
0
0
2
0
0
0
0
0
0
0
0
1
0
0
2
1
0
0
0
2
0
0
0
0
0
0
0
2
1
0
0
1
0
0
2
1
0
1
0
1
0
0
0
0
0
0
1
1
1
0
0
0
0
0
1
1
0
0
0
0
0
1
0
0
0
1
1
0
0
2
0
0
0
0
0
0
0
0
0
1
0
1
0
1
0
1
0
0
1
0
0
0
1
0
1
0
0
1
0
0
1
0
0
1
1
0
1
0
0
0
0
2
1
0
1
0
0
1
2
0
0
1
1
1
0
0
0
0
0
0
0
2
1
1
1
0
0
0
0
0
1
0
0
1
4
0
0
1
0
1
0
2
1
1
0
0
0
0
0
0
0
0
2
0
0
0
0
0
0
1
0
1
0
1
0
0
0
0
1
1
0
0
1
0
2
1
1
1
0
1
0
0
1
0
1
0
0
0
0
0
2
1
0
0
0
1
0
2
0
1
0
0
1
0
0
0
0
0
1
1
0
0
0
0
0
0
0
0
2
0
0
0
0
1
0
0
0
0
0
0
0
0
0
0
1
0
0
1
1
0
0
0
0
0
1
1
0
0
0
0
2
0
0
0
0
0
1
0
1
0
0
1
1
0
1
0
0
1
0
1
0
1
1
0
0
0
0
0
0
0
0
0
0
0
0
1
0
0
0
0
1
1
0
0
0
0
0
1
1
1
1
0
3
1
0
0
1
0
0
1
0
0
1
0
0
0
0
0
0
0
1
0
2
1
0
0
0
1
0
0
0
0
0
1
0
0
0
1
1
1
0
0
0
0
0
0
1
0
1
0
1
1
1
0
0
0
0
1
0
0
1
0
0
0
0
1
0
0
0
0
1
1
1
0
0
0
0
2
0
1
0
0
0
1
1
0
0
0
0
0
1
0
0
0
0
1
1
0
0
1
0
1
0
0
0
0
1
0
0
0
1
1
0
0
0
0
0
0
0
0
1
0
1
0
0
0
1
2
1
0
0
0
0
1
1
0
0
1
1
0
0
0
2
0
2
1
0
0
0
1
0
2
0
1
2
1
0
0
1
0
0
0
0
0
1
0
1
0
0
0
0
0
0
0
0
2
0
0
0
0
0
1
1
2
0
2
2
0
0
0
2
0
1
1
1
0
0
4
3
1
2
2
1
0
1
1
0
2
0
2
2
0
0
0
0
0
1
2
1
0
1
0
0
0
1
0
0
1
0
0
0
0
0
1
1
0
1
0
0
1
0
0
0
0
0
1
0
1
0
0
0
0
1
0
0
0
1
0
1
0
0
0
1
1
0
2
1
0
0
0
1
0
1
0
0
0
0
0
0
0
0
0
0
0
0
1
0
0
0
1
0
0
0
0
2
0
1
0
0
0
1
0
1
1
2
2
2
1
1
0
0
1
1
0
0
0
0
0
0
0
0
0
1
1
0
0
0
1
0
0
1
0
0
1
1
0
1
1
0
0
0
0
0
0
0
1
0
0
0
0
0
0
1
0
0
0
2
1
0
1
0
0
0
0
0
0
0
0
1
0
1
0
0
0
0
0
1
0
0
0
0
0
0
0
0
0
0
0
0
0
0
1
0
1
0
0
0
0
0
0
0
0
0
0
1
0
0
2
0
0
0
0
0
0
0
0
0
0
0
0
0
0
0
1
0
0
0
0
1
0
0
0
0
0
0
0
0
0
0
1
0
0
0
0
0
0
1
0
0
0
1
0
0
1
0
0
0
0
1
0
0
0
0
0
0
2
0
2
0
0
0
0
0
0
0
0
0
2
0
0
0
3
0
0
1
0
4
0
1
0
0
1
2
1
1
2
0
0
1
0
0
0
1
1
0
0
0
0
0
0
0
0
0
0
1
0
1
1
0
0
0
0
0
0
1
1
1
0
0
0
0
0
0
0
0
0
2
1
0
2
0
0
0
0
0
1
0
1
0
1
0
0
0
0
0
1
0
1
0
0
1
2
1
0
2
1
1
0
0
1
1
0
0
2
0
1
0
0
0
0
0
1
0
0
0
0
1
3
0
0
1
0
0
1
0
0
1
0
0
0
2
0
0
0
0
2
1
1
0
2
0
1
0
0
0
0
0
1
0
0
0
0
1
0
0
0
0
0
0
1
0
0
0
0
0
0
0
0
0
0
0
0
0
1
0
1
1
0
1
0
1
0
0
0
0
0
0
0
1
0
0
0
0
1
0
0
0
0
0
0
2
0
1
0
1
0
0
0
0
0
0
1
0
0
1
0
0
1
0
1
1
0
1
0
0
0
0
0
2
1
0
1
0
0
1
0
0
0
1
2
0
0
0
1
0
0
1
0
0
0
1
1
0
1
4
0
0
0
1
0
0
0
0
1
0
1
1
1
0
0
1
1
1
0
0
0
0
0
0
0
0
0
0
0
0
0
2
1
0
0
1
0
0
0
0
0
0
0
0
1
1
1
0
0
0
0
0
0
1
0
0
0
0
0
0
0
0
1
0
1
0
2
1
2
0
0
0
0
0
0
0
1
0
0
0
0
0
0
0
1
0
0
1
0
0
0
0
1
0
1
0
0
0
0
0
0
0
0
0
1
0
0
2
0
0
0
0
0
0
0
0
1
1
0
1
0
0
0
0
0
0
0
1
1
0
0
0
0
0
1
1
0
0
0
0
0
0
1
0
0
0
1
0
0
1
0
1
0
0
0
1
0
1
0
0
0
1
1
0
0
1
0
1
0
1
0
2
0
0
0
0
0
0
0
0
0
0
0
0
0
0
1
0
0
0
0
1
0
0
0
0
0
1
0
0
0
0
0
1
0
0
1
0
0
0
0
1
0
0
0
0
0
1
0
0
0
0
0
0
0
0
1
0
0
0
2
0
1
1
0
0
0
0
0
0
0
1
0
1
3
0
1
0
1
0
1
0
0
0
0
0
0
0
0
0
1
0
0
0
0
0
0
0
0
0
0
0
0
0
0
1
1
0
1
0
0
0
0
0
1
0
0
0
0
0
0
0
0
1
0
0
1
0
1
0
0
1
3
0
0
2
0
0
0
0
0
0
0
0
0
0
0
1
0
0
0
0
0
0
1
0
0
0
0
0
0
0
0
0
0
1
1
1
0
0
1
0
0
0
1
0
0
0
0
0
1
0
0
0
0
0
0
0
1
0
0
0
0
0
0
0
2
1
0
0
0
0
1
0
0
0
0
0
0
2
1
0
0
0
0
0
0
0
0
0
0
0
1
0
1
0
0
1
0
0
0
0
1
0
0
1
1
0
0
1
0
0
0
0
0
1
0
1
0
0
0
1
0
0
0
0
0
2
1
0
0
1
0
0
1
1
0
0
1
0
0
0
0
0
0
0
1
0
0
1
1
0
0
0
0
1
1
0
0
1
0
0
0
0
0
0
0
0
0
0
0
0
2
0
0
0
0
0
0
0
0
0
0
1
1
0
0
0
0
0
0
0
0
0
0
0
1
0
0
0
0
0
1
0
0
0
0
0
0
0
0
1
1
2
0
2
0
0
1
0
0
0
0
0
0
0
0
1
0
0
0
1
0
0
0
0
1
0
0
0
0
1
0
0
0
1
0
0
0
0
1
1
0
0
0
0
0
1
0
0
1
1
0
0
0
1
0
0
0
0
0
1
0
0
0
1
0
0
0
0
0
0
0
1
0
0
0
0
2
0
0
0
0
1
1
0
0
0
0
0
0
0
0
1
0
1
0
1
0
1
0
0
1
0
0
0
2
0
1
0
0
0
1
1
1
0
0
0
0
0
0
0
0
1
0
0
0
0
0
1
0
0
0
1
0
0
0
1
0
1
0
0
0
0
0
0
0
0
1
0
0
0
1
0
0
0
0
0
0
0
0
0
0
1
0
0
0
0
2
0
0
1
3
1
0
1
1
0
1
0
0
0
0
1
0
0
1
1
0
0
1
0
0
0
0
0
1
0
0
0
0
0
0
0
0
0
0
0
0
0
0
0
0
0
0
0
1
0
0
0
0
0
0
2
0
0
0
0
0
0
0
0
1
0
0
0
0
0
0
0
0
0
0
0
0
0
0
0
0
0
0
0
0
0
0
0
1
0
0
0
0
0
2
0
0
0
0
0
0
1
0
0
0
0
0
1
0
0
0
0
0
0
0
0
0
0
0
0
0
0
0
1
0
0
0
0
0
0
0
1
0
0
0
0
0
0
0
0
2
0
0
0
0
0
0
0
0
0
2
0
1
2
0
1
0
0
0
0
1
0
0
1
0
0
0
0
1
0
0
1
1
0
0
1
0
0
0
0
2
0
0
0
0
0
0
0
0
1
1
0
0
0
2
1
0
0
1
0
0
0
1
1
2
1
0
1
1
1
0
0
0
0
0
0
1
2
0
0
0
0
1
0
0
0
1
0
0
0
0
0
0
0
0
0
0
0
0
1
0
1
0
0
0
0
0
0
0
0
0
0
0
1
0
0
0
0
0
2
1
0
0
0
0
0
0
0
0
0
1
0
0
2
0
0
1
0
0
0
0
1
0
1
0
0
1
0
0
1
0
0
0
0
0
0
0
1
1
0
0
0
0
0
0
0
1
0
0
0
1
0
0
0
0
1
0
0
0
0
0
0
0
0
0
0
0
0
0
0
1
0
0
0
1
0
1
0
0
0
1
0
1
0
0
0
0
0
2
1
0
0
1
0
1
0
0
0
0
0
1
0
0
1
0
0
0
0
0
0
0
0
0
0
1
0
0
1
0
2
0
0
0
0
0
0
1
0
0
0
0
0
0
0
0
0
0
0
0
0
0
0
0
1
1
0
0
0
0
0
0
0
0
0
1
0
0
0
0
0
0
0
0
0
0
1
0
0
0
2
1
0
0
0
0
0
0
0
1
0
0
0
1
0
0
0
1
0
0
0
0
0
0
0
0
0
0
0
0
0
0
0
0
1
0
0
0
1
0
0
0
0
0
0
0
0
0
0
0
0
0
2
0
0
0
0
0
0
0
0
0
0
1
0
1
0
0
0
1
0
0
3
0
0
0
0
0
0
0
0
0
0
0
0
0
0
0
0
0
1
0
0
1
0
1
0
1
0
0
0
0
0
0
0
0
1
0
0
0
0
0
0
0
1
0
0
0
0
0
0
0
0
0
1
0
1
0
0
1
1
0
0
0
0
0
0
0
0
0
0
0
0
0
0
0
0
0
0
0
1
0
0
0
0
1
0
0
0
0
0
0
1
1
0
2
0
0
0
0
0
0
0
1
0
0
0
0
1
0
0
1
0
0
0
0
0
0
0
0
0
0
0
1
1
0
0
1
0
0
0
0
1
2
0
1
0
0
1
0
0
0
1
0
0
0
0
0
0
0
1
0
0
0
1
0
0
0
0
0
0
0
2
0
0
0
0
2
0
1
0
1
0
1
0
1
0
1
0
0
0
0
2
0
1
0
1
0
0
0
0
0
0
0
0
2
0
0
0
0
0
0
0
0
0
0
0
0
0
0
0
0
1
0
0
0
0
0
1
0
0
1
0
0
0
0
1
1
0
0
0
0
1
0
0
0
1
0
0
0
1
0
0
0
1
0
2
0
0
0
0
1
0
0
0
1
0
0
0
0
0
0
0
1
1
0
0
0
0
0
0
0
0
0
1
0
1
1
0
1
1
0
0
1
0
0
0
0
0
0
1
1
0
0
0
0
0
0
0
0
0
0
0
0
0
0
0
0
0
0
0
0
0
0
0
0
0
0
0
0
1
0
1
0
0
0
1
0
1
0
1
1
0
0
0
1
0
0
1
0
0
0
0
0
0
0
0
1
0
0
0
0
3
0
0
0
0
0
2
0
1
0
0
0
0
1
0
0
0
0
0
1
0
0
0
0
1
1
0
0
0
0
1
0
1
0
0
1
1
0
0
0
0
0
0
0
0
0
0
0
1
0
0
2
0
0
0
0
0
1
1
0
0
0
0
0
0
0
0
0
0
0
0
0
0
0
0
0
0
0
1
0
0
0
0
2
0
0
0
0
0
0
0
2
0
0
3
0
0
1
0
0
1
1
1
1
1
0
1
0
1
0
0
0
0
0
0
1
1
1
0
0
1
1
0
0
1
0
0
0
0
0
2
0
0
1
1
1
1
1
0
1
0
0
0
0
0
0
0
0
0
0
0
0
0
1
1
0
0
0
1
0
0
0
0
0
0
0
0
0
0
1
0
0
1
2
0
0
0
0
0
0
0
1
0
0
0
0
0
0
0
0
0
0
0
0
1
0
1
0
0
0
0
0
1
1
2
1
0
0
0
0
1
0
0
0
0
0
0
0
0
0
0
0
0
0
0
0
0
0
1
0
0
0
0
0
0
0
1
0
0
1
0
0
1
0
0
0
0
0
0
0
0
0
0
0
0
0
0
0
1
2
0
0
2
0
0
0
0
0
0
1
0
0
0
0
0
0
0
0
1
1
0
0
0
0
0
0
0
0
0
1
0
1
0
0
0
0
0
1
0
0
1
1
1
0
0
0
1
0
0
0
0
0
0
0
0
1
0
0
1
0
0
0
0
0
1
0
0
1
0
0
0
0
0
0
1
1
0
0
0
0
0
0
0
0
0
0
1
0
0
0
0
0
1
0
0
0
0
0
0
0
0
0
0
0
0
1
0
0
0
0
0
0
0
1
0
0
0
0
1
0
0
1
0
0
0
0
0
0
0
1
2
0
2
0
1
2
0
1
1
2
2
2
1
1
3
1
2
2
1
3
0
3
2
1
3
1
1
2
3
2
0
0
0
0
2
0
1
1
1
1
2
0
0
0
0
0
0
2
0
0
1
0
0
0
0
0
0
0
0
1
0
0
0
0
0
0
0
1
0
0
0
1
0
1
1
0
1
0
0
0
0
1
0
0
0
1
1
0
0
0
0
1
0
1
0
0
0
1
0
0
1
0
1
1
0
0
0
0
0
1
1
0
0
0
0
0
0
0
0
0
1
0
0
0
0
1
0
1
1
0
0
0
0
0
0
0
0
0
0
1
0
0
2
2
0
0
0
0
0
1
0
0
1
1
1
0
0
0
0
0
2
0
0
0
0
2
0
1
0
2
0
0
0
1
0
0
0
0
1
0
1
0
1
1
1
0
0
0
0
0
0
0
1
0
1
0
1
1
0
1
0
1
0
0
2
0
0
0
1
0
0
1
0
0
0
0
0
0
1
1
1
0
0
1
1
0
1
0
0
0
0
2
0
1
0
0
1
1
1
0
0
1
0
1
0
0
1
0
0
1
1
0
1
0
0
1
0
1
$ENER_FIT:
5.9250 0.607168 -1.583600e-008
$MCA_CAL:
3
5.9250 0.607168 -1.583600e-008
$ENDRECORD:
