$SPEC_ID:
None

$MEAS_TIM:
1010.61000 1048.93000
$DATE_MEA:
05/07/2013 10:41:01 AM
$DATA:
0 16383
0
0
0
0
0
0
0
0
0
0
0
0
0
0
0
0
0
0
0
0
0
0
0
0
0
0
0
0
0
0
0
0
0
0
0
0
0
0
0
0
0
0
0
0
0
0
0
0
0
5
10
25
21
34
30
20
19
14
33
223
379
371
383
372
343
392
373
355
386
362
395
384
364
394
383
382
415
400
396
419
376
395
392
386
402
412
448
429
440
455
439
460
455
441
465
440
444
446
459
430
492
540
468
465
507
527
470
495
547
556
614
640
679
765
773
664
653
651
671
582
544
518
525
548
504
529
577
570
592
595
610
610
604
635
595
573
540
510
551
535
534
521
550
526
483
541
496
569
578
594
566
534
534
514
558
514
572
518
499
569
521
544
564
543
593
549
552
516
531
499
555
515
517
531
531
528
517
528
501
464
538
488
525
517
487
533
558
536
511
512
536
539
479
519
525
538
472
561
517
544
512
491
527
462
483
549
501
505
480
509
512
503
500
474
462
466
498
493
481
529
538
483
517
507
484
498
528
481
478
476
467
459
471
458
471
484
452
484
458
426
478
489
432
492
503
500
444
513
500
473
462
426
455
458
467
460
460
520
459
489
482
497
476
508
498
514
546
507
521
512
489
521
496
522
492
510
485
441
492
491
490
459
518
495
493
481
464
455
488
481
473
444
470
444
470
487
521
438
488
465
450
432
462
447
477
460
463
459
449
506
421
502
455
436
443
456
493
462
469
473
496
478
413
417
456
419
391
445
396
411
476
412
456
438
433
418
435
420
450
447
472
403
402
407
425
419
415
446
405
423
441
373
406
446
406
405
427
417
425
390
435
379
423
396
411
434
408
420
416
432
420
478
422
426
408
464
397
414
404
441
424
447
445
461
408
405
435
386
461
417
429
387
402
431
429
389
399
445
396
411
422
415
415
406
402
401
422
413
408
405
445
393
403
444
416
420
413
396
414
412
394
416
384
359
383
358
412
365
347
371
354
351
387
402
397
378
369
377
394
370
354
355
367
328
352
368
345
383
344
372
361
361
352
370
366
372
345
345
346
377
342
395
330
351
352
374
352
341
350
386
381
358
360
332
373
359
378
396
342
324
371
344
360
362
383
328
357
349
359
331
345
357
338
332
381
375
323
355
319
357
354
335
324
345
343
343
288
320
338
305
321
318
284
286
306
284
303
302
325
309
313
284
264
291
292
287
301
302
290
259
294
242
299
276
270
284
287
285
278
267
288
303
276
264
264
276
261
284
288
255
293
279
297
253
304
276
279
283
274
260
304
288
299
236
232
259
294
277
270
250
257
256
274
271
251
251
257
251
272
259
268
270
269
255
256
239
248
281
241
247
272
265
282
232
246
256
261
274
250
252
250
247
236
229
258
291
263
240
246
251
263
260
251
262
264
237
261
228
243
244
256
262
281
269
237
273
246
225
256
210
270
246
226
251
244
235
228
249
265
258
245
234
250
249
229
201
273
210
216
226
272
233
230
232
245
223
238
254
238
236
230
241
253
232
226
219
235
240
248
252
262
219
245
243
236
212
220
221
235
233
220
220
231
212
232
265
214
255
206
226
246
229
226
215
225
212
207
232
225
222
209
205
196
231
218
243
208
224
240
235
211
205
208
195
204
220
203
197
211
214
211
235
222
215
237
204
215
230
185
232
246
250
206
250
232
234
245
204
189
225
241
220
206
215
218
197
205
237
254
236
236
227
220
204
239
219
210
235
230
221
262
234
256
321
441
578
819
1041
1214
1298
1322
1381
1359
1400
1500
1398
1414
1418
1488
1403
1328
1380
1355
1385
1281
1142
1112
880
664
467
315
234
174
168
186
159
195
177
180
165
168
181
174
165
183
185
149
164
155
157
164
173
138
148
156
186
156
171
191
163
151
164
190
165
169
165
201
265
352
493
690
773
742
653
509
352
266
189
203
167
177
196
168
158
171
155
155
161
163
143
167
167
182
163
134
163
163
177
168
137
144
170
155
145
138
175
162
154
158
152
158
140
179
160
138
158
160
151
157
155
167
150
156
163
167
151
163
199
162
153
161
165
171
179
165
164
167
160
180
156
161
167
178
183
165
187
269
579
1155
1871
2215
1678
858
399
212
131
134
155
141
153
140
137
151
154
143
134
149
137
149
174
142
141
143
150
160
149
156
209
242
254
233
237
148
154
132
147
130
162
158
127
141
164
181
161
147
153
137
148
131
145
142
115
136
137
148
128
160
135
155
140
145
166
173
183
169
156
133
146
140
158
168
150
162
142
137
144
125
130
136
142
137
134
160
145
154
146
142
148
147
142
132
135
149
154
138
162
136
127
123
156
139
141
143
138
163
156
133
140
146
149
139
136
129
142
136
138
149
149
144
135
138
150
151
141
144
133
141
139
125
139
137
127
120
138
171
136
147
136
155
154
159
158
155
134
138
136
133
148
164
168
222
313
435
484
416
267
198
166
158
152
150
153
167
124
124
155
131
109
146
145
151
139
139
137
131
124
116
146
147
113
131
114
130
135
131
119
140
114
117
133
150
122
110
118
141
116
153
128
155
141
131
129
124
121
119
127
130
115
141
118
140
125
131
117
150
130
129
122
115
145
147
123
115
132
136
123
143
96
160
137
129
131
138
153
139
108
156
123
134
120
131
122
142
137
149
152
170
137
143
137
119
126
149
142
136
125
137
130
133
137
137
137
121
123
118
140
121
144
126
137
139
159
162
184
234
238
196
170
142
121
132
112
142
126
141
133
132
138
143
142
134
142
112
128
124
119
125
129
135
127
135
134
133
132
119
151
127
148
120
126
136
147
177
160
125
139
161
149
114
127
131
121
127
137
137
143
126
112
141
128
121
128
128
115
127
131
109
135
123
146
130
147
144
126
141
113
118
126
142
112
95
119
107
150
121
133
125
129
123
129
120
135
126
127
140
116
118
129
130
124
124
108
123
131
120
156
123
133
132
153
162
112
140
137
131
113
117
113
123
121
125
125
119
123
153
128
112
140
132
114
127
120
125
123
148
177
177
240
265
223
169
129
137
127
138
125
145
117
122
110
131
119
131
115
114
110
133
124
125
121
127
126
124
116
119
122
138
131
126
131
139
131
136
114
121
124
123
137
103
128
120
131
141
121
113
121
114
130
133
121
129
126
129
151
147
152
147
119
139
130
120
111
124
146
130
137
137
137
131
130
91
113
108
142
112
134
122
127
140
133
119
133
110
153
134
135
115
131
130
125
128
142
113
115
137
121
126
142
125
117
142
146
108
145
107
135
125
111
117
131
123
119
125
110
123
125
134
123
129
124
113
124
134
117
120
108
133
138
124
106
124
120
147
138
126
126
123
121
141
134
126
114
136
103
110
117
128
138
134
157
122
122
132
110
111
100
117
145
123
132
127
134
154
151
112
116
130
121
129
103
130
120
116
119
124
136
137
140
117
127
102
121
143
119
133
150
117
139
138
132
133
152
135
131
113
121
105
120
111
118
114
131
110
120
143
132
140
120
125
129
121
102
114
130
145
141
139
110
117
113
119
113
118
135
120
114
115
121
132
130
140
117
146
123
138
113
133
128
132
108
104
139
108
133
123
129
130
136
126
141
125
132
117
117
119
132
122
130
122
132
121
125
121
131
105
137
113
142
127
103
129
130
122
132
121
132
131
107
105
137
118
124
115
113
129
141
134
130
108
116
110
137
105
128
133
109
114
120
125
140
107
148
127
122
132
128
138
138
127
130
147
138
114
130
126
154
132
123
129
114
129
116
129
136
136
112
121
128
121
115
122
119
129
131
131
125
120
142
114
137
140
120
132
139
122
122
117
142
119
122
121
115
125
116
145
141
121
115
131
141
142
129
132
131
134
122
107
105
119
109
127
107
126
137
112
120
111
124
115
127
141
121
110
126
132
129
126
109
131
119
125
138
119
124
127
119
123
120
118
115
131
122
117
136
127
122
139
116
110
150
126
151
125
112
142
129
155
119
129
141
136
107
114
123
115
116
126
134
143
147
128
122
122
126
140
117
129
137
146
112
142
115
123
133
127
123
126
130
153
116
142
131
116
134
135
122
130
114
121
116
136
138
144
144
128
143
127
111
150
144
143
110
120
132
142
142
122
122
132
112
118
124
123
127
133
122
121
111
122
117
149
124
121
151
123
108
114
112
144
158
116
119
135
123
118
132
135
134
122
146
140
118
132
119
137
121
128
121
131
120
131
125
124
117
124
125
112
108
117
124
122
128
137
113
140
132
142
117
111
110
112
135
130
124
133
145
141
137
120
127
131
120
127
118
137
133
123
125
135
113
139
115
131
137
124
110
140
117
121
112
110
118
118
125
118
128
122
105
129
116
139
131
135
122
111
113
132
127
130
126
136
142
124
131
137
154
138
120
131
124
130
132
155
134
158
142
109
123
140
127
110
118
142
149
152
142
142
147
144
133
139
131
136
140
133
112
125
116
122
140
109
152
119
128
126
124
122
129
129
113
159
127
127
147
180
227
307
442
502
525
497
402
295
236
185
158
150
109
128
142
180
213
188
205
202
185
169
148
140
146
157
131
142
135
167
163
139
140
158
137
134
155
130
146
143
142
135
146
140
126
136
123
129
153
130
133
137
134
124
136
134
155
130
133
146
138
140
117
147
154
118
134
130
146
136
153
160
125
133
138
129
143
150
124
139
159
134
151
138
135
143
133
135
135
143
126
151
148
149
136
136
124
129
140
149
147
164
182
180
175
170
159
146
157
147
138
132
134
135
134
139
132
130
137
137
133
143
128
120
144
141
168
140
139
120
117
135
131
164
142
146
122
171
173
154
146
145
149
137
136
149
152
135
151
141
159
115
140
134
126
130
145
146
142
125
143
127
152
155
132
140
142
148
162
165
166
152
140
158
133
157
163
145
130
149
157
154
153
133
124
140
137
140
140
138
122
150
126
144
121
138
129
150
132
155
144
149
114
136
136
140
126
153
144
154
144
156
134
139
158
132
143
139
143
150
146
168
142
148
127
109
131
153
124
162
147
163
146
154
152
149
133
124
141
147
160
142
123
154
153
131
151
148
130
144
148
156
150
140
164
148
151
164
158
135
132
141
152
145
180
154
122
112
146
142
164
178
220
217
227
194
196
153
135
154
152
149
155
171
156
172
139
146
133
165
143
159
155
160
141
152
134
142
170
138
140
133
140
147
135
159
145
137
150
149
131
133
173
164
136
130
160
150
158
145
120
166
151
171
145
168
125
166
139
178
194
211
209
196
168
157
159
167
121
154
155
152
134
157
152
129
133
156
159
164
162
150
141
128
150
153
139
145
153
151
139
164
140
131
146
169
149
147
149
144
155
133
162
128
138
163
149
149
158
148
126
154
146
144
156
168
161
146
126
149
162
165
144
154
162
133
173
163
150
149
137
153
146
141
138
161
168
136
160
143
147
159
152
168
162
153
154
145
162
151
133
144
159
178
156
134
168
145
141
143
153
160
147
137
163
150
117
137
141
150
143
152
162
158
173
152
154
165
155
140
161
158
165
188
142
171
159
146
168
164
157
152
160
158
166
123
154
159
156
146
162
153
134
166
169
176
163
161
157
201
183
174
176
177
137
161
168
151
137
163
152
169
149
166
176
148
156
154
165
179
146
137
129
154
166
178
146
168
151
155
135
148
173
163
157
150
147
161
169
151
142
152
154
156
153
147
169
156
168
184
143
154
140
188
167
142
145
164
187
158
168
155
165
188
164
159
151
183
156
139
157
175
137
148
142
172
161
180
164
161
141
172
168
170
157
160
154
160
187
159
170
163
171
153
154
156
174
172
168
149
180
152
144
151
169
143
158
189
172
170
166
146
141
151
159
155
152
168
155
147
162
143
139
163
171
158
169
136
158
178
153
153
138
164
174
165
167
155
140
149
134
174
157
177
150
165
179
155
128
150
157
142
163
170
170
163
158
143
151
158
170
143
153
181
159
163
156
154
169
163
172
155
166
168
141
179
177
155
179
158
158
155
166
159
156
170
173
156
170
169
150
166
163
146
168
151
150
132
163
160
160
187
169
152
184
167
130
168
189
166
181
175
156
169
172
172
187
181
147
163
170
160
156
170
160
173
187
189
163
186
182
154
182
155
174
175
192
206
217
183
196
158
147
159
164
192
185
161
180
187
165
181
187
156
172
170
181
183
190
178
178
170
151
164
162
156
170
165
170
166
190
172
164
154
146
164
151
188
192
190
208
179
209
182
193
173
196
173
188
174
189
172
169
191
206
167
183
146
190
177
167
163
174
158
154
196
170
175
157
181
218
192
198
194
210
178
174
190
166
172
174
152
174
170
160
165
189
193
165
188
191
172
188
140
179
165
187
173
193
173
168
182
181
178
162
184
187
184
190
182
184
175
198
188
188
187
165
184
186
199
241
336
394
532
635
756
823
821
728
600
474
336
283
217
202
203
173
203
186
163
193
205
181
168
185
199
171
180
183
174
207
202
189
207
157
186
188
175
207
197
168
178
161
171
201
213
203
210
209
192
204
190
199
156
187
205
189
187
200
196
201
188
223
188
187
175
185
187
178
186
203
215
187
206
198
209
186
173
186
217
206
195
187
196
199
222
190
197
210
177
196
193
177
178
184
211
176
183
189
183
177
222
190
210
211
218
214
220
194
191
187
204
200
188
231
211
225
210
233
195
220
219
208
217
194
228
213
204
221
206
211
167
184
208
209
214
160
196
204
196
188
194
227
196
202
194
191
171
210
192
205
192
190
205
243
201
206
207
218
213
212
186
193
233
214
195
197
218
216
193
210
217
181
206
233
199
225
177
201
232
224
212
199
231
203
225
213
222
208
200
231
232
214
224
230
186
213
247
188
213
203
205
211
231
190
230
249
215
218
233
224
217
213
225
232
233
237
229
244
242
226
240
229
222
221
233
240
217
226
241
237
234
225
230
195
251
218
220
203
221
235
242
257
225
217
214
231
257
229
257
223
228
231
242
232
241
236
230
241
239
221
236
225
231
239
219
256
267
235
247
248
242
228
259
227
220
254
215
228
261
248
244
267
247
248
223
280
246
270
253
276
296
277
254
255
246
257
238
268
240
247
256
237
262
235
258
258
255
261
266
247
263
230
217
228
263
256
277
250
249
233
265
254
262
252
258
251
248
243
290
258
266
225
260
223
273
251
262
275
279
288
261
268
282
258
257
294
286
276
288
263
267
258
266
262
283
267
307
275
276
267
297
289
298
290
263
291
284
293
272
261
315
276
244
291
275
297
295
292
295
284
293
304
312
293
309
295
279
306
273
296
298
274
272
277
311
276
312
317
284
311
307
284
308
277
278
309
323
358
314
296
315
304
317
309
310
317
308
287
321
320
294
326
304
286
308
330
294
283
329
334
312
315
317
307
333
335
309
321
338
317
355
317
334
306
350
333
289
290
318
285
298
290
297
339
325
343
306
302
317
321
302
321
283
325
266
314
289
302
268
263
278
297
263
269
242
263
236
269
230
235
213
257
248
198
226
221
220
243
195
224
231
206
212
211
227
230
229
215
229
196
235
221
252
229
195
201
220
193
218
210
225
210
188
186
200
221
186
212
189
189
221
209
199
194
199
173
220
186
188
200
186
200
204
222
184
168
180
204
180
230
203
204
188
208
182
179
176
182
203
185
191
174
200
175
159
180
176
172
183
142
169
166
209
184
168
176
184
154
174
167
177
163
174
162
174
184
145
166
145
158
157
162
152
174
186
163
160
141
153
151
140
158
154
133
160
161
169
156
147
129
139
145
144
141
149
131
122
144
148
152
153
146
156
136
138
129
133
117
142
144
158
107
147
135
123
129
102
124
118
130
125
112
116
123
116
112
98
117
121
134
110
101
108
113
105
105
130
115
121
113
93
126
113
102
111
98
88
101
104
79
97
104
97
111
107
96
95
89
93
115
121
121
109
102
105
100
94
124
101
106
104
92
106
118
100
105
80
101
93
100
98
107
124
89
114
104
109
118
120
107
83
109
93
97
97
124
98
114
108
81
94
95
99
103
97
97
87
101
104
110
106
107
101
94
83
108
87
94
105
96
115
98
92
105
85
98
93
92
114
91
98
92
72
107
97
97
95
100
86
103
99
87
101
95
99
113
94
109
82
90
101
88
90
86
87
83
92
71
76
88
92
92
90
91
119
114
96
90
97
99
95
96
90
90
110
77
90
90
101
83
82
90
101
100
111
99
84
90
97
103
100
102
74
86
93
95
89
86
107
100
86
73
77
83
85
75
73
97
107
75
98
110
99
103
97
103
101
90
82
86
94
95
110
113
110
119
123
144
125
201
390
727
1391
2526
4023
5860
7568
9063
10153
9466
7734
5428
3047
1464
581
199
75
43
33
31
25
34
28
40
39
26
23
31
20
24
33
31
29
22
20
32
14
31
31
31
29
33
29
31
25
26
25
21
20
25
28
25
24
33
34
23
31
26
27
26
22
25
26
24
29
32
25
21
26
14
26
29
25
20
23
20
22
18
28
19
26
22
16
26
22
19
18
28
24
22
20
20
22
23
31
32
23
22
20
26
19
31
20
24
23
13
32
27
28
25
24
18
31
25
24
27
17
31
23
24
28
29
28
29
18
23
19
18
21
29
17
25
25
28
21
28
24
20
24
32
26
23
15
23
29
20
36
23
26
16
23
27
33
23
23
28
32
28
22
26
24
24
31
20
25
19
29
23
28
26
31
31
26
24
22
23
19
24
23
26
15
25
23
20
26
20
28
24
21
18
21
24
22
27
29
21
26
21
21
21
29
20
22
21
18
30
22
20
26
22
21
25
16
19
28
25
29
22
28
36
19
22
23
23
24
23
20
20
14
18
28
33
19
17
22
24
22
24
18
19
28
26
27
21
24
29
36
12
16
27
16
26
21
25
26
17
31
22
15
26
33
18
33
20
24
25
42
25
21
25
24
23
31
29
17
21
28
17
20
34
25
20
26
28
29
27
15
27
37
24
25
38
30
27
28
20
27
34
25
24
23
20
28
24
25
14
26
17
20
21
20
21
22
24
25
23
19
22
29
30
25
22
26
26
25
26
25
22
21
15
20
25
18
17
22
18
24
22
25
18
28
17
17
24
22
24
18
21
19
22
22
22
11
20
21
30
23
34
21
20
20
14
28
23
19
22
25
25
25
24
20
16
15
29
26
19
22
13
25
21
26
21
24
20
30
20
35
30
38
42
53
47
46
40
35
22
24
25
27
16
18
21
18
17
24
30
19
12
22
26
22
27
20
23
19
20
21
15
19
24
19
29
19
21
22
13
29
19
18
16
27
20
26
19
11
24
28
21
29
20
19
14
27
22
23
22
15
20
23
20
24
18
16
19
19
32
28
19
19
21
20
22
21
18
25
24
22
16
22
21
23
21
23
24
16
20
25
22
18
15
24
21
23
16
24
19
12
27
17
24
22
19
29
16
21
27
27
35
35
25
29
17
23
21
30
21
28
21
21
20
24
22
21
24
22
21
14
20
29
24
19
24
29
11
19
22
13
21
18
28
18
29
18
26
22
21
21
19
18
14
17
27
28
18
29
21
20
34
25
22
22
30
29
23
19
22
20
25
25
21
17
23
15
14
26
19
19
28
24
21
27
20
21
20
17
25
23
22
18
21
24
20
17
21
15
20
17
11
25
18
15
29
22
23
17
24
13
19
36
29
19
26
21
20
16
16
17
26
29
16
14
21
21
25
21
13
9
17
15
21
26
24
25
28
22
22
24
23
25
12
16
20
20
20
21
20
14
14
15
23
20
21
29
18
15
31
19
19
25
18
18
20
28
18
31
19
20
21
22
20
20
20
24
19
23
10
21
19
13
26
29
22
19
28
18
16
12
14
19
26
19
10
24
23
20
23
14
15
19
16
16
13
17
16
16
19
19
24
16
18
19
14
18
17
24
12
25
21
25
32
22
19
21
22
35
11
27
16
19
18
28
16
28
27
32
36
24
29
32
45
28
24
28
22
24
18
15
17
18
18
27
25
19
29
19
25
16
16
18
26
24
19
14
21
26
24
21
24
19
18
23
19
20
17
12
21
15
25
20
14
15
13
14
24
22
22
16
20
23
23
16
13
15
16
13
16
23
19
20
17
21
20
18
28
25
19
26
22
23
25
22
25
21
23
15
18
10
19
22
11
17
14
13
10
24
20
12
12
13
18
22
14
20
17
12
9
19
16
23
10
17
18
22
22
21
22
15
16
19
16
24
15
18
21
18
15
26
19
21
15
18
15
18
13
14
25
25
18
19
16
24
31
11
18
21
14
28
25
13
16
18
21
17
19
21
19
18
19
17
13
15
19
23
10
16
22
17
20
15
16
18
21
10
13
13
18
22
20
25
14
16
27
25
25
30
19
25
7
25
17
17
19
15
25
27
18
33
23
18
23
20
28
21
19
24
13
23
20
23
14
18
13
21
15
21
18
26
20
30
22
17
15
21
11
8
19
14
11
20
19
19
18
19
23
20
16
28
27
35
19
24
30
17
17
22
11
14
18
21
20
15
20
23
19
20
19
18
14
19
14
16
17
18
21
20
17
19
11
18
19
21
12
23
13
15
13
14
11
16
15
11
22
12
15
17
21
24
22
20
23
22
20
21
20
25
24
23
17
19
27
19
23
18
14
12
12
23
22
17
14
15
16
21
14
17
11
15
18
14
24
11
12
19
12
13
14
17
17
19
16
13
18
21
9
17
15
19
19
13
25
19
22
15
17
14
20
15
27
24
15
24
18
15
18
23
15
13
14
19
12
12
22
28
23
12
15
10
14
23
22
18
15
14
18
16
18
20
24
16
22
13
14
25
18
21
17
18
20
14
15
17
20
7
21
18
24
20
16
9
15
23
15
14
21
14
15
17
24
17
12
18
13
15
18
18
17
15
19
22
15
11
20
14
15
20
21
14
18
18
17
19
22
16
16
17
14
24
18
17
16
18
16
8
20
17
18
21
21
11
14
14
16
16
14
26
15
22
12
23
18
16
21
13
17
16
16
20
20
13
13
14
16
21
14
17
15
20
18
19
16
14
10
11
21
12
12
8
15
26
14
18
20
16
16
11
19
22
14
26
16
21
16
17
18
16
18
15
11
29
21
16
20
13
11
21
13
14
17
17
14
20
12
21
13
20
17
15
23
18
20
18
18
13
12
15
18
14
17
18
22
13
16
19
21
17
16
13
16
18
20
10
19
9
15
19
9
22
17
16
16
15
20
26
15
17
15
24
25
21
18
24
18
20
20
15
15
14
19
14
20
15
12
18
22
15
12
18
17
18
16
15
22
19
11
19
18
23
14
18
17
22
14
11
14
18
16
14
18
14
20
26
16
20
12
20
13
17
19
9
11
21
18
19
17
24
23
14
16
18
23
18
20
15
11
12
14
21
16
15
15
15
13
21
18
8
20
18
11
14
17
18
20
22
25
15
18
17
17
21
16
19
24
20
13
13
17
13
10
23
15
19
9
21
9
12
20
11
22
20
18
16
6
19
18
14
18
16
15
20
18
8
8
12
11
8
16
22
21
11
16
19
17
15
14
10
11
10
11
8
9
16
15
17
10
25
25
16
17
12
19
10
12
15
9
11
12
14
13
11
16
11
21
6
18
14
13
15
16
23
10
15
16
18
16
21
21
22
17
25
14
18
13
13
16
13
13
9
18
19
18
17
11
16
15
20
10
10
13
18
15
12
12
16
9
15
18
13
10
12
16
15
16
9
13
14
15
15
12
17
10
15
7
15
11
10
11
13
9
6
12
7
14
10
11
19
15
22
16
7
16
18
7
13
9
19
13
12
14
13
12
13
12
17
11
16
13
14
15
21
16
14
24
17
11
16
14
17
22
26
17
18
20
25
24
17
30
12
13
15
19
15
17
21
11
16
19
17
16
20
10
7
11
14
18
16
18
15
19
11
17
13
12
13
15
17
19
18
13
16
20
22
11
12
16
11
12
19
19
18
19
12
14
14
8
15
15
9
19
12
8
17
14
9
17
16
14
19
13
11
16
15
16
13
15
19
15
15
18
16
15
23
16
17
21
23
16
19
21
18
18
19
19
24
20
15
15
11
19
6
12
7
12
17
15
13
20
4
11
20
18
17
11
13
10
14
16
14
11
12
15
14
16
18
8
15
13
16
12
13
9
14
12
9
16
21
16
13
7
12
14
14
15
9
12
10
19
15
12
17
8
14
13
14
17
12
10
13
21
15
12
12
8
16
19
14
12
8
13
13
18
22
11
12
11
24
19
16
13
16
10
10
6
8
12
16
12
16
16
13
12
12
12
14
12
10
11
11
15
15
19
16
12
11
13
25
16
19
17
16
14
9
9
14
9
13
12
12
12
16
20
17
17
9
15
6
6
8
14
10
14
7
15
13
16
7
18
15
8
18
16
22
13
19
8
13
14
17
17
13
14
11
12
10
15
22
17
12
11
15
15
20
18
13
22
12
12
13
13
16
14
11
12
11
11
17
24
9
14
15
18
10
10
16
10
9
17
8
12
17
15
7
23
19
16
15
19
17
9
10
17
17
9
13
23
17
14
12
21
13
13
12
18
12
9
10
19
14
14
13
13
14
6
13
11
13
15
9
14
9
10
10
14
12
16
12
15
18
13
16
15
17
18
13
15
12
15
20
8
8
10
17
14
15
13
14
11
13
14
14
14
10
22
6
11
9
13
21
6
12
14
14
14
10
6
16
11
8
10
12
12
9
18
13
12
14
13
9
8
14
14
13
16
11
17
7
17
14
13
9
11
10
12
4
24
11
11
13
6
13
15
20
9
7
10
14
7
17
5
8
10
13
9
13
11
13
7
16
15
17
15
5
12
8
14
9
20
14
14
9
16
9
11
10
13
13
10
7
18
15
13
20
12
14
17
13
16
10
10
12
14
6
13
12
11
13
9
20
10
10
14
11
12
15
10
14
14
17
13
12
13
10
16
9
10
13
12
8
11
9
11
13
15
19
15
9
13
14
11
11
4
14
13
13
7
8
11
23
24
14
12
7
10
20
17
17
6
13
7
12
10
11
13
8
15
8
9
12
16
13
15
29
20
18
18
19
11
17
16
17
18
8
12
17
12
12
14
9
13
16
10
12
17
9
7
11
16
10
10
9
17
11
13
14
6
13
12
16
10
17
16
9
12
14
9
7
7
16
10
9
10
7
11
14
19
18
19
12
9
9
7
11
8
9
10
10
16
12
16
13
12
22
14
15
12
18
14
26
15
15
13
5
20
12
14
10
10
10
13
9
14
10
14
20
11
9
8
6
5
15
14
14
14
13
8
19
14
6
9
7
14
9
7
12
9
14
10
14
19
13
14
12
15
8
10
7
7
12
14
7
9
10
9
17
10
14
10
7
7
15
12
7
10
9
13
17
14
11
12
14
13
8
12
17
8
6
13
8
7
12
11
26
9
14
8
9
19
12
10
13
10
10
12
12
9
7
14
13
12
13
17
10
13
8
9
8
7
16
8
9
7
14
11
15
9
11
11
14
11
14
11
5
11
9
9
12
17
7
7
17
8
14
10
10
10
14
16
8
12
10
11
7
9
5
11
11
10
10
10
10
11
9
13
11
4
11
9
13
9
11
11
13
17
16
15
10
14
14
13
15
8
9
10
9
10
11
17
12
11
9
14
11
11
13
14
12
10
7
13
7
8
12
5
10
9
13
7
10
22
16
8
9
8
11
13
14
9
10
11
9
12
13
13
11
7
10
10
11
7
7
17
12
4
8
18
14
10
10
11
9
9
23
18
21
16
19
32
18
25
20
20
16
22
18
24
24
12
16
22
24
19
19
20
13
19
12
8
12
10
17
7
12
11
12
10
14
13
12
14
14
9
13
14
12
14
16
6
12
13
9
12
11
13
9
15
9
7
11
8
9
17
14
12
7
7
7
14
7
8
12
5
5
8
12
15
13
14
6
11
11
18
10
9
11
11
11
16
13
9
8
7
11
6
7
9
15
7
14
7
13
11
8
13
9
13
7
10
9
13
11
8
9
11
9
12
13
8
5
7
8
14
12
13
7
12
15
8
11
19
10
14
9
12
4
11
9
12
16
14
13
13
10
12
13
13
13
7
10
6
10
5
9
11
9
8
11
10
8
12
3
12
11
10
6
13
7
10
11
8
9
3
15
13
11
7
8
13
9
9
21
13
11
13
20
10
12
11
12
6
10
12
10
9
9
7
11
10
14
12
11
12
16
6
14
12
7
8
19
16
11
9
11
7
11
11
10
7
5
11
4
9
6
16
10
11
10
14
8
10
5
9
11
9
10
3
11
13
3
13
10
5
13
10
11
5
11
12
9
14
7
16
5
18
4
10
8
9
10
14
16
7
13
10
6
9
18
8
11
14
11
11
8
13
12
13
11
11
14
7
9
4
11
9
8
10
14
8
12
7
14
11
9
11
9
6
12
11
13
13
12
8
12
12
6
11
10
11
9
9
11
10
5
12
7
4
13
12
9
7
10
8
10
14
3
12
8
16
11
11
7
8
10
7
5
11
12
6
12
13
13
8
10
14
9
9
10
5
13
10
3
11
7
6
10
6
16
8
7
11
4
15
12
6
4
13
9
4
13
9
16
10
8
11
10
6
12
8
3
10
10
7
13
13
5
9
8
5
5
4
12
10
15
10
16
15
11
7
12
12
8
9
9
13
16
11
12
15
9
15
10
13
13
13
7
9
19
11
13
15
13
10
7
6
12
12
9
9
9
9
7
7
12
3
6
10
16
6
9
8
11
5
8
7
11
6
6
5
12
11
11
9
11
9
8
2
9
12
9
7
9
12
9
11
8
6
11
9
9
8
9
9
12
17
10
8
4
10
2
14
4
8
14
10
11
7
9
9
10
9
13
16
12
11
16
11
7
12
9
11
8
12
9
11
9
11
9
8
13
11
13
8
4
15
7
12
10
8
6
11
7
10
13
8
4
15
7
13
11
16
6
18
20
20
11
13
10
11
12
10
13
12
5
14
11
16
10
12
14
6
11
5
8
10
9
12
7
7
5
6
9
6
10
14
14
12
12
14
7
7
5
6
16
10
10
13
9
7
11
12
14
9
13
5
11
7
9
7
8
12
6
12
16
7
10
7
9
9
5
12
10
7
9
9
11
9
5
9
7
4
12
8
2
12
10
10
19
6
7
6
6
10
13
9
14
13
9
11
8
8
7
7
16
9
9
12
11
7
13
7
5
3
7
18
8
10
10
8
5
9
16
11
14
10
6
14
10
6
10
4
11
11
16
12
5
11
11
8
6
9
8
8
10
12
6
10
11
9
12
12
10
9
11
9
10
12
10
11
8
12
10
8
9
11
7
5
10
14
10
5
11
9
4
5
9
11
10
11
8
7
13
9
11
7
9
12
9
6
7
7
10
12
8
9
5
13
10
13
10
11
4
13
10
10
11
10
9
10
10
7
11
9
11
11
10
6
9
12
12
9
9
13
10
13
11
10
10
7
7
13
12
9
8
8
4
10
9
10
11
10
7
6
7
7
11
7
6
7
15
10
12
5
7
6
11
6
14
9
6
11
9
6
11
5
11
4
7
13
7
7
11
5
11
13
10
15
6
6
9
8
3
13
8
9
5
15
9
16
3
8
11
6
16
7
11
5
8
10
8
12
7
8
7
10
8
10
7
12
7
9
10
9
8
1
7
18
11
8
13
7
6
8
12
11
8
11
16
12
4
7
8
4
6
9
9
12
8
9
11
5
9
7
9
6
13
12
9
9
7
8
4
11
7
10
2
10
10
14
8
11
9
16
14
7
8
5
11
10
7
11
10
11
11
13
12
11
13
12
8
9
9
7
9
8
8
7
10
9
10
8
9
13
7
18
11
3
15
11
6
11
10
10
11
12
9
9
7
15
15
15
20
9
11
11
14
11
15
7
15
11
9
6
12
11
8
6
6
9
7
11
3
7
10
6
9
12
8
10
7
5
10
11
6
7
6
12
7
10
10
13
8
5
6
6
9
10
7
10
15
12
13
15
17
10
16
9
14
7
9
8
7
9
7
14
11
8
15
9
10
10
11
8
13
11
8
6
11
12
7
2
9
16
11
15
10
10
5
9
10
15
9
10
12
12
10
13
12
13
10
9
9
11
5
12
14
8
14
8
6
10
7
3
8
4
9
12
9
9
8
11
8
4
9
7
10
6
11
6
10
5
8
9
13
9
6
9
7
5
6
9
6
6
9
8
4
8
9
4
16
6
11
12
7
7
9
8
5
9
8
12
7
8
6
5
8
10
13
8
11
6
9
9
6
8
5
10
10
10
16
8
16
6
11
10
10
4
8
5
8
9
7
9
12
23
15
10
14
12
10
10
10
10
12
10
17
4
9
5
6
13
4
10
5
2
13
10
9
7
10
11
10
6
5
6
8
6
7
6
6
7
3
6
9
9
8
5
5
12
6
10
6
9
11
9
3
3
12
11
7
10
8
13
6
7
6
9
11
8
7
7
10
10
10
9
7
14
11
13
6
7
14
12
9
10
6
11
12
8
8
12
8
10
7
10
5
9
8
13
4
8
6
4
7
6
6
8
9
10
7
4
10
11
11
15
19
10
8
14
13
3
19
17
14
13
14
13
23
11
10
11
12
11
16
9
9
16
5
10
6
8
9
3
7
9
8
8
6
7
5
10
6
4
5
10
13
11
15
10
7
10
5
13
6
8
9
11
6
9
9
9
7
5
11
11
7
9
7
7
5
6
13
12
11
7
6
10
6
13
11
8
11
7
10
6
10
4
12
6
7
4
9
6
8
5
7
11
5
10
10
6
10
6
6
12
9
5
9
5
8
10
7
7
5
6
4
8
9
7
8
10
5
8
10
11
9
12
6
12
6
20
11
15
14
14
23
15
22
32
35
21
15
10
15
14
14
7
11
9
11
13
8
12
6
8
6
9
5
8
9
7
12
10
9
15
9
7
12
5
9
2
8
8
7
10
8
5
9
12
10
8
15
4
10
9
8
9
6
9
8
10
9
9
11
16
5
8
2
7
9
10
13
12
6
8
4
11
13
6
11
8
11
8
12
5
11
13
7
8
8
9
10
10
9
12
6
10
9
6
6
5
6
15
8
7
8
10
13
15
7
5
4
14
3
10
9
12
11
7
5
11
7
8
11
9
7
7
1
10
12
7
4
4
6
7
9
13
7
6
6
8
5
7
4
11
8
12
14
7
6
9
10
5
7
10
8
14
11
9
9
2
5
5
7
14
11
4
13
4
5
5
9
2
9
9
5
7
10
12
7
6
6
7
15
11
14
6
8
8
7
4
4
5
8
6
7
6
3
12
2
7
8
13
10
11
9
9
10
2
9
13
10
3
13
2
13
12
7
9
6
8
6
6
7
8
10
8
8
6
6
12
7
7
7
8
7
8
8
5
7
4
9
7
9
10
11
6
6
7
7
7
7
12
7
5
4
5
8
7
7
7
9
5
9
10
5
6
8
7
6
6
9
4
6
9
9
10
9
13
10
9
5
8
10
12
7
3
5
4
6
7
8
3
16
6
11
6
9
4
9
2
11
10
12
12
4
6
6
7
12
5
9
8
7
8
8
6
6
9
7
11
6
9
7
10
8
5
1
4
7
9
7
12
10
4
11
8
7
5
4
8
18
9
8
10
10
6
7
3
8
6
4
5
4
9
8
5
2
7
3
9
13
7
9
5
14
4
5
6
8
13
14
15
9
14
12
9
4
8
7
7
8
12
10
13
10
8
7
8
10
8
11
15
8
4
11
9
13
12
10
8
7
12
6
9
6
7
7
13
13
14
7
9
11
14
16
20
13
19
13
14
13
14
12
12
15
14
4
9
8
5
10
17
4
7
8
6
3
5
6
6
10
8
5
6
8
4
2
11
7
7
8
13
7
10
9
13
12
9
17
11
15
14
8
13
11
16
17
10
14
5
9
4
9
7
4
5
2
6
6
7
6
5
4
5
3
10
6
5
3
4
6
9
2
9
5
7
10
8
10
10
9
3
14
12
10
7
9
14
7
14
8
7
8
14
3
9
7
8
4
8
7
7
10
6
2
7
7
5
4
5
1
8
7
6
7
14
8
6
8
7
11
4
7
5
3
7
8
9
6
9
9
8
9
10
8
5
6
8
3
11
3
4
4
9
13
3
6
6
6
7
2
9
5
8
8
5
7
6
12
11
4
4
5
5
5
8
3
8
12
11
7
7
5
9
7
8
7
10
7
9
5
8
6
7
8
6
4
8
9
6
5
3
4
9
6
10
8
7
6
8
8
10
6
6
13
7
7
3
4
4
11
8
6
4
4
3
7
6
7
7
6
10
6
2
4
4
10
8
11
8
10
7
10
7
3
9
4
5
5
7
10
11
8
3
5
10
7
10
7
11
9
12
6
11
4
8
3
4
6
6
5
11
10
12
4
3
8
6
11
5
9
3
4
7
10
5
3
6
7
6
5
5
5
9
8
8
9
5
6
8
4
11
10
15
9
10
10
13
14
7
10
15
10
13
25
19
20
19
21
24
13
11
11
11
8
8
4
7
3
7
3
9
2
3
5
5
7
9
9
9
2
3
3
5
4
7
6
5
6
5
8
3
7
6
6
8
5
4
3
7
4
6
6
8
6
7
6
9
7
6
10
8
7
5
6
10
6
7
7
5
2
0
7
5
7
3
6
5
5
9
1
5
5
3
8
6
4
4
9
3
6
5
10
6
5
4
11
8
14
3
6
5
5
9
8
6
6
6
4
4
6
9
7
10
10
8
1
6
8
7
7
6
1
9
9
18
9
13
6
10
13
10
4
15
7
13
6
6
10
12
8
5
5
7
9
8
10
8
4
7
6
6
10
8
6
3
9
12
8
3
7
5
6
4
10
7
5
7
7
9
6
4
12
3
5
5
6
7
12
11
7
10
6
8
7
6
6
8
5
5
3
2
8
4
5
4
7
6
9
10
8
5
7
5
3
5
5
11
9
7
4
3
9
6
6
6
5
11
6
7
8
7
5
3
8
9
8
6
3
3
5
8
1
11
10
10
7
2
8
9
5
9
2
3
7
5
7
5
7
7
1
6
1
2
7
3
3
3
14
5
7
3
7
10
4
6
8
8
13
6
5
9
7
4
4
6
8
7
5
3
3
10
6
8
6
5
3
5
5
4
9
3
7
7
4
8
2
8
5
8
3
3
4
2
2
6
7
2
3
6
2
5
5
4
6
4
4
5
6
5
5
9
6
9
6
6
6
3
6
2
7
5
7
2
5
4
4
7
4
3
14
8
6
8
9
6
7
8
10
10
8
5
9
1
5
7
8
2
7
7
5
5
7
4
4
7
12
5
3
7
4
8
5
9
6
1
9
5
3
1
4
4
4
8
2
3
4
6
4
4
8
4
4
4
3
3
4
2
4
2
3
2
2
2
3
5
7
7
9
4
2
3
6
3
8
4
6
5
7
4
4
5
4
6
7
7
10
5
3
6
5
11
5
10
4
7
6
10
4
6
3
4
4
2
8
6
6
10
3
8
4
8
3
6
8
6
5
8
6
4
3
5
8
11
10
6
3
6
7
8
9
5
8
3
6
4
8
8
5
2
3
6
6
8
2
4
2
3
5
8
2
6
3
5
4
6
4
6
4
5
7
9
3
7
5
4
4
7
4
6
5
6
6
0
4
3
3
7
4
6
4
2
11
3
7
7
3
5
10
10
6
7
9
13
10
17
11
11
8
12
21
21
14
11
13
13
4
8
9
4
8
4
5
3
2
6
6
7
6
4
2
8
4
6
3
7
3
3
4
2
6
1
6
4
10
6
4
6
4
13
11
12
6
13
6
16
9
15
5
12
16
14
7
9
8
12
8
6
7
8
4
8
2
9
4
5
2
6
3
8
8
6
9
7
8
5
6
5
6
4
4
3
5
5
5
2
2
7
5
4
3
7
9
3
6
1
2
4
7
5
4
6
4
4
5
5
6
1
2
1
2
2
6
2
11
3
3
6
9
3
3
5
5
3
4
4
2
2
9
4
6
5
4
2
7
2
5
1
4
1
4
4
2
5
4
6
1
1
7
5
3
3
3
4
4
2
3
5
3
6
3
4
8
6
1
3
4
2
6
1
5
5
6
4
5
8
7
2
3
4
2
2
4
3
1
1
3
5
5
9
3
3
8
1
6
4
3
2
6
4
6
4
4
2
2
4
2
3
6
4
5
4
4
2
3
5
5
5
4
1
2
4
4
3
4
3
3
7
8
4
4
3
4
7
4
2
8
4
2
3
1
3
9
5
7
4
1
9
9
5
2
7
6
7
4
2
6
7
6
5
7
6
5
8
2
7
5
7
6
7
9
6
6
8
2
6
2
3
1
2
8
2
5
3
5
1
4
5
1
2
3
7
2
2
5
3
3
2
4
5
2
1
4
4
2
2
0
5
8
5
3
1
5
3
1
3
5
6
7
4
1
3
6
11
4
5
3
4
1
2
2
2
2
5
6
2
3
3
1
3
1
3
4
8
5
1
4
4
1
4
3
4
2
4
4
4
3
4
3
5
2
2
4
1
4
6
2
3
1
5
3
5
0
5
5
2
9
9
5
1
2
1
4
3
1
6
3
4
1
5
6
2
1
4
3
1
4
5
3
1
1
6
1
2
2
4
4
9
5
5
5
3
7
3
2
3
8
6
5
3
5
1
5
9
8
8
7
15
3
8
7
14
8
7
13
13
9
9
14
7
11
4
4
3
5
3
4
5
2
2
5
3
8
3
5
4
7
2
3
5
3
5
2
5
5
4
5
5
5
4
4
0
5
4
7
3
12
6
5
10
5
2
7
9
7
4
4
3
3
6
1
3
6
1
1
2
1
3
4
3
1
3
6
2
2
3
3
2
3
8
4
5
4
5
2
5
2
2
8
5
4
3
1
2
2
1
4
4
6
2
4
3
3
4
3
7
5
2
1
7
8
2
9
2
4
5
4
8
4
7
1
1
0
1
1
3
2
1
0
3
2
4
3
4
4
0
5
3
0
1
3
2
3
6
1
1
2
3
6
1
5
5
4
3
1
0
7
6
0
1
5
2
3
4
3
1
0
1
5
2
4
4
1
3
3
1
1
5
3
1
5
2
3
5
4
3
3
2
2
2
2
0
3
2
5
3
5
4
0
2
0
1
2
4
4
2
0
2
3
4
4
3
3
1
3
2
3
3
1
2
1
2
2
4
5
1
7
3
3
1
3
2
2
3
1
2
3
2
2
1
5
3
1
3
4
3
3
2
6
3
5
2
4
3
5
2
4
3
2
2
1
1
4
5
2
3
3
2
2
1
4
3
4
5
6
0
1
3
1
0
3
4
3
3
4
4
4
4
4
4
2
6
5
3
0
1
2
1
3
1
3
1
2
2
4
4
6
4
3
1
2
4
7
4
4
3
3
2
5
6
0
6
3
4
4
3
1
6
1
1
4
5
2
4
2
3
4
2
2
1
2
3
4
3
6
1
4
4
2
5
4
2
3
1
2
3
4
6
4
3
1
3
1
3
1
1
5
4
2
4
3
1
1
0
5
5
3
5
2
4
0
1
4
1
3
0
2
1
4
2
3
1
0
6
0
2
5
3
1
8
1
1
2
3
1
2
4
2
3
1
2
5
1
4
3
2
2
4
5
3
2
8
4
8
3
1
3
5
3
5
2
6
3
5
2
3
0
2
7
3
3
4
2
3
4
2
5
4
7
6
3
3
4
5
4
5
5
8
7
6
7
4
10
8
4
8
5
2
7
10
8
3
5
3
11
4
4
5
4
7
4
4
7
10
6
2
3
6
9
4
5
5
4
4
4
5
2
2
1
6
3
2
2
0
1
4
3
3
3
3
1
3
2
2
3
0
2
0
0
1
4
5
4
0
2
0
3
1
0
2
5
0
4
3
0
2
0
3
1
1
4
0
4
0
3
6
3
1
3
1
3
0
6
4
3
3
1
3
2
1
2
2
2
3
0
3
1
4
2
3
0
3
2
2
5
3
0
3
5
1
3
6
2
2
1
2
3
3
1
4
7
2
3
2
0
2
1
0
1
3
5
1
4
1
1
2
1
3
1
6
2
3
4
1
6
0
1
1
3
1
3
2
2
4
3
7
1
3
2
5
1
0
1
3
3
4
4
1
1
2
2
3
4
3
3
0
2
2
1
1
4
3
1
4
6
1
4
3
3
1
1
3
0
2
0
1
1
2
5
4
5
1
2
3
4
1
1
0
3
3
4
4
1
4
5
1
3
2
2
0
2
2
4
3
2
0
2
2
2
3
1
3
2
2
5
2
1
0
0
1
3
4
0
0
1
2
1
2
1
5
1
1
2
1
5
1
3
2
4
3
2
3
2
4
2
1
0
1
0
2
2
2
1
3
1
2
0
2
2
0
3
2
7
3
2
2
1
1
1
0
4
1
4
1
3
1
1
3
2
4
3
0
1
1
2
3
2
3
1
2
3
0
0
4
1
4
4
1
2
3
1
0
2
3
0
2
5
4
0
3
6
2
3
5
2
2
3
3
5
0
0
1
1
1
5
4
2
6
3
0
2
0
4
0
3
2
1
1
1
4
0
1
1
0
2
1
0
2
2
0
4
1
4
1
2
3
2
1
1
3
2
2
5
1
3
2
2
1
1
2
3
1
1
0
2
1
4
0
1
3
2
4
3
2
3
2
1
4
5
2
2
2
2
2
1
3
1
1
0
1
5
2
2
1
2
0
0
2
3
4
3
3
3
2
3
2
2
0
2
3
1
6
5
2
1
4
3
0
3
2
2
3
1
2
1
4
3
1
2
3
1
5
1
2
2
0
2
2
5
4
1
0
3
2
1
1
2
1
4
6
3
3
3
4
3
0
5
3
1
0
5
4
4
5
1
2
2
2
2
1
2
1
1
1
4
2
0
4
1
0
1
1
2
1
4
2
1
0
2
3
1
1
4
1
1
4
2
2
4
2
0
3
2
0
1
0
1
2
1
1
1
2
3
1
5
1
1
1
0
1
1
0
1
1
1
3
0
2
2
0
1
2
2
1
0
0
1
1
2
1
2
2
0
2
2
0
3
0
0
3
3
1
1
1
1
2
1
1
1
1
0
1
4
0
2
0
2
3
1
0
1
2
1
0
4
2
2
3
2
2
2
4
4
1
3
2
3
0
4
2
3
0
0
0
1
4
3
2
1
4
2
1
0
2
1
3
6
3
1
1
0
1
2
0
2
1
1
3
0
1
1
0
2
4
1
1
1
5
2
1
1
4
5
3
0
4
1
2
0
6
1
1
4
2
4
2
1
1
4
2
2
1
2
5
0
2
1
3
2
0
3
2
1
2
4
3
1
2
2
0
2
4
1
1
2
2
4
3
0
1
0
2
4
0
2
2
3
2
4
1
2
1
1
3
1
1
0
0
4
1
2
5
0
3
1
1
1
0
1
1
2
0
2
2
0
1
3
1
4
3
1
3
2
1
2
4
5
0
1
3
1
5
3
0
1
1
1
2
1
1
1
4
0
2
0
1
2
1
2
1
3
0
0
1
3
1
2
3
2
3
1
0
2
3
1
4
2
1
4
2
3
1
0
1
0
3
1
2
2
6
4
2
2
1
2
3
2
0
1
1
3
4
4
5
4
3
7
3
4
3
4
5
6
7
9
7
7
5
10
2
5
4
5
3
5
1
2
3
0
0
2
1
0
2
0
2
4
3
2
0
2
2
3
3
1
1
1
1
0
2
1
1
0
1
2
3
2
3
0
0
0
1
2
3
2
1
2
2
4
5
2
0
2
3
0
1
3
0
2
1
3
3
4
3
0
1
0
1
0
0
1
2
2
2
2
2
2
2
2
3
1
2
0
1
1
2
4
3
1
0
2
3
0
1
1
2
4
1
2
1
0
0
0
0
1
0
1
1
0
2
2
0
1
3
3
2
1
2
1
2
2
1
0
0
0
3
1
1
0
2
1
1
1
1
1
1
0
0
0
0
0
1
2
1
1
2
1
2
0
2
0
2
3
2
0
4
1
3
0
3
0
1
5
1
2
2
1
1
4
1
2
0
0
1
2
1
3
1
2
0
0
1
2
0
0
1
0
2
1
0
4
2
3
0
1
3
5
1
0
0
1
1
1
1
0
3
0
1
3
1
1
1
0
0
1
0
0
1
5
3
2
0
0
1
1
3
0
1
0
2
0
3
1
1
3
2
2
0
1
2
0
1
2
1
3
1
1
0
1
2
0
2
0
1
2
1
2
1
0
1
2
1
4
1
1
1
1
0
3
6
1
2
1
2
2
2
2
0
1
0
2
1
2
2
2
3
0
3
2
1
3
2
3
1
2
1
0
2
2
1
1
3
1
0
2
1
1
0
3
2
0
2
1
3
2
1
2
1
2
1
1
0
3
1
5
2
1
1
0
0
4
0
2
1
2
0
0
3
1
1
1
2
1
0
0
1
5
0
1
0
3
2
1
0
3
0
0
0
1
1
2
1
3
0
0
1
4
1
1
1
3
0
0
2
1
2
2
1
0
2
1
1
1
1
1
1
1
1
2
1
0
1
1
2
4
2
1
1
2
1
2
2
0
1
2
1
1
2
1
1
1
0
0
0
1
1
1
1
3
1
1
2
1
0
2
3
2
0
2
1
3
0
3
2
2
3
1
3
3
0
1
1
2
1
3
1
3
2
2
1
1
1
2
3
2
4
2
1
1
1
4
5
1
3
2
3
3
2
3
1
2
3
3
1
0
0
5
0
0
3
0
0
2
2
1
1
0
2
2
0
2
2
2
4
1
2
2
0
1
1
0
1
0
0
2
0
1
2
3
2
1
1
2
3
2
0
0
0
1
2
4
0
0
0
2
0
1
4
1
2
1
3
2
1
1
3
0
1
1
1
3
1
0
1
1
3
2
1
3
3
1
0
1
1
3
0
1
5
0
0
1
1
2
1
1
2
0
1
1
2
0
2
1
1
2
1
1
0
1
0
2
3
0
1
1
4
1
0
2
0
1
2
3
1
1
1
4
1
0
1
1
0
0
1
1
2
0
3
0
3
0
0
3
5
0
0
1
2
0
1
5
0
1
1
0
1
3
1
1
1
1
1
1
1
1
2
4
1
2
1
2
3
3
4
1
1
1
1
0
0
1
2
2
2
2
3
1
1
0
0
0
2
0
0
2
1
0
0
1
1
2
3
0
1
2
1
2
1
2
0
1
1
0
4
0
1
0
0
4
2
2
1
2
1
2
1
0
2
2
3
0
1
0
3
3
0
2
2
3
2
1
1
3
1
0
2
4
4
2
5
2
1
1
4
0
6
0
2
3
2
0
1
1
4
2
6
2
4
3
1
2
2
3
2
3
1
4
0
1
2
4
4
1
3
2
2
3
1
4
1
1
1
2
1
1
2
6
1
2
3
1
2
0
1
1
0
1
1
3
0
2
1
1
1
0
4
2
1
3
2
1
1
5
3
1
2
1
2
0
0
2
5
1
0
2
2
2
1
2
1
0
0
1
2
2
0
0
3
4
2
1
3
1
4
1
2
3
0
2
0
2
2
1
2
2
2
2
0
0
1
1
2
0
0
3
2
2
0
2
0
0
0
1
0
1
1
0
1
2
2
1
1
2
1
1
1
2
2
0
0
0
3
2
0
0
4
1
2
1
2
0
1
1
2
2
4
1
0
1
1
1
2
1
2
0
3
1
1
0
1
1
0
1
1
3
3
1
1
1
1
3
2
1
2
0
0
2
3
1
0
1
0
3
2
1
0
0
3
1
2
1
2
1
1
1
0
2
1
0
2
2
1
0
0
1
1
2
0
2
0
2
2
0
0
1
1
4
1
3
2
0
1
1
0
0
0
0
2
0
3
1
2
3
1
0
0
1
1
0
0
2
0
0
1
1
5
2
0
0
0
0
1
1
3
0
2
1
3
0
1
1
1
1
5
2
1
2
2
1
0
0
1
0
0
2
3
2
3
6
0
0
3
1
1
1
1
2
0
0
1
1
1
2
0
1
4
1
0
2
1
2
0
1
0
1
2
1
1
0
4
1
1
3
0
2
2
2
1
0
0
3
3
0
1
1
1
1
0
2
0
3
0
2
0
1
1
3
1
1
0
2
1
1
0
0
0
1
0
3
2
0
3
1
1
0
0
1
1
1
0
2
1
3
2
0
3
1
2
1
1
1
0
0
2
1
0
1
0
0
0
1
1
1
1
0
2
1
1
0
1
1
2
1
3
2
2
3
0
1
0
0
2
1
1
1
2
1
1
2
0
1
3
0
0
3
2
3
1
1
1
1
0
0
0
0
2
4
1
1
1
1
2
2
2
2
2
2
0
1
1
0
0
2
1
3
2
0
1
1
0
1
2
1
0
0
0
0
0
0
3
0
2
1
1
0
1
0
0
3
0
0
2
0
1
1
2
2
3
2
3
1
2
1
0
2
1
1
1
1
0
2
0
1
1
1
0
1
3
4
2
1
1
0
4
4
1
0
0
1
2
0
1
0
1
1
1
1
1
0
3
1
2
1
0
0
1
1
1
1
0
0
2
0
0
1
0
1
1
0
1
2
1
4
1
0
3
0
0
2
0
0
1
2
2
2
0
1
1
2
0
0
3
5
1
3
1
1
2
0
3
3
1
1
2
5
1
1
2
2
2
1
1
1
0
1
3
3
4
2
1
1
2
3
2
7
1
0
2
0
3
1
0
1
0
1
0
1
0
0
0
1
0
1
0
1
1
1
1
0
0
1
2
1
1
1
0
1
2
0
1
0
2
0
0
0
1
1
0
2
0
3
1
0
0
1
3
0
2
1
3
2
0
0
0
1
1
0
0
5
0
1
2
0
1
0
1
0
3
2
0
1
1
0
0
2
0
1
0
2
1
0
0
0
0
2
1
0
0
2
1
1
1
2
0
0
0
0
1
2
0
1
1
2
0
0
0
1
2
0
2
0
3
1
4
1
1
1
3
0
2
2
1
3
1
0
0
5
3
1
1
0
0
1
1
0
4
0
3
1
0
1
2
3
2
1
0
2
2
1
1
2
0
0
2
0
0
0
1
0
4
1
0
0
3
2
1
1
1
1
1
2
0
2
1
0
0
1
1
0
3
0
1
3
1
1
2
1
1
0
0
1
3
2
3
2
1
5
1
1
1
2
2
1
1
0
0
1
0
5
0
2
0
1
0
1
2
1
0
2
1
1
2
3
3
2
1
2
0
4
2
0
3
2
1
1
2
0
2
0
3
0
1
0
1
2
0
2
1
1
1
3
1
5
2
1
2
2
0
0
4
5
4
5
4
3
5
5
2
1
0
1
1
0
2
3
2
2
3
2
0
0
1
0
0
0
1
0
1
0
0
0
2
2
1
1
1
1
0
1
1
2
0
2
0
1
3
2
0
2
2
0
3
1
0
1
1
2
3
1
1
0
0
1
0
0
0
0
3
0
1
0
0
0
2
0
0
0
0
1
0
1
1
0
1
0
1
0
0
0
0
0
1
1
0
0
0
0
1
3
1
0
2
0
1
0
0
1
0
1
1
1
0
2
0
0
0
0
1
1
1
0
2
0
3
0
2
1
0
3
1
1
1
1
1
1
0
1
0
0
0
3
1
1
0
0
2
0
1
0
0
0
1
1
0
2
0
1
0
1
0
1
2
1
0
0
2
0
0
2
1
2
0
0
0
1
1
0
1
0
0
1
0
4
1
1
0
0
1
0
1
2
1
1
1
1
0
0
1
1
0
0
0
1
2
1
0
0
0
1
0
0
0
1
0
0
0
0
1
2
1
1
0
0
1
0
0
2
0
0
1
0
1
2
0
2
0
1
1
1
0
1
0
0
2
1
4
1
0
0
1
1
1
3
1
3
2
0
0
0
0
0
2
0
0
2
0
2
2
1
0
1
0
2
2
1
0
1
2
0
1
1
1
1
0
1
2
0
0
0
0
0
0
2
0
3
0
1
0
0
1
2
0
0
0
1
2
1
0
1
0
0
0
0
1
0
0
0
0
1
1
1
0
1
0
0
0
2
0
0
0
0
0
4
1
2
0
0
0
0
1
1
0
1
1
0
0
0
1
1
0
1
1
3
0
2
1
1
0
1
0
0
0
0
3
0
0
3
1
1
0
1
1
0
0
0
0
1
0
5
0
2
0
2
0
0
0
2
0
1
0
0
1
0
0
0
1
1
0
2
1
0
3
2
1
0
0
1
1
0
1
0
0
0
2
1
0
1
0
0
0
2
0
1
1
0
0
0
1
1
0
0
0
0
1
0
0
2
1
1
1
0
0
0
1
1
0
0
0
0
0
0
1
1
1
0
0
0
1
1
1
0
0
0
1
0
0
0
1
0
0
0
1
1
0
0
0
2
0
0
1
0
1
0
1
0
0
0
0
1
0
1
0
1
0
0
2
0
0
1
0
0
0
1
0
0
0
1
1
1
0
2
1
1
1
0
3
1
1
0
0
0
0
0
0
0
1
0
1
1
0
0
0
0
0
1
0
0
0
0
4
1
0
1
3
0
0
1
1
4
0
0
1
0
0
1
1
1
3
1
1
2
1
0
1
0
1
1
2
1
0
1
0
0
1
2
0
0
1
1
3
2
0
0
0
0
0
1
0
0
0
0
0
1
0
2
2
2
0
2
1
0
0
0
0
0
1
0
0
0
0
0
0
0
0
0
0
0
0
0
0
1
1
0
2
1
0
0
0
2
0
2
1
0
0
0
2
1
1
0
0
0
1
0
0
0
0
1
0
0
0
0
2
0
0
0
1
0
0
0
1
0
0
0
0
1
0
0
0
0
1
0
1
1
1
0
0
0
0
0
0
0
1
0
0
2
0
0
0
0
2
0
0
0
0
0
1
0
0
3
1
0
0
3
0
3
1
0
2
1
0
0
2
2
0
0
0
0
0
0
0
1
0
1
2
0
1
0
0
0
2
1
2
0
0
2
1
0
0
0
1
0
2
0
0
0
0
0
1
0
0
1
0
0
1
0
0
2
0
0
0
0
0
0
0
0
1
0
0
1
0
0
0
0
0
0
1
0
0
0
1
1
0
0
0
0
0
0
1
0
1
0
1
0
0
0
0
1
1
2
0
0
0
0
1
0
0
2
0
0
0
1
0
0
1
1
0
0
0
0
1
0
0
0
0
0
3
2
1
1
1
0
0
2
3
1
1
0
4
0
1
1
0
0
0
1
0
0
1
1
0
0
0
0
0
1
2
1
0
0
0
1
1
1
0
0
0
0
0
0
0
0
0
1
0
0
0
2
0
2
0
0
0
0
1
1
0
0
1
0
0
1
1
0
0
1
0
1
0
0
2
0
0
1
0
0
0
1
0
1
0
0
0
1
0
0
0
1
0
2
0
1
0
0
1
0
1
1
0
0
0
1
0
0
0
1
0
0
1
0
0
1
0
0
3
0
0
0
0
0
1
0
0
1
0
0
1
1
0
0
0
0
0
0
0
1
0
0
0
0
1
0
0
1
0
0
0
0
0
0
0
1
0
0
0
0
1
0
1
0
0
1
0
0
0
1
0
2
0
0
2
0
0
0
0
0
0
3
0
2
1
0
1
0
0
0
0
1
1
0
0
0
0
0
0
1
0
1
0
1
0
0
0
0
1
0
1
0
1
2
0
0
0
0
0
0
2
0
1
2
0
1
1
0
1
1
0
1
0
1
2
0
1
0
1
0
1
0
1
0
0
0
0
1
0
0
0
0
0
2
0
0
0
0
0
0
0
0
0
0
0
0
0
0
0
0
0
0
0
1
0
1
0
0
0
0
0
2
1
0
2
3
0
2
1
2
0
1
0
2
1
0
1
1
1
1
0
1
1
1
0
0
1
0
0
1
0
2
1
0
1
1
0
0
0
0
1
0
0
1
0
1
0
0
0
0
1
0
0
0
0
0
1
1
0
3
1
1
1
0
0
0
0
1
0
1
2
0
1
0
1
0
0
1
0
1
0
0
0
2
1
0
2
0
1
1
0
0
1
2
0
2
0
0
0
1
1
0
1
0
0
0
1
0
0
1
0
0
0
0
1
1
0
0
1
1
0
0
0
0
0
1
0
0
0
0
1
0
1
1
1
0
2
0
2
2
0
1
3
0
0
1
1
0
3
1
0
0
0
1
0
0
0
1
0
1
1
0
0
0
0
0
0
2
1
1
1
0
1
0
0
2
0
0
0
1
1
1
0
2
0
0
0
1
0
2
0
0
2
1
1
0
0
0
0
2
0
2
0
0
0
0
0
0
0
0
0
0
2
0
0
0
1
0
0
1
0
0
0
0
0
1
0
0
1
0
0
0
0
0
2
0
0
1
0
1
0
0
0
1
0
1
0
1
0
1
2
1
0
0
0
0
0
0
0
0
0
0
0
0
0
1
0
0
1
0
1
0
0
0
1
1
1
0
0
0
0
0
0
0
2
0
0
0
0
1
1
0
0
1
0
1
0
1
1
1
0
0
0
0
1
0
0
0
0
0
0
0
0
1
1
1
1
0
0
0
0
2
0
0
3
1
0
1
0
0
0
1
0
0
2
1
1
0
1
0
0
1
0
1
1
0
1
1
0
0
0
0
0
0
0
1
0
1
0
0
1
0
0
0
0
0
0
0
0
0
1
1
0
1
0
0
0
0
1
0
0
0
0
1
0
0
2
1
0
0
0
0
0
1
0
1
0
0
1
0
0
0
0
0
0
0
0
0
0
0
0
0
0
0
0
0
1
0
0
0
0
1
1
0
0
1
0
0
0
0
1
0
0
0
0
0
1
1
0
1
0
1
0
1
0
0
0
0
0
1
0
0
0
0
0
0
1
0
0
0
0
2
0
0
0
0
0
0
0
0
1
1
0
1
0
0
0
1
0
0
0
0
1
1
0
3
0
0
0
0
0
0
1
1
2
2
0
1
3
0
1
0
0
1
0
0
0
0
0
0
0
0
0
0
0
0
0
1
1
0
0
0
1
0
0
0
0
0
0
0
1
1
0
0
0
0
0
1
1
0
1
0
0
0
0
1
0
1
1
2
0
1
2
1
2
1
0
2
1
0
0
0
2
0
1
4
0
2
0
0
0
0
0
0
0
0
0
0
1
1
0
1
0
0
0
2
0
0
0
0
1
0
2
0
0
1
0
1
0
1
0
0
0
0
0
1
0
0
0
0
0
0
0
0
0
1
0
0
0
1
0
1
1
0
0
0
1
0
1
1
0
0
0
0
2
1
1
0
0
0
1
0
0
0
0
0
0
4
1
0
0
0
0
0
0
0
1
0
0
0
0
0
1
0
0
1
1
1
1
1
0
0
2
0
1
0
4
0
0
0
0
0
0
0
0
1
0
0
1
1
0
0
0
0
0
0
1
0
1
0
0
0
0
1
1
0
0
0
0
0
0
1
2
0
0
1
0
0
0
0
0
0
0
0
0
1
0
0
0
1
0
0
0
0
0
1
0
0
0
0
0
0
0
0
0
0
0
0
0
0
0
0
0
0
0
1
0
0
0
0
1
0
0
0
0
0
0
1
0
0
1
0
0
0
0
0
0
0
1
0
0
1
0
0
0
0
0
0
0
0
0
0
0
0
0
0
0
1
1
0
0
0
0
0
0
0
0
1
1
1
0
0
0
0
1
0
2
1
1
0
0
0
0
0
0
0
0
0
0
0
0
0
0
1
0
1
0
1
0
0
0
2
0
0
2
2
2
2
0
0
2
2
0
0
0
0
0
1
1
0
0
0
1
0
0
0
0
1
2
0
0
1
1
1
0
1
0
0
0
0
0
0
0
1
0
1
0
0
1
0
0
1
0
0
0
0
0
0
1
0
0
0
0
0
0
1
0
0
1
0
0
0
1
0
0
1
0
0
0
1
2
0
0
0
0
0
0
0
1
1
1
1
0
0
0
1
1
1
1
0
1
0
0
0
1
0
1
1
1
0
1
1
1
0
1
0
0
0
0
0
0
0
0
0
0
0
0
0
0
0
0
0
0
0
0
0
0
0
1
0
0
0
0
1
1
0
0
0
0
0
0
1
0
0
0
0
0
0
0
0
0
1
0
0
0
1
0
0
0
0
0
0
1
0
0
0
0
0
0
0
0
0
0
0
1
0
1
0
0
0
0
0
1
2
0
1
0
0
0
0
0
0
0
0
1
0
0
0
0
2
0
0
0
0
0
1
0
0
0
0
1
1
0
0
0
0
0
1
0
0
0
0
0
0
0
0
0
0
0
1
0
0
0
1
0
0
0
0
0
0
0
0
0
1
0
0
1
0
0
0
0
1
1
0
0
0
3
0
0
0
0
0
0
0
0
0
0
1
0
1
0
0
0
0
0
0
0
0
0
0
0
0
0
0
0
0
0
0
0
1
0
0
0
0
0
0
0
0
0
0
0
1
0
0
0
0
0
0
0
0
0
0
1
1
0
1
0
0
0
0
0
0
0
0
2
1
0
0
0
0
1
0
0
1
0
1
0
0
1
0
0
0
0
0
0
1
0
0
0
1
0
0
1
0
0
0
0
0
1
0
0
0
0
0
0
0
0
0
0
0
0
0
0
2
1
0
0
0
0
0
0
0
0
0
0
0
0
0
0
0
0
0
0
1
0
1
0
1
0
0
0
0
0
0
0
0
1
0
2
0
0
0
0
0
0
0
1
0
0
2
0
0
1
1
0
0
0
0
0
0
1
0
0
0
1
0
0
0
0
0
0
0
2
0
1
0
0
1
0
2
0
0
0
1
0
0
0
0
0
0
0
1
1
0
0
0
1
0
0
0
0
1
0
0
0
0
0
0
0
0
0
0
2
1
0
0
0
0
0
1
0
0
0
0
0
0
1
0
2
0
0
0
0
1
2
0
0
0
0
0
0
0
0
1
0
0
0
0
0
0
0
0
0
0
0
0
0
0
0
0
0
1
0
0
1
0
1
0
0
1
1
0
0
0
1
0
0
0
0
1
0
0
0
0
1
0
0
0
0
0
1
0
0
0
0
0
1
1
0
1
0
0
0
0
1
0
0
0
0
0
0
0
0
0
0
0
0
1
0
1
1
0
0
0
0
0
0
0
1
0
1
0
0
0
0
1
0
0
0
0
0
0
0
0
0
0
0
0
0
0
0
0
0
0
0
0
0
0
0
1
0
0
0
1
0
0
0
0
0
0
0
2
2
1
0
1
1
0
0
0
0
0
0
0
1
0
1
0
0
0
1
0
0
0
1
0
0
0
1
1
0
0
0
0
0
0
0
0
0
0
1
0
0
0
1
0
0
0
0
0
0
0
0
0
0
0
0
0
0
0
0
0
0
0
2
0
0
1
0
0
0
1
0
0
0
0
0
0
0
0
0
0
0
0
0
0
0
0
0
0
0
0
1
0
0
0
0
1
1
0
0
0
0
0
0
0
0
0
1
1
0
1
0
0
0
0
0
0
0
0
2
0
0
0
0
0
0
0
1
0
0
1
0
1
0
0
0
0
0
1
1
0
0
0
1
1
1
0
0
0
1
1
0
0
0
0
1
0
0
0
1
0
0
1
0
0
0
0
0
0
1
0
0
0
0
0
0
0
0
1
0
0
1
0
0
0
0
0
0
0
1
0
0
0
0
0
0
0
0
0
1
1
0
0
0
0
3
2
0
1
0
0
0
0
0
1
0
0
0
0
0
0
0
0
1
0
0
0
0
0
0
0
0
0
0
1
0
0
0
0
0
0
0
0
0
0
0
0
0
0
0
0
0
0
0
0
1
0
0
2
0
0
0
1
0
0
0
0
0
0
2
0
0
1
0
0
0
0
0
0
1
0
0
1
0
0
1
1
0
0
0
1
0
0
0
1
1
0
1
0
0
0
0
0
0
0
0
1
1
0
0
0
0
0
0
1
0
0
0
1
2
1
0
1
0
0
0
1
0
1
0
0
1
0
0
0
0
0
1
0
0
0
0
0
0
0
0
1
0
1
0
0
0
0
0
0
0
0
0
0
0
0
0
0
1
0
0
1
1
0
0
0
0
0
1
0
0
0
0
1
0
0
0
0
0
0
0
0
0
1
0
0
0
0
0
0
0
0
0
0
0
0
1
0
0
0
0
0
0
0
2
0
0
0
0
0
0
0
0
0
0
0
0
0
0
0
0
0
0
0
0
0
0
0
1
0
1
0
0
0
0
0
0
0
0
0
1
1
0
0
0
2
2
2
0
0
0
0
0
0
0
0
0
1
1
0
0
0
0
0
0
0
0
0
0
0
1
0
0
0
0
1
0
0
0
0
0
0
0
0
0
0
0
0
0
1
0
0
0
0
1
0
0
0
0
0
0
0
0
0
0
0
0
1
0
1
0
0
0
0
0
2
1
0
0
0
0
0
0
0
0
0
0
0
0
1
0
1
0
2
0
0
0
0
0
0
0
0
0
1
1
1
1
0
0
0
0
0
1
0
0
1
0
0
1
0
0
1
0
0
0
1
0
0
0
0
0
0
1
0
0
0
0
0
0
0
0
0
0
0
0
0
0
0
1
1
0
0
2
0
0
0
1
0
0
0
0
0
1
1
0
0
2
0
0
0
1
0
1
0
0
0
0
0
0
2
0
0
1
0
0
1
1
0
0
0
0
1
0
1
0
0
0
1
0
0
0
0
0
0
0
1
0
0
0
0
0
0
0
0
0
0
0
0
1
0
0
0
0
0
0
0
0
0
0
0
0
0
0
0
1
0
0
0
1
0
0
0
0
0
0
0
0
0
0
0
0
1
0
1
0
1
1
0
0
0
0
0
1
0
0
0
0
0
1
2
0
0
1
0
0
0
0
0
1
1
0
0
0
0
0
0
0
0
0
0
0
0
1
0
0
0
0
0
0
0
0
0
0
0
0
1
0
0
0
0
0
0
0
0
0
0
0
1
0
0
0
1
0
0
1
0
0
1
1
0
0
0
0
0
0
0
0
0
1
0
0
0
1
0
0
0
0
0
0
1
0
0
0
0
0
0
0
0
0
0
0
0
0
0
0
0
0
0
0
0
0
0
0
0
0
0
0
0
0
0
0
0
0
0
0
0
0
0
0
1
1
0
0
0
0
0
0
0
0
1
0
0
1
0
0
0
0
0
0
0
0
0
0
0
0
0
1
0
2
0
0
0
1
0
1
0
0
0
0
0
0
0
0
0
0
0
0
0
0
0
0
0
0
0
0
0
0
1
0
1
1
1
0
0
2
0
0
1
0
0
0
0
0
0
0
1
0
0
1
0
0
0
0
0
0
0
0
0
1
0
0
0
0
0
0
0
0
0
0
0
0
0
0
0
0
0
0
1
1
0
0
0
0
0
0
1
0
0
0
2
1
0
0
0
1
0
1
1
0
0
0
0
0
1
0
0
0
0
0
0
0
0
0
0
0
1
0
0
0
0
2
0
1
0
1
0
0
0
0
0
1
0
0
0
0
0
0
0
0
0
0
0
0
0
0
0
1
0
0
0
0
1
0
0
1
0
0
0
0
0
0
0
0
2
0
0
0
0
0
0
0
0
0
0
0
1
0
1
0
0
0
0
0
0
0
0
0
0
0
1
1
0
1
0
1
1
0
0
0
0
0
0
0
0
1
0
0
1
0
0
0
0
0
0
1
0
0
0
0
1
0
0
0
0
0
0
0
1
0
0
0
0
0
0
0
0
1
0
0
0
0
1
0
0
0
0
0
0
1
0
0
2
0
0
0
1
0
0
0
0
2
0
0
0
0
0
0
0
0
0
0
0
0
0
0
0
0
0
0
0
0
0
0
0
0
0
0
0
0
0
0
0
0
0
0
0
0
1
0
0
0
1
1
0
0
0
0
0
0
0
0
0
0
0
0
0
0
0
0
0
0
1
0
0
1
0
0
0
0
0
0
0
0
0
1
0
1
0
0
0
1
0
0
0
0
1
1
0
0
0
0
1
0
0
0
1
0
1
1
0
0
0
0
0
1
0
0
1
1
0
0
1
0
0
0
0
0
1
0
1
0
0
0
0
1
0
0
0
0
0
1
0
1
0
0
0
0
0
0
2
1
0
0
0
0
0
0
0
0
1
1
0
0
0
0
0
1
0
0
0
0
0
1
0
1
1
0
0
0
0
0
0
0
0
0
0
0
0
0
0
0
1
0
0
0
0
1
0
0
1
0
1
1
1
1
0
0
0
0
1
0
0
0
0
0
1
2
0
0
0
0
0
0
0
0
0
0
0
2
0
0
1
0
0
1
0
0
1
0
0
0
0
0
0
0
0
0
0
0
1
0
1
0
0
0
0
0
0
0
0
1
0
0
0
0
0
0
1
0
0
0
0
0
0
0
0
0
0
0
1
0
0
0
0
0
0
0
0
0
0
0
0
0
2
0
0
0
0
0
1
0
1
0
0
0
0
0
0
0
1
1
1
0
0
0
0
0
0
0
0
0
0
0
0
0
0
0
0
0
0
0
0
0
1
0
0
0
0
1
0
0
1
0
0
0
0
0
0
0
2
0
0
1
0
0
0
0
0
0
0
0
0
0
0
0
0
1
0
1
0
0
1
0
0
0
0
0
0
0
0
0
1
0
0
0
0
0
0
0
0
0
0
0
1
0
0
1
0
0
0
0
1
0
1
1
1
1
0
0
1
1
1
0
1
1
1
2
0
1
1
1
3
0
3
0
1
0
0
2
0
2
1
0
1
2
0
0
1
0
1
0
0
1
0
0
0
1
0
1
0
1
1
1
0
0
0
0
1
0
0
0
0
1
0
1
0
0
0
0
1
0
0
0
0
0
0
1
1
0
0
0
0
0
0
2
0
0
0
0
0
0
0
0
0
0
1
0
0
1
0
0
0
0
0
0
0
0
0
0
0
0
0
0
1
1
0
0
0
1
0
0
1
0
0
1
1
0
0
0
0
0
2
2
0
0
0
0
0
0
0
0
0
0
0
0
1
0
1
0
1
0
1
0
2
0
1
0
0
0
0
0
0
0
0
1
0
0
1
0
1
0
0
0
0
0
1
1
0
0
0
1
1
0
0
0
0
0
0
1
0
2
0
1
0
0
0
1
0
1
0
1
0
1
0
0
0
1
0
0
0
1
0
0
1
0
0
1
0
0
1
1
0
1
0
0
1
0
0
0
0
0
0
2
0
0
2
1
0
0
0
1
1
0
0
0
1
0
1
0
0
0
0
1
0
0
0
0
0
0
$ENER_FIT:
5.9250 0.607168 -1.583600e-008
$MCA_CAL:
3
5.9250 0.607168 -1.583600e-008
$ENDRECORD:
