$SPEC_ID:
None

$MEAS_TIM:
661.68000 687.72000
$DATE_MEA:
05/10/2013 2:19:11 PM
$DATA:
0 16383
0
0
0
0
0
0
0
0
0
0
0
0
0
0
0
0
0
0
0
0
0
0
0
0
0
0
0
0
0
0
0
0
0
0
0
0
0
0
0
0
0
0
0
0
0
0
0
0
0
7
14
25
22
31
20
18
14
13
45
209
243
226
238
232
249
267
261
264
276
289
268
267
247
279
270
284
279
280
305
302
289
318
302
306
300
318
309
313
338
309
294
336
319
280
335
343
365
330
372
407
322
312
318
344
345
365
381
368
389
454
469
467
494
562
535
482
456
500
485
432
398
396
380
338
390
428
393
395
439
445
460
480
452
467
439
449
426
372
387
398
415
371
382
392
372
406
383
393
454
451
428
377
379
392
394
428
401
411
400
381
377
412
408
391
391
378
437
422
405
448
398
405
416
407
382
408
437
385
385
394
410
377
399
390
349
375
385
377
422
374
370
374
398
390
353
403
392
400
360
383
380
388
376
352
376
349
371
397
373
356
389
403
360
359
377
372
382
366
376
364
394
372
393
383
373
303
342
368
360
369
318
348
334
338
356
347
358
346
393
389
375
334
372
354
349
356
335
344
341
365
347
364
349
338
333
315
369
339
350
353
349
335
353
369
379
348
398
371
399
366
374
328
372
312
347
325
321
327
360
329
383
333
357
341
325
349
351
332
318
331
355
355
342
294
326
335
328
347
337
340
308
364
346
353
350
308
314
326
322
328
316
331
315
339
289
352
334
353
330
323
310
300
283
306
295
309
321
312
373
322
305
325
309
316
318
290
299
313
304
300
270
289
321
277
304
300
282
284
280
273
291
306
320
252
291
293
315
319
304
291
293
306
286
299
320
299
259
291
279
306
283
285
307
277
321
299
293
273
252
304
274
282
282
274
282
283
288
271
276
318
243
258
268
297
273
268
296
272
276
275
291
286
318
256
278
296
278
297
273
303
265
312
258
276
281
293
243
271
258
262
243
282
244
272
253
285
249
259
256
260
268
252
267
274
227
241
245
254
230
251
235
234
224
252
253
234
240
253
266
233
222
261
264
239
233
247
254
218
242
241
237
236
237
284
226
256
234
261
244
208
236
258
249
212
261
240
237
221
229
250
228
248
262
235
212
236
246
246
229
240
239
219
227
224
215
232
236
211
202
216
238
219
214
223
227
192
216
236
206
208
194
185
209
197
195
213
208
191
187
213
232
201
190
202
179
203
213
165
187
178
189
192
167
203
188
217
201
166
182
189
221
199
214
191
194
177
164
183
189
200
171
186
196
210
195
164
181
177
189
192
195
166
162
169
148
182
192
196
174
175
159
176
194
188
191
174
169
169
172
158
167
162
178
158
182
164
139
160
177
186
175
151
177
195
172
163
176
199
177
164
165
160
180
146
186
165
176
183
162
176
162
162
194
172
193
142
187
206
146
170
161
144
180
170
168
162
151
155
178
158
149
160
174
173
166
175
155
178
190
182
148
182
170
201
165
142
175
165
148
143
142
185
180
156
180
155
141
174
177
156
148
153
159
162
168
153
162
169
174
150
143
181
158
153
139
151
142
146
168
141
160
174
167
160
149
139
146
157
165
137
151
155
142
147
150
143
135
153
156
123
137
146
160
155
138
149
143
133
147
142
131
154
158
148
144
144
151
148
146
157
144
149
161
156
144
134
152
147
157
150
150
143
146
141
147
148
155
155
149
143
157
155
153
168
139
154
145
145
147
161
153
135
143
166
135
164
163
175
167
130
172
185
195
230
258
413
559
674
749
774
881
803
915
845
920
873
918
877
818
846
848
817
873
823
816
696
632
503
429
285
169
128
126
129
111
132
119
95
97
126
113
106
108
115
115
111
116
105
102
112
118
102
109
125
113
102
106
98
109
123
121
102
135
113
136
129
126
183
251
328
457
491
507
407
307
265
169
131
125
133
115
126
123
126
134
109
115
106
98
114
105
96
116
95
92
106
118
111
95
120
104
90
115
105
99
100
97
86
116
99
112
108
85
108
109
93
95
103
111
101
104
110
107
104
102
88
113
100
117
123
78
111
116
101
94
105
109
116
97
108
100
104
114
118
122
134
211
419
870
1358
1372
926
474
222
129
120
109
79
89
92
104
91
101
84
93
88
90
104
88
97
105
108
95
81
88
95
127
136
179
169
158
126
90
85
92
94
81
93
104
115
112
137
113
96
93
80
77
92
114
98
70
98
89
98
78
90
94
86
86
101
115
104
106
109
92
104
84
100
98
96
92
89
114
88
109
93
99
82
98
97
98
87
68
85
79
93
92
82
93
88
83
104
90
96
104
81
119
107
96
106
86
92
71
76
77
88
77
94
106
100
92
100
82
89
99
100
92
95
83
98
95
95
89
88
82
91
87
85
83
89
92
86
85
78
91
102
75
94
99
96
90
99
92
99
89
76
84
105
110
114
154
238
294
310
244
155
123
109
108
119
112
109
90
96
90
91
99
103
92
74
94
115
83
85
91
109
99
92
89
89
84
93
99
85
63
84
85
87
103
83
86
79
100
87
90
83
90
81
86
82
97
83
95
79
74
76
91
83
95
80
78
95
75
101
94
83
104
72
90
84
102
75
83
68
96
88
85
87
100
85
89
94
80
81
81
80
98
90
65
89
86
82
97
91
107
93
97
107
85
92
90
100
103
107
85
101
90
74
85
102
84
74
101
80
80
70
95
79
80
85
99
92
101
116
132
176
125
128
87
88
83
70
94
81
88
82
82
89
82
78
84
80
87
91
91
80
81
71
86
96
89
85
95
97
86
90
94
96
91
89
76
111
114
91
94
82
90
97
74
86
78
89
83
74
87
79
106
71
91
89
81
83
95
78
82
77
70
96
93
87
85
85
84
91
87
77
86
103
77
87
84
86
76
84
80
84
83
73
88
96
85
71
83
89
103
90
76
100
80
76
85
94
85
81
94
94
86
107
85
108
96
97
101
89
78
82
83
80
81
98
93
93
84
68
99
90
85
78
110
76
94
88
82
84
85
106
124
156
145
118
120
83
87
75
81
66
83
85
84
74
62
78
91
79
78
78
96
82
82
83
95
76
75
73
66
82
86
89
88
73
74
94
83
91
71
82
81
87
87
99
86
87
97
94
83
76
81
87
100
74
80
77
69
97
96
79
94
95
88
71
74
82
87
82
87
93
83
88
84
72
68
94
90
89
87
76
83
100
78
74
90
93
81
62
84
99
75
101
63
78
84
93
66
79
75
74
84
76
70
67
80
86
90
88
90
72
70
81
68
78
75
92
71
78
75
94
82
82
60
90
88
94
76
84
88
61
83
73
80
88
89
90
87
84
84
75
62
93
89
66
84
74
66
85
83
73
78
103
76
84
69
79
82
80
72
88
73
87
72
82
93
78
86
53
71
77
105
91
71
82
74
77
87
69
77
89
78
86
64
78
67
78
87
83
82
77
84
73
90
84
84
82
82
82
84
91
63
59
80
74
67
93
87
85
74
88
95
76
76
67
100
68
78
70
74
82
94
74
95
81
75
80
69
76
83
75
73
86
91
86
88
91
76
83
97
86
101
81
100
85
78
88
87
78
88
87
73
86
95
81
85
54
76
97
90
88
62
77
75
117
87
83
89
79
85
92
75
94
79
68
81
84
80
81
89
88
90
69
96
83
89
82
71
85
84
90
84
86
81
89
103
90
80
85
81
81
99
85
83
92
79
79
81
86
76
83
77
78
81
90
85
81
91
82
94
84
93
109
97
86
77
86
77
82
80
90
76
74
97
92
92
90
82
74
83
88
83
85
79
85
81
86
79
91
94
96
80
81
72
78
102
85
92
87
88
89
70
81
74
78
85
86
70
93
89
73
89
82
90
94
79
83
66
75
82
97
79
88
93
95
70
99
98
77
97
91
80
102
82
91
83
79
73
103
96
74
80
89
76
82
90
81
93
91
89
95
80
82
102
74
92
88
100
71
99
80
83
87
70
75
94
87
102
67
97
98
73
84
94
88
72
76
97
92
70
90
81
85
87
80
80
79
74
83
71
89
77
76
84
68
86
102
82
83
77
86
83
79
103
92
80
87
78
77
73
72
91
89
76
82
68
81
72
79
88
74
76
91
89
81
83
81
79
77
66
85
84
72
81
92
76
68
87
76
91
70
95
60
78
84
89
91
82
63
83
81
88
88
98
76
80
86
85
92
94
84
84
77
82
83
87
87
73
107
80
81
95
91
82
100
86
72
73
73
84
79
79
89
68
80
84
82
91
75
88
81
74
89
74
91
86
77
73
75
85
76
72
85
84
92
99
95
82
96
75
87
81
79
89
81
89
89
81
84
79
88
76
95
91
82
79
92
95
84
92
80
72
93
82
106
100
90
104
96
93
71
80
100
91
91
83
101
108
93
92
89
85
90
84
77
104
86
66
88
91
99
79
90
88
86
105
96
93
75
96
90
80
103
87
111
110
83
86
93
98
94
84
78
77
72
92
88
93
103
134
161
240
332
369
372
311
233
130
118
114
95
96
106
112
101
123
125
122
130
151
92
89
74
84
88
93
82
119
94
88
101
83
103
119
103
92
109
82
81
86
110
92
72
82
98
92
84
87
78
94
82
99
85
90
76
91
82
90
87
85
85
90
88
111
92
87
85
96
79
89
106
83
101
102
90
98
83
93
93
80
82
97
86
85
86
85
82
96
92
86
67
104
102
97
89
96
80
78
91
105
110
112
123
114
127
115
115
108
88
82
85
99
96
107
85
80
80
72
102
104
74
86
84
103
91
90
97
85
99
104
93
88
86
96
90
80
104
110
99
98
102
114
96
101
93
80
95
79
96
103
97
80
92
111
84
83
92
94
95
85
75
94
101
90
83
102
106
109
107
106
97
89
81
91
98
101
97
111
92
105
97
100
85
101
72
109
70
87
78
98
98
102
91
96
79
94
93
96
79
92
80
106
101
91
103
105
90
100
98
100
91
84
87
110
82
90
97
104
105
116
111
100
90
93
101
93
97
100
85
93
90
103
99
96
86
101
81
104
103
103
95
107
99
100
114
111
90
100
98
88
84
85
95
93
93
106
85
99
81
97
98
88
99
74
92
105
105
85
101
115
122
143
150
154
146
105
114
107
97
95
95
109
109
104
106
101
87
105
112
103
85
104
109
103
104
83
110
87
90
106
89
97
97
105
98
96
98
82
93
85
94
108
99
93
95
102
75
108
112
100
105
103
108
101
110
102
108
120
122
142
123
133
146
111
104
95
131
98
108
106
110
86
89
93
106
105
99
110
93
112
88
82
106
102
96
101
91
79
110
91
88
116
100
88
103
104
85
85
94
94
86
87
100
102
99
96
105
92
104
111
87
92
98
90
78
96
102
92
98
105
93
106
93
90
95
99
114
111
109
124
97
103
84
99
107
86
87
101
92
88
102
112
85
94
103
116
113
93
107
96
113
82
101
89
97
94
81
95
96
100
108
92
115
97
102
90
83
112
105
94
97
100
94
108
98
94
98
115
113
117
94
115
105
104
89
88
114
115
119
100
88
100
95
116
101
110
102
97
100
96
103
96
99
110
94
95
115
103
131
116
123
114
94
91
89
96
96
102
111
116
121
113
102
106
95
108
110
110
102
94
107
92
102
94
102
100
116
109
122
109
119
89
108
98
105
102
112
98
110
94
101
91
111
108
105
96
101
106
93
98
100
119
101
109
136
110
99
111
129
92
100
107
111
100
99
89
104
109
99
118
93
104
111
104
93
123
109
90
102
101
104
119
108
108
113
88
100
122
105
113
95
106
83
128
120
109
112
100
103
119
102
103
99
89
82
103
99
81
110
115
117
100
118
98
101
120
93
126
96
103
107
98
90
117
92
102
98
112
100
109
95
101
96
92
118
106
101
107
98
110
102
88
109
114
105
109
111
109
115
98
117
123
117
130
91
105
89
108
108
117
90
105
93
127
117
97
126
89
112
113
96
92
102
97
102
93
115
113
118
101
113
112
85
110
113
107
132
111
97
108
108
116
137
116
97
127
91
121
113
94
113
112
86
112
112
118
102
93
106
100
108
106
115
116
110
99
82
93
113
101
102
118
119
118
113
113
106
98
99
118
121
95
134
121
122
151
134
137
138
112
117
117
111
125
108
119
125
122
128
122
118
98
106
108
109
114
126
104
100
105
116
109
111
118
103
129
137
121
118
106
127
122
117
117
129
104
94
128
137
120
107
143
131
117
126
113
98
121
113
105
108
112
135
106
103
100
118
109
110
125
114
117
98
102
107
128
130
128
119
131
141
129
116
121
124
132
95
108
136
114
129
116
94
103
110
110
127
136
141
120
109
104
117
117
116
129
117
106
113
103
103
139
122
113
114
119
124
119
116
115
105
107
114
116
109
127
119
137
137
160
184
252
323
407
477
534
473
453
384
310
247
176
147
149
138
141
108
123
149
124
110
124
120
113
122
109
129
147
126
129
131
103
127
131
126
138
109
112
110
115
143
138
139
119
126
140
120
123
120
145
132
118
105
118
135
112
125
133
132
118
132
120
128
136
138
139
126
132
134
137
114
115
117
123
127
121
118
106
129
135
134
125
120
130
129
125
116
140
133
120
132
114
121
138
125
143
123
121
144
122
133
136
125
123
133
114
142
132
138
121
112
145
135
121
129
157
159
166
125
129
139
128
139
125
145
145
119
127
139
133
134
128
127
127
131
139
137
126
133
145
135
130
120
124
126
110
118
131
138
130
134
121
137
132
148
126
136
112
171
130
148
147
117
129
137
141
136
157
146
149
136
135
137
130
145
145
127
130
120
142
150
131
149
137
147
127
152
145
144
145
151
158
143
165
135
158
131
133
146
136
144
142
147
144
136
140
135
131
139
175
135
135
159
158
137
164
126
149
138
129
152
150
131
123
151
170
143
139
125
144
140
130
143
140
176
159
133
126
159
161
153
149
169
141
162
153
165
135
135
135
151
174
169
157
158
157
133
166
161
178
163
164
137
161
162
168
139
161
165
174
157
143
165
169
163
156
166
189
163
147
173
163
182
165
161
163
192
171
181
205
189
172
185
213
176
176
146
147
140
148
165
152
145
172
167
165
164
145
140
145
143
176
149
146
179
185
161
153
180
197
156
175
171
171
163
173
161
154
181
160
168
164
177
170
209
173
180
172
187
156
172
159
189
188
146
161
175
153
187
184
186
152
185
199
174
185
150
176
172
193
179
186
159
191
198
186
202
197
174
191
153
190
197
173
194
171
187
188
196
206
197
164
186
205
212
177
188
196
201
190
199
188
176
210
162
208
195
196
219
188
184
200
185
232
189
201
180
179
232
185
206
219
186
184
221
217
196
211
187
198
203
171
213
195
201
214
213
215
214
196
193
194
203
187
211
209
194
211
187
207
203
219
222
212
202
208
223
205
218
196
195
190
194
209
190
204
185
180
207
193
193
217
209
209
202
212
170
191
188
194
186
175
167
143
182
196
167
158
150
166
159
173
152
170
158
162
166
152
152
131
158
153
135
150
169
147
146
147
156
138
124
145
130
136
146
129
158
136
138
124
125
135
144
150
152
145
148
126
130
126
145
145
126
145
138
118
142
130
133
135
126
126
145
128
131
126
118
121
153
126
98
130
136
123
111
111
117
112
118
133
127
135
117
112
100
116
119
115
114
107
115
121
95
114
104
125
115
126
125
125
109
131
109
104
117
104
103
124
115
120
112
110
119
110
102
97
98
96
109
118
95
117
103
100
95
103
93
103
93
109
90
98
102
81
102
100
95
105
95
96
83
86
100
88
98
92
88
72
73
91
89
81
89
84
79
94
93
85
75
80
84
73
71
69
100
69
76
67
81
93
77
72
68
77
64
62
73
61
70
72
66
71
59
82
76
64
83
62
68
64
69
73
53
74
70
55
65
68
62
64
67
74
69
70
76
62
76
75
69
65
65
73
78
61
55
73
67
68
67
81
76
50
71
71
61
59
74
59
72
53
68
61
69
60
71
71
57
65
67
72
76
75
64
65
73
63
76
64
62
65
52
70
71
81
60
69
64
59
56
65
62
66
57
73
62
57
57
66
64
57
63
71
67
58
54
50
72
62
63
64
55
57
47
72
69
74
66
64
56
69
67
56
60
51
66
58
60
57
62
60
81
51
73
59
59
57
67
56
56
64
56
67
54
57
52
56
65
58
43
71
48
61
72
61
77
66
57
74
58
62
60
58
60
61
53
57
53
61
55
53
59
60
52
63
60
51
59
52
47
39
62
50
55
65
72
57
64
61
56
64
62
67
55
62
63
77
80
71
107
137
232
435
915
1580
2642
3675
4925
5955
6441
6283
5090
3443
2055
973
397
149
54
33
25
24
20
26
18
25
12
16
16
16
12
18
13
15
20
14
15
14
21
11
13
17
22
15
14
19
22
23
17
14
17
23
16
13
20
17
28
15
17
16
15
19
19
24
12
17
17
16
23
28
14
23
21
18
13
12
16
16
25
17
16
14
23
16
17
15
20
21
22
18
18
23
13
17
19
16
14
13
16
21
21
21
12
11
14
14
15
15
13
9
16
18
25
17
18
20
21
12
26
14
23
22
16
15
14
13
12
15
12
12
18
15
22
13
17
14
16
11
22
18
18
17
17
21
17
21
11
16
12
13
17
16
19
13
12
16
11
14
22
17
14
9
18
14
10
18
11
11
11
18
17
7
15
16
16
13
14
15
19
13
13
8
17
18
9
21
18
13
19
13
13
12
9
10
17
12
16
10
15
18
16
11
14
17
16
13
10
19
12
13
16
11
11
12
15
17
14
18
18
19
18
21
15
20
15
14
20
19
16
11
11
17
17
18
12
16
13
12
15
16
18
19
11
12
13
18
19
14
22
12
16
22
15
15
15
20
10
16
15
16
14
12
14
16
20
24
13
17
17
10
19
13
10
10
22
14
27
20
7
18
17
15
16
15
18
11
12
13
7
9
7
18
20
19
20
16
19
29
25
15
14
17
21
6
16
11
10
13
13
15
11
11
9
12
16
12
14
16
15
14
15
11
12
10
13
13
13
13
15
11
15
14
8
19
21
18
19
16
10
13
18
14
18
13
13
14
19
16
18
13
16
22
15
15
20
11
13
21
19
16
12
12
12
7
15
9
16
12
15
15
17
14
15
21
18
25
19
5
22
15
8
16
9
7
10
14
12
15
22
22
20
29
28
25
31
27
37
26
14
14
9
15
12
23
22
16
16
12
21
13
10
15
12
22
18
11
12
14
16
10
15
12
14
15
12
12
13
15
16
15
18
17
18
21
14
10
22
17
19
7
11
12
15
16
10
19
16
8
15
17
10
15
14
14
11
10
10
9
16
19
12
8
16
13
10
16
13
9
13
13
9
15
10
12
11
10
17
14
11
8
19
20
8
16
18
9
11
8
15
20
6
16
13
16
21
18
8
20
10
19
21
19
13
14
15
14
13
21
20
14
14
9
9
16
15
14
10
13
18
13
12
22
24
8
12
18
13
12
11
18
19
14
17
15
14
15
14
17
22
5
10
10
12
9
12
23
19
14
18
17
18
13
14
18
23
16
11
15
9
12
10
11
11
17
16
18
11
10
12
16
10
11
11
12
13
10
15
13
12
9
13
6
11
15
16
9
17
14
12
12
21
11
15
12
14
14
16
10
7
19
12
9
16
10
9
11
17
15
10
12
9
6
18
13
19
18
17
11
18
7
17
14
14
11
11
22
19
13
15
13
18
15
19
13
15
7
20
16
13
16
17
10
13
12
7
13
10
18
13
14
9
11
10
17
11
17
14
9
15
11
20
9
9
10
13
15
13
7
11
9
9
12
19
18
19
12
15
13
12
17
11
17
16
8
14
16
12
10
14
13
17
12
13
9
15
17
17
5
14
19
17
19
14
10
15
24
9
11
15
15
9
17
20
15
13
12
20
12
12
14
17
9
21
19
17
13
20
17
19
17
16
29
11
15
28
10
18
14
13
17
11
14
13
8
11
13
11
11
7
9
13
11
12
10
18
12
14
12
10
13
9
13
12
13
15
9
13
8
11
9
10
8
7
12
14
16
9
14
12
12
5
13
7
7
10
15
6
10
8
17
13
13
12
19
10
15
10
16
21
11
17
16
18
20
14
14
12
13
16
11
12
13
9
11
11
8
11
14
14
9
6
11
12
10
8
12
8
16
14
10
10
21
14
12
13
11
10
17
7
13
15
16
13
7
10
14
15
8
16
16
15
14
14
14
9
14
6
17
23
21
11
12
16
13
15
5
11
13
15
13
15
13
16
13
13
12
15
17
13
12
8
13
13
15
12
8
10
12
11
9
11
10
8
7
12
11
11
13
10
16
9
16
11
16
13
21
14
16
17
9
10
18
20
9
8
15
14
12
6
11
21
12
10
16
10
17
13
13
8
10
13
7
5
9
11
14
12
14
14
20
12
10
10
7
7
12
17
10
12
17
13
9
12
7
10
10
15
13
12
22
12
16
17
12
12
12
13
16
9
15
13
9
13
17
10
13
14
11
13
16
10
12
9
11
5
14
10
7
10
6
13
8
9
13
9
11
9
13
15
11
9
17
11
10
9
13
16
12
13
15
15
13
8
12
17
19
8
13
9
14
11
10
10
18
6
13
13
8
17
13
10
13
12
6
9
10
9
12
17
14
7
14
8
12
12
11
9
10
18
10
17
15
9
12
13
17
14
5
10
14
7
10
14
15
6
14
12
18
17
14
9
12
10
7
11
15
11
18
9
6
14
11
10
10
7
8
10
14
14
15
10
10
9
12
16
13
9
13
10
6
19
14
18
13
5
15
15
14
7
6
13
14
18
14
12
9
20
9
10
12
9
11
13
9
13
8
12
12
9
5
15
9
5
12
10
12
9
10
9
7
9
13
19
12
11
7
14
8
8
7
9
5
17
10
8
6
13
5
13
18
11
8
9
15
10
9
11
11
9
5
13
9
15
12
17
14
14
11
14
11
9
13
11
4
9
16
14
9
15
10
18
3
15
15
13
10
14
18
12
12
12
10
7
10
8
12
14
22
13
14
14
15
4
13
12
11
11
15
8
5
15
12
16
16
13
16
15
15
11
12
9
12
12
11
12
12
12
16
9
6
8
12
12
8
11
8
15
10
13
6
21
12
11
5
15
6
12
10
8
8
15
8
12
10
22
6
15
6
14
14
12
13
5
18
8
10
11
12
14
9
10
11
12
11
11
10
20
12
10
13
15
14
16
8
12
9
11
10
12
8
8
9
6
10
6
9
10
9
12
13
6
14
9
7
11
11
9
9
19
14
9
11
13
10
10
17
8
21
16
8
12
15
20
12
16
10
11
6
6
14
5
10
12
7
11
7
12
15
8
16
10
10
12
9
6
9
10
14
6
14
8
10
9
9
10
6
9
9
10
13
10
16
8
9
10
12
12
11
15
17
12
12
10
11
14
14
12
12
16
9
15
8
11
10
7
11
10
11
11
8
14
11
6
5
7
10
6
6
6
14
17
10
14
13
4
10
11
7
8
15
6
9
9
7
14
15
8
13
10
7
7
7
8
7
11
12
11
11
12
8
9
2
6
9
3
5
6
4
11
12
8
15
11
11
12
8
8
9
11
6
12
13
7
16
8
9
10
14
16
13
13
17
6
8
10
11
8
14
9
6
11
6
10
8
4
6
3
9
7
3
5
6
13
13
12
10
13
11
9
8
9
10
5
8
5
5
10
7
11
4
7
17
5
14
9
4
17
5
8
8
12
9
10
14
13
9
8
9
8
10
10
8
7
8
8
11
15
6
15
14
13
14
9
4
11
7
4
14
13
9
7
9
7
17
7
13
11
7
12
6
7
9
13
13
11
12
13
17
10
11
15
9
11
17
6
7
14
8
11
11
12
6
10
9
10
12
13
10
8
9
12
16
11
4
9
3
6
9
9
9
8
11
7
14
15
13
10
6
10
11
11
7
7
18
11
10
6
11
4
10
10
8
7
5
10
8
4
9
10
6
6
11
8
10
7
10
9
11
6
11
7
13
18
14
11
16
8
8
11
12
15
11
15
13
11
13
11
10
10
14
7
7
6
9
10
13
7
11
9
12
6
9
11
14
3
5
12
10
11
10
5
12
15
12
9
6
10
8
14
12
6
7
9
14
13
4
11
5
9
8
7
10
9
11
9
11
9
13
9
8
10
9
13
9
12
11
12
12
10
4
8
8
11
8
7
16
3
14
6
8
6
9
8
6
9
8
8
9
8
9
13
8
3
12
11
8
5
8
11
7
6
7
8
9
8
13
15
3
10
15
6
12
9
9
9
11
7
9
7
4
9
13
11
11
7
10
6
9
3
11
12
13
6
3
14
11
7
3
9
7
7
8
6
7
8
6
9
13
12
13
9
5
10
10
16
7
10
4
8
4
10
8
6
7
6
5
3
8
8
9
8
7
9
8
7
6
6
6
6
9
11
6
12
14
12
10
5
9
10
9
6
13
16
6
10
6
10
6
7
9
9
10
6
11
7
12
9
12
10
10
10
7
6
9
8
7
6
5
7
9
6
10
5
3
12
8
9
9
7
7
9
4
7
9
7
11
7
6
13
8
9
9
10
7
8
6
8
11
8
7
12
6
16
9
6
9
8
14
8
9
6
6
8
12
9
7
5
6
11
7
8
12
10
2
5
6
8
12
13
6
3
16
12
8
8
6
7
12
9
7
10
7
13
9
10
7
11
12
7
8
9
5
7
14
6
7
10
9
8
8
8
6
11
7
15
6
4
9
10
9
13
10
8
9
6
3
13
9
7
8
6
10
7
9
7
7
8
3
10
11
9
8
9
7
9
9
9
7
8
12
6
5
15
8
5
13
11
8
10
2
7
6
9
8
7
7
13
8
8
8
11
8
4
9
12
8
13
5
4
8
11
8
7
9
5
10
9
4
9
12
9
11
9
9
5
11
7
9
7
15
13
6
4
16
9
5
14
6
9
7
7
6
10
6
7
4
10
10
12
9
4
6
8
8
10
11
4
17
14
9
14
8
13
7
7
6
10
12
6
9
14
13
4
11
12
8
5
14
7
5
7
9
12
7
6
7
6
11
4
8
8
11
9
10
9
10
15
6
14
7
11
5
8
7
10
9
5
5
9
17
10
12
11
16
6
14
5
6
7
5
10
8
5
9
11
9
9
13
6
9
8
5
12
10
8
6
6
7
17
5
13
11
13
9
7
21
13
10
15
10
18
6
7
8
7
8
4
8
7
6
4
9
13
9
9
6
9
8
6
5
9
4
11
5
11
10
6
4
3
8
5
8
12
4
10
8
6
11
11
5
8
8
4
10
9
8
7
2
9
6
12
3
9
5
3
9
5
7
6
4
15
9
10
5
13
11
6
6
5
11
6
10
3
6
12
10
4
10
12
13
5
6
11
10
16
10
7
7
8
9
9
3
8
7
6
11
7
9
6
8
10
10
6
7
10
7
6
4
5
7
8
6
7
5
14
11
10
7
3
5
7
7
10
11
6
11
14
5
7
10
7
12
4
8
7
9
9
6
6
11
4
6
3
5
5
5
8
15
7
6
7
6
6
7
5
12
4
7
7
5
4
8
4
4
9
4
9
14
8
9
14
7
8
9
9
8
4
8
9
4
10
8
11
10
8
7
3
5
10
11
9
6
6
13
8
9
3
8
8
7
5
5
7
10
8
6
3
12
10
6
10
6
12
5
5
6
9
8
8
11
10
4
8
7
4
7
6
5
11
10
10
11
7
13
10
13
13
24
15
8
11
9
13
11
9
14
10
14
20
17
10
10
9
5
5
9
4
8
10
13
4
8
4
10
3
7
9
6
10
6
11
6
11
4
10
5
6
10
8
4
8
10
6
7
8
5
12
11
3
10
4
11
4
6
6
2
4
8
6
7
7
8
5
7
3
10
4
5
5
7
7
4
10
8
4
6
7
6
6
8
7
9
5
8
7
6
9
8
6
8
5
6
9
6
7
3
6
10
2
8
6
3
5
9
6
5
3
4
6
5
6
9
9
5
5
9
5
7
4
6
7
4
6
7
6
6
7
10
6
3
5
11
6
6
9
3
3
6
9
5
1
7
4
7
10
6
3
4
4
4
7
3
19
6
3
4
3
8
10
9
5
9
4
3
9
7
8
4
8
8
7
10
7
11
4
1
11
6
9
5
12
8
9
8
8
7
7
8
4
7
5
9
5
8
10
8
8
6
8
9
6
6
0
13
15
7
3
9
6
4
7
3
8
6
12
6
10
6
6
11
4
9
11
5
6
5
6
4
5
7
9
8
8
5
3
9
4
8
10
7
8
5
5
10
6
2
8
6
9
5
4
3
2
4
9
9
6
5
9
9
11
3
3
8
6
8
7
7
7
4
7
6
4
8
8
1
9
6
3
9
9
10
11
8
6
2
5
8
5
5
8
3
5
3
11
6
5
4
9
7
10
7
4
10
4
10
7
7
8
4
7
8
6
7
4
4
1
8
4
4
1
10
11
7
5
9
8
7
4
5
5
8
6
6
8
14
6
5
9
14
8
3
9
3
6
4
8
7
8
2
4
5
3
4
2
11
5
6
4
6
3
11
5
5
10
8
7
4
4
6
4
8
8
12
6
6
8
9
11
4
7
6
10
4
6
4
8
10
8
10
6
5
7
8
5
7
14
5
10
4
5
8
9
7
6
9
5
10
7
5
12
1
7
2
3
4
3
10
5
7
10
4
6
5
0
6
6
7
3
6
4
5
9
8
7
7
4
5
7
8
5
2
8
6
8
7
3
6
9
8
5
4
5
10
9
4
9
12
4
6
4
6
6
4
6
8
7
8
8
11
12
6
16
3
9
5
9
6
5
2
2
4
10
5
11
4
5
3
8
8
6
10
3
10
9
5
4
4
7
4
4
9
7
6
3
8
6
8
7
5
11
12
7
9
7
12
11
5
7
8
5
11
8
11
10
10
6
7
8
5
6
9
7
3
10
12
6
9
5
4
6
5
3
5
6
7
5
10
6
6
7
4
12
7
4
6
10
8
7
6
11
6
2
11
5
8
7
6
7
4
1
5
5
9
5
9
7
8
8
8
7
8
7
8
7
4
6
3
7
9
7
7
5
7
8
8
4
8
2
6
9
3
8
11
5
10
8
4
5
2
10
6
8
10
7
4
10
3
8
3
4
9
5
6
6
4
6
4
8
7
9
4
6
6
5
7
8
6
4
7
4
6
5
7
8
4
7
4
9
7
4
3
7
3
7
3
7
2
10
6
8
5
5
9
4
8
3
5
6
6
2
1
8
1
3
7
7
6
4
5
8
3
5
7
10
3
9
16
5
6
7
5
4
5
4
3
5
6
6
3
7
7
12
7
7
11
5
12
3
6
4
6
5
5
6
6
8
4
7
9
8
10
6
8
4
9
7
10
8
4
5
3
9
7
2
7
8
6
6
5
10
11
5
8
2
5
4
10
4
13
11
4
4
6
7
6
5
2
7
8
8
9
9
7
3
5
5
4
5
6
5
4
3
9
7
8
5
6
7
5
4
6
7
3
3
2
3
2
8
7
8
3
11
5
11
8
6
6
5
3
5
6
6
7
3
7
3
7
4
2
5
8
5
2
7
4
6
7
5
7
10
9
12
5
4
11
7
3
2
11
4
3
6
7
5
2
6
7
5
4
3
4
7
5
7
6
7
8
7
2
11
2
9
3
2
8
6
4
6
11
3
4
6
3
5
6
5
8
6
6
4
8
4
11
5
3
4
7
8
8
2
5
8
7
3
4
6
2
5
2
4
9
6
4
4
6
7
4
7
4
6
6
6
3
9
5
5
7
12
3
8
8
9
5
7
7
9
4
4
5
12
3
6
7
10
4
11
7
4
7
13
11
10
9
7
17
3
16
9
5
8
9
8
4
6
5
5
4
4
4
5
5
7
6
6
5
5
4
10
3
6
5
5
4
8
8
3
3
8
10
9
8
11
7
7
11
5
10
9
8
12
8
5
11
8
11
8
6
9
2
3
4
11
7
6
8
9
4
7
5
5
8
5
13
8
6
4
4
6
9
3
2
8
6
6
5
7
12
2
7
5
5
4
5
6
10
1
5
6
5
4
6
8
10
8
3
7
7
5
7
3
4
4
5
9
7
3
5
5
2
5
9
2
4
8
4
5
7
5
7
7
7
6
2
3
4
7
5
4
6
7
6
8
6
8
4
5
9
5
7
6
6
6
6
4
3
6
7
1
4
4
8
8
8
10
8
3
5
6
6
5
3
3
4
5
4
9
3
6
7
8
2
5
8
2
6
6
4
2
4
8
8
3
8
4
4
7
7
6
7
6
3
3
9
8
4
8
7
5
5
6
7
6
4
4
6
6
6
4
7
5
5
8
9
4
10
4
4
7
8
7
7
6
7
6
5
7
8
3
7
8
3
6
6
5
1
7
4
3
2
6
8
6
5
7
7
2
10
6
8
7
7
2
6
6
5
9
8
5
8
6
4
2
8
5
3
2
5
6
7
8
4
9
5
4
9
8
3
4
3
7
3
8
6
2
5
4
7
4
7
5
9
10
10
8
10
10
8
10
9
13
9
9
11
11
11
14
6
11
11
4
6
1
10
3
5
8
2
2
6
4
9
5
5
3
6
7
6
8
4
4
5
5
6
4
5
5
6
10
9
6
6
3
8
9
4
0
8
6
7
4
8
4
10
6
8
4
6
2
5
6
8
8
10
7
7
7
5
6
5
2
8
7
4
6
0
3
12
4
6
3
3
6
5
6
5
8
6
4
11
7
8
9
3
6
5
3
6
3
6
8
5
6
9
8
5
4
4
11
11
4
5
4
7
9
4
4
10
4
3
15
9
10
12
14
15
17
11
16
16
21
7
8
5
7
5
7
2
8
8
7
5
7
11
3
9
1
7
7
9
5
12
3
5
7
10
3
4
6
3
5
3
5
4
10
6
7
4
6
6
4
6
4
4
8
4
3
6
5
7
5
2
8
5
3
9
8
6
4
9
6
6
6
7
6
6
7
5
6
6
3
6
5
1
5
7
9
7
13
3
8
11
8
4
4
6
5
4
4
5
5
5
3
5
6
5
3
1
7
2
6
5
8
5
8
4
4
7
6
4
6
6
5
5
4
7
5
6
5
5
2
8
6
5
6
4
8
10
5
7
4
6
10
8
6
6
6
9
4
4
8
4
6
5
5
5
5
3
7
7
10
7
8
5
5
8
2
5
2
7
5
5
4
2
4
5
8
10
11
3
5
9
4
6
3
5
4
3
10
2
6
5
3
5
7
7
3
6
5
1
5
7
6
10
3
6
3
7
1
4
6
3
5
2
8
7
5
4
5
2
2
6
6
6
12
6
8
3
4
3
8
3
7
2
4
4
5
6
5
8
3
4
9
6
6
9
5
3
6
6
5
10
14
8
2
3
3
9
5
1
4
6
4
6
8
8
9
1
4
6
9
5
9
4
5
1
2
1
3
6
4
3
3
5
6
5
3
3
1
6
3
4
8
4
6
3
3
4
3
5
7
5
5
5
6
8
3
2
7
6
3
3
6
4
4
4
4
5
3
2
4
4
3
6
8
4
5
9
5
8
6
4
7
10
6
7
8
7
6
4
8
5
6
2
4
3
4
3
4
7
7
8
5
6
4
14
4
3
4
5
2
6
10
6
1
9
7
6
7
5
6
12
7
4
2
6
2
7
6
7
4
5
7
4
3
6
5
5
6
4
4
4
10
8
4
4
5
5
5
2
5
7
6
9
4
4
10
5
12
7
6
13
9
5
15
10
10
13
11
11
13
8
3
16
9
9
7
3
6
4
7
7
4
4
4
6
5
2
5
2
4
5
6
4
6
10
6
4
5
5
6
8
6
6
4
5
12
6
10
2
5
5
5
8
11
9
12
9
8
9
12
6
4
7
8
4
4
6
5
2
8
10
5
5
4
4
5
8
10
5
7
2
7
5
6
6
5
6
7
4
8
8
7
7
6
6
4
5
6
7
2
6
6
4
6
5
3
7
2
4
4
3
3
4
9
8
5
8
4
5
5
6
7
6
3
3
5
1
6
7
4
4
2
6
6
0
5
7
6
2
6
4
0
5
6
5
6
6
5
1
4
5
5
2
2
5
3
4
3
4
4
4
7
2
6
5
5
0
4
4
3
5
9
3
3
8
2
1
8
6
3
0
4
5
7
5
10
2
4
6
4
4
9
3
4
5
7
6
1
7
5
4
7
5
4
6
4
7
4
4
2
6
3
4
4
1
3
2
7
7
5
3
5
7
4
3
3
1
4
2
7
4
3
5
7
3
3
3
4
6
9
8
7
7
9
6
10
12
6
6
7
8
9
5
6
7
5
1
5
2
4
2
5
8
5
3
6
9
7
7
5
6
8
2
3
8
4
3
6
7
7
6
10
1
3
3
3
2
3
5
7
7
6
1
2
3
2
8
2
5
5
4
3
2
6
7
10
9
6
8
13
9
13
18
14
11
11
13
15
14
13
7
8
7
3
5
5
6
2
7
2
9
7
6
3
4
3
2
11
4
7
7
5
5
3
4
2
3
7
4
2
7
3
3
7
6
5
6
4
3
1
4
9
2
3
6
4
6
4
5
5
9
7
4
5
7
6
2
6
8
4
1
4
6
5
3
4
4
3
5
7
5
2
4
9
4
4
5
4
2
1
6
2
5
4
9
3
4
3
6
8
3
8
2
3
7
3
4
10
7
4
5
4
7
9
8
2
10
3
6
5
9
8
6
4
3
12
6
10
6
5
8
7
8
5
8
9
12
5
5
4
5
4
4
7
3
3
4
3
9
8
5
5
6
6
4
6
2
2
6
3
6
2
4
4
3
6
4
4
6
6
3
9
4
6
12
7
5
4
8
6
2
4
2
2
5
6
6
6
2
9
2
3
2
4
3
2
3
3
2
5
5
4
2
6
4
1
5
1
5
4
3
9
3
9
1
7
7
4
8
5
3
5
2
5
5
3
5
4
5
5
6
5
3
2
5
7
7
2
5
7
3
4
1
8
2
6
12
9
5
0
3
4
4
4
3
4
4
4
4
6
2
3
5
5
2
5
1
1
2
6
2
4
2
0
1
5
4
5
3
1
8
6
1
2
5
2
3
5
5
4
4
4
3
1
4
3
3
3
3
6
3
3
5
4
5
6
2
2
0
3
1
2
3
2
5
2
4
5
3
4
0
4
3
1
3
6
2
4
2
3
1
0
3
1
2
2
2
4
8
5
7
4
6
6
5
4
9
4
5
8
2
7
4
1
5
2
4
4
4
3
3
2
5
4
2
3
2
2
7
3
4
3
3
6
5
6
4
3
6
4
1
5
0
6
4
6
1
10
7
2
1
5
3
4
4
2
2
5
3
1
4
2
4
3
3
3
3
5
5
8
5
1
4
4
6
2
5
3
5
2
5
2
6
2
2
10
5
1
4
3
3
0
3
8
6
5
1
3
3
2
2
4
2
3
1
1
5
5
4
3
6
6
1
5
7
1
4
4
4
2
5
5
6
1
7
4
6
3
7
3
4
3
8
5
3
3
1
2
3
3
1
2
3
4
2
6
4
3
2
3
4
1
3
2
6
4
10
3
6
4
3
5
7
4
1
1
4
2
6
3
1
4
1
5
2
2
5
1
4
2
2
3
3
2
3
3
9
1
7
3
12
6
8
7
10
14
13
12
14
15
18
12
8
13
10
7
4
4
3
1
1
3
4
5
6
4
4
3
5
8
4
3
2
2
4
3
4
0
0
2
7
2
3
6
8
5
10
7
10
5
9
12
11
7
12
15
11
14
8
9
11
7
7
6
5
5
1
3
1
6
2
1
5
6
5
10
3
8
5
4
1
4
5
5
5
5
7
4
3
3
1
7
3
4
1
3
4
7
2
3
0
1
2
2
3
4
2
1
3
5
4
2
5
2
3
2
5
4
3
2
1
0
2
7
1
2
4
3
2
5
0
1
2
1
4
2
1
3
1
3
1
0
2
0
0
0
4
2
4
0
2
3
1
3
2
0
1
2
3
7
3
2
2
2
2
4
3
4
3
2
3
3
2
2
2
3
3
1
2
3
3
10
4
3
2
0
0
1
1
1
2
1
2
2
1
4
2
2
4
1
2
2
2
4
2
1
1
3
0
4
1
3
2
1
1
0
3
3
4
1
2
4
4
3
5
4
2
2
3
3
4
2
2
2
1
1
6
5
3
6
0
3
3
3
1
5
4
1
1
3
3
2
3
2
6
4
4
3
7
4
3
2
5
6
4
3
3
2
7
4
3
2
2
2
5
5
5
6
5
4
1
4
3
2
0
1
0
5
3
5
1
3
1
0
1
2
2
1
2
6
2
4
3
1
2
0
2
4
4
3
2
0
2
2
2
5
5
1
4
2
4
2
2
0
4
2
3
4
2
4
4
0
6
2
2
2
3
0
4
3
5
2
2
2
2
4
1
4
2
0
1
6
0
1
6
2
1
2
4
3
4
2
4
3
4
2
2
0
2
0
3
3
4
1
3
1
2
3
3
2
2
2
3
2
5
1
3
4
0
0
1
0
1
3
3
2
5
3
4
1
1
1
2
2
3
0
0
5
3
3
0
4
1
2
1
1
3
3
2
7
2
4
1
2
3
2
1
2
3
1
6
4
1
5
6
4
7
4
5
7
8
14
5
6
3
10
10
9
5
0
4
4
2
4
2
4
2
3
2
2
2
2
2
2
4
4
3
2
5
1
2
2
2
6
4
5
3
4
2
7
4
2
7
2
1
4
8
3
6
7
4
6
6
3
4
4
6
5
3
2
3
3
1
1
2
4
2
1
4
1
1
1
4
4
2
2
1
3
1
5
4
2
3
2
2
2
2
0
6
1
2
0
0
4
3
2
5
1
2
2
1
4
2
3
2
2
3
5
2
0
4
4
3
4
2
1
1
4
4
2
2
2
4
3
2
2
1
3
1
4
3
2
4
1
6
1
1
2
3
4
1
1
0
5
2
1
0
3
1
1
5
3
5
3
1
4
4
1
5
3
1
0
4
3
4
2
3
1
2
2
2
1
5
0
3
2
3
4
1
2
1
2
1
2
0
4
1
1
1
3
2
0
0
2
1
0
1
1
1
1
2
4
2
0
0
0
2
0
2
1
1
0
2
1
1
0
2
1
4
2
0
2
0
1
1
0
0
2
2
2
0
1
3
3
2
2
1
1
1
3
0
4
2
5
3
3
0
0
1
4
1
2
0
1
1
1
3
1
1
1
1
2
2
2
1
4
0
0
1
3
1
3
1
1
0
1
3
3
4
3
2
3
2
2
2
5
0
1
0
0
1
3
2
2
1
5
5
1
0
1
1
3
1
0
1
0
2
2
2
4
1
6
1
1
4
2
5
2
1
1
2
0
1
2
3
4
1
3
0
2
0
3
2
2
0
1
4
1
1
1
2
3
3
2
5
1
3
0
0
2
3
3
0
2
3
1
1
2
3
2
1
1
1
1
1
2
2
1
1
3
3
2
1
3
2
2
2
3
1
1
1
1
3
1
4
1
2
1
1
4
1
2
2
0
2
2
1
4
0
2
2
1
0
2
3
0
2
4
1
1
2
6
3
1
1
4
3
3
4
0
3
4
6
3
1
4
1
2
0
3
0
0
3
5
1
2
0
3
0
0
3
0
1
2
4
2
1
0
4
7
2
6
7
3
8
4
7
5
1
7
9
4
1
4
5
4
1
3
4
1
5
3
1
4
2
5
6
4
5
4
5
10
0
4
5
6
3
3
5
2
0
2
2
3
0
0
4
4
1
0
1
3
2
4
1
2
1
2
2
2
5
1
0
2
2
1
0
3
1
3
3
1
0
1
1
0
0
0
3
1
2
1
2
3
1
2
1
2
1
3
1
1
2
0
1
2
0
0
2
1
1
2
1
1
2
1
0
0
1
1
2
5
3
0
2
2
2
3
2
2
1
1
1
2
3
3
1
2
2
3
1
1
1
2
1
1
0
2
4
2
3
3
2
0
0
1
0
0
1
2
1
1
0
4
0
2
1
3
2
1
1
1
0
0
2
1
2
2
1
0
2
0
0
3
1
1
0
5
1
2
2
0
2
2
0
3
3
0
1
3
1
2
1
3
2
4
1
0
1
1
4
1
2
2
3
2
1
3
1
3
1
2
0
2
2
2
0
4
1
3
0
3
0
2
0
2
3
1
2
2
2
2
3
2
2
1
0
1
1
1
1
3
2
1
2
3
1
0
0
0
1
0
0
1
0
2
2
0
2
1
2
0
0
1
0
4
3
0
0
2
0
0
0
2
0
1
1
0
1
1
1
0
2
0
3
0
1
0
0
3
1
1
0
0
2
0
1
1
1
1
0
0
0
0
2
2
2
2
2
1
0
2
1
1
2
3
2
0
1
1
2
1
1
1
2
1
0
0
0
2
2
2
2
0
0
7
0
0
1
2
3
3
3
0
4
2
1
0
2
0
6
1
1
3
1
1
1
1
3
1
0
1
0
1
1
1
0
0
0
1
1
1
1
1
0
1
3
2
1
0
0
1
2
0
2
3
1
1
3
5
1
1
2
2
0
1
2
0
1
1
1
1
2
1
1
2
0
1
0
1
0
1
3
2
3
0
1
4
0
0
1
1
0
3
3
2
0
3
4
2
2
1
1
0
0
1
1
1
0
2
1
4
4
2
0
3
0
1
0
3
3
1
2
3
1
1
0
2
1
0
1
4
1
0
3
1
2
1
0
2
1
4
1
5
0
1
1
3
1
2
1
4
2
3
0
0
1
0
1
1
2
3
0
0
0
0
0
0
1
3
2
3
1
1
2
0
0
0
3
2
3
1
1
0
1
1
1
2
2
2
1
1
1
0
0
0
1
1
2
1
2
1
1
1
2
1
0
1
1
0
0
1
3
0
1
1
1
1
1
2
2
2
0
0
2
2
1
1
2
3
2
1
0
0
1
2
3
1
2
1
4
3
1
2
0
0
0
1
0
2
1
0
2
1
0
0
1
1
1
2
1
0
0
0
1
2
1
1
1
1
4
0
0
1
2
1
1
0
1
1
3
0
2
1
0
2
0
1
0
0
0
0
0
1
1
1
0
0
2
0
0
3
3
0
2
0
3
4
2
1
2
1
1
0
0
2
2
2
1
1
1
0
2
1
0
1
0
0
0
2
1
2
0
0
0
0
2
1
3
2
4
2
1
3
1
1
0
0
2
0
3
2
1
1
2
2
1
2
1
0
1
0
0
2
2
0
1
0
3
3
1
0
2
1
2
0
0
0
1
1
0
3
3
3
2
0
1
1
2
0
1
0
0
1
1
0
0
2
1
0
1
2
3
0
1
3
1
0
1
4
1
0
1
2
1
3
3
2
2
1
1
2
2
0
1
0
1
0
0
0
2
0
4
1
2
3
3
2
3
0
1
2
1
0
1
0
0
3
3
2
0
4
1
0
1
0
1
0
0
2
0
1
3
0
0
2
3
1
0
2
0
2
4
0
1
0
1
0
1
1
1
2
2
3
1
1
0
0
0
2
2
1
0
0
2
2
1
0
1
0
2
0
2
0
1
3
1
2
3
2
2
0
4
4
3
3
4
3
4
7
4
4
4
9
5
8
3
2
4
2
2
4
1
2
1
2
0
1
2
1
0
0
1
0
0
3
0
0
1
3
0
0
3
0
2
1
1
0
0
4
0
0
1
0
1
0
0
1
2
0
1
0
0
0
2
0
1
0
3
2
1
0
1
1
1
1
0
0
2
2
0
1
2
2
0
2
1
0
1
0
3
1
0
2
1
1
0
2
3
2
0
0
2
0
0
0
2
2
0
1
1
2
1
0
0
2
2
0
0
2
2
1
2
1
1
2
2
1
0
1
0
3
1
1
2
1
1
1
2
0
1
0
2
1
0
0
2
3
0
2
0
0
1
0
3
0
1
2
0
3
3
1
1
1
3
0
2
1
0
2
0
1
1
1
2
1
2
0
0
0
1
2
0
0
0
0
0
0
0
1
1
4
0
0
0
0
4
1
2
2
1
0
0
2
2
1
1
0
0
0
1
1
1
1
0
1
0
1
2
0
1
0
3
1
0
0
1
1
1
1
3
1
0
2
1
2
2
0
1
1
0
1
0
2
0
0
2
0
0
1
3
1
0
0
2
1
1
0
0
2
1
0
0
0
1
1
2
0
0
1
1
3
1
1
0
0
1
4
2
1
1
0
2
2
0
1
0
1
0
0
2
0
2
0
0
0
1
1
1
0
0
0
0
1
0
2
2
0
1
1
2
0
0
0
0
3
0
0
3
0
0
3
1
1
0
1
0
0
2
0
2
2
0
0
1
0
1
0
0
0
0
0
2
3
2
2
0
0
1
1
0
1
4
1
1
0
1
1
1
2
0
0
1
2
1
1
0
1
1
1
1
2
0
0
0
1
2
0
1
0
0
0
2
2
1
0
2
0
2
2
0
0
3
1
0
1
1
0
4
3
1
0
2
0
2
0
1
1
0
1
0
1
0
2
2
0
2
0
1
0
1
0
1
1
2
2
1
2
2
1
3
4
1
1
0
0
0
1
1
1
0
4
1
0
0
0
0
2
2
0
0
1
2
0
0
1
2
3
0
0
0
0
0
0
2
1
1
0
1
3
0
0
2
1
2
0
3
1
1
0
2
3
0
6
1
0
0
2
1
2
2
0
1
1
2
1
2
1
4
0
2
2
1
3
2
3
0
1
3
2
2
4
2
0
0
1
1
3
1
1
0
0
2
1
2
2
1
1
0
0
4
2
1
0
2
1
0
0
2
2
0
1
1
0
0
0
0
0
1
0
0
0
1
1
0
0
1
0
2
0
1
1
1
0
1
2
1
1
0
1
1
0
1
0
0
0
0
0
1
0
1
0
0
0
3
1
1
0
1
0
0
1
0
1
0
0
2
1
0
2
0
0
2
0
1
0
3
4
3
1
0
0
0
2
0
0
3
2
0
1
0
1
1
0
1
2
2
1
1
0
0
2
1
2
1
0
0
1
0
1
3
1
1
0
1
1
2
2
2
2
0
1
1
0
2
1
2
2
1
0
0
0
1
0
0
1
2
1
1
0
0
1
1
2
0
3
1
1
1
0
2
3
1
0
0
0
3
1
1
1
1
3
0
1
2
1
0
2
1
2
1
0
0
2
1
0
0
0
1
1
1
0
1
0
1
2
1
1
3
1
1
0
0
1
0
2
2
0
2
3
0
1
0
0
1
2
1
2
0
0
0
1
0
0
0
2
1
0
1
0
1
0
1
2
1
1
1
2
2
1
1
1
3
1
3
5
2
3
1
3
0
3
2
4
2
1
3
1
0
3
2
0
4
2
1
2
0
2
1
3
1
2
0
0
2
1
0
0
0
2
0
0
0
0
1
1
0
1
2
1
1
1
1
0
0
0
1
0
1
2
0
0
1
0
0
2
0
0
1
3
1
2
3
1
2
3
2
1
0
0
1
2
2
1
0
0
0
1
1
1
1
1
0
3
0
0
3
1
1
1
0
0
1
1
2
0
0
1
4
1
1
1
0
2
1
1
1
0
0
2
0
1
0
0
2
0
0
0
0
0
1
2
0
1
1
0
2
2
1
0
1
0
2
1
0
0
1
0
1
1
1
0
0
2
1
1
0
1
1
1
1
2
0
2
2
0
1
0
1
0
0
0
1
0
0
1
1
0
1
2
2
1
0
1
1
2
2
1
1
1
3
3
0
1
2
2
1
0
0
0
0
0
2
0
2
1
2
0
2
2
0
1
1
1
0
1
4
1
0
1
0
1
1
1
0
0
0
1
1
2
0
0
1
1
0
1
1
0
2
2
0
0
0
1
0
2
1
1
2
1
0
0
1
1
1
2
0
1
2
1
1
0
0
1
1
0
0
0
0
2
1
1
3
1
3
2
1
1
1
0
0
1
1
1
0
0
1
0
0
0
0
0
0
0
1
1
2
0
1
1
4
0
0
1
1
1
0
0
0
1
0
1
2
1
1
1
0
1
0
0
0
1
1
1
0
0
1
0
0
0
3
1
1
2
0
0
0
0
2
2
0
1
1
2
0
0
1
0
2
0
0
2
3
0
0
0
0
0
0
0
0
0
1
0
1
1
0
0
1
0
1
0
1
0
0
2
0
1
1
0
0
0
1
1
1
4
1
2
0
0
1
0
0
1
1
3
0
1
5
1
1
2
0
1
1
1
0
0
1
1
2
2
3
1
2
2
0
1
0
2
0
2
0
0
1
1
0
0
1
1
0
0
1
0
0
1
0
3
0
1
1
1
1
0
1
0
2
0
1
2
0
0
2
0
0
2
0
1
0
1
2
1
0
1
1
1
1
0
0
1
0
1
1
2
1
1
1
1
0
1
2
0
0
1
1
3
1
0
0
0
1
1
2
0
2
0
2
1
2
0
0
0
2
1
0
0
0
0
2
1
0
0
1
1
0
0
0
1
0
0
0
1
0
0
1
1
3
0
2
1
0
1
0
0
2
0
0
0
0
0
0
0
0
0
0
1
1
0
1
1
2
1
1
1
0
0
2
1
2
0
1
2
0
1
1
3
2
1
1
1
2
1
1
2
0
1
0
0
1
0
2
0
0
1
2
0
2
0
2
1
3
3
0
1
1
1
0
0
2
0
0
0
1
2
1
0
2
0
0
0
0
0
0
1
3
0
1
1
0
0
1
1
2
1
0
2
2
0
0
1
0
1
0
1
0
1
1
0
2
1
0
1
1
0
0
2
0
0
2
0
2
0
1
1
0
1
0
0
0
0
1
0
0
1
1
0
0
0
0
0
1
0
1
0
0
0
0
0
2
0
1
1
1
0
0
0
0
0
0
0
0
1
0
0
0
0
1
1
0
1
0
0
0
1
1
1
0
0
2
2
0
0
0
1
1
2
0
1
1
1
0
1
0
1
0
1
1
1
1
0
0
0
0
0
2
0
1
0
1
0
0
0
0
0
0
0
1
1
2
2
0
0
0
1
0
1
0
1
0
0
2
0
1
1
1
1
1
0
0
1
1
1
0
1
0
0
1
1
2
0
0
1
0
1
1
0
0
0
1
0
2
0
0
0
3
1
4
0
0
1
2
0
1
0
0
1
0
1
1
1
0
1
0
2
0
0
1
1
0
0
1
1
0
0
0
1
1
2
4
3
1
1
1
1
0
3
2
0
1
1
1
0
3
2
1
1
2
2
3
0
3
0
1
0
0
0
4
1
5
5
2
0
0
1
0
1
2
2
1
2
0
1
1
0
0
0
2
0
1
0
1
1
0
2
0
1
1
0
2
1
0
3
0
3
0
0
1
1
0
0
0
1
0
1
0
1
0
1
0
2
0
0
0
1
0
0
1
0
0
0
2
0
0
0
1
0
0
1
0
0
0
2
2
0
0
0
2
0
0
0
0
0
0
1
1
0
0
0
0
0
1
1
1
0
1
0
0
1
0
1
0
1
0
1
1
1
2
0
1
0
1
2
2
1
1
0
0
0
1
1
0
0
0
0
0
0
1
0
0
0
0
0
1
0
0
1
1
0
0
1
0
0
1
0
3
1
1
0
0
1
1
0
0
1
0
1
1
0
2
1
0
0
0
0
1
1
0
1
1
1
2
1
0
0
1
1
0
0
0
0
1
0
0
0
1
1
0
1
1
0
0
1
1
0
1
0
1
0
0
0
0
0
0
0
1
0
1
1
1
2
1
0
0
0
0
2
0
2
2
1
0
0
0
2
3
0
2
1
1
0
1
0
1
1
1
1
1
0
0
0
0
0
0
0
0
0
0
1
0
0
0
0
1
0
0
0
0
0
1
0
0
1
2
1
0
0
0
1
1
1
3
0
0
2
0
0
3
1
0
0
0
1
1
1
1
2
0
0
1
0
1
0
2
3
0
1
0
1
0
0
0
0
1
0
1
0
0
1
0
1
0
0
0
0
0
0
0
1
0
0
1
1
1
0
1
0
0
0
0
1
0
2
1
0
0
2
0
1
0
1
0
0
1
0
1
0
0
0
0
1
0
1
1
0
0
0
0
0
0
0
1
0
1
0
0
0
0
1
1
0
1
0
0
0
1
0
1
2
0
0
1
0
1
0
2
1
0
0
0
0
2
0
0
0
3
2
0
0
1
0
1
0
0
0
0
1
1
0
1
0
0
1
1
0
0
0
0
1
1
0
0
0
0
0
0
0
0
0
0
0
0
1
2
0
0
0
1
0
1
0
0
2
0
0
0
0
0
0
0
0
0
0
0
0
1
0
0
2
0
0
0
0
0
0
0
1
0
0
0
0
0
0
0
0
1
0
1
1
0
0
0
0
0
0
0
0
1
1
0
0
0
0
0
0
0
1
1
0
0
1
0
0
0
0
0
1
1
0
1
0
0
0
1
0
1
0
0
0
1
1
0
0
0
1
1
1
0
0
0
0
0
1
0
0
0
0
1
0
0
0
2
2
0
0
2
1
1
1
1
0
2
0
3
2
0
0
0
2
0
0
0
0
1
0
3
1
1
1
2
3
1
1
2
0
0
0
0
0
1
1
0
1
1
1
0
0
0
0
0
0
0
0
0
0
0
0
1
0
2
0
0
0
0
0
2
0
1
1
0
0
0
1
1
1
0
1
0
0
0
0
1
1
0
2
1
1
0
1
0
0
1
0
0
1
1
0
0
1
0
0
0
0
0
0
0
0
0
1
1
1
1
0
0
0
0
0
1
0
0
0
0
0
0
1
0
0
0
1
0
0
1
0
0
0
0
0
0
1
1
2
0
0
0
1
0
0
0
1
0
0
1
0
0
0
1
0
0
1
3
1
1
2
1
0
0
1
0
0
2
1
1
0
2
0
1
0
0
0
0
0
0
1
1
0
0
0
1
0
0
0
1
0
0
0
0
1
0
0
1
0
1
1
1
0
0
0
0
0
0
0
0
0
1
0
1
0
0
0
0
1
0
0
0
0
0
1
0
1
0
0
0
0
0
1
0
0
1
0
0
1
0
0
1
0
0
0
1
0
0
0
0
0
1
0
0
1
0
0
0
2
0
0
0
0
0
1
0
0
1
0
1
1
0
2
1
0
2
1
0
0
0
0
0
0
1
0
0
0
0
1
1
0
0
2
0
0
2
0
0
0
0
0
0
0
0
0
0
0
1
2
0
0
1
0
1
0
1
1
0
0
0
0
0
0
0
0
0
0
0
0
1
1
0
0
0
0
0
1
1
0
0
0
0
0
0
0
1
0
0
1
0
1
0
0
0
0
0
0
1
0
0
0
0
0
0
0
0
0
0
0
1
0
1
0
1
1
0
0
0
1
1
0
1
0
0
0
0
1
0
0
0
0
0
0
0
0
1
0
0
0
1
0
0
0
0
1
0
0
0
0
0
0
1
0
0
0
0
1
1
1
0
1
0
1
0
0
0
0
0
0
1
1
0
0
0
0
0
0
0
0
0
1
0
0
1
0
1
0
0
1
0
0
0
1
0
0
0
1
0
0
0
0
0
0
0
0
0
0
0
0
0
0
1
0
0
0
1
0
1
0
0
0
1
1
1
0
1
0
0
1
0
0
0
0
0
0
0
0
0
0
0
0
0
0
0
0
0
1
2
0
0
0
1
0
0
0
1
0
0
0
1
0
0
0
1
1
0
1
0
0
0
1
0
0
0
0
0
0
0
0
1
0
1
0
0
0
0
0
0
1
1
1
0
0
0
1
0
1
2
1
0
1
0
0
0
2
0
1
0
0
1
0
1
0
1
0
0
1
0
0
0
0
0
0
0
0
0
2
2
0
0
0
0
0
0
0
0
0
1
0
0
0
0
0
0
0
0
0
0
1
1
1
0
1
0
0
1
0
0
0
0
2
1
0
0
0
0
0
0
1
0
0
0
0
0
0
0
0
1
0
0
0
0
0
0
0
0
0
1
0
0
0
0
0
0
0
0
0
0
1
0
1
0
0
0
0
0
0
2
0
0
0
0
0
0
1
0
0
1
0
0
0
0
0
1
0
0
0
0
0
1
0
0
0
0
0
0
0
0
0
0
1
0
1
0
0
0
0
0
1
0
2
0
0
0
0
0
0
0
2
0
0
0
1
0
1
0
0
0
0
0
0
1
0
0
0
0
0
0
0
0
0
0
0
0
0
0
0
0
0
0
0
1
0
0
0
1
0
0
0
0
0
0
0
0
0
0
0
1
0
1
0
0
0
0
1
2
0
0
1
0
0
1
1
0
0
0
0
0
0
0
0
1
1
0
0
0
0
0
0
1
1
0
2
0
0
1
0
0
0
0
0
0
1
0
0
1
1
1
1
0
0
0
0
0
0
1
0
1
0
0
1
0
0
0
1
0
0
0
0
0
0
1
0
0
0
0
0
0
1
0
0
0
0
1
0
0
0
0
1
0
1
0
0
1
0
0
0
0
0
0
0
0
0
0
1
0
1
0
0
0
0
0
2
0
0
1
0
1
0
0
0
0
0
0
0
0
0
0
1
0
0
0
0
0
0
0
0
0
0
0
1
1
0
0
0
0
1
0
0
0
1
0
0
0
1
0
1
0
0
1
1
0
0
0
0
1
0
0
0
0
0
0
1
0
0
0
0
1
0
1
0
0
0
0
0
0
0
1
0
0
0
0
0
0
0
0
0
0
0
1
1
0
0
0
2
1
0
0
0
1
0
0
0
0
0
0
0
0
0
0
1
0
0
0
1
0
2
0
0
0
0
0
0
0
0
0
1
1
0
0
0
0
0
0
0
1
0
0
0
0
0
0
0
1
0
0
0
0
0
1
0
0
0
1
0
0
0
0
1
0
0
0
1
0
0
0
0
1
1
0
0
0
0
0
0
1
0
0
0
0
0
0
0
0
1
0
0
0
2
1
0
0
0
0
0
0
0
0
0
0
0
2
0
0
1
0
0
0
0
0
0
0
1
1
2
0
0
0
2
0
0
0
0
1
0
0
0
0
0
2
0
0
0
0
0
0
0
1
1
2
4
0
1
1
0
1
1
1
0
1
2
0
0
0
0
0
0
0
0
0
0
0
0
0
0
0
0
0
1
0
2
0
1
0
0
0
0
0
0
0
0
0
0
0
1
0
0
0
0
0
2
0
0
0
0
0
0
0
0
0
0
0
0
2
1
1
0
0
0
0
0
0
0
1
0
1
0
0
0
0
0
0
0
1
0
1
1
0
1
1
0
0
0
1
0
0
0
0
0
0
0
0
0
0
0
1
0
0
0
0
0
0
0
0
0
0
2
0
0
0
0
0
0
0
0
0
0
0
1
0
0
0
0
1
1
0
0
0
0
0
1
0
0
1
1
1
0
0
0
0
1
0
0
0
0
0
0
1
0
0
0
0
0
0
0
0
0
1
0
1
0
0
0
1
0
0
0
0
0
0
0
1
0
0
1
0
2
1
0
0
0
1
0
0
0
0
0
0
1
0
0
1
1
0
0
0
0
1
0
0
0
0
0
0
0
0
0
0
0
1
0
1
0
0
0
0
0
1
0
0
0
0
1
1
0
0
0
0
1
0
1
0
0
0
0
0
0
0
0
1
0
0
1
0
0
0
0
0
0
0
0
0
0
0
0
0
0
0
0
0
1
0
0
0
1
1
1
0
1
0
2
0
0
0
0
1
0
1
0
2
0
0
0
2
2
0
0
0
0
1
1
1
0
0
0
0
0
0
0
0
0
0
0
1
0
0
0
0
0
0
0
1
0
0
1
0
0
0
0
0
1
0
0
1
0
0
1
0
1
0
0
0
0
0
0
0
0
0
0
0
0
0
0
0
0
0
0
0
1
0
0
0
1
1
0
0
1
0
1
0
0
0
0
1
1
0
2
0
0
0
0
0
0
0
0
1
0
0
1
0
0
0
1
0
0
0
0
0
0
0
0
0
0
0
0
0
1
0
1
1
1
0
0
1
0
0
0
0
0
0
0
0
0
0
0
2
0
0
0
1
0
0
0
0
0
0
0
1
0
0
0
0
0
1
1
0
1
0
0
0
1
1
0
2
1
0
0
1
0
0
0
0
0
0
0
0
1
0
0
1
0
0
1
0
0
0
0
0
1
0
0
0
0
0
0
0
0
0
0
0
0
0
0
0
0
0
1
0
0
0
0
0
1
1
0
0
1
0
0
0
0
0
0
0
0
0
0
0
0
0
2
1
1
1
0
0
0
0
0
0
0
0
1
1
0
0
0
0
0
1
0
0
1
0
0
0
2
0
0
1
1
0
0
0
0
0
1
0
0
0
0
0
0
0
0
0
0
1
0
0
0
0
1
0
0
0
1
0
0
1
0
1
0
0
0
0
0
0
1
0
0
0
0
0
0
0
0
0
0
1
0
0
0
0
0
0
0
0
0
0
1
0
0
0
0
0
0
0
0
0
0
0
0
0
0
2
0
0
1
0
0
0
0
1
0
1
0
0
0
1
0
0
0
1
0
0
0
0
0
0
0
1
1
0
0
0
1
1
0
0
0
0
0
0
0
0
0
0
0
0
1
0
1
0
1
0
0
0
0
0
0
0
0
0
0
0
0
1
0
0
0
0
0
0
1
0
1
0
0
0
0
0
0
0
0
0
0
0
0
0
0
0
0
0
0
0
0
0
1
0
1
0
0
0
0
0
0
0
0
0
0
0
0
0
0
0
0
0
0
0
0
1
0
0
0
0
0
0
0
0
0
1
0
0
2
1
1
0
0
0
0
0
0
0
0
3
0
0
0
0
0
0
0
0
1
0
0
0
0
0
0
0
0
1
0
0
0
0
1
0
1
0
0
0
1
0
0
0
0
0
0
0
0
0
1
0
0
1
0
0
0
1
0
0
0
0
0
1
0
0
0
0
0
0
0
0
1
0
0
0
0
0
0
0
1
0
0
1
0
0
0
0
0
0
0
0
0
2
0
0
0
0
1
0
0
0
0
0
0
0
0
0
1
0
0
0
0
0
0
0
0
0
0
0
0
0
0
0
0
0
1
0
0
0
0
0
0
0
0
0
0
0
0
1
1
1
0
0
0
0
0
0
0
0
1
0
0
0
0
0
0
0
0
2
0
0
0
0
0
0
0
0
0
0
0
0
0
0
0
0
0
0
0
0
0
0
0
0
0
0
0
0
0
1
1
0
0
0
1
0
1
1
0
0
0
0
0
0
1
0
0
0
0
1
0
0
0
0
1
0
0
0
1
0
1
1
0
0
1
0
0
0
0
0
0
0
0
0
0
0
1
0
0
0
0
0
0
1
0
0
0
0
0
0
0
0
0
0
0
0
0
0
0
0
0
0
0
0
0
0
0
0
0
0
1
1
0
0
0
1
1
0
0
0
0
0
0
0
0
0
0
1
0
0
0
0
0
1
1
1
0
1
0
0
0
0
0
0
1
1
0
0
0
0
0
0
0
0
0
0
0
0
1
0
1
0
0
0
0
0
0
0
0
0
2
0
0
0
0
0
0
0
0
0
0
0
0
0
0
0
1
0
0
0
0
0
0
0
0
0
0
1
0
0
1
0
0
0
0
0
0
0
1
0
0
0
0
0
0
0
0
0
0
0
1
0
0
0
0
0
1
0
0
0
0
0
0
0
0
1
0
0
0
0
1
0
0
0
0
0
0
0
0
0
0
0
0
0
0
0
0
0
0
0
0
0
0
0
0
0
0
0
0
0
0
0
0
0
0
0
0
0
0
0
0
0
0
0
1
0
0
1
0
1
0
0
0
0
1
0
0
1
0
0
0
0
0
0
1
1
0
1
0
0
0
0
0
0
1
0
0
0
0
0
0
0
0
0
0
0
0
0
1
0
1
0
0
1
1
0
0
0
0
0
0
0
0
0
0
0
0
0
1
0
0
0
1
0
0
0
0
0
1
0
0
0
1
0
0
1
0
0
0
0
0
0
0
0
0
0
0
0
0
0
0
1
0
0
0
0
0
1
0
0
0
0
0
0
0
0
1
0
0
0
0
2
0
0
1
1
1
0
0
0
0
0
0
2
0
0
0
0
0
0
0
0
1
0
0
0
0
0
0
0
0
0
0
0
0
1
0
0
0
1
0
0
0
0
0
0
0
0
0
0
0
0
0
0
0
1
1
0
0
0
0
0
0
0
1
0
0
0
0
0
0
0
0
0
0
1
2
0
0
0
0
1
0
0
1
1
1
0
0
0
0
0
0
1
1
0
0
1
0
0
0
0
0
0
2
0
0
0
0
0
0
0
0
0
0
0
0
0
0
0
0
1
0
0
0
0
0
0
0
0
0
0
0
0
0
0
0
0
0
0
0
0
0
0
0
0
0
0
0
0
1
0
0
0
0
0
0
0
0
0
0
0
0
0
0
0
0
0
0
0
0
0
1
0
0
0
0
0
0
0
0
0
0
0
0
0
0
0
0
0
0
0
0
0
0
0
0
0
1
0
0
0
0
1
0
0
2
0
0
1
0
0
0
0
0
0
0
0
0
0
0
1
0
0
0
1
0
1
2
0
0
0
0
0
0
0
0
0
0
0
0
1
0
0
0
0
0
0
0
1
0
0
0
0
0
0
0
0
0
0
1
0
0
0
0
0
0
0
0
1
0
0
0
0
0
0
0
0
0
0
0
0
0
0
0
2
0
1
1
0
0
0
0
0
0
1
0
0
0
0
0
0
0
0
0
0
0
0
0
0
0
0
0
0
1
0
0
1
1
0
0
1
0
1
0
0
0
1
0
0
0
0
0
0
0
1
0
0
0
1
0
0
0
0
0
0
0
0
0
0
0
0
0
0
0
0
0
1
0
0
0
0
0
0
0
0
0
0
0
0
0
1
1
0
0
0
0
0
0
0
0
0
0
0
1
1
0
1
0
1
0
0
0
0
0
0
0
0
0
0
1
0
0
0
0
0
0
1
0
0
0
0
0
0
0
0
0
0
0
0
0
1
0
0
0
0
1
0
0
0
0
0
0
0
0
0
1
0
1
0
0
0
0
0
0
0
0
0
0
0
0
0
0
0
0
0
0
0
0
0
0
0
0
0
0
0
0
0
0
0
0
0
0
0
0
1
0
0
0
0
0
1
1
0
0
0
0
0
0
0
1
0
0
1
0
0
1
0
0
0
0
0
0
0
0
0
0
0
0
0
0
0
0
0
0
0
0
0
0
0
0
0
0
0
0
0
0
0
1
0
0
0
0
0
0
1
0
0
0
0
0
0
0
0
0
0
0
0
1
0
1
1
0
0
0
0
0
0
0
0
0
0
0
0
0
0
0
0
0
0
0
0
0
0
0
0
0
0
0
0
0
0
0
1
0
0
0
0
0
0
0
0
0
0
0
0
0
0
1
0
0
0
1
0
0
0
0
1
0
1
0
0
0
1
0
0
0
0
0
0
0
1
0
1
0
0
0
0
0
0
0
0
0
0
0
0
0
0
0
0
0
0
0
0
0
0
1
0
0
0
0
0
0
0
0
0
0
0
0
0
0
1
0
0
0
0
0
0
1
0
0
0
1
0
0
1
0
0
0
0
1
0
0
0
0
0
1
0
1
0
0
0
0
0
0
1
0
0
0
0
0
0
0
0
1
0
0
0
0
1
0
0
0
0
0
0
0
1
1
0
0
0
0
0
0
0
0
0
1
0
0
1
0
0
0
0
0
0
0
0
0
0
0
0
1
0
0
1
0
0
0
1
0
0
0
0
0
0
0
0
0
0
0
0
0
0
0
0
0
0
2
0
0
0
0
0
0
1
0
0
0
0
0
0
0
0
0
0
0
0
0
0
0
0
1
0
0
0
0
0
0
0
0
0
0
0
0
0
0
1
0
1
0
0
0
0
0
1
0
1
0
0
0
0
1
0
0
1
0
0
0
0
0
0
1
0
0
0
0
0
0
0
1
0
0
0
0
0
0
1
0
0
0
0
0
0
0
0
0
1
0
0
0
0
0
0
0
0
0
0
0
0
0
1
0
0
0
1
0
2
1
0
0
0
0
0
1
0
0
0
0
0
1
0
0
0
0
0
1
0
0
0
0
0
0
0
0
0
0
0
1
0
0
0
0
0
0
0
0
0
0
0
0
0
1
0
0
0
0
0
0
1
0
0
0
0
1
0
0
0
0
0
0
0
0
0
0
0
0
0
0
0
0
0
0
0
0
0
0
0
0
0
0
0
0
0
1
0
0
1
1
1
0
0
0
0
0
0
0
0
0
1
0
0
0
0
0
0
0
0
0
1
0
0
0
0
1
0
1
0
0
0
0
0
0
0
0
0
0
0
2
1
0
0
0
0
0
0
0
0
1
0
0
0
0
0
0
0
0
0
0
0
0
0
0
1
1
0
0
1
0
0
0
0
0
0
0
0
0
0
0
0
1
0
0
0
1
0
0
0
0
0
0
0
0
1
1
0
1
0
0
0
0
0
0
0
0
0
0
1
1
0
0
0
1
0
0
0
0
0
0
0
0
0
0
0
0
0
0
0
1
0
0
0
0
0
0
0
0
0
0
0
0
0
0
0
2
0
0
0
0
0
1
0
0
0
0
0
0
0
0
1
0
0
0
0
0
1
1
0
1
0
2
1
0
1
2
0
0
1
1
1
0
1
1
1
0
1
1
1
1
1
0
2
0
0
0
0
1
0
0
0
0
1
1
0
1
1
0
1
0
0
1
0
0
0
0
1
0
1
0
0
1
0
0
0
0
0
0
1
0
0
0
2
0
1
0
0
0
0
2
0
0
0
1
0
0
0
1
0
0
0
1
0
0
0
0
0
1
0
0
1
0
0
0
0
0
0
0
0
0
0
0
0
2
0
0
0
0
0
0
0
0
0
0
1
0
0
0
0
0
0
1
0
0
0
0
0
0
0
0
0
0
0
0
1
1
0
0
0
0
0
0
0
0
0
0
1
0
1
0
0
0
1
0
0
1
0
2
0
0
0
0
0
0
0
0
1
0
0
0
0
0
0
0
0
0
0
1
0
1
0
1
0
0
0
1
1
0
0
1
0
0
0
0
0
1
0
0
0
0
0
0
0
1
0
0
0
0
0
0
1
0
1
0
0
0
0
0
0
1
0
2
0
0
0
0
0
0
1
0
0
0
1
0
1
0
0
0
0
2
1
0
0
0
0
0
0
0
1
0
1
1
1
0
$ENER_FIT:
5.9250 0.607168 -1.583600e-008
$MCA_CAL:
3
5.9250 0.607168 -1.583600e-008
$ENDRECORD:
