$SPEC_ID:
None

$MEAS_TIM:
1456.34000 1513.64000
$DATE_MEA:
05/13/2013 9:52:34 AM
$DATA:
0 16383
0
0
0
0
0
0
0
0
0
0
0
0
0
0
0
0
0
0
0
0
0
0
0
0
0
0
0
0
0
0
0
0
0
0
0
0
0
0
0
0
0
0
0
0
0
0
0
0
2
13
31
46
38
57
48
42
42
21
85
371
636
600
589
580
621
558
601
621
610
593
600
600
586
639
625
602
628
659
662
646
676
641
621
662
637
666
690
715
706
652
709
694
716
730
766
754
825
751
815
750
719
756
796
819
792
810
802
796
902
968
975
962
1076
1219
1180
1040
1096
1027
1014
968
919
844
871
858
833
858
879
837
989
960
1010
946
947
1043
987
996
936
891
906
870
834
857
912
815
878
870
900
914
875
903
916
871
889
906
876
884
925
892
892
898
892
916
905
888
931
883
878
883
906
896
853
920
928
868
873
846
880
921
833
837
878
887
859
819
840
840
881
868
852
841
857
930
814
907
902
895
854
899
855
864
875
766
864
840
828
875
826
809
804
839
843
794
799
845
820
793
753
845
808
772
804
883
774
801
805
839
786
785
845
798
800
799
844
779
801
754
816
762
778
811
785
800
767
832
786
784
751
806
762
771
816
769
739
774
769
793
742
710
757
820
738
797
788
726
752
784
834
820
810
814
772
798
727
754
722
735
760
764
761
771
770
729
736
771
748
744
750
777
754
746
718
798
771
735
696
720
710
717
758
727
704
751
709
685
714
753
718
749
746
719
689
709
722
718
746
748
732
703
723
750
709
700
724
687
707
620
684
688
688
719
686
692
663
701
642
686
696
660
646
707
672
689
634
666
629
654
683
663
663
653
678
650
652
648
655
656
683
615
622
632
657
682
665
637
617
671
683
639
690
689
664
686
715
672
649
657
678
652
627
686
687
662
646
643
623
621
642
644
626
649
658
620
647
659
628
680
635
652
639
607
645
672
605
642
660
638
621
631
676
621
665
617
658
647
619
613
638
596
623
607
624
565
633
591
605
603
609
643
590
579
598
616
611
603
594
562
570
543
582
576
571
534
556
581
591
554
612
544
538
593
576
596
513
560
555
564
584
530
558
578
585
562
593
588
557
581
559
553
549
548
554
535
538
545
545
548
565
566
584
560
532
556
561
536
573
572
581
573
507
511
510
542
528
534
539
532
575
519
539
530
565
547
512
488
498
515
492
487
521
464
519
486
451
460
446
437
458
484
462
474
421
421
430
474
464
467
446
451
461
445
456
459
449
445
436
466
459
471
458
431
444
451
459
430
428
398
454
426
422
425
395
435
394
406
385
367
427
431
420
422
389
432
401
383
378
410
398
375
392
407
383
427
384
412
373
399
405
387
405
392
416
379
413
396
373
375
398
409
427
369
396
365
391
397
404
432
389
386
429
385
382
380
374
378
382
354
383
381
428
389
411
391
381
405
371
402
369
395
383
410
390
395
398
374
331
410
371
384
380
404
373
375
417
387
357
370
387
383
425
343
378
407
361
362
366
363
380
389
398
400
378
405
397
398
364
382
382
343
382
365
339
373
366
341
348
356
398
379
350
361
320
369
326
334
340
337
326
335
366
346
320
347
335
335
347
334
361
388
341
362
339
331
331
336
338
338
323
358
354
334
349
350
335
351
352
370
346
349
355
354
363
334
301
364
329
316
343
348
300
351
307
353
312
319
321
342
324
326
345
323
309
345
329
324
325
318
324
376
304
316
314
353
359
362
348
357
353
374
348
351
343
365
330
342
341
395
374
390
380
371
372
378
407
548
694
1041
1380
1688
1932
2024
2117
2196
2227
2286
2218
2235
2278
2203
2237
2199
2205
2191
2088
2112
2057
1909
1662
1351
1009
667
439
305
284
252
237
229
248
261
228
234
226
240
216
282
247
257
257
254
252
251
229
223
238
276
226
251
286
253
235
240
244
239
256
244
272
292
314
372
509
754
934
1072
1127
961
769
478
372
325
296
252
245
261
241
263
234
238
214
221
237
227
235
270
244
262
249
234
219
211
242
224
249
241
229
235
270
241
235
226
259
225
218
229
238
220
273
235
235
243
258
237
263
226
249
222
233
223
230
241
243
218
234
241
223
217
231
227
243
237
230
242
269
266
273
234
252
282
423
878
1925
3009
3073
2163
1118
488
263
210
201
200
200
223
225
225
191
205
231
210
214
218
211
225
225
206
197
210
195
220
271
268
386
395
313
245
216
221
205
236
236
211
219
227
221
241
253
232
242
207
234
214
203
212
201
219
225
199
193
200
199
207
194
210
206
221
228
236
222
245
199
207
222
260
189
215
231
214
213
217
199
219
211
197
210
211
198
214
205
185
192
218
214
206
227
226
223
219
191
192
187
189
212
183
223
209
210
211
218
210
214
204
222
207
191
194
194
208
190
224
200
206
217
220
198
212
224
215
194
215
212
207
211
192
209
214
175
214
214
211
211
191
210
192
226
213
218
199
191
225
194
199
246
290
377
524
687
701
523
389
265
248
250
274
226
212
213
215
198
195
190
186
182
180
193
194
178
180
205
234
199
194
207
193
191
195
199
192
195
230
205
216
195
184
211
193
186
185
154
203
181
198
183
211
171
210
199
181
189
195
182
188
179
199
202
162
175
197
211
209
180
205
208
200
178
212
214
189
202
196
212
192
230
200
180
197
212
187
217
165
191
212
201
191
216
217
202
203
237
220
270
221
193
209
208
206
188
219
202
181
211
195
213
194
202
180
203
202
202
206
188
190
205
208
216
216
235
283
343
365
288
233
200
210
197
172
178
176
174
204
200
202
178
203
202
188
190
175
168
173
192
210
200
200
195
208
192
201
197
201
189
200
217
195
249
226
230
222
196
205
197
185
157
189
189
176
176
187
159
197
210
196
212
212
184
173
207
188
189
193
165
194
185
195
197
169
182
192
195
168
164
181
195
171
203
173
179
193
191
201
195
196
187
208
194
182
188
214
194
203
195
174
212
198
180
196
192
169
189
192
211
184
208
183
190
174
186
189
197
180
170
177
163
167
181
196
197
178
177
201
183
188
188
200
178
175
219
243
200
255
320
331
333
284
217
192
190
182
165
192
184
179
187
175
183
204
176
194
181
144
160
170
170
161
195
181
186
181
199
183
187
196
186
218
189
197
187
176
194
171
181
193
174
207
177
190
205
216
183
216
188
208
203
187
218
181
190
201
243
222
206
182
210
189
196
194
207
175
194
192
199
207
178
197
191
199
188
181
195
180
200
191
178
188
190
194
182
176
174
180
203
187
179
198
204
191
188
201
179
188
201
185
178
198
197
209
191
183
189
201
171
198
186
192
196
173
174
162
189
160
195
195
189
181
190
204
169
161
176
208
203
216
188
186
173
169
168
182
182
202
170
182
166
190
199
169
194
184
180
193
169
189
138
210
189
182
182
168
156
179
186
184
160
193
182
206
169
189
160
179
188
180
179
186
194
181
216
178
185
195
197
185
197
171
166
170
163
198
188
210
192
196
176
203
183
165
193
188
169
171
181
191
210
199
220
174
176
164
219
177
206
211
180
199
168
197
186
172
181
165
179
204
175
174
207
194
177
150
181
197
172
164
192
163
190
155
185
171
208
190
192
192
200
186
189
198
202
176
179
170
179
198
175
196
210
176
196
185
174
190
173
197
183
167
187
181
197
180
176
173
209
172
171
194
189
195
150
178
180
152
183
193
193
161
195
201
168
194
204
199
175
187
173
178
194
189
189
179
216
182
174
184
200
181
179
184
186
183
178
196
187
200
177
192
204
210
184
212
197
175
183
174
202
203
216
173
206
178
200
186
174
186
162
172
168
191
167
168
181
171
168
188
184
156
213
197
174
212
177
182
169
188
194
184
174
179
202
218
182
197
186
221
185
189
179
170
197
185
170
198
197
183
169
208
165
189
200
192
181
197
176
199
178
178
180
196
179
193
183
194
176
166
194
176
202
177
185
173
193
208
185
197
200
186
187
193
183
171
174
210
181
183
194
193
216
209
203
179
171
194
169
164
197
203
191
177
221
205
175
169
165
193
184
189
203
193
181
176
190
184
188
168
202
193
183
174
202
182
185
172
210
187
205
168
213
183
171
180
182
162
198
199
189
205
185
185
185
188
182
169
218
177
187
200
207
173
168
175
205
182
206
204
208
196
190
218
189
175
182
202
186
188
215
179
202
191
172
190
206
195
169
193
194
185
188
198
185
190
177
163
189
189
189
189
203
184
185
191
201
195
209
180
194
175
207
198
199
197
196
199
190
170
191
188
170
165
173
190
185
188
197
181
189
160
202
193
196
198
160
198
187
184
200
168
161
195
205
194
182
209
199
218
188
188
194
198
195
211
167
215
174
199
183
192
198
183
203
184
192
189
193
187
200
205
173
194
221
210
181
223
216
190
213
228
199
188
202
188
203
176
173
213
177
205
193
211
205
186
250
254
159
227
199
215
192
195
188
207
214
190
172
203
202
203
191
215
168
200
220
174
168
210
180
179
182
199
192
199
176
168
185
183
214
206
228
174
236
245
285
416
537
725
819
850
689
505
372
291
244
198
225
197
210
241
257
293
333
280
273
251
252
188
199
201
216
206
209
201
219
223
209
219
214
200
232
218
226
213
197
210
197
197
238
193
250
214
209
200
209
208
191
217
221
194
188
193
205
198
183
207
216
178
169
192
183
205
234
212
181
200
189
204
201
213
209
202
203
196
182
229
218
191
183
198
190
235
219
212
214
195
205
219
185
207
210
225
192
217
212
210
231
262
287
275
273
222
232
186
179
211
221
189
212
233
206
214
217
233
186
200
200
218
197
172
207
197
208
205
236
214
211
196
198
199
202
230
221
227
277
244
242
218
192
227
194
202
224
205
214
195
200
194
201
223
196
207
182
232
231
209
220
234
210
195
209
197
221
210
238
246
204
222
234
218
218
232
233
226
261
225
219
195
205
239
227
205
191
223
237
196
232
216
221
195
232
233
217
200
196
178
180
213
232
190
206
255
214
207
192
227
217
213
213
233
196
216
206
199
217
228
215
200
185
191
196
202
211
207
208
220
204
204
220
200
225
184
202
200
207
218
239
190
176
186
199
227
212
195
223
226
221
207
191
230
222
219
200
221
234
236
194
180
184
208
228
217
250
198
236
259
294
332
292
300
271
234
235
223
223
213
237
214
219
218
236
218
246
235
229
228
215
248
215
238
208
210
226
209
217
238
218
199
225
207
196
207
219
221
216
200
257
240
188
212
207
219
218
258
222
212
195
235
218
223
200
216
245
264
276
290
315
303
261
235
230
232
186
204
197
215
239
234
201
207
208
225
274
255
246
229
231
233
221
222
205
215
214
203
239
221
230
238
214
222
230
242
231
204
203
204
227
224
241
246
219
251
215
224
215
212
232
233
233
236
232
225
205
222
202
224
206
220
226
206
226
187
234
209
220
218
218
229
228
216
237
228
228
232
242
239
226
225
220
205
179
214
230
229
200
200
204
242
215
200
211
218
214
238
230
242
240
203
246
213
224
242
215
247
204
229
278
208
242
235
240
219
257
260
211
237
220
231
234
222
248
218
227
244
236
250
236
236
222
222
220
239
236
207
206
234
221
242
218
233
247
254
225
283
260
266
267
251
255
229
246
221
247
244
224
205
226
216
242
246
252
240
217
248
251
235
245
242
214
233
223
233
234
235
269
215
212
238
208
210
245
222
221
215
246
245
252
242
212
230
244
246
223
222
218
228
221
232
217
246
237
225
220
228
255
228
238
255
247
242
271
256
249
245
204
251
282
273
233
238
222
253
240
261
244
214
219
245
235
253
241
228
217
246
260
229
252
267
238
267
248
230
230
237
217
224
233
236
263
241
229
229
237
254
215
241
220
243
266
219
235
257
228
231
232
240
221
218
237
255
235
231
224
254
200
236
229
231
242
223
254
238
250
242
236
205
255
237
245
236
212
216
240
273
251
262
202
233
205
232
245
226
231
235
234
245
214
267
219
232
261
248
260
221
266
267
252
226
231
257
255
226
276
271
243
222
242
253
273
271
244
242
265
227
221
269
237
251
220
235
246
245
261
236
248
255
249
230
237
253
224
232
246
245
231
249
230
240
257
285
235
238
264
240
240
230
222
278
245
254
253
261
235
231
208
247
267
258
247
267
261
295
312
268
299
241
244
232
268
234
247
238
238
232
252
236
263
256
262
246
257
265
222
258
257
252
265
254
265
241
236
248
250
257
234
256
280
263
236
259
260
245
255
296
311
336
263
277
295
270
253
272
250
258
260
238
247
227
293
241
266
258
258
245
239
260
235
263
269
274
250
235
267
282
319
277
329
274
282
235
229
237
260
254
263
249
295
254
258
223
244
290
250
229
280
254
265
275
219
252
233
264
261
274
231
235
256
260
267
263
240
268
267
260
253
244
258
257
243
247
260
248
298
307
372
429
549
717
889
1041
1210
1211
1115
885
692
504
426
346
317
291
279
249
291
267
288
282
238
280
255
272
280
271
296
275
282
293
273
249
293
307
284
314
272
266
323
278
266
276
278
267
299
278
273
271
316
274
292
287
280
277
272
277
272
271
292
306
293
319
296
274
267
280
272
265
271
277
301
307
294
292
299
297
284
291
260
265
307
323
284
295
277
294
283
310
289
293
262
275
283
290
308
255
308
280
308
288
290
263
299
287
285
303
280
295
274
316
285
272
337
318
309
310
302
307
308
298
293
288
295
315
310
284
309
314
323
297
286
320
298
309
292
295
286
306
288
322
272
266
261
338
321
320
314
278
295
326
289
292
306
290
321
293
336
303
304
284
320
272
309
320
334
309
299
307
333
278
322
331
313
342
324
325
327
306
330
293
319
312
303
334
317
299
287
331
303
319
284
330
337
334
348
314
316
299
322
304
327
314
309
328
340
310
304
336
346
334
327
316
314
346
330
319
353
340
315
341
352
324
357
343
339
340
354
355
330
332
309
324
350
334
322
341
336
346
358
321
316
341
326
348
334
328
348
334
325
346
330
351
324
341
339
339
359
352
334
363
351
360
356
376
354
358
353
367
335
397
335
360
321
333
359
385
343
350
358
385
421
368
379
385
380
388
387
416
425
406
418
412
429
397
390
366
344
381
339
356
380
353
354
397
372
371
390
400
358
400
356
428
389
399
366
344
390
354
374
417
400
413
354
370
383
375
377
418
381
362
359
389
417
375
368
390
428
385
415
368
407
396
411
412
381
393
378
398
421
376
393
450
421
402
393
425
424
403
416
455
407
404
384
431
384
418
410
440
419
398
388
390
426
421
424
413
428
394
388
413
426
408
447
475
428
408
439
415
424
438
438
416
464
446
470
425
451
465
421
417
404
433
424
417
415
443
427
438
434
443
449
444
452
422
455
442
438
438
428
455
412
446
466
472
480
459
464
473
446
427
434
454
437
467
425
485
490
445
428
466
468
467
460
476
429
430
449
492
434
483
522
429
499
458
484
519
438
471
472
444
462
442
441
454
468
419
470
404
406
413
424
393
376
383
391
359
377
377
374
348
366
365
349
355
342
310
337
327
346
330
320
335
346
304
316
319
324
320
329
323
311
319
332
306
291
330
288
328
307
315
285
314
322
286
304
309
279
306
295
280
264
272
289
299
304
276
294
321
298
266
314
300
307
292
310
278
275
315
268
292
284
298
288
273
286
282
252
291
285
252
266
270
249
239
242
259
259
279
298
273
248
265
232
259
244
247
238
232
257
231
218
257
231
249
250
250
251
254
218
224
243
237
254
248
230
214
235
206
219
238
212
223
202
225
182
210
217
227
199
195
216
198
215
235
222
204
211
217
216
194
207
209
214
200
197
210
176
193
212
190
201
201
195
170
187
164
198
199
184
179
159
160
164
204
177
167
183
182
163
166
177
176
204
179
148
162
171
149
184
156
161
185
144
168
152
160
145
145
165
143
168
161
146
147
133
125
159
136
159
154
144
150
130
140
150
166
182
167
171
173
187
151
169
182
164
194
160
133
148
166
152
139
153
162
145
175
137
188
151
138
143
161
166
134
138
145
151
158
165
146
165
130
147
139
128
130
150
143
118
157
134
152
156
142
155
140
162
131
150
138
114
132
153
157
137
140
149
135
131
148
131
166
138
138
149
128
155
141
155
144
136
140
119
137
144
142
143
124
123
135
162
134
138
141
136
128
131
146
135
141
149
153
131
131
165
145
134
132
132
144
135
117
151
151
138
138
145
153
133
139
133
116
139
133
141
145
172
129
127
129
127
130
137
140
143
145
147
129
126
143
132
143
143
120
122
140
142
136
131
125
121
123
149
136
137
148
147
157
149
127
143
166
136
148
144
165
184
239
310
530
992
1917
3348
5590
8197
11137
13526
14883
14143
11843
8405
4757
2426
1038
369
137
70
45
63
49
43
49
56
46
48
42
44
37
48
39
34
33
42
44
53
37
45
48
40
40
30
51
46
40
41
39
42
31
42
38
51
41
37
42
34
41
47
35
48
31
47
43
40
30
40
36
33
37
33
45
37
36
41
46
36
32
48
30
34
32
34
30
30
35
30
38
37
38
26
42
40
32
30
30
34
48
45
35
36
29
42
58
32
45
31
36
36
37
44
37
34
37
29
35
32
40
27
33
25
30
33
29
34
38
37
37
35
37
33
34
43
37
38
35
31
38
43
31
37
39
27
31
31
40
36
35
39
35
41
30
31
35
32
34
51
41
34
43
32
32
34
29
43
31
33
37
35
28
43
30
45
51
48
39
25
33
33
36
40
39
42
44
34
48
34
37
28
28
34
33
36
29
32
32
31
23
34
32
38
33
38
28
29
42
39
38
33
37
39
29
33
35
28
36
46
42
29
30
29
41
36
35
41
42
37
32
36
23
37
36
42
31
39
30
26
23
33
40
33
41
23
26
35
28
32
35
34
35
34
24
37
39
29
37
39
37
39
46
28
33
37
41
41
38
50
37
37
48
38
43
46
40
45
32
36
21
36
40
24
24
35
45
35
39
43
40
46
35
41
38
45
40
37
42
43
43
30
37
35
39
37
36
29
34
35
35
29
35
26
28
34
43
35
39
29
21
39
28
29
42
32
39
34
41
35
24
27
35
35
43
30
41
39
29
30
30
50
23
38
37
27
25
29
32
37
41
35
41
27
29
25
34
33
30
32
36
34
32
38
32
31
26
32
38
31
32
31
30
32
42
45
38
26
26
35
33
35
29
38
38
31
34
28
31
41
43
38
52
67
80
77
59
73
55
37
38
43
30
38
33
25
29
33
25
45
30
41
34
24
32
31
36
24
29
39
21
43
27
31
32
22
34
32
35
29
24
34
30
25
18
19
30
37
24
26
26
29
37
37
21
33
39
32
26
47
33
28
34
29
32
30
34
29
33
22
37
39
25
24
38
31
25
38
30
44
29
32
37
33
42
31
22
36
25
35
38
28
41
44
23
45
28
33
30
30
32
36
26
37
25
28
36
31
18
33
39
53
41
45
34
41
31
41
33
35
27
25
24
28
23
30
28
44
27
31
29
29
41
30
33
25
23
26
36
31
35
29
35
26
40
34
31
40
44
34
26
26
31
33
29
21
37
30
39
51
33
48
46
36
39
41
24
29
30
30
23
34
34
26
34
20
23
30
27
21
47
28
28
29
28
30
33
28
22
29
24
39
36
27
27
28
32
28
47
26
22
35
26
27
33
31
30
33
34
30
26
29
32
25
33
32
31
26
28
28
39
34
28
25
33
33
30
34
18
22
26
25
28
24
27
29
18
26
32
33
27
29
29
29
28
27
32
31
33
36
26
27
36
21
45
33
25
46
35
25
31
29
35
29
28
32
26
34
22
29
34
32
30
37
26
18
25
26
30
31
23
25
34
31
32
34
39
35
30
20
36
22
24
35
29
34
27
30
36
27
27
29
31
31
27
22
29
24
32
24
32
20
24
21
32
30
40
34
31
22
25
28
39
21
34
25
33
19
36
35
27
37
31
28
37
34
35
28
35
39
45
47
54
58
53
41
42
33
22
31
32
29
29
21
28
20
36
28
33
28
27
40
24
24
30
33
31
24
25
22
24
26
21
29
23
23
35
24
23
34
33
30
26
30
35
34
31
23
32
26
22
27
27
31
30
31
32
27
31
34
24
27
24
18
23
24
28
31
34
34
39
45
30
37
36
32
31
26
29
30
38
38
34
28
20
23
11
17
26
30
33
24
21
27
30
20
21
27
23
36
29
19
19
32
43
17
23
25
18
29
25
16
28
26
31
33
24
24
20
30
29
30
28
31
29
34
37
23
33
24
34
40
24
27
28
36
31
31
33
22
33
26
30
26
25
31
28
23
31
28
27
25
26
24
38
25
30
38
22
28
24
22
23
28
24
31
22
33
32
29
29
22
31
35
28
29
37
30
37
29
27
25
36
28
25
27
22
20
33
29
26
27
35
31
31
34
21
28
32
31
27
27
23
27
24
29
29
25
32
23
28
32
21
20
26
34
24
27
25
33
30
27
33
31
32
30
28
39
31
29
31
32
32
27
36
35
34
24
23
27
22
29
21
21
25
24
27
31
28
28
43
35
32
37
39
25
26
32
26
30
24
39
20
20
29
28
26
21
31
29
33
36
29
23
26
16
21
37
34
40
25
26
32
27
13
18
14
41
29
30
22
25
31
22
20
30
25
26
20
27
20
25
23
28
22
34
24
24
21
28
17
24
20
19
28
35
21
30
22
31
29
20
25
32
28
20
22
22
26
13
29
36
24
34
26
26
16
33
21
26
26
25
27
19
20
21
31
33
25
24
25
24
35
28
26
30
28
35
26
26
19
20
30
31
31
11
17
31
32
21
24
26
33
28
29
24
32
29
30
23
23
35
31
29
14
23
21
32
24
27
28
12
32
29
35
24
33
27
28
30
29
22
25
20
27
18
27
11
37
19
19
34
16
20
25
30
22
30
22
19
29
25
14
20
23
31
24
25
27
22
33
28
22
15
27
25
18
22
27
18
30
22
32
18
20
30
33
22
20
30
26
29
25
28
25
23
26
25
20
23
22
18
19
28
23
15
25
23
21
30
24
16
26
19
28
32
23
24
17
15
27
25
29
28
17
23
27
25
23
29
27
24
34
21
25
26
27
15
29
20
33
28
24
20
23
21
28
16
19
16
25
23
24
19
23
24
34
19
17
28
23
26
29
17
13
26
30
17
23
20
29
18
25
25
22
25
24
28
15
21
21
11
16
30
21
23
23
18
22
29
30
22
32
24
28
25
25
23
31
39
26
41
23
33
21
34
27
23
29
22
15
22
24
21
19
14
19
15
28
25
23
24
21
26
21
24
21
23
29
30
26
19
29
29
25
32
19
33
20
22
21
28
28
25
23
26
20
22
15
29
26
25
26
29
21
23
30
33
26
25
19
26
17
20
33
25
30
22
22
21
17
25
25
26
27
23
16
16
28
14
23
21
25
27
25
28
27
34
26
41
20
36
25
26
24
28
17
24
16
25
19
30
21
20
30
31
21
13
23
22
19
19
35
23
18
30
25
24
27
28
14
18
25
26
22
17
31
22
25
18
23
24
22
23
20
22
31
21
17
37
32
22
24
23
15
18
15
28
29
22
25
22
24
24
19
19
21
19
25
21
26
27
23
23
17
19
26
18
13
26
14
24
15
20
24
29
23
23
20
26
26
25
31
28
25
30
21
27
24
24
17
18
16
18
31
19
12
20
14
22
17
25
19
18
25
27
23
25
30
27
25
14
18
23
23
16
24
18
26
17
20
16
22
25
16
28
17
23
20
30
22
15
21
18
19
28
25
25
23
27
25
23
24
25
15
23
22
24
20
23
17
18
24
18
20
13
25
23
25
30
14
25
23
25
20
25
19
25
24
29
27
13
24
37
25
32
23
29
28
30
25
31
28
27
31
27
28
17
26
32
26
17
22
31
12
23
22
24
20
16
21
22
30
29
18
21
21
25
17
25
24
19
19
23
20
25
20
23
24
20
18
25
24
27
20
26
27
17
26
22
17
20
29
16
11
19
17
17
25
17
13
20
18
25
15
27
19
18
18
15
23
20
15
19
23
18
29
21
19
26
31
33
30
30
24
30
25
21
16
29
16
23
20
23
25
19
25
20
15
20
19
13
28
16
14
18
18
28
11
35
20
29
12
10
20
25
22
20
12
18
22
24
11
21
27
35
18
28
22
17
22
16
28
24
22
18
23
26
18
25
19
18
21
19
24
18
24
17
16
22
31
22
16
16
18
17
17
19
25
28
20
24
19
25
23
17
20
30
20
21
22
28
21
26
23
21
23
25
23
20
23
21
19
32
22
14
27
27
23
22
22
22
30
15
22
29
21
19
25
18
22
27
14
17
24
15
29
14
17
27
28
24
17
24
18
19
14
30
26
21
22
26
22
19
15
18
20
26
23
20
15
18
18
25
21
18
22
24
22
20
24
22
19
20
24
14
22
25
21
20
28
20
20
19
21
23
21
26
24
19
15
22
25
20
18
22
25
24
28
22
22
16
20
22
21
20
17
18
24
20
28
24
21
20
21
28
16
25
26
19
22
26
18
21
13
21
19
23
23
21
20
25
22
23
13
18
19
25
23
15
17
18
23
18
11
16
15
19
21
14
21
17
25
13
17
29
26
21
24
15
18
16
26
12
20
24
23
21
17
17
15
13
21
24
22
21
19
15
24
18
22
11
28
21
12
27
22
20
17
25
18
16
30
19
15
23
22
20
21
21
12
20
25
22
19
15
17
12
18
11
18
16
20
13
19
29
21
14
20
23
24
17
25
19
18
27
17
16
19
18
21
23
26
11
17
22
16
16
24
25
17
19
16
24
17
17
14
20
14
15
25
15
11
22
30
24
18
20
24
21
20
14
14
25
19
23
20
22
13
17
19
24
15
22
21
19
16
13
27
21
17
12
27
19
21
20
14
22
19
21
11
18
17
14
20
19
16
15
23
14
17
11
16
19
15
22
20
17
18
19
9
13
17
19
25
16
15
16
19
23
19
22
16
15
15
13
26
21
19
23
19
18
33
11
19
21
21
24
17
27
23
16
20
17
18
26
23
21
23
23
25
26
28
24
24
22
20
26
25
17
21
14
21
18
19
20
12
16
20
20
14
22
14
26
21
22
18
22
23
18
26
16
16
15
17
17
20
14
18
15
16
25
15
25
24
29
14
21
15
17
20
17
26
16
21
19
8
24
17
25
12
25
14
16
29
19
16
15
21
23
27
27
26
14
19
29
36
25
42
34
23
22
17
27
20
23
18
18
22
23
17
15
15
15
18
18
13
14
15
16
28
14
22
24
19
24
18
15
16
17
16
19
16
16
18
11
16
21
16
16
20
21
16
22
19
14
20
22
19
15
15
11
16
18
24
14
13
13
22
11
23
21
9
13
24
15
23
19
23
14
18
19
12
12
13
9
22
24
12
17
16
16
17
26
16
12
18
20
21
19
20
19
21
20
15
16
11
12
22
17
21
15
14
10
18
20
20
16
15
15
17
18
15
14
14
17
16
19
17
13
22
15
12
12
17
8
16
21
18
13
14
15
13
19
17
20
16
15
24
9
17
19
12
12
12
15
15
19
12
9
14
9
14
14
14
15
15
18
12
18
17
18
15
14
23
15
13
15
17
13
14
18
17
10
16
24
19
22
18
11
17
15
10
20
20
15
18
15
16
17
8
18
19
21
11
18
15
24
22
23
14
13
19
17
12
20
17
14
22
15
18
15
16
16
14
16
18
12
15
16
17
20
8
10
18
20
13
8
16
24
22
23
23
29
27
31
33
29
38
36
46
27
37
32
24
25
31
33
26
31
26
18
26
19
21
11
10
14
10
18
17
16
16
21
17
13
8
20
13
17
11
11
21
15
12
15
18
29
15
9
14
13
17
15
13
18
12
17
20
18
20
15
14
12
31
19
18
17
13
19
17
17
19
17
19
12
14
17
15
12
14
14
18
16
16
12
15
15
21
17
18
10
15
16
12
20
12
24
13
18
14
14
21
18
18
12
23
9
12
29
9
12
11
13
16
14
18
16
13
13
15
15
8
12
15
16
16
12
15
12
13
12
13
19
13
23
11
13
23
10
15
17
21
16
17
26
16
13
15
13
16
11
17
18
13
14
14
19
19
19
22
18
10
14
15
15
15
10
15
11
16
13
13
17
24
17
19
13
13
21
20
20
9
18
18
19
16
18
18
16
19
22
18
16
14
7
20
15
18
13
17
8
14
20
17
18
17
13
5
15
18
19
11
8
9
16
10
13
20
16
14
14
16
11
15
22
12
10
21
17
25
11
19
10
11
16
16
15
10
12
20
19
18
19
14
18
13
12
15
21
13
25
16
20
10
15
11
14
16
16
12
15
16
16
18
17
11
12
13
14
11
13
6
18
9
18
19
17
19
13
9
19
26
12
17
11
17
19
14
16
14
10
12
15
16
15
23
16
20
18
17
11
17
18
16
10
16
10
16
14
12
14
11
20
12
11
13
18
19
7
14
17
7
15
17
17
15
23
7
9
15
10
16
12
17
14
21
14
11
18
19
15
10
15
15
14
18
16
22
18
11
22
20
13
15
14
7
14
9
10
11
18
15
10
16
13
12
15
17
11
18
15
14
14
18
10
16
10
12
16
11
19
16
17
16
9
12
19
14
19
16
11
13
17
19
19
17
16
19
18
18
19
23
16
22
21
15
16
24
24
18
20
19
22
20
19
18
15
17
13
24
14
24
10
21
17
10
12
12
14
15
20
14
14
16
10
9
11
5
21
13
12
8
13
14
14
11
17
14
18
15
14
10
11
10
11
13
18
16
13
18
14
16
15
16
15
14
12
15
20
9
17
10
23
19
12
14
18
8
10
13
11
12
14
12
16
12
15
18
15
15
15
10
9
16
19
17
14
13
11
18
16
16
18
10
19
8
14
17
15
16
23
15
14
5
17
21
11
15
19
13
16
17
12
12
14
14
21
13
33
22
19
24
22
22
21
24
16
27
18
13
20
13
10
18
18
13
11
11
19
9
20
16
9
17
18
17
11
11
13
11
12
14
13
21
9
15
9
10
15
20
15
12
9
12
12
18
16
16
11
9
16
13
7
19
13
16
13
10
15
11
10
14
9
12
18
8
13
16
10
15
15
17
16
11
13
9
7
14
19
13
14
15
12
13
12
14
14
17
14
8
10
15
16
16
17
10
15
10
15
14
11
13
13
13
17
13
15
12
17
8
12
18
12
13
10
10
18
10
16
12
15
12
12
23
20
17
14
11
19
13
23
13
12
9
13
12
15
17
15
14
13
21
14
13
11
7
17
15
12
18
12
10
17
14
14
13
18
16
11
17
15
14
14
12
17
8
15
22
15
13
1
13
12
14
13
19
12
17
18
16
13
19
13
11
8
7
15
11
16
8
14
14
15
16
7
15
13
15
13
13
16
18
15
8
17
11
11
14
13
6
11
17
15
15
13
18
15
13
12
13
20
13
9
17
9
14
10
15
12
16
13
13
20
8
10
19
16
18
12
21
11
17
18
16
13
15
8
10
14
7
14
19
19
13
9
14
15
12
17
11
20
15
11
17
15
21
16
17
13
13
10
10
9
10
15
13
22
23
15
18
18
12
13
12
19
12
17
9
9
13
11
9
13
18
15
15
14
16
12
9
13
15
17
10
14
15
15
10
17
18
15
11
12
17
25
22
15
11
15
13
22
8
11
8
14
15
21
14
12
11
15
19
12
14
8
10
15
18
22
16
15
11
13
12
13
16
19
10
8
15
8
10
24
16
17
10
13
12
22
14
10
9
14
17
19
21
16
11
11
16
12
17
19
15
9
21
17
14
14
14
13
14
15
11
18
11
12
10
10
14
19
17
19
18
16
16
19
20
12
14
19
19
17
16
19
23
15
26
17
20
15
19
23
20
25
16
18
19
17
28
12
19
16
11
20
7
15
9
18
12
13
16
17
12
24
17
17
14
10
17
12
12
12
13
11
11
17
10
13
10
14
10
11
12
13
9
21
17
18
8
22
15
15
15
24
18
21
16
12
20
8
14
12
7
22
10
7
14
9
20
9
16
12
13
14
17
12
15
6
17
17
10
17
8
14
16
9
11
15
18
12
20
11
19
15
19
13
12
15
9
16
16
10
17
12
13
15
17
7
13
21
12
10
17
10
16
13
13
12
23
14
8
15
16
10
8
10
15
17
18
17
10
15
17
18
14
15
16
17
13
14
11
13
14
7
12
11
13
12
10
7
10
11
9
17
15
12
15
14
20
17
11
9
16
12
18
9
16
19
6
13
10
17
13
14
11
20
12
9
11
13
13
16
13
26
14
15
16
15
9
15
11
17
11
16
16
9
11
19
13
17
14
13
11
9
11
11
12
14
16
17
11
8
15
11
12
13
11
10
8
9
20
13
12
6
11
7
10
9
15
15
14
14
14
9
10
12
20
19
15
8
19
9
12
11
9
15
12
11
12
14
16
15
14
9
13
13
15
8
10
6
19
15
14
13
13
20
12
15
16
11
14
14
18
10
13
14
18
9
11
16
13
7
16
17
11
14
15
21
13
14
6
11
10
16
16
14
17
12
11
15
13
20
15
14
20
14
16
20
23
26
17
27
32
19
24
19
18
23
16
18
10
12
22
7
15
10
4
15
24
11
13
15
13
11
18
15
17
12
14
11
12
10
15
15
11
17
12
11
8
15
12
13
12
13
14
10
12
11
14
16
13
12
18
15
13
13
13
13
13
13
14
13
16
16
18
13
10
9
14
11
17
20
13
13
7
8
11
10
21
15
14
13
16
10
14
12
20
12
14
6
16
19
18
11
8
19
10
10
20
12
8
12
16
11
9
13
11
18
16
18
14
17
8
18
21
15
13
14
27
18
28
22
35
24
28
38
34
24
36
33
20
28
18
10
16
13
13
9
16
15
10
18
8
8
14
17
11
13
8
21
13
10
12
9
11
11
16
11
15
6
13
14
13
20
13
21
18
10
16
19
14
12
17
13
20
14
14
17
13
16
8
16
15
18
16
13
15
9
14
13
6
17
11
15
10
10
13
8
5
15
13
13
20
7
16
16
12
7
13
20
12
12
12
18
9
18
11
9
13
18
17
13
11
15
14
14
14
13
14
17
11
15
16
13
8
11
10
12
19
14
17
10
15
11
17
14
8
6
21
9
8
14
9
12
11
10
8
13
7
12
13
13
15
15
16
9
11
11
9
8
11
16
10
17
21
18
15
17
17
9
9
11
17
24
14
9
13
5
13
15
7
10
10
14
20
13
9
9
12
9
13
12
14
12
11
6
14
14
14
6
17
17
7
12
11
7
10
9
14
11
10
20
10
11
20
21
12
11
12
17
16
9
10
11
10
13
12
7
17
11
10
12
19
6
16
11
13
9
13
15
9
10
8
10
7
19
9
14
12
10
16
7
13
12
8
10
7
8
17
13
13
9
12
9
15
12
13
11
10
9
8
9
13
7
12
13
5
18
9
14
10
13
5
16
15
8
13
10
17
16
11
7
13
12
12
18
7
14
13
15
8
18
9
15
19
13
12
11
7
9
11
13
14
16
13
19
10
8
17
11
7
8
11
9
9
13
18
10
11
8
13
10
13
9
10
19
13
13
20
15
8
17
14
12
16
21
11
15
5
11
12
14
8
9
15
14
26
11
9
19
12
13
10
13
9
10
6
8
8
12
9
7
11
19
9
11
9
11
15
11
10
17
11
16
15
10
10
19
12
15
11
11
14
14
16
17
9
12
13
9
14
16
17
7
7
14
15
16
12
10
6
11
12
15
17
12
15
14
15
20
23
21
23
21
21
28
19
34
28
22
12
27
11
14
13
13
10
17
10
9
19
10
13
15
9
11
13
12
13
16
15
15
6
13
15
12
14
11
14
15
16
13
14
17
14
17
21
19
22
22
21
21
13
18
19
10
15
19
19
13
12
10
17
14
10
13
8
11
9
12
11
16
10
18
20
9
11
11
8
18
15
7
16
15
14
12
11
10
23
11
16
8
14
14
16
14
9
13
13
19
10
11
16
14
9
16
16
6
10
7
7
15
10
10
12
9
7
8
13
11
9
14
10
13
13
9
11
15
12
13
12
11
20
10
10
6
14
16
5
10
12
16
16
10
9
7
6
5
8
10
8
10
13
4
8
14
9
8
11
7
15
11
8
8
9
11
15
5
6
6
11
12
5
9
5
6
8
6
7
8
16
7
3
9
8
16
16
10
11
12
11
16
11
15
9
20
15
15
9
15
7
13
8
8
12
13
7
12
11
10
10
9
10
8
10
8
7
13
5
9
10
10
8
19
13
12
8
9
12
10
18
6
11
7
11
12
12
8
10
10
16
13
12
6
9
14
14
15
16
13
13
6
17
17
9
12
12
16
14
10
17
16
10
10
11
10
12
10
21
11
12
20
7
15
12
6
9
20
11
10
12
14
10
11
12
13
8
10
9
11
12
8
12
13
15
9
8
10
10
8
14
10
6
10
11
15
11
18
14
22
16
23
23
20
26
40
30
19
42
31
24
21
9
18
11
11
8
14
6
13
12
9
3
7
5
6
12
13
12
12
8
13
7
10
8
8
9
11
7
12
10
7
11
9
10
14
8
8
10
11
6
13
12
10
11
10
9
10
10
8
12
12
8
9
15
15
6
7
12
9
6
14
13
7
10
13
7
4
13
10
12
9
8
10
10
13
10
5
9
11
11
16
12
8
6
9
19
9
10
12
10
13
11
14
9
12
8
6
12
7
11
11
9
9
12
8
8
9
17
13
8
9
23
19
18
14
19
20
15
24
18
20
22
8
11
13
14
15
16
10
9
11
8
14
12
10
11
9
12
15
17
20
12
14
14
13
13
10
13
11
11
9
14
8
19
5
9
15
14
16
8
13
16
15
14
14
16
13
18
17
9
10
14
13
14
17
12
7
13
7
8
11
7
6
11
3
12
12
6
5
13
5
7
2
11
7
10
13
10
10
8
8
10
10
11
11
5
8
12
9
8
11
6
8
10
5
5
7
8
9
8
6
11
9
9
4
12
8
9
9
10
10
9
15
9
7
7
4
14
10
5
6
7
5
9
7
6
10
5
10
10
9
3
7
14
7
12
11
7
10
12
9
14
12
13
10
7
8
11
7
9
10
8
12
8
12
12
7
6
6
7
10
10
15
13
9
7
8
5
10
11
8
9
9
6
6
7
3
5
9
14
15
12
7
5
7
9
9
12
9
11
10
5
5
6
14
7
10
6
7
8
5
7
7
7
11
12
9
8
11
4
8
7
9
4
10
12
10
9
9
6
6
10
21
10
4
6
8
4
4
7
6
6
4
10
17
10
7
6
13
2
9
7
8
8
10
5
6
7
7
7
7
5
7
6
4
7
5
9
8
3
12
5
10
5
8
7
6
6
5
12
7
7
4
5
6
2
7
5
7
7
8
6
5
8
3
8
5
5
10
10
8
10
11
8
9
9
4
8
6
10
11
5
7
11
9
2
15
5
6
11
9
10
8
6
12
10
10
16
9
9
6
8
9
7
9
13
11
11
11
10
9
8
6
9
8
7
5
4
11
5
9
8
3
6
12
3
6
6
10
6
8
8
4
9
7
13
9
6
11
6
7
2
4
10
9
8
8
9
8
7
9
12
10
12
6
7
4
7
9
4
4
4
4
4
5
6
9
10
2
9
7
14
5
5
7
12
8
9
14
12
14
20
27
23
30
33
27
27
27
33
34
29
13
17
19
14
6
11
15
8
10
6
13
10
6
4
6
5
4
6
9
5
7
8
5
8
9
4
6
13
8
11
8
13
12
10
17
8
19
28
21
14
24
23
28
18
22
25
26
25
16
18
11
15
11
9
10
8
15
5
5
7
13
7
5
17
5
8
16
11
12
4
9
8
10
10
9
14
8
6
6
8
8
7
10
8
5
5
5
7
3
7
7
5
6
7
8
11
4
9
5
9
8
5
4
8
6
7
8
6
10
2
6
9
4
5
7
6
5
7
3
8
3
3
7
4
2
8
6
5
8
3
7
5
8
10
8
8
3
4
7
5
8
6
7
6
8
3
7
8
6
6
6
2
6
6
4
7
7
7
6
7
8
3
10
5
3
4
5
3
8
6
6
8
8
8
4
13
8
3
8
6
4
7
9
3
5
5
5
7
5
3
6
7
11
6
2
6
7
4
1
9
6
5
4
7
5
5
2
9
1
6
5
3
6
5
7
5
5
4
10
7
7
4
5
4
5
5
10
1
6
11
10
6
3
5
2
9
3
5
4
5
3
8
13
5
10
6
6
9
8
2
8
11
17
6
7
8
10
11
5
7
8
9
10
5
11
11
3
9
9
7
7
6
6
3
5
6
7
8
3
3
4
1
7
10
8
3
2
5
4
3
7
5
9
3
8
6
4
5
7
3
1
5
7
6
7
8
8
4
4
1
8
5
3
3
7
6
6
2
5
1
5
5
6
7
5
6
2
1
11
6
7
4
6
6
6
6
2
9
3
4
9
7
2
4
3
5
6
7
2
6
1
5
6
9
3
5
4
0
4
7
3
5
5
5
8
6
4
3
2
5
3
6
2
5
6
2
6
2
3
5
4
5
9
8
2
3
6
4
5
8
3
4
5
10
4
3
6
9
6
7
5
5
4
6
3
5
2
4
1
5
9
4
8
8
6
5
6
5
8
6
14
7
8
16
12
11
13
18
14
15
20
13
20
14
7
6
10
7
7
5
8
4
4
6
7
6
9
5
2
5
6
6
6
3
7
1
4
3
5
4
8
8
5
7
3
7
2
2
11
10
11
10
6
10
13
8
8
7
9
11
11
10
5
6
4
3
3
5
6
4
9
2
7
4
7
5
3
1
4
6
4
5
6
4
4
1
5
3
8
6
4
4
3
7
7
3
10
4
10
3
3
4
1
2
5
8
5
7
3
6
6
3
4
3
4
4
6
8
5
2
5
6
6
2
3
3
3
4
3
7
6
4
3
4
3
4
3
8
8
5
5
1
4
4
5
4
10
6
5
5
2
4
7
0
7
1
2
8
4
6
6
4
1
1
2
5
6
6
7
4
1
4
2
4
4
4
3
3
1
3
2
2
2
6
0
6
5
6
8
4
3
7
2
2
5
3
4
4
4
3
4
0
2
2
5
8
2
6
5
2
6
2
4
1
10
4
4
3
6
5
1
6
4
3
2
3
4
5
4
1
7
5
5
3
2
6
3
4
3
4
6
4
6
6
5
2
2
4
4
3
2
5
2
8
2
2
4
2
10
5
5
4
5
7
5
3
2
7
2
7
1
5
3
9
8
5
6
3
0
4
5
4
4
2
4
4
2
2
2
9
3
7
5
3
3
2
6
4
1
4
5
1
5
7
5
5
2
3
7
4
5
5
5
5
9
5
5
6
8
1
8
4
6
5
5
3
3
4
6
3
2
4
2
4
6
6
4
3
7
2
4
2
3
3
6
7
7
7
4
5
4
2
7
3
3
4
1
3
4
6
4
2
4
3
1
4
4
4
7
6
3
5
2
2
5
6
6
3
4
5
7
2
3
2
3
3
1
0
5
6
3
5
9
3
5
2
4
2
3
1
3
4
5
5
7
6
5
2
1
5
3
5
4
2
5
2
7
2
4
6
10
3
8
5
3
5
3
6
5
9
5
6
1
5
1
4
3
2
3
0
5
1
4
5
8
3
4
4
4
6
2
4
3
8
5
1
9
11
5
7
11
11
12
9
7
11
9
13
9
12
7
4
13
6
11
9
5
4
2
6
6
9
3
3
9
11
12
10
13
13
17
6
12
13
11
5
4
5
6
1
7
3
2
3
0
3
3
2
2
4
6
4
3
4
6
3
1
2
2
4
3
2
5
2
2
2
6
0
4
5
2
0
1
4
1
4
5
2
6
5
1
5
0
5
3
4
2
7
3
3
3
3
5
2
5
3
9
3
0
3
5
5
3
6
3
7
5
4
5
2
7
4
4
3
5
6
7
3
5
3
3
4
5
4
6
5
4
4
5
2
4
6
5
0
3
1
4
2
0
4
0
1
2
7
1
6
0
5
3
3
3
3
2
4
1
1
1
3
3
3
2
3
1
4
5
10
1
4
3
2
5
6
6
2
4
4
5
6
8
3
1
3
4
4
5
3
4
5
3
4
2
7
4
8
4
5
2
3
9
5
3
4
4
4
8
3
4
5
4
8
0
6
3
5
5
5
6
4
1
4
3
5
4
8
3
8
4
3
6
2
0
1
2
7
1
4
1
2
1
3
0
3
4
5
4
2
5
3
3
1
2
3
2
5
4
2
2
3
3
2
5
3
2
0
5
0
4
2
6
4
3
5
2
3
2
4
2
4
1
5
3
3
3
2
2
6
2
6
2
1
3
0
0
2
6
1
2
4
5
4
2
4
6
3
2
2
3
4
8
8
4
3
4
1
3
5
2
4
7
1
2
3
4
1
0
5
6
1
4
3
3
7
4
5
4
3
4
4
4
2
0
4
2
2
5
6
2
7
3
2
5
2
5
8
4
3
5
2
0
0
4
2
5
6
4
4
0
4
2
7
2
4
5
1
1
3
2
3
4
4
6
0
1
1
1
3
0
4
2
1
6
4
2
6
2
1
3
2
3
1
2
2
3
3
1
1
2
1
2
4
2
4
1
3
5
5
1
2
1
3
4
2
4
5
6
5
3
2
0
3
1
6
3
0
2
3
1
0
8
2
7
3
3
4
1
4
1
2
5
5
2
4
6
2
3
3
6
4
5
2
4
3
3
3
5
2
6
4
8
1
3
5
5
3
3
7
4
4
2
0
4
2
2
5
0
6
2
1
1
1
2
6
4
1
3
3
6
1
6
7
6
6
3
9
7
2
2
4
5
2
6
4
6
3
3
8
2
2
4
3
1
5
3
5
4
5
2
1
3
2
2
1
1
1
3
2
1
5
5
1
2
1
3
4
5
5
3
2
5
3
3
5
0
1
3
0
1
1
0
1
3
4
3
2
1
3
4
4
7
3
1
3
3
1
1
1
2
3
1
5
2
3
1
4
3
3
3
2
2
1
0
1
2
3
4
2
1
2
4
4
4
1
4
3
1
0
2
2
2
5
2
2
3
5
3
1
4
0
2
2
5
4
3
3
0
4
2
1
3
2
1
4
2
1
4
1
1
1
0
5
3
2
3
2
2
5
1
2
4
2
2
7
1
3
1
4
3
1
2
0
1
1
7
1
2
3
4
1
0
3
6
2
4
2
2
3
6
0
0
3
3
2
3
2
4
4
2
3
4
2
2
1
2
2
2
2
4
3
2
2
5
2
2
1
3
3
2
1
6
0
5
0
2
4
4
3
2
3
5
0
2
4
4
2
2
2
4
6
5
2
4
2
3
2
1
2
3
2
3
3
11
4
2
2
2
4
4
2
2
3
2
2
5
1
3
1
1
2
2
4
4
4
4
3
2
3
5
6
4
1
4
4
7
3
7
5
3
1
5
2
4
6
3
3
4
4
3
3
1
2
2
5
1
3
5
0
1
2
1
4
0
3
1
1
0
3
4
3
1
1
3
4
1
2
2
3
3
0
3
1
0
4
2
2
1
1
0
3
6
2
2
3
3
0
5
9
7
6
5
5
2
10
7
4
7
10
2
16
10
18
11
18
10
13
9
7
6
4
6
4
4
2
5
2
2
3
4
3
0
4
1
1
1
2
1
6
1
2
2
0
4
1
3
1
2
2
4
1
0
1
3
4
3
0
4
3
2
3
4
2
2
6
4
3
2
3
4
6
4
2
2
0
1
3
1
0
3
2
0
2
2
2
2
3
2
5
3
1
3
1
3
0
2
3
2
0
0
4
0
2
2
0
2
1
2
3
4
2
5
1
1
3
3
4
3
3
1
2
1
1
2
5
3
1
2
2
5
2
1
3
0
2
1
3
4
2
1
1
2
1
6
1
4
3
5
1
3
5
3
4
4
2
0
0
4
1
1
2
6
2
4
1
4
4
0
4
2
5
6
1
3
3
4
5
0
3
1
4
3
0
3
2
1
0
5
1
1
2
1
4
1
1
0
1
2
1
0
1
1
2
1
1
4
2
0
4
0
2
2
1
1
1
2
4
2
2
1
3
1
1
0
2
1
3
1
1
0
2
2
3
1
2
2
1
4
3
1
3
0
2
1
4
4
3
2
4
2
4
2
2
4
3
2
1
1
3
4
2
1
0
2
5
0
1
2
0
0
4
1
1
3
3
0
3
2
1
3
0
5
0
0
4
1
2
7
3
3
1
3
7
5
2
0
2
4
3
1
1
0
2
2
1
1
3
0
2
4
4
4
3
3
2
3
1
4
1
1
0
4
0
1
3
2
2
3
2
4
1
3
6
2
4
2
1
2
3
0
0
2
4
3
2
5
1
0
4
0
1
3
2
2
3
2
1
2
4
0
3
3
0
0
3
2
2
3
1
1
2
1
1
3
4
5
4
2
2
6
2
1
2
2
5
3
6
3
1
1
0
1
2
3
1
4
0
5
0
3
1
1
3
2
1
2
1
2
1
1
3
3
2
2
0
3
2
1
3
3
1
0
4
3
6
3
4
1
2
3
1
2
0
1
1
1
2
4
2
3
1
1
3
4
0
1
1
1
3
3
2
3
3
2
2
2
1
0
8
4
6
1
3
3
3
2
5
5
0
6
3
3
2
3
6
6
6
5
3
5
4
4
1
3
5
2
3
3
0
5
1
2
5
3
1
1
1
2
3
0
4
2
3
3
7
3
3
4
4
2
4
1
6
1
2
0
4
1
6
3
4
2
2
1
1
2
0
0
3
2
1
0
2
1
1
1
2
1
5
1
0
4
0
1
2
1
2
3
2
3
3
3
6
1
3
3
1
4
1
2
0
4
1
0
4
2
1
1
2
2
4
4
2
3
4
2
1
1
1
1
3
3
2
3
1
4
5
2
2
0
0
0
2
1
2
0
2
2
0
1
3
4
1
1
1
1
3
2
2
1
1
2
1
1
1
2
1
3
1
4
1
1
0
3
1
3
3
3
2
2
1
3
2
1
3
2
2
4
3
0
0
3
3
3
1
1
2
4
4
1
3
4
0
1
4
4
1
2
0
0
0
2
2
0
3
2
2
0
1
1
1
1
8
0
5
1
3
1
1
1
1
2
1
2
1
2
3
1
3
3
1
2
1
2
3
2
3
3
2
3
2
3
2
1
0
0
0
0
1
0
1
1
1
2
1
5
1
1
2
2
3
1
4
2
3
2
2
1
5
2
2
3
1
3
1
2
1
1
4
3
1
1
2
2
2
3
2
2
2
1
4
5
3
4
4
5
1
5
2
2
1
2
2
1
0
2
2
4
3
5
4
8
5
4
6
5
5
3
0
5
7
3
7
4
6
4
7
2
1
3
1
4
2
4
2
2
2
2
5
2
4
0
0
1
4
0
4
1
6
0
1
1
2
3
2
2
0
1
2
4
3
4
2
0
3
6
5
1
2
3
1
1
1
5
2
1
2
0
1
2
4
4
5
2
4
2
2
4
5
3
4
4
2
1
2
2
4
1
4
7
2
2
2
3
5
2
2
0
1
2
2
2
0
1
3
1
1
0
2
3
3
4
2
1
1
4
1
2
3
3
1
2
2
1
2
4
2
2
1
2
3
3
1
2
0
2
3
3
2
1
0
2
1
1
0
1
1
1
1
1
1
2
1
2
3
2
0
3
6
1
2
2
3
0
3
3
2
4
4
3
0
1
2
0
1
1
1
0
3
3
3
5
1
1
0
2
3
0
4
2
2
1
3
3
4
0
1
3
2
2
1
3
3
2
1
5
1
5
2
2
0
3
1
1
0
2
6
1
3
1
1
3
2
2
1
1
1
2
1
0
0
2
4
1
3
1
1
3
4
5
4
2
0
2
4
1
2
1
3
1
3
0
2
0
3
2
3
2
1
2
3
4
5
4
3
2
2
1
1
0
3
1
0
2
3
1
6
2
2
3
2
3
2
2
2
1
3
2
2
2
4
1
1
1
1
0
1
1
1
1
3
2
2
1
1
1
3
2
5
2
0
0
3
1
2
1
0
3
1
3
1
2
0
1
1
2
1
3
4
1
3
2
0
1
1
1
0
4
2
2
3
1
2
0
3
3
3
3
1
1
2
5
2
3
3
1
2
1
2
2
1
3
1
1
2
1
3
1
2
2
1
1
1
1
5
3
2
2
3
4
2
1
3
1
4
5
2
1
0
1
4
1
1
3
0
1
1
2
1
0
1
1
1
6
2
0
1
0
3
0
2
3
1
0
1
0
3
0
2
1
3
1
1
1
0
3
1
0
3
0
1
1
1
1
1
2
2
2
3
3
4
0
2
1
2
5
1
1
1
2
2
1
1
1
1
2
2
3
1
0
0
2
4
0
4
0
3
1
2
3
2
2
2
1
0
2
2
1
0
2
0
4
1
2
1
0
1
1
1
1
2
4
2
3
1
0
0
0
2
1
1
4
1
1
2
4
2
4
2
2
2
0
0
0
2
2
1
1
1
2
1
3
1
2
3
2
2
3
1
2
1
1
6
4
1
1
3
4
0
1
2
1
0
1
6
1
2
0
5
3
0
2
1
1
5
3
4
2
3
2
5
2
2
2
4
4
5
3
3
4
3
2
4
4
2
3
4
2
2
3
2
4
0
5
1
5
0
0
1
3
4
4
2
0
0
1
4
0
1
1
0
1
2
0
0
1
1
1
4
2
1
1
4
0
1
1
1
2
3
1
2
0
1
3
4
2
4
1
2
0
4
1
1
0
1
1
3
2
3
4
2
2
2
1
1
3
2
0
2
4
2
1
1
0
2
3
1
2
1
2
1
3
1
4
0
1
2
1
1
4
0
1
1
1
2
1
0
1
1
1
2
0
2
0
3
3
1
3
3
1
4
0
4
1
2
3
1
2
2
4
1
2
2
5
6
3
2
2
4
3
4
2
3
4
1
0
1
0
4
1
2
1
1
3
2
1
3
1
1
3
1
2
3
1
2
4
3
1
4
2
2
1
1
2
2
2
1
1
1
3
2
0
2
3
2
1
1
0
2
4
4
4
1
4
0
1
6
0
1
5
2
3
3
0
0
3
0
1
0
3
1
1
2
1
2
0
1
2
2
0
1
1
0
2
0
3
0
1
1
3
1
4
0
1
1
2
0
3
1
0
4
3
1
1
2
2
2
3
1
1
4
3
2
0
0
2
5
1
2
3
1
3
2
3
1
3
1
4
2
3
2
3
1
5
8
5
3
5
2
3
5
3
4
1
3
5
3
8
1
2
4
3
0
0
2
1
2
1
1
1
1
1
0
2
1
0
1
2
1
1
1
0
0
0
0
2
1
3
3
1
1
3
1
3
4
3
1
2
6
3
0
2
3
1
1
0
1
3
0
1
0
0
3
1
0
1
0
1
1
1
1
2
2
0
2
0
0
0
1
0
0
0
0
0
0
0
3
3
0
1
0
0
0
1
2
2
0
0
0
1
2
0
1
1
0
1
1
1
0
1
2
1
2
2
1
1
2
2
0
0
1
2
1
1
0
4
1
2
0
0
1
2
1
1
1
2
0
1
0
1
0
4
1
0
1
1
1
2
1
0
2
1
3
1
0
1
2
1
1
2
1
1
1
1
4
1
1
1
1
0
1
1
0
1
1
2
2
2
1
2
1
3
4
1
1
2
0
1
0
3
0
2
1
4
1
0
3
3
4
1
1
2
0
1
1
0
0
0
0
0
3
3
0
0
1
0
2
5
0
0
0
1
0
2
4
2
0
0
1
0
0
0
1
1
3
0
0
0
0
0
1
0
1
3
1
3
1
1
1
0
0
3
1
0
2
1
1
1
2
0
2
0
1
1
0
3
1
2
2
3
5
1
2
0
3
2
0
1
2
0
0
2
2
0
0
0
1
1
0
0
3
0
1
2
0
1
1
2
3
1
0
1
1
1
1
0
1
0
0
2
0
3
1
2
0
0
1
0
2
2
0
1
1
1
3
1
1
1
0
1
1
2
0
0
0
2
0
0
1
2
2
0
2
1
1
0
2
2
0
0
1
1
1
0
0
0
2
2
0
0
1
1
0
1
0
0
1
0
1
1
1
0
3
3
0
1
0
1
2
3
1
0
0
2
1
1
3
1
1
1
2
0
0
1
1
1
0
1
1
2
0
0
0
1
1
1
0
1
2
0
1
4
1
6
1
0
0
0
0
3
0
0
3
1
1
0
4
2
1
0
1
1
1
0
0
0
1
5
0
1
0
0
1
1
0
0
1
1
0
1
0
1
2
2
2
0
1
0
2
0
2
4
1
0
1
0
0
0
0
0
0
1
0
2
0
1
0
2
2
0
0
2
3
1
1
1
1
0
1
0
1
0
1
1
3
0
1
0
0
1
0
0
1
1
0
2
0
1
1
1
0
2
2
1
3
3
2
1
0
1
0
0
0
2
0
1
0
2
0
1
2
1
3
1
0
1
2
0
1
1
1
4
2
3
5
2
3
1
0
3
1
4
2
1
4
4
3
0
2
1
0
1
0
2
0
2
1
2
2
1
1
5
2
0
3
0
3
2
3
1
2
2
0
1
0
3
0
0
0
0
0
0
1
0
1
2
1
0
0
1
0
0
0
0
1
2
2
0
0
1
1
0
0
0
2
1
1
0
1
0
0
1
2
1
2
4
2
0
0
0
0
3
3
2
2
0
0
1
1
1
1
0
1
1
0
3
0
0
2
2
1
0
0
2
2
1
1
0
0
0
3
2
0
0
0
0
1
1
2
1
1
0
1
0
1
0
0
2
1
3
0
1
0
1
2
0
0
0
1
0
0
1
1
1
0
1
2
2
2
0
1
1
5
0
0
0
1
0
2
2
1
1
2
1
2
3
1
0
2
0
2
1
1
0
0
2
1
2
0
5
1
2
1
0
2
1
1
0
0
0
0
1
0
1
0
0
1
2
0
1
0
1
0
0
3
1
2
0
0
0
1
1
1
0
0
2
2
1
1
1
1
0
1
2
1
0
0
0
0
0
0
2
0
2
1
1
4
0
1
1
2
1
1
0
0
0
1
0
0
1
0
0
2
3
0
1
0
0
1
1
0
5
0
2
1
4
1
3
0
0
0
0
0
2
1
2
0
1
1
3
3
0
1
3
3
0
1
0
0
0
0
0
0
1
0
2
1
3
0
1
1
1
1
0
0
0
0
0
0
1
0
2
1
1
2
1
0
3
0
1
0
0
1
0
1
0
3
0
1
0
2
1
0
2
1
2
0
1
0
1
0
1
1
3
1
0
2
0
1
0
0
0
0
1
1
1
2
1
0
2
0
1
2
1
0
1
2
3
0
1
1
1
0
1
2
0
0
1
0
0
2
0
0
2
0
2
1
1
0
0
0
0
0
0
1
1
1
0
0
0
0
0
0
3
0
0
0
1
0
2
0
0
0
0
1
2
1
1
0
0
0
0
0
1
2
0
0
1
0
1
2
0
0
1
0
1
0
0
0
1
0
1
1
0
2
0
2
1
0
0
0
0
1
1
3
1
0
0
4
1
0
0
1
1
0
0
1
0
2
0
0
0
2
0
0
1
0
0
0
0
0
0
0
0
1
1
2
0
0
0
0
1
2
0
0
0
0
0
0
1
2
1
0
1
2
1
2
0
0
1
0
1
1
0
0
0
0
1
0
1
1
0
2
0
0
1
0
0
2
1
0
1
2
1
2
0
1
1
1
1
1
0
1
1
1
0
1
2
0
2
1
2
0
2
1
0
0
4
0
1
1
3
3
1
2
0
0
2
0
0
0
0
0
0
0
2
2
0
1
0
0
1
0
0
0
1
1
1
1
1
1
1
0
1
0
0
1
1
1
0
1
0
0
0
0
0
1
0
0
0
0
0
0
0
1
0
0
1
1
1
1
1
1
0
0
1
0
0
0
0
1
2
3
2
0
0
0
2
1
1
2
1
0
0
3
1
0
0
0
0
0
0
0
0
0
1
1
0
2
0
1
0
2
1
0
1
2
0
2
2
0
1
1
0
0
1
0
2
1
0
1
0
1
0
2
0
0
1
0
0
0
0
0
1
1
2
2
0
0
0
0
0
1
0
0
1
1
1
1
0
0
0
1
1
0
0
0
2
2
1
0
2
2
0
1
0
3
1
1
0
1
0
3
1
0
0
0
0
1
0
1
1
0
0
2
0
1
0
0
1
2
0
2
0
0
0
2
0
0
1
0
0
0
1
0
0
0
1
0
2
0
0
2
0
0
1
1
0
2
0
1
0
0
1
1
1
0
1
2
0
1
1
1
1
0
1
1
2
2
1
0
2
0
1
0
0
0
2
1
0
1
0
1
0
1
0
2
0
0
1
1
1
0
0
0
0
1
2
1
1
1
1
0
0
0
0
0
0
1
2
1
0
0
0
3
1
2
0
2
0
1
1
0
0
0
1
0
0
0
0
0
0
0
0
0
1
0
0
1
0
0
0
1
0
0
0
1
1
1
0
0
0
0
0
2
2
1
0
0
0
0
1
0
2
1
0
1
0
0
1
1
0
0
3
2
1
2
1
0
0
1
1
0
0
0
0
0
0
0
0
0
1
0
1
0
0
1
0
1
0
0
1
1
0
0
0
0
0
2
2
0
0
0
1
0
0
0
2
0
0
0
0
2
2
1
1
0
0
0
1
0
0
1
1
0
1
0
0
0
1
1
0
1
0
0
1
1
1
1
1
0
0
0
1
0
1
0
0
0
0
0
1
0
1
0
0
1
2
0
0
2
1
0
2
1
0
1
1
1
0
0
0
0
0
0
0
0
0
0
0
1
0
2
0
0
0
2
0
0
1
0
0
2
0
1
0
0
0
0
0
1
0
1
0
0
1
0
1
2
0
1
0
2
1
2
0
1
1
1
0
0
1
1
0
0
1
0
0
0
0
0
0
1
0
2
0
0
0
0
1
0
2
1
0
1
1
0
0
0
0
0
2
0
1
0
0
0
0
1
0
0
1
1
0
3
1
2
0
1
1
0
1
4
4
2
3
4
7
5
4
2
4
2
1
2
0
0
0
3
1
1
0
3
0
0
1
1
1
1
0
2
0
0
0
0
0
1
1
0
1
0
1
0
1
1
0
1
0
1
0
2
1
0
2
1
0
0
1
1
0
1
0
0
0
1
1
0
0
0
0
2
0
0
1
0
0
0
0
2
0
0
0
0
0
0
1
1
2
1
0
0
1
0
0
1
0
0
0
0
1
1
0
3
0
0
1
0
0
1
1
0
2
0
0
2
0
0
1
1
2
0
0
0
0
0
0
1
0
1
0
0
1
0
0
1
0
0
0
2
1
1
1
1
0
1
0
0
0
2
0
0
1
0
0
1
0
1
0
0
1
1
0
0
1
0
1
1
0
1
0
0
0
1
0
0
0
0
0
0
0
1
0
0
0
0
0
0
1
0
0
1
1
0
0
1
1
0
1
0
0
0
1
0
0
0
0
0
1
1
1
0
0
1
0
0
0
2
0
0
0
0
0
1
0
0
1
0
1
1
0
0
0
0
0
2
0
1
1
0
0
0
0
1
0
1
1
0
1
0
0
1
0
0
0
0
2
0
0
1
1
0
0
1
0
0
0
0
0
0
0
0
1
0
1
0
0
1
1
0
1
0
1
1
0
0
0
1
0
1
2
1
2
0
0
1
1
4
0
4
0
0
3
2
1
0
1
0
0
0
0
1
0
0
0
0
0
0
0
0
0
0
1
0
0
0
1
0
0
0
0
1
0
1
1
0
1
0
0
0
0
0
0
0
1
0
0
1
0
0
0
0
0
2
0
0
0
0
3
1
0
0
1
0
0
2
0
0
0
2
0
0
0
2
0
0
0
1
0
2
0
2
0
0
1
1
1
0
0
1
0
1
0
1
1
0
0
0
0
0
1
1
0
0
0
0
0
0
0
0
0
1
0
0
0
0
1
0
0
0
1
0
0
1
0
0
1
2
0
0
0
0
0
0
1
0
1
1
0
0
0
0
1
0
1
1
1
1
1
3
0
0
0
1
0
0
0
0
0
1
0
0
1
0
1
1
0
0
0
0
0
1
0
0
0
0
0
1
1
0
0
0
0
1
1
2
0
1
0
1
1
0
0
0
0
1
1
0
0
0
0
0
0
0
1
0
1
0
0
0
0
0
0
0
0
0
0
0
1
1
0
0
0
0
1
0
0
0
0
0
1
0
1
3
0
0
0
1
0
1
2
3
0
2
0
0
1
0
1
1
0
1
0
0
2
0
1
0
0
0
2
1
1
0
0
0
0
1
1
1
0
0
1
1
0
2
0
0
0
0
0
1
0
0
1
0
0
1
0
0
0
0
0
0
1
0
0
0
1
0
0
2
0
0
0
0
0
0
0
0
0
1
1
0
0
0
0
0
0
0
0
0
2
0
0
0
0
0
0
1
1
0
0
0
0
0
1
0
0
1
0
0
0
0
0
1
0
0
1
0
0
0
0
0
0
0
1
2
0
0
1
1
0
1
0
1
0
1
0
0
0
0
0
0
0
1
0
0
0
1
0
0
0
0
1
0
0
0
1
1
1
0
0
0
0
0
0
0
1
0
0
1
0
1
0
1
0
1
1
0
1
0
0
0
1
0
1
0
0
1
1
1
0
0
0
0
0
0
3
0
1
0
0
1
0
0
0
1
0
1
0
0
0
1
1
0
1
1
1
0
0
0
0
1
0
0
1
0
0
2
0
0
0
0
0
1
0
0
0
0
0
2
0
2
1
1
0
0
0
0
1
0
1
0
0
0
0
0
0
0
0
0
0
1
2
0
0
0
1
1
0
0
0
1
0
0
1
0
0
0
0
0
0
0
0
1
0
0
0
1
0
1
0
0
0
0
0
0
1
0
1
0
2
0
0
1
0
0
1
1
0
0
0
0
0
0
0
0
1
1
0
0
0
0
0
0
0
0
0
0
1
1
0
1
0
0
1
0
0
0
0
0
0
0
0
1
0
0
0
0
0
1
0
1
0
0
0
0
0
0
0
0
0
1
0
1
0
0
0
1
0
0
1
1
3
0
0
0
0
0
1
0
0
0
0
0
0
0
0
0
1
1
0
0
0
0
0
1
1
0
0
0
1
0
1
0
1
0
0
0
0
0
1
0
1
0
1
0
1
0
0
2
0
0
1
1
0
0
0
2
1
0
0
0
0
0
0
1
0
0
1
0
1
0
0
0
1
0
0
1
0
0
0
0
0
0
1
0
0
0
0
0
2
2
1
1
1
0
0
0
0
2
1
0
0
0
2
0
0
0
1
1
0
0
0
1
0
0
0
0
0
0
1
0
1
1
0
0
0
1
0
0
0
0
1
0
0
1
0
0
0
0
1
1
0
0
1
2
0
0
1
1
0
0
0
0
0
0
0
0
0
0
0
1
0
0
0
0
0
2
0
1
0
0
0
1
0
1
0
0
0
2
2
0
2
2
0
0
0
0
1
0
0
0
1
0
0
0
1
2
0
0
0
0
0
0
1
0
0
0
0
1
0
1
1
1
0
1
0
0
0
0
0
0
0
0
0
0
0
0
1
0
0
0
0
0
1
1
0
0
1
0
2
0
2
0
0
0
0
0
2
0
0
0
0
2
0
0
0
0
2
0
0
0
0
0
0
1
1
0
0
0
0
0
0
0
0
0
0
1
0
1
3
0
1
0
0
0
0
0
1
0
0
0
0
1
1
0
0
0
1
0
0
0
0
0
0
0
1
2
0
1
0
0
0
1
0
2
1
0
0
1
2
0
0
1
0
1
0
0
0
1
0
0
0
0
0
0
1
0
0
0
3
0
1
0
0
0
0
0
0
0
1
0
1
0
0
0
1
1
0
0
0
0
1
0
0
1
0
0
0
0
0
1
0
0
0
0
0
1
0
0
0
0
0
0
1
0
0
0
0
0
2
0
0
0
1
0
1
1
0
1
0
0
0
0
0
0
1
0
2
0
0
1
0
0
0
1
0
0
0
1
0
0
0
1
0
0
1
1
0
0
0
0
0
0
0
1
0
0
0
0
1
1
0
0
0
0
0
0
0
0
1
0
1
0
0
0
0
0
0
0
0
0
0
0
0
1
0
0
1
0
1
0
0
0
1
0
2
2
1
0
3
1
0
0
0
0
5
1
0
2
0
0
4
1
1
0
1
0
0
1
1
0
0
0
0
0
0
0
0
0
0
0
0
0
1
0
0
1
0
0
0
0
0
0
0
1
0
1
1
0
0
1
1
0
0
0
0
0
0
0
0
0
0
0
0
0
1
0
0
0
1
0
0
0
0
2
0
0
0
1
0
0
0
0
0
1
0
0
0
0
0
0
0
0
0
0
1
0
0
0
0
0
0
1
0
1
0
0
0
0
0
0
0
0
0
1
0
0
0
1
1
0
0
0
0
0
1
0
2
0
0
0
0
0
0
1
0
0
0
1
0
1
0
1
0
0
1
0
0
1
0
0
1
0
0
0
0
0
0
1
0
1
0
1
0
0
0
0
0
0
1
1
0
0
0
1
0
1
0
0
0
0
0
1
1
0
0
2
0
1
0
0
1
0
0
0
0
0
0
1
0
0
1
0
1
1
0
0
1
1
0
0
0
0
0
0
0
0
1
1
0
0
1
0
0
0
0
1
1
0
0
0
0
1
0
1
0
0
0
0
0
0
0
0
1
0
0
0
3
0
0
0
1
0
0
0
0
0
0
0
0
0
2
0
1
1
0
0
0
0
0
0
0
1
0
0
0
0
2
1
0
0
0
2
0
1
0
1
2
0
1
0
0
0
0
0
0
0
0
0
0
0
0
2
0
1
0
1
0
0
0
0
1
0
0
0
0
1
0
0
1
0
3
0
1
0
0
0
0
0
0
0
0
1
0
0
1
0
0
1
0
2
0
0
0
0
0
2
0
0
0
0
0
0
2
0
0
0
0
0
0
2
0
1
0
0
0
0
0
1
0
0
0
0
0
0
0
1
0
0
0
0
0
0
0
0
0
1
0
0
3
0
0
0
0
1
1
0
1
1
2
0
1
0
1
0
0
1
1
0
1
0
0
0
1
0
0
0
0
0
0
0
0
1
0
0
0
1
0
0
0
0
0
0
1
1
0
0
0
0
0
0
0
1
0
0
0
2
2
0
0
0
0
0
0
0
0
0
0
0
0
0
0
2
0
1
0
0
1
1
1
0
0
0
0
0
0
0
0
2
0
0
0
0
1
0
0
0
0
0
2
0
1
0
0
0
1
1
0
0
0
0
0
1
0
0
0
0
0
0
1
0
0
0
0
0
0
0
0
0
1
0
0
0
0
0
0
1
0
0
0
0
0
0
1
0
1
0
2
0
1
0
1
0
1
0
1
0
0
0
0
0
0
1
0
0
0
1
0
0
1
0
0
0
0
0
1
0
0
0
0
0
1
0
0
0
0
1
0
1
0
0
0
0
0
1
1
0
0
1
0
0
0
0
0
0
0
1
0
1
0
0
2
0
0
0
0
0
0
0
0
0
0
0
1
0
0
0
2
0
0
0
1
2
0
0
0
0
0
0
0
0
0
0
0
0
0
0
0
0
1
0
0
1
0
0
2
0
1
0
0
1
0
0
0
0
1
1
0
0
0
0
0
0
0
0
0
1
1
1
0
0
1
0
0
1
1
0
0
0
1
2
0
0
0
0
1
1
0
0
0
0
0
0
0
0
1
0
1
0
0
0
0
0
0
0
1
0
0
1
2
0
0
1
0
0
1
1
0
1
1
0
1
0
0
1
2
1
0
0
0
0
0
1
0
2
0
0
1
0
1
0
0
1
0
1
0
0
0
0
1
0
0
1
0
1
0
0
0
1
1
1
0
0
0
0
0
0
0
0
0
0
1
0
0
1
0
1
0
1
0
0
1
0
1
0
0
0
2
1
1
1
0
1
1
0
3
0
2
0
1
0
0
2
1
0
1
0
1
1
0
0
0
2
0
1
1
0
0
0
0
0
0
0
0
1
1
1
0
0
0
0
1
1
0
0
0
1
1
1
0
0
0
1
0
0
2
1
0
0
0
1
0
0
0
1
0
0
0
0
0
0
0
1
0
0
1
1
0
0
0
1
0
1
0
0
0
0
1
0
1
0
0
0
1
1
0
1
0
0
0
0
1
1
0
1
0
0
0
0
0
0
0
1
0
0
1
0
0
0
0
0
0
0
0
0
2
0
1
0
0
0
0
0
0
2
0
1
0
0
1
1
0
0
3
0
3
1
0
1
0
0
0
1
0
0
0
1
0
0
0
0
0
0
0
0
2
0
0
0
0
0
0
0
0
0
0
2
0
0
0
0
0
2
0
0
0
1
1
0
2
1
0
0
2
0
0
0
0
0
2
0
0
0
0
1
0
0
0
1
0
1
1
1
0
0
1
0
0
0
1
1
0
0
1
0
1
0
0
1
0
0
3
0
0
0
1
0
0
0
0
1
0
0
1
1
0
0
1
0
0
0
1
0
2
0
1
0
2
0
2
2
0
1
0
1
0
1
0
0
1
0
0
0
1
0
0
1
0
0
1
1
3
1
1
4
0
1
1
1
1
0
2
0
4
1
1
3
1
1
0
0
4
1
1
2
2
0
0
1
0
2
0
1
0
0
2
0
0
0
1
0
2
0
0
1
0
0
1
0
0
0
0
0
1
1
0
1
0
2
0
0
0
0
0
0
0
1
1
0
0
1
1
2
1
0
0
0
1
0
0
1
2
0
0
0
0
0
2
1
0
0
1
2
2
1
1
0
2
1
1
0
0
0
1
1
0
0
1
0
1
0
0
0
1
1
1
1
0
4
1
0
1
0
0
0
0
0
0
0
0
0
1
0
1
2
0
0
0
0
0
0
0
0
1
0
1
0
0
0
1
3
1
2
1
0
1
0
1
0
0
1
1
0
0
0
2
0
0
0
1
1
0
1
0
1
0
1
0
0
1
0
2
1
0
1
0
0
0
0
1
0
0
1
0
1
1
2
0
0
1
0
0
0
1
1
1
1
0
2
0
0
2
1
1
0
0
1
0
0
1
0
0
1
2
0
2
1
1
1
0
0
0
1
1
0
2
0
0
1
0
1
1
2
0
0
0
1
0
0
0
0
0
0
0
0
1
0
0
0
$ENER_FIT:
5.9250 0.607168 -1.583600e-008
$MCA_CAL:
3
5.9250 0.607168 -1.583600e-008
$ENDRECORD:
