$SPEC_ID:
Sample title.

$MEAS_TIM:
60536.87000 61768.70000
$DATE_MEA:
06/10/2014 5:26:31 PM
$DATA:
0 16383
0
0
0
0
0
0
0
0
0
0
0
0
0
0
0
0
0
0
0
0
0
0
0
0
0
0
0
0
0
0
0
0
0
0
0
0
0
0
0
0
0
0
0
0
0
0
0
0
0
0
0
0
0
0
0
0
0
0
0
0
0
0
0
0
0
0
0
0
0
0
0
0
0
0
0
0
0
0
0
0
0
0
30094
31034
32349
33559
33711
33663
34202
34688
35600
36795
37494
38701
39231
40486
41256
42470
43860
44690
45802
46659
47864
49384
50519
51337
51677
51704
52345
53957
54880
55745
56774
60163
66760
70219
70329
82410
92216
80561
75928
82318
78376
66294
62370
61971
61711
62213
63095
63517
64375
66183
71296
74302
71114
71242
76551
78277
71585
66978
67722
68099
66552
64917
65098
64524
65094
64936
65054
64920
65522
65192
65867
65618
65363
65841
66540
65146
65935
65965
65499
66130
66164
66318
65544
65978
65967
65863
65240
65743
65501
66633
66075
65049
65417
66076
65231
65360
64348
64987
64581
64459
64361
63984
63917
63998
63616
63842
63853
63141
63188
62681
62887
62257
62164
62755
62028
62087
62109
61780
61147
61117
61478
61206
60926
60690
60276
60523
59824
59931
59862
60215
59525
59563
59669
60516
62206
61513
59525
58559
58431
58428
58085
57914
57991
57634
57812
57166
57743
57382
57060
56764
57175
56644
56537
56524
56781
56876
56371
56478
56135
55947
56881
56385
55998
55863
55658
55703
55665
55192
55228
55101
54922
55205
55065
54809
55533
56119
56160
55689
54123
54328
53647
53858
53745
53567
53679
53296
53292
53716
53414
53560
52689
52894
52610
52360
51858
52109
51794
51772
51283
51483
51717
51266
50746
51010
50540
50348
50289
49317
49683
49415
49541
48912
48864
48904
47917
48000
48061
47937
47724
47329
47808
48585
49300
49750
48297
46739
45937
45493
45525
45337
44979
45306
45299
44630
44554
44186
44311
43796
43567
43828
43393
43100
42949
43092
42719
42371
42098
41755
42100
41385
41318
41283
40861
40617
40384
40455
40143
40377
40053
39853
39484
39406
39192
39181
39276
39255
39019
39153
38830
38744
39003
39076
38683
38688
38642
38222
38120
37854
38040
37223
36954
37635
36941
37097
36577
36212
36198
36044
36013
35893
35698
35432
35255
35254
34969
34739
34784
34949
34927
35107
35486
35880
36334
36643
37679
38016
38039
38139
37466
37683
37283
36759
35875
35387
34019
33817
32557
31879
30893
30489
29647
29556
29688
28909
28280
28376
27990
27885
27588
27608
27021
27289
27034
26712
26380
26250
26160
25961
25768
25666
25276
25184
25099
25373
24910
24857
24412
24446
24190
24211
23687
23790
23670
23213
23336
23172
23112
23014
22951
22645
22711
22714
22450
22438
22306
22353
21709
22002
21657
21711
21558
21437
21761
21629
21112
21150
20992
21055
20737
20798
20675
20674
20307
20443
20132
20066
20041
20162
19964
20050
19751
19802
19940
19783
19638
19790
19350
19676
20065
19437
19234
19325
19160
18949
18957
18885
19064
18823
18739
18852
18635
18446
18593
18438
18661
19113
18845
18894
18609
17996
17859
18032
17948
18151
18076
18102
17976
18276
17888
17837
17825
17934
17622
17686
17335
17368
17139
17123
17178
17561
17365
17174
16763
16672
16562
16528
16327
16189
16270
16057
16070
16178
16242
16071
16191
16620
16534
16149
15821
15692
15639
15541
15620
15485
15201
15490
15277
15418
15184
15350
15363
15296
15185
15120
15055
15286
15182
15359
14997
15133
14955
15103
15024
15170
14900
14911
14879
14924
14703
14805
14911
14811
14615
14610
14970
14710
14550
14888
14685
14864
15139
15247
15049
15177
15353
15620
15628
15711
15722
15987
15933
16313
16082
16306
16475
16544
16654
16743
16305
16578
16471
16522
16381
16464
16077
16053
16201
16115
16140
15800
15742
15782
15894
15597
15256
15266
15427
15121
15193
14847
14613
14702
14728
14416
14496
14444
14641
14349
14222
14099
14240
13995
14064
14079
13826
13482
13739
13900
13364
13551
13340
13412
13083
13157
13043
12972
12638
12664
12568
12506
12580
12368
12409
12417
12451
12149
12434
12208
12251
12280
12271
12216
12110
12265
11955
12050
12217
12298
11981
12081
11862
12074
11973
11943
11882
12155
11933
11859
11868
11932
11860
11964
11883
11888
11586
11785
11884
11759
11794
11825
11943
11836
11720
11835
11723
11885
11841
11796
11578
11825
11729
11713
11708
11645
11547
11611
11732
11453
11561
11450
11517
11411
11580
12072
12655
14244
15096
15748
15965
16139
16183
16185
15992
15924
16175
15914
15664
15782
15646
15608
15340
15146
15013
14496
13853
12750
11337
10519
9915
9633
9755
9743
9651
9671
9700
9514
9514
9760
9875
9730
9458
9409
9456
9311
9313
9181
9167
9419
9806
9432
9443
9380
9191
9084
9205
9077
9227
9307
9719
10174
11958
16549
26496
44481
66393
80084
77407
60125
39103
22831
14647
11078
9644
9709
10347
10056
9257
8502
8369
8458
8377
8258
8415
8317
8183
8231
8232
8149
8040
8080
8123
8136
8178
8142
8097
8253
8323
8199
8129
8278
8287
8110
8103
7882
8085
8067
8052
7980
8169
8070
8023
8126
8235
8069
7940
8056
8086
8067
8045
8035
8064
7805
7896
7999
8011
8104
8065
7931
8135
7802
7938
8016
8086
7910
8029
8286
8297
8325
8239
8129
7947
7957
7912
7910
8139
8121
8222
8244
7980
8100
8083
8155
8215
8221
8102
8226
8021
8125
7910
7955
8058
7949
8184
7885
8002
7884
7945
7972
7900
8069
7985
7816
8058
8757
10274
11208
10217
8652
7968
7849
7812
7801
7881
7974
7874
7977
7731
7948
7920
7869
7895
7872
8940
10520
11185
9994
8777
8299
8200
8247
8159
8313
8249
8319
8334
8150
8133
8183
8066
8175
8141
8252
8478
8724
8081
7969
8061
8075
8023
7857
8022
7876
7867
7729
7812
7878
7874
7854
7852
7808
7705
7769
7646
7802
7732
7621
7706
7716
7745
7806
7741
7759
7797
7680
7842
7636
7925
7847
7532
7729
7676
7618
7676
7482
7543
7546
7597
7659
7506
7623
7692
7757
7625
7620
7529
7716
7637
7540
7693
7637
7866
7483
7704
7529
7786
7675
7708
7688
7580
7774
7673
7334
7876
8362
9016
8937
8196
7745
7631
7299
7653
7544
7831
7673
7702
7523
7821
8168
8798
8368
7822
7633
7471
7599
7514
7538
7329
7417
7452
7531
7523
7449
7518
7337
7599
7384
7385
7259
7528
7456
7246
7471
7359
7385
7423
7473
7509
7231
7326
7365
7336
7324
7393
7471
7426
7440
7642
7658
7842
8050
8121
7912
7959
7739
7780
7791
7790
7601
7650
7561
7537
7664
7676
7570
7703
7706
7659
7522
7505
7540
7546
7551
7654
7777
7797
7408
7526
7390
7344
7447
7416
7357
7473
7602
7422
7482
7444
7445
7323
7450
7376
7276
7360
7315
7291
7346
7214
7359
7284
7347
7368
7205
7293
7096
7140
7369
7276
7285
7323
7356
7145
7326
7327
7149
7285
7111
7145
7120
7333
7290
7295
7122
7152
7235
7194
7153
7181
7349
7098
7133
7300
7230
7274
7223
7370
7283
7174
7252
7210
7368
7267
7177
7335
7335
7084
7223
7171
7126
7282
7244
7297
7235
7223
7144
7277
7166
7258
7231
7139
7151
7270
7197
7057
7246
7229
7622
8260
8623
8402
7468
7458
7102
7121
7152
7316
6949
7169
7086
7207
7174
7202
7067
7046
7193
7112
7036
7178
7071
7278
7387
7478
7692
7609
7900
7944
7856
7500
7240
7029
7123
7220
6964
7160
7015
7110
7041
7051
6944
7032
7157
7217
7087
7133
7077
7146
7247
7163
7216
7165
7152
7159
7002
7084
7156
7210
7085
7147
7067
7177
7053
7025
7132
7050
7125
7023
7235
7115
7134
6995
7035
7137
7089
7075
7099
7253
7143
7152
7132
7063
7157
7081
7047
7005
6975
7052
7085
7068
7148
7090
7384
7169
7140
7300
7277
7423
7501
7234
7173
7165
7304
7352
7195
7213
7339
7338
7249
7222
7245
7344
7328
7336
7868
8476
8402
8013
7424
7160
7216
7202
7069
6995
7122
7039
7097
6904
7039
7100
7053
7028
6921
6950
6997
6938
7137
6966
7063
7171
7075
7129
7066
7122
6975
7184
7328
7680
7892
7627
7456
7508
7468
7375
7216
6931
6984
6957
6985
7002
7018
6969
7174
7146
6844
6972
7198
6917
7056
6933
6955
7068
7066
6949
6959
6957
6958
6914
7032
7091
6954
7038
6954
7001
7018
7129
7032
7122
7115
7161
7182
7006
7253
7241
7239
7053
7032
6981
6941
6888
6945
6958
7080
6996
6934
6950
6981
6909
6894
7079
7027
7047
6976
6960
6812
7107
6951
6903
7049
7003
7017
6848
6925
6872
6832
7063
6944
6986
7079
6928
6945
7012
6795
6778
7025
6967
7066
6997
6932
6857
7123
6855
6868
6777
7091
6945
6942
6837
7126
6968
6892
7016
6830
7048
7033
6983
6835
7001
6945
6932
6922
7062
7005
7021
6948
7106
6953
7016
6919
6863
6787
7047
6911
6838
6884
7015
7176
7001
6976
6839
6870
7007
7017
6955
6901
7052
7024
7008
6982
7081
7008
7153
6999
6828
6985
6946
7079
6796
6861
6852
6855
7026
7092
6763
6864
6999
7074
6992
6892
6923
6940
6907
6954
6920
6947
6851
6902
6849
6918
7037
7298
7293
7578
7412
7280
6975
7011
6769
6914
6925
6857
7047
6872
6880
6865
6905
6933
6918
6872
6962
6939
6975
6866
6832
6897
6911
7017
6990
6955
6947
7005
6894
6825
6893
7041
6832
6980
7097
7004
7026
7014
6858
7046
6980
6946
6971
7126
7042
7026
7298
7013
6904
6906
7092
6984
7144
7135
7104
7100
7110
6995
7001
7003
7086
6946
6861
6892
6899
6895
6961
7079
7021
6930
6869
6939
6916
6749
7054
6902
7011
6932
7067
6799
6900
6889
6948
6971
6956
6962
7032
7062
7121
7157
7063
7199
7249
7064
7199
7035
6995
6917
7042
7032
7114
7143
6859
6990
7051
6845
6929
7132
7233
7388
7566
7268
7010
7054
6855
6951
6958
6948
6900
6949
7078
7083
7031
6788
6949
6956
6955
6988
6994
6855
6958
7000
7082
6758
6845
6935
6964
7011
6970
6933
6873
6774
6939
6826
6952
7032
6878
6840
6965
6909
6886
6977
6982
6960
7005
7182
7341
7349
7166
7001
6865
6991
6896
6909
6930
6852
6991
6970
7058
7129
7123
7186
7055
6979
6962
7161
7191
7158
7218
7147
6829
6961
6952
6881
7166
6910
6811
7010
7006
6834
7023
6953
6938
6855
7027
6952
7054
6888
6891
6855
6996
6927
7018
7080
7071
7021
7047
6874
6948
6848
6962
6965
7064
7003
6967
6846
6849
6849
7061
6942
6957
7041
6966
6913
7019
6925
7045
6932
7050
7009
7087
6930
6843
7127
7125
7052
7101
7027
6849
7050
6990
6967
7052
7051
6903
6889
6944
7148
7233
6931
6972
7037
6977
6972
6874
6821
7004
6920
7061
6981
6999
7107
7119
7161
7139
7153
7127
6868
6835
7159
7030
7352
7867
7857
7726
7422
6981
6786
6956
6950
7065
6809
6827
7101
7034
7250
7097
7019
7026
7020
6966
7070
7049
7028
6990
6960
6902
6868
7035
6899
6802
6971
6907
6966
7211
7266
7363
7301
7141
6965
7075
7022
7002
7070
6853
7066
7026
6952
7173
6984
7032
7113
7112
7105
7764
10218
17440
31666
43538
39751
24586
13095
8968
8302
8103
7910
7772
7840
7731
7657
7688
7925
7902
7787
7686
7864
7636
7701
7797
7892
7781
7598
7789
7799
7759
7740
7867
7666
7713
7662
7674
7674
7658
7788
7788
7775
7687
7592
7887
7803
7831
7735
7631
7642
7756
7531
7860
7663
7799
7865
7753
7780
7768
7609
7779
7564
7907
7758
7544
7771
7792
7872
7817
7609
7730
7797
7790
7815
8022
7598
7808
7915
7609
7855
7806
7780
7637
7580
7700
7732
7742
7681
7873
7788
7790
7721
8081
8877
10909
12768
12724
11163
8953
8119
7883
7779
7738
7701
7747
7891
7831
7915
7630
7962
7888
7784
7902
7921
7780
7780
7928
7762
7870
7779
7952
8017
7980
7853
7888
7965
7796
7684
7767
7867
7867
7974
7885
7797
7801
7943
8001
7896
7722
7809
7844
7941
7979
8121
8001
8072
8088
8042
7921
7908
8020
7871
8033
7925
7938
7785
7870
7997
7914
7846
7966
7984
7942
7878
7954
7899
7971
8202
8439
8114
8183
7721
7868
8000
7813
7765
7804
7868
7951
7688
7949
7828
8005
7946
8144
8009
7924
7891
8019
7780
7962
7960
8057
7864
8050
7986
8083
7880
8008
8054
7936
8175
8139
8144
8076
7965
8051
7941
8012
8027
8074
8086
7908
7985
8033
8017
7893
8057
8048
7896
7969
7992
7895
8028
8037
8260
8012
8216
8029
8026
7857
8175
7936
8154
7916
8101
8071
8068
7870
8121
8093
8143
8199
8286
8135
8021
8201
8107
8207
8197
8148
8184
8149
8194
8142
8145
8174
8113
8188
8229
8328
8271
8329
8270
8450
8353
8325
8342
8364
8125
8487
8502
8338
8247
8377
8513
8598
8839
9040
8447
8435
8356
8421
8395
8168
8654
8623
8806
8602
8299
8435
8246
8358
8398
8368
8357
8247
8273
8290
8342
8430
8369
8305
8411
8449
8447
8422
8283
8487
8320
8352
8447
8284
8508
8352
8351
8529
8565
8500
8338
8376
8328
8576
8394
8426
8599
8317
8490
8395
8479
8413
8444
8306
8308
8470
8261
8247
8310
8408
8518
8365
8348
8238
8383
8298
8345
8457
8383
8526
8725
8530
8571
8479
8448
8609
8532
8617
8557
8569
8546
8351
8636
8760
8511
8332
8640
8458
8593
8600
8594
8565
8321
8763
8626
8544
8523
8717
8521
8611
8491
8625
8446
8632
8568
8662
8618
8528
8722
8859
8617
8571
8552
8574
8789
8635
8657
8910
8660
8652
8785
8702
8914
9050
8759
8719
8695
8861
8748
8606
8725
8712
8632
8555
8642
8777
8864
8879
8765
8815
8828
8666
8815
8794
8955
8898
8900
8770
8802
8819
8895
8788
9027
8704
8917
8776
8908
8937
8781
8846
8982
8951
8969
8885
8909
8926
9003
9006
8816
8864
8845
8982
8969
8815
8956
9023
9162
9018
9066
9080
8880
9024
9122
8985
8915
8984
9039
9138
9054
9021
9248
8934
8951
9157
9098
9174
8890
8857
8938
9135
9105
8975
9129
9054
9101
9060
9112
9105
9062
9001
9173
9246
9300
9283
9070
9335
9253
9077
9176
9282
9337
9141
8992
9167
9166
9284
9247
9011
9085
9158
9173
9231
9373
9181
9150
9110
9260
9199
9225
9267
9148
9097
9296
9252
9182
9189
9350
9212
9090
9006
9209
9047
9209
9042
9182
9072
8948
9257
9214
9052
9056
9104
9102
8993
8953
9168
9138
9135
9076
8981
8994
9108
8903
9110
8992
9212
9178
9135
9084
9140
9257
9245
9158
9112
9096
8972
9417
9102
9177
9128
8994
9162
9048
9114
9113
9202
9168
9145
9419
9169
9183
8988
9198
9027
9172
9260
9475
9251
9212
9232
9332
9355
9202
9154
9096
9248
9155
9237
9117
9375
9378
9112
9286
9139
9214
9462
9240
9143
9284
9380
9212
9243
9187
9191
9305
9309
9250
9099
9331
9441
9465
9428
9211
9344
9317
9640
9567
10005
10084
9838
9560
9449
9498
9356
9216
9328
9193
9407
9346
9429
9432
9388
9598
9597
9351
9365
9157
9482
9493
9195
9380
9278
9395
9346
9468
9685
10315
11327
12598
12845
12431
10650
9750
9739
9415
9552
9605
9600
9769
9490
9616
9317
9678
9795
9492
9532
9655
9630
9554
9492
9415
9629
9476
9646
9645
9514
9521
9392
9715
9672
9595
9663
9548
9651
9533
9707
9569
9629
9633
9818
9805
9573
9694
9683
9863
9840
9797
9623
9863
9811
9577
9848
9805
9797
9862
9817
9888
9760
9718
9671
9713
10065
9833
10029
10357
10639
10876
10748
10541
10350
10240
10262
10246
9889
10083
9894
9811
10203
9989
10077
10007
9989
10015
10237
9912
10143
10154
9857
10062
10279
10144
10277
10020
10222
10252
10312
10308
10107
10391
9901
10179
10251
10148
10109
10181
10278
10502
10246
10478
10474
10933
11281
12571
15866
22653
34866
50661
64299
67964
60233
44435
29535
19034
14265
12454
11620
11380
11216
11110
10942
10968
10947
10802
10823
10977
11262
11496
11508
11736
11491
11194
11202
11220
11059
11173
11179
11107
10980
10987
11010
10994
11177
10938
11205
10994
11111
11318
11117
11199
11137
11265
10768
11328
11300
11242
11178
11333
11283
11209
11138
11372
11318
11426
11213
11154
11148
11427
11300
11399
11224
11395
11544
11436
11420
11529
11537
11368
11582
11504
11468
11529
11537
11629
11514
11570
11711
11631
11728
11582
11539
11716
11571
11653
11565
11603
11863
11663
11789
11652
11567
11677
11581
11699
11869
11589
11868
12199
12799
13480
13800
13163
12542
12129
12027
11928
12161
12191
12067
11971
11858
11912
12032
12110
11775
12013
12248
12168
12151
12008
12182
12074
12128
12014
12257
12158
12169
12227
12479
12275
12280
12271
12364
12162
12410
12287
12373
12274
12278
12218
12356
12419
12321
12468
12365
12525
12868
12810
12827
12735
12550
12604
12534
12478
12605
12687
12396
12565
12693
12616
12641
12666
12710
12695
12707
12709
12715
12741
12759
12842
12932
12914
12850
13174
12935
13012
13116
12850
12963
12976
13143
12976
12865
13049
13069
13299
13081
12873
13085
13204
13210
13208
13324
13497
13213
13290
13543
13480
13221
13468
13579
13390
13478
13334
13417
13550
13690
13617
13653
13443
13459
13590
13613
13753
13651
13785
14009
13608
13742
13994
13883
13796
13939
13767
13918
13829
13822
13917
14067
14041
14179
13969
13951
14101
14064
14181
14145
14147
14142
14116
14099
14166
14356
14359
14397
14652
14499
14450
14512
14689
14527
14525
14604
14732
14511
14780
14817
15126
15855
16684
16903
16341
15569
15209
15127
14894
15057
15012
15120
14871
15165
15239
15137
15454
15205
15467
15260
15544
15338
15391
15510
15405
15462
15551
15615
15643
15799
15584
15695
15725
15652
15706
15957
15896
15843
15857
15604
15935
16057
15802
15908
15686
15795
16003
16107
16254
16385
16342
16181
16296
16204
16106
16437
16382
16398
16574
16600
16562
16678
16523
16631
16672
16741
16706
16534
16844
16990
17042
16992
16954
17085
16914
17091
17233
17154
17219
17141
17163
17217
17249
17483
17340
17477
17374
17456
17940
17883
17996
17678
17488
17653
17748
17693
17514
17830
18042
17998
18208
18241
18653
18575
18399
18240
18296
18204
18356
18154
18347
18355
18673
18676
18798
18725
19014
18858
18913
18482
18590
18725
19089
18934
18866
19083
19030
19405
19143
19082
19219
19121
19310
19113
19273
19518
19332
19543
19545
19613
19567
19456
19578
19524
19687
19679
19755
19870
19680
19831
19728
19768
19707
19829
19686
19388
19647
19492
19396
19467
19351
19290
19110
18661
18587
18223
17919
17678
17299
16738
16355
15908
15849
15586
15395
15359
15218
15211
14812
14754
14458
14387
14254
14106
14122
13795
13819
13784
13802
13702
13632
13647
13439
13502
13445
13484
13403
13115
13078
13219
13079
12987
13056
13037
12917
12975
12854
12815
12796
12720
12789
12476
12496
12377
12322
12263
12455
12252
12507
12428
12211
12457
12058
12036
11935
11914
12277
11864
11845
11694
11740
11615
11733
11628
11440
11427
11568
11321
11239
11367
11358
11469
11146
11049
10932
11000
11024
10661
10561
10693
10633
10781
10598
10662
10574
10563
10273
10241
10188
10244
9928
10217
9922
9959
9793
9670
9734
9821
9585
9556
9537
9546
9442
9480
9230
9139
9069
9145
9043
9129
8822
8966
8979
8760
8691
8707
8733
8384
8461
8438
8315
8221
8148
8160
8028
8059
7944
7815
7735
7772
7488
7706
7573
7522
7438
7331
7411
7201
7117
7115
7139
7023
6847
6914
6937
6584
6734
6581
6453
6502
6389
6382
6173
6338
6171
6106
6005
6114
5850
5819
5841
5795
5665
5837
5629
5659
5698
5662
5459
5473
5313
5247
5271
5154
4984
4981
5020
5110
5104
4895
4838
4684
4654
4552
4408
4492
4474
4466
4364
4377
4347
4158
4182
4183
4067
3934
4111
3917
3915
3773
3915
3822
3849
3812
3765
3778
3739
3613
3579
3509
3466
3492
3484
3446
3389
3393
3445
3396
3334
3273
3244
3249
3285
3299
3163
3278
3122
3098
3262
3161
3030
3070
3018
3106
2975
3086
3009
2948
2956
2995
2966
3046
2982
2935
3033
2929
2908
2793
2872
2903
2912
2940
2818
2774
2865
2960
2784
2826
2900
2788
2786
2720
2717
2753
2786
2777
2718
2719
2719
2736
2657
2707
2678
2629
2645
2550
2637
2643
2638
2614
2531
2536
2622
2566
2790
2813
2668
2594
2574
2447
2444
2342
2359
2404
2390
2362
2337
2306
2343
2400
2306
2304
2262
2321
2289
2210
2324
2219
2196
2239
2182
2222
2190
2206
2214
2218
2148
2120
2136
2061
2069
2128
2192
2106
2215
2157
2241
2239
2277
2204
2179
2289
2286
2337
2462
2935
4477
9450
23214
56520
132604
296062
592766
959323
1159630
998594
598713
246873
69952
14122
2611
990
812
834
807
825
779
736
798
752
747
748
727
770
726
731
752
741
759
777
738
729
666
690
658
673
685
754
662
705
734
677
679
669
699
686
620
635
696
665
717
635
649
688
692
659
688
612
646
635
660
622
641
653
660
647
589
655
653
646
611
651
649
655
666
648
674
667
742
612
679
654
594
635
653
595
623
646
634
673
660
668
687
742
750
699
687
725
688
639
667
629
673
642
668
698
698
641
653
657
614
624
601
646
670
634
626
668
624
619
667
635
646
614
665
600
642
616
622
633
602
694
586
648
658
640
637
627
647
594
657
630
643
640
617
603
601
648
627
615
688
639
628
750
652
659
607
643
633
618
665
631
635
661
627
635
637
692
652
651
610
603
670
665
622
652
565
623
644
628
638
626
644
621
649
565
576
588
633
649
626
628
612
634
619
624
622
598
648
650
641
601
597
575
627
613
583
576
646
644
595
606
607
595
539
609
624
620
618
647
623
605
641
594
683
632
622
593
627
581
584
601
634
588
642
654
591
645
577
617
584
612
616
610
599
566
616
615
605
641
608
621
613
606
574
619
657
638
610
659
581
575
542
558
589
548
594
599
609
589
555
572
583
575
588
570
591
560
566
616
603
596
604
551
587
594
562
595
600
577
606
581
588
598
643
613
582
578
608
564
633
626
577
524
590
577
605
583
615
602
610
596
583
646
629
636
629
644
687
657
626
616
557
590
585
510
555
561
576
608
599
611
553
562
571
594
601
590
601
614
588
545
549
610
596
623
604
588
574
597
625
591
575
583
574
574
617
550
554
584
488
596
566
565
607
607
576
573
556
570
556
647
561
591
627
637
610
645
651
584
575
587
529
575
547
561
524
581
576
565
601
602
578
560
562
536
586
529
616
495
557
566
562
546
551
567
575
558
536
541
509
548
572
567
536
515
560
537
548
549
533
579
554
538
592
554
543
560
596
563
587
576
552
594
522
528
579
580
578
595
563
605
568
602
536
587
529
602
574
630
663
743
889
986
923
863
709
634
622
574
589
566
605
646
605
648
743
665
652
606
558
527
553
551
533
508
533
557
547
582
554
539
545
554
546
566
548
579
568
534
526
568
516
580
535
532
538
545
568
535
542
537
480
557
561
552
594
526
538
540
551
532
558
531
551
503
542
527
522
541
564
535
555
562
542
530
553
528
524
594
560
574
507
516
534
558
560
572
534
601
562
572
567
525
521
513
551
530
569
531
544
548
551
494
501
539
567
541
636
562
595
594
562
549
519
548
525
521
509
502
509
495
537
542
572
534
526
582
552
534
544
528
512
520
477
512
534
578
497
529
546
513
579
520
542
570
571
550
545
560
527
536
552
516
546
545
551
492
542
506
563
555
514
520
536
531
537
494
510
524
509
517
511
513
529
538
501
538
560
498
543
506
486
496
488
488
508
534
507
514
521
504
496
516
505
524
517
523
557
475
502
522
511
510
509
508
571
551
606
608
623
556
542
506
558
608
634
677
618
657
548
505
474
512
462
462
531
504
476
511
488
521
517
515
466
501
541
541
512
585
532
501
495
507
502
504
519
551
558
553
570
501
539
520
492
492
497
524
496
560
512
508
545
506
492
469
489
496
520
507
506
513
526
522
533
507
446
512
493
503
521
517
473
497
481
506
514
490
476
472
514
467
529
495
510
496
457
505
474
510
455
493
527
531
548
609
658
645
655
611
537
514
524
528
524
524
534
476
533
534
457
508
501
446
511
492
554
540
526
539
510
497
495
521
456
463
517
513
511
483
504
453
520
454
446
497
436
483
446
463
466
506
526
507
559
532
564
557
570
521
523
537
468
483
498
477
468
491
470
486
468
460
476
458
470
469
489
432
482
451
465
478
515
488
514
492
454
462
497
508
493
460
477
475
506
466
484
473
481
480
506
489
483
527
511
469
470
436
431
478
499
443
494
487
492
457
466
475
481
449
465
459
472
528
480
503
497
533
529
450
469
521
435
435
463
531
465
502
503
459
511
487
524
484
512
475
507
479
459
486
469
466
488
463
472
479
495
490
501
550
500
490
475
472
436
515
486
502
528
533
591
618
577
571
554
559
542
519
553
538
488
505
499
483
486
440
525
475
432
488
466
494
480
417
441
489
511
496
458
433
447
458
452
469
463
457
463
446
469
495
463
466
410
465
447
397
462
476
477
486
532
544
571
546
534
464
473
444
428
457
468
423
463
479
441
501
493
526
530
443
497
487
476
427
433
456
459
425
495
424
436
468
453
460
427
454
473
444
465
443
462
444
443
431
440
464
470
461
465
462
471
467
430
462
463
451
460
472
443
473
472
462
517
482
464
451
436
447
461
423
452
444
442
424
467
451
445
437
463
454
416
424
433
423
458
438
465
440
412
466
469
447
439
446
440
483
494
450
434
451
490
463
465
455
479
422
449
429
442
415
424
447
456
447
462
449
467
458
429
444
430
436
410
444
470
427
446
436
428
422
459
440
442
462
454
478
442
453
470
514
482
439
459
464
445
483
536
518
572
573
570
457
454
413
423
429
442
440
455
459
451
476
441
437
440
452
399
433
447
471
452
461
492
470
486
453
436
400
432
441
441
396
419
440
434
443
416
395
452
426
445
456
420
396
438
417
438
450
433
442
433
480
430
401
422
423
451
451
435
434
412
439
415
412
397
412
402
393
416
462
446
414
445
433
443
431
453
502
522
509
518
561
458
435
426
429
440
466
457
511
582
504
522
422
423
467
417
474
459
467
434
432
397
414
400
413
412
492
492
569
579
521
471
452
416
418
384
422
434
409
424
396
384
374
422
405
421
426
392
453
416
417
382
443
476
485
469
493
439
456
461
437
431
441
425
376
403
423
447
410
424
447
465
432
454
427
406
399
402
428
412
384
394
407
443
402
396
417
398
408
426
461
442
418
421
457
420
414
417
401
430
420
443
389
409
402
406
399
429
359
402
443
445
393
456
440
433
370
404
400
399
413
412
413
430
391
486
383
381
401
423
395
465
449
504
470
490
444
423
436
402
414
424
424
392
427
425
443
448
521
445
426
390
419
397
392
394
440
383
403
415
381
431
381
419
437
383
420
374
400
384
421
424
416
391
361
372
407
359
380
425
412
422
358
411
367
418
427
409
379
399
420
378
376
398
363
402
363
415
422
428
414
392
376
423
414
395
411
421
405
389
431
373
382
390
397
400
410
370
403
397
390
391
384
406
395
445
468
522
536
573
615
545
569
528
502
576
572
683
723
792
676
622
550
460
390
452
397
435
418
388
412
394
382
368
444
456
389
481
432
425
444
418
401
386
366
411
398
377
401
399
402
388
441
479
463
480
419
433
424
400
369
380
397
353
424
389
387
399
389
385
379
389
409
414
415
385
400
359
399
387
400
416
402
405
363
403
392
362
406
384
388
460
374
390
407
360
397
450
415
444
411
395
388
359
398
362
414
373
390
372
413
358
447
387
370
389
438
387
397
423
431
416
378
398
364
387
426
395
412
333
382
371
363
378
376
354
398
369
420
403
391
374
374
378
377
410
387
390
365
394
388
372
417
417
413
413
427
416
481
472
495
553
521
509
443
403
407
447
400
414
398
406
413
372
379
360
404
382
370
394
380
391
392
391
355
379
379
408
370
360
380
386
380
368
353
397
432
404
395
402
409
377
396
389
362
368
358
418
394
421
390
395
417
430
404
401
434
398
389
386
370
368
368
351
390
382
360
375
389
391
365
363
399
343
386
418
335
381
374
351
390
373
364
368
371
403
327
391
391
407
396
359
381
386
364
389
365
410
371
393
414
394
358
356
397
380
369
372
378
366
367
365
392
387
392
426
413
379
421
417
369
383
400
338
406
364
354
394
397
397
362
378
379
383
384
429
429
433
364
408
362
380
394
356
376
343
392
359
388
368
398
371
348
385
382
392
392
364
388
376
380
373
388
360
375
411
372
357
374
362
313
384
398
353
375
378
390
412
394
409
430
364
352
362
352
359
401
372
359
363
342
376
331
389
375
371
379
350
381
359
356
370
374
363
357
328
387
380
367
383
398
415
399
407
389
410
398
381
410
394
444
531
503
492
480
414
361
371
367
364
351
368
368
354
346
362
406
364
366
352
364
339
343
430
372
374
376
383
361
356
364
361
347
396
377
421
495
502
507
482
414
357
373
369
380
366
350
336
345
334
362
355
370
347
322
345
366
342
367
388
345
355
365
401
345
372
342
374
325
370
366
327
376
327
355
317
347
351
418
398
459
415
382
389
357
356
342
373
332
346
299
358
373
337
345
339
354
358
327
336
314
315
344
318
337
343
343
344
337
366
388
465
507
599
611
586
448
448
377
327
333
356
369
350
321
370
366
348
353
335
359
330
328
362
364
316
312
365
370
334
323
319
361
337
342
362
373
321
333
311
316
337
341
329
311
318
355
329
343
332
340
343
347
343
348
314
333
343
333
318
324
310
332
318
369
361
362
414
464
605
721
799
766
610
509
435
350
345
362
305
345
417
339
374
360
359
362
321
341
361
327
351
326
356
354
325
318
332
342
344
342
335
317
317
313
330
335
322
335
335
335
311
302
340
319
352
310
320
317
332
312
324
308
358
296
286
332
316
280
322
283
281
319
310
320
281
296
309
282
323
290
307
293
335
271
341
302
318
323
333
336
329
357
318
341
342
310
381
356
391
350
410
365
345
335
286
321
337
299
322
294
310
355
297
314
298
279
301
312
327
341
345
282
305
292
310
280
320
311
290
316
297
295
342
300
301
271
265
304
325
309
285
313
298
322
310
329
328
319
311
311
340
267
315
285
297
313
284
296
289
263
297
288
308
328
316
287
277
301
290
295
303
290
310
327
289
253
292
287
304
277
293
300
312
295
296
277
307
282
311
321
298
319
293
300
313
325
302
303
294
292
296
294
299
299
284
266
289
287
308
321
300
283
339
260
265
299
318
297
319
286
307
282
323
320
375
406
382
505
698
864
995
1004
904
679
629
584
749
1001
1331
1566
1759
1510
1045
731
486
345
314
330
303
317
289
312
301
305
281
322
294
288
273
279
327
297
298
289
317
321
308
328
294
322
330
336
342
382
395
381
424
391
375
329
300
287
343
312
308
326
301
292
295
302
287
293
295
281
304
313
297
303
266
289
312
273
296
273
288
304
271
287
289
296
286
279
330
321
312
269
322
282
271
310
281
287
270
288
309
286
295
303
271
307
279
277
292
305
287
286
303
327
329
294
317
317
348
270
312
306
227
310
308
281
258
305
242
296
280
284
323
299
281
285
332
322
280
275
293
280
295
272
288
285
282
287
303
289
242
250
281
299
281
313
315
269
283
314
296
298
278
286
284
300
296
289
282
269
274
291
288
329
325
333
320
301
318
334
321
310
273
263
270
271
265
282
277
272
282
281
288
277
298
303
284
261
277
293
252
316
280
248
299
292
300
257
293
288
293
287
303
296
280
264
295
294
282
285
291
292
276
269
319
332
340
309
303
284
317
281
277
243
281
292
268
312
301
286
278
274
295
279
262
291
302
270
259
290
288
262
295
280
274
293
316
301
284
270
277
310
290
274
307
329
366
315
330
317
342
358
365
372
391
418
372
313
323
283
309
263
261
287
248
273
246
267
288
288
286
247
283
269
281
309
268
260
258
291
278
294
271
255
284
318
316
329
278
274
292
264
280
275
274
311
314
288
312
317
262
289
316
292
291
284
277
284
273
277
293
264
305
299
308
313
310
305
306
311
281
275
273
264
266
246
261
266
292
263
253
283
288
251
309
265
260
283
288
303
273
254
289
260
316
292
339
321
379
340
305
323
311
301
388
462
590
708
745
665
606
491
354
338
351
285
315
300
296
310
281
235
317
273
308
275
312
281
258
314
298
250
279
264
242
309
286
282
273
290
272
304
271
301
250
326
306
296
330
315
284
288
311
298
271
292
277
274
314
324
297
279
296
277
299
302
293
325
293
313
334
372
311
274
306
274
289
273
284
279
285
270
266
259
306
252
269
289
283
314
257
275
312
269
273
302
301
286
305
265
283
282
295
265
262
254
240
276
297
270
288
323
322
280
301
328
310
347
418
414
522
495
433
428
355
344
304
263
292
306
260
308
271
262
260
287
285
281
304
303
276
312
330
296
341
291
303
304
278
266
253
272
264
294
297
272
297
274
265
281
268
264
263
299
233
277
302
254
292
275
260
243
273
256
269
257
273
274
267
282
279
265
245
255
277
283
305
314
274
283
314
313
305
300
309
302
291
315
295
277
311
287
253
312
244
284
293
286
290
297
240
253
299
283
251
284
273
292
284
277
276
272
299
272
257
281
300
264
294
243
257
260
284
278
290
293
289
259
279
261
262
294
264
307
293
278
292
286
306
293
260
276
272
267
270
248
273
285
248
296
286
305
251
283
263
315
275
267
279
271
262
245
262
249
263
272
276
276
272
269
271
265
254
254
239
282
256
264
279
236
310
285
293
314
287
292
301
281
249
276
279
273
272
291
257
273
261
283
290
249
277
288
252
262
264
257
310
288
240
287
299
283
278
310
376
330
316
322
342
330
299
284
278
276
277
285
271
274
285
247
260
304
266
273
252
280
322
245
251
278
256
315
272
295
288
265
266
234
269
250
285
271
254
277
298
314
279
231
267
247
285
291
295
319
268
273
275
259
276
329
273
266
281
277
310
253
303
282
265
271
295
252
252
278
299
283
273
305
301
313
260
267
299
271
269
277
257
278
270
273
281
254
267
270
278
279
271
285
281
283
256
255
270
302
299
296
300
313
289
268
288
258
245
260
252
259
275
283
278
277
284
264
280
306
275
250
288
345
301
306
340
485
518
523
516
478
415
321
289
308
313
315
295
265
291
282
259
233
283
288
283
270
279
298
238
251
310
297
306
273
290
256
244
283
270
265
267
281
257
258
301
315
312
329
382
452
433
440
451
411
408
338
306
309
273
276
257
259
258
286
293
293
319
310
307
357
367
342
334
323
289
268
260
281
266
260
261
252
281
300
261
258
280
273
294
295
337
365
387
381
426
376
394
363
351
306
287
257
299
284
267
311
251
267
262
282
270
271
283
258
268
287
266
280
271
275
276
240
269
263
264
282
274
305
318
339
313
324
280
295
261
295
247
242
242
289
260
268
246
237
282
265
301
245
231
229
256
270
248
247
290
244
259
249
237
266
245
290
273
274
293
264
262
259
303
277
266
258
292
250
246
263
246
249
263
271
248
244
259
269
291
248
260
239
255
250
242
260
255
266
246
238
235
254
264
238
260
294
245
242
282
262
274
271
237
243
238
248
270
250
239
243
273
274
253
311
279
280
250
251
248
243
238
262
268
244
256
235
249
244
272
268
249
214
233
254
250
264
257
273
249
243
257
292
269
287
244
273
249
284
274
265
296
259
230
263
240
264
255
264
288
244
248
237
263
289
239
228
279
233
261
262
238
230
253
266
221
251
238
241
261
252
233
288
287
337
372
418
380
335
301
257
261
243
248
259
217
260
266
240
256
236
240
249
285
251
253
282
255
260
243
265
256
245
264
241
230
270
289
255
283
271
343
337
399
510
600
792
969
1055
1163
1098
933
702
563
418
319
319
267
259
293
273
264
283
290
292
298
309
309
317
292
291
249
267
253
270
248
250
256
243
278
274
259
224
291
260
244
275
266
257
259
263
290
291
267
244
275
253
258
234
248
254
246
249
263
286
276
239
248
258
240
263
230
243
252
286
240
244
277
251
256
243
250
248
253
264
265
276
269
241
272
256
262
254
229
263
267
276
266
256
249
251
253
273
278
264
251
261
245
269
267
265
310
284
294
326
348
376
406
466
658
762
867
840
788
626
502
465
411
321
300
292
266
262
254
256
241
248
278
278
277
279
336
272
270
252
267
262
250
298
252
257
254
262
244
231
267
252
284
252
268
256
254
257
266
278
276
241
328
302
348
350
328
282
313
269
247
229
260
232
279
255
263
255
277
247
258
277
293
265
289
245
317
293
331
289
356
314
268
287
296
282
262
250
270
278
291
256
255
282
264
283
249
268
234
273
259
260
240
262
226
225
258
263
269
229
258
255
264
254
254
258
261
259
255
265
275
278
269
251
250
269
281
259
263
256
238
269
249
231
241
249
266
308
291
240
287
268
268
265
227
241
260
248
255
290
267
252
273
262
249
257
265
251
234
257
253
267
270
270
253
252
240
254
284
262
247
269
257
254
281
255
254
258
242
254
287
274
255
289
262
264
259
249
272
277
256
261
239
220
241
271
279
242
266
237
263
242
297
241
288
267
263
248
225
236
260
261
234
258
254
278
274
263
246
232
239
266
266
266
256
236
248
261
231
260
251
280
258
251
256
291
277
282
263
236
230
258
260
256
254
256
283
276
227
247
287
276
247
250
277
273
282
282
283
273
292
278
235
257
272
244
261
250
244
245
245
242
286
247
244
277
236
245
278
274
282
295
290
290
292
253
260
281
285
246
265
252
254
242
252
227
254
239
238
244
250
234
231
222
257
233
285
273
221
235
248
216
229
231
266
205
255
239
250
224
240
249
226
261
233
241
224
243
241
249
239
256
249
269
232
257
243
259
238
214
262
231
243
249
257
233
297
312
273
255
263
258
247
250
255
252
271
259
283
263
252
319
313
293
261
283
277
244
222
265
248
231
235
241
265
284
300
317
339
395
447
544
570
602
600
528
485
435
352
320
285
270
269
241
265
240
234
268
259
240
261
269
232
245
267
214
252
251
237
263
224
235
241
216
219
229
245
228
247
246
268
267
328
354
403
428
527
455
445
400
384
364
264
294
259
256
235
234
214
230
238
218
239
240
213
219
237
248
250
233
229
247
247
233
214
227
232
269
234
286
284
338
313
326
267
252
251
234
220
251
219
235
212
221
211
219
228
216
179
219
195
227
210
227
231
194
219
197
218
206
207
214
218
214
224
230
207
225
215
201
203
218
217
208
205
230
197
198
216
216
190
226
203
209
230
207
234
235
235
191
198
203
225
186
227
201
215
208
205
197
217
209
192
219
182
204
196
180
204
192
213
190
209
205
229
232
191
182
205
208
187
234
206
203
222
222
223
198
209
210
200
193
213
209
203
223
215
219
203
225
235
205
204
228
197
192
186
199
196
200
190
185
202
203
185
193
202
185
200
196
182
192
253
290
341
329
413
389
344
309
267
263
218
212
250
229
206
209
214
220
209
196
232
211
208
191
202
210
178
198
205
205
193
193
202
200
214
202
204
193
192
196
238
183
192
210
212
200
199
213
188
209
197
199
189
169
209
215
211
226
199
218
215
234
222
222
285
318
368
445
496
634
888
1200
1618
1988
2256
2044
1637
1055
739
443
301
275
245
221
221
189
190
192
193
196
191
219
191
205
209
182
200
179
194
204
197
204
181
207
203
173
213
210
180
195
189
198
211
175
175
195
174
196
213
207
191
184
194
167
228
207
210
221
206
206
199
199
220
220
207
194
197
181
178
167
194
140
205
230
200
206
254
216
241
278
341
411
385
357
352
295
271
229
201
214
209
201
217
181
190
244
211
204
187
194
217
230
210
200
202
230
219
229
245
249
246
234
249
248
256
246
262
302
367
404
452
468
441
353
358
242
241
237
207
204
210
194
215
221
252
231
234
262
282
218
252
217
216
194
212
192
209
203
211
214
208
210
210
235
210
199
204
215
225
227
239
302
305
320
349
352
311
277
251
214
211
213
188
205
197
192
184
200
210
184
164
182
177
218
171
203
181
184
222
204
175
185
203
237
207
208
204
203
181
215
220
186
185
189
191
224
179
194
229
218
193
200
197
234
175
175
193
217
221
225
199
226
225
220
188
201
206
177
201
189
203
185
186
203
196
200
202
189
163
177
197
186
182
168
220
189
189
200
225
195
194
195
199
213
187
205
208
206
178
201
177
215
194
174
211
188
191
180
176
193
189
168
185
181
185
165
176
197
187
196
187
182
186
162
180
202
188
187
197
176
227
211
193
195
185
201
208
177
201
175
192
188
198
201
182
186
197
186
196
180
192
171
163
178
188
177
169
183
178
187
170
179
186
171
156
153
165
167
195
174
150
170
152
170
170
191
167
185
165
185
200
182
169
160
160
180
173
181
178
154
185
162
171
168
178
178
174
174
172
189
189
201
185
189
198
191
196
190
177
162
177
188
188
167
174
165
176
199
180
174
156
174
185
173
192
173
189
165
180
182
178
198
198
190
196
195
172
205
185
191
153
177
169
169
188
144
177
151
167
175
178
163
173
149
167
171
163
152
185
180
176
175
174
182
192
170
151
172
154
190
164
156
154
149
179
182
163
178
170
210
169
165
169
167
189
180
171
175
176
172
190
197
140
173
172
165
166
164
209
195
182
172
186
161
171
180
165
164
154
180
160
186
180
161
162
174
176
173
184
170
189
174
200
193
236
222
228
313
346
399
527
682
800
867
836
830
607
492
384
259
184
183
176
166
183
165
167
191
196
202
189
174
159
150
186
158
148
170
154
173
153
158
154
184
172
156
194
219
240
255
236
277
347
389
512
564
597
656
663
622
511
426
367
317
279
230
206
175
187
166
193
160
179
154
166
161
167
173
158
166
157
160
190
163
146
183
153
149
154
146
169
162
166
148
147
175
173
168
137
145
136
169
177
162
163
175
176
159
161
174
170
156
147
178
158
173
154
138
168
156
162
159
133
164
151
158
175
136
178
169
172
141
149
181
153
153
140
157
171
138
158
152
150
150
133
156
174
177
163
172
175
166
164
170
169
164
186
165
136
164
137
140
140
147
172
145
154
178
184
145
145
169
125
154
150
125
148
152
185
137
158
148
171
196
165
148
163
133
167
146
154
142
163
150
151
152
150
138
152
160
187
133
166
180
166
138
183
167
183
141
167
120
144
152
146
164
157
151
159
162
185
197
267
318
370
409
421
386
345
270
265
203
207
152
148
112
136
128
149
159
138
161
163
141
146
147
146
156
134
126
138
162
152
140
133
139
121
156
136
153
141
160
162
145
136
154
137
158
156
140
164
127
128
139
143
148
144
136
138
142
138
133
135
125
151
141
150
130
138
139
154
160
130
129
136
124
139
141
147
158
140
116
135
147
136
125
138
156
138
143
151
125
117
137
145
137
142
166
124
133
146
137
148
146
128
167
137
135
120
145
121
140
150
145
121
133
134
143
152
151
126
147
133
132
136
155
132
137
149
154
115
134
154
148
129
166
143
150
131
124
145
122
144
152
152
153
177
163
188
220
245
307
390
408
437
411
394
302
257
218
146
145
149
143
124
143
170
174
151
145
132
153
159
135
140
145
137
147
146
140
155
149
180
189
177
216
222
224
252
298
419
536
592
666
570
482
349
226
205
146
125
129
139
154
124
157
162
158
149
170
159
159
134
141
132
126
125
151
142
133
126
140
163
125
156
132
148
180
167
176
171
187
203
269
309
355
388
392
306
287
202
165
160
136
148
139
122
147
120
148
132
142
139
147
121
142
152
148
150
139
153
155
143
158
152
166
143
166
134
123
137
131
150
165
153
158
160
137
133
159
157
150
152
144
169
180
149
153
159
164
205
170
189
221
226
213
165
177
164
155
146
140
128
149
156
139
159
138
134
148
135
134
148
135
154
162
138
154
164
153
164
172
153
160
157
152
146
153
135
149
168
136
141
147
143
133
137
151
121
123
115
139
141
120
138
142
107
121
144
119
119
137
134
126
139
131
153
131
135
124
140
135
130
129
116
150
118
137
141
137
143
144
143
137
137
128
132
121
139
144
141
130
123
143
137
147
143
153
133
119
116
126
141
152
117
126
154
142
123
145
110
155
127
116
110
130
135
124
115
120
137
132
149
144
119
126
130
129
140
122
135
137
146
142
152
128
114
135
136
143
125
154
146
143
145
147
149
144
150
144
159
141
144
147
133
123
148
129
138
130
114
124
127
125
131
163
140
125
156
134
127
126
152
143
157
145
156
150
144
145
165
169
131
105
163
115
149
130
130
118
112
133
124
137
127
111
117
117
124
144
124
127
127
119
144
124
123
130
117
128
142
126
136
130
126
118
137
133
135
135
125
118
125
131
129
113
153
126
143
122
154
166
146
160
144
128
141
109
131
142
124
119
128
122
148
125
116
114
117
122
136
122
119
135
135
105
150
138
136
136
118
133
109
137
123
128
128
124
108
121
145
117
112
126
110
113
126
130
113
131
113
124
129
127
113
135
139
132
103
111
142
110
120
115
142
103
116
102
107
145
107
120
118
126
117
113
136
122
114
123
127
132
138
137
160
133
172
183
213
226
254
285
334
320
338
320
237
251
206
165
164
148
151
145
123
122
144
115
125
119
125
110
123
114
110
123
121
128
106
129
120
130
128
111
121
119
115
127
92
134
119
123
119
97
110
109
113
118
131
115
119
122
118
101
119
129
117
152
97
115
125
104
132
118
111
114
120
128
117
140
105
131
122
129
107
108
141
113
114
115
111
123
105
113
117
132
116
147
107
113
136
126
125
145
126
124
134
110
125
111
115
122
109
120
95
135
105
109
113
122
105
121
129
116
119
104
116
109
123
99
106
106
103
127
130
109
127
105
90
107
120
111
151
105
93
127
135
105
105
116
124
114
125
109
139
140
120
130
163
163
131
151
139
130
127
121
116
109
113
150
130
129
136
153
223
280
310
405
451
460
393
304
225
149
145
116
95
107
91
103
101
104
111
102
122
89
130
84
129
111
120
123
92
108
121
119
110
102
118
111
94
105
114
111
115
120
120
102
100
126
112
99
111
99
101
105
109
123
128
80
117
127
106
113
129
103
117
92
109
98
99
106
99
102
100
141
113
113
88
106
116
97
122
108
111
86
103
109
124
118
108
103
113
104
126
111
115
114
123
115
103
106
108
89
100
114
116
99
101
91
106
110
113
110
105
112
103
100
105
117
117
123
116
121
110
124
114
124
119
127
110
104
101
94
104
118
113
111
101
114
94
106
109
119
110
131
115
123
138
142
165
192
228
299
392
405
501
433
421
321
223
155
113
102
104
112
128
92
116
105
82
103
97
117
93
88
93
93
108
103
125
136
107
128
117
135
106
104
92
98
113
107
91
119
89
107
107
114
98
118
92
123
100
99
88
108
106
88
91
97
111
92
112
101
77
84
102
107
99
88
96
96
97
100
105
123
101
108
98
98
110
103
118
105
100
109
108
128
102
109
94
106
99
119
111
112
93
99
121
105
123
109
87
109
110
92
118
109
137
125
131
126
121
154
151
129
125
112
122
98
87
87
101
98
108
123
97
111
111
105
138
110
132
118
127
116
146
132
139
117
131
149
178
176
192
218
225
186
162
143
133
127
113
101
106
113
125
111
101
101
86
103
106
99
114
90
105
118
89
97
96
101
111
101
113
114
120
112
130
116
105
142
140
123
119
124
104
121
108
104
106
96
101
101
117
105
100
91
99
112
110
95
91
108
103
101
89
89
101
102
74
100
97
110
93
99
120
98
99
108
92
90
88
100
90
91
91
122
84
103
114
108
100
100
108
89
89
92
93
105
92
81
90
96
115
89
85
87
123
100
91
105
72
85
106
100
103
100
93
107
104
115
89
81
97
100
91
93
92
106
111
88
95
94
106
104
108
109
119
102
106
104
76
84
91
101
95
97
99
107
91
111
96
85
110
100
94
104
88
94
112
90
83
102
91
83
92
90
95
81
97
95
104
102
108
103
100
97
105
110
100
95
91
89
103
90
108
89
101
104
96
92
108
92
105
98
83
91
84
96
105
98
88
103
107
98
82
87
96
96
95
117
122
124
109
127
110
109
98
121
95
99
104
121
148
148
152
182
159
143
149
134
117
106
92
98
88
113
122
108
100
112
106
109
117
118
99
91
129
103
99
113
112
104
139
166
165
135
159
143
129
141
103
124
117
94
101
78
109
104
94
113
86
104
90
105
83
86
111
91
97
98
123
88
110
80
100
89
88
93
93
98
85
97
102
98
93
109
95
83
100
96
105
108
92
104
93
86
86
77
107
98
106
130
129
135
136
138
153
182
182
246
274
336
351
405
404
361
343
270
201
181
150
138
118
113
94
101
100
84
102
100
95
89
94
115
84
96
101
95
101
94
103
101
96
103
85
98
100
121
124
129
132
131
127
93
91
102
109
111
101
89
103
124
108
95
104
78
89
94
99
80
82
78
101
90
91
110
94
114
99
90
106
116
97
106
106
92
106
89
90
122
105
115
116
125
109
93
102
116
102
105
126
140
120
126
119
96
108
110
98
95
102
112
107
98
101
111
110
109
100
109
102
129
119
100
96
92
102
108
98
94
100
101
99
113
94
106
89
96
95
97
122
104
86
92
98
89
104
112
105
106
105
107
116
130
113
137
143
135
131
136
133
165
149
123
104
119
106
97
99
87
90
105
110
105
112
102
86
116
94
101
99
114
118
102
95
82
95
107
82
91
110
88
90
113
108
99
102
105
91
102
85
113
108
94
99
91
82
95
82
100
103
94
106
93
107
124
97
56
101
111
97
91
84
105
100
98
104
97
111
97
110
85
105
106
110
97
100
106
112
83
97
94
84
105
93
100
93
96
94
100
102
83
103
101
80
82
88
113
98
99
82
103
100
108
120
104
106
87
86
104
84
81
93
114
87
99
101
85
101
90
122
99
114
106
95
92
106
107
98
87
112
103
97
100
88
79
109
99
117
93
94
104
91
90
99
89
93
92
100
114
92
89
90
81
92
87
91
117
83
94
101
90
93
100
83
85
108
107
105
93
89
80
86
93
85
110
109
100
100
88
95
101
91
85
97
95
99
109
86
115
131
103
124
116
126
104
116
113
100
105
80
98
95
88
97
114
89
99
105
92
99
88
95
87
101
85
103
101
82
102
89
91
80
88
102
86
93
88
107
100
94
110
88
93
96
87
83
82
94
92
91
104
91
82
100
95
84
86
109
97
91
90
101
110
93
97
99
100
109
99
97
98
93
107
119
95
85
112
102
126
119
133
152
130
129
130
117
115
123
108
99
126
135
190
206
303
422
425
483
403
333
263
180
135
115
111
113
108
121
128
132
131
160
172
184
217
278
334
406
423
453
374
294
231
165
133
120
126
106
151
122
127
119
116
92
115
92
118
96
111
115
98
110
120
108
101
119
115
104
133
115
119
119
132
124
109
124
127
118
111
125
119
124
105
110
101
106
109
103
115
87
99
113
116
94
95
108
110
103
105
98
121
108
100
122
89
99
97
109
106
133
120
111
105
112
128
112
116
110
88
91
111
107
119
105
102
100
106
139
113
100
88
112
94
104
101
98
96
121
104
101
88
96
123
104
107
108
112
103
107
86
117
106
124
125
129
137
146
170
155
146
130
140
134
117
103
119
120
116
127
100
122
117
110
110
119
124
128
105
111
126
112
102
104
115
107
95
89
97
106
92
98
113
118
105
109
107
121
103
103
111
131
127
131
135
123
124
130
125
126
123
125
117
101
112
120
111
109
107
97
94
100
93
96
107
121
117
134
116
105
119
139
121
96
112
95
113
113
90
115
112
116
147
145
128
133
135
141
124
134
104
115
141
144
148
186
209
232
236
208
194
167
166
120
124
116
96
107
114
111
127
95
115
98
118
108
117
119
117
138
132
146
159
142
193
198
180
217
230
210
191
169
139
124
122
121
126
99
111
133
98
107
119
116
105
114
103
95
96
102
115
119
106
111
140
100
111
111
103
115
110
109
124
111
108
107
114
104
104
97
120
102
88
110
95
117
111
120
84
107
108
124
113
95
132
124
124
132
95
115
100
112
121
125
120
101
93
117
121
133
122
111
117
134
129
124
138
124
116
128
95
110
111
101
104
117
114
112
123
106
112
114
125
114
109
104
116
135
133
142
147
163
164
163
169
151
128
118
123
106
133
104
113
124
117
110
93
110
113
106
98
91
121
98
120
105
114
127
112
119
103
112
113
109
95
108
112
105
97
121
95
79
104
101
105
106
99
108
126
138
105
116
124
102
121
114
102
131
144
123
101
86
132
110
116
112
125
133
139
131
132
138
159
153
143
123
126
134
123
110
104
107
123
104
107
102
124
119
136
135
106
115
139
159
124
129
105
125
107
120
114
102
125
121
118
119
93
127
121
105
120
119
133
126
106
105
117
130
101
93
103
104
120
112
115
120
110
116
102
113
107
93
116
121
128
113
111
117
90
110
110
93
116
110
115
115
102
102
97
97
116
109
91
85
100
102
124
118
110
105
117
114
112
103
95
105
103
104
95
107
87
86
113
100
99
114
81
106
102
96
88
100
99
92
114
108
88
103
103
103
90
94
110
90
90
94
95
104
87
84
101
106
109
95
95
97
76
88
94
91
93
93
100
97
93
89
99
94
88
96
100
95
105
96
89
90
85
89
103
107
104
88
88
114
80
84
95
85
104
103
80
76
78
84
85
83
108
93
85
94
97
96
71
77
83
97
110
106
84
88
90
94
78
95
86
73
83
88
101
73
79
79
83
82
87
95
81
88
97
89
85
79
92
79
81
70
95
84
94
86
87
90
74
100
82
90
90
90
102
84
81
83
102
107
101
103
104
103
95
99
93
91
102
84
69
70
88
63
77
66
78
83
81
90
83
79
88
80
72
81
71
85
95
66
81
85
77
86
75
53
75
79
67
88
71
88
67
81
74
83
85
68
90
82
74
69
85
98
77
74
79
81
71
71
101
86
75
83
84
91
69
70
76
73
74
62
81
98
88
73
80
54
91
81
89
70
78
80
112
105
91
111
129
168
209
270
387
531
577
625
648
645
520
445
310
210
183
116
101
105
108
104
127
119
126
167
187
252
349
419
541
595
601
546
462
361
270
207
130
107
88
103
94
80
103
88
72
78
90
92
83
71
87
88
83
80
88
76
79
77
79
75
85
78
88
88
98
98
88
84
117
53
77
80
82
70
78
86
76
76
69
92
80
65
84
71
80
71
77
80
69
86
83
75
63
79
71
69
77
78
78
78
77
89
99
75
100
66
88
89
78
78
58
80
86
60
66
78
85
68
79
72
72
81
67
77
91
81
62
78
71
79
77
71
85
76
65
87
96
80
61
69
71
73
98
94
100
140
156
158
168
162
179
149
105
93
86
94
68
77
80
63
64
67
61
77
71
85
58
66
73
85
92
84
72
73
73
72
75
83
68
76
85
64
69
62
84
86
92
69
72
82
86
83
100
98
87
107
89
98
92
86
103
84
90
70
73
66
67
62
67
79
83
81
70
75
65
71
64
76
94
77
72
77
85
73
64
66
68
72
64
77
69
69
63
87
90
75
83
69
86
93
88
93
80
102
118
151
190
167
207
169
154
126
98
99
55
82
68
86
72
83
82
89
84
94
105
84
106
105
82
105
98
92
109
126
151
172
183
195
181
177
149
129
127
90
88
85
74
83
91
77
76
89
86
93
88
73
64
75
74
58
79
89
64
72
70
68
55
55
56
67
57
63
60
66
61
79
63
60
76
84
62
69
51
50
84
66
64
77
67
67
70
59
66
69
63
71
64
75
68
67
67
75
66
57
54
55
60
67
82
65
71
68
67
55
63
62
52
72
79
71
74
70
58
68
85
77
75
58
69
70
77
90
72
76
69
70
78
73
94
98
99
119
141
135
102
84
75
62
71
67
68
65
75
62
76
70
81
56
64
70
64
64
74
72
74
73
75
59
66
51
76
55
52
63
44
55
66
79
78
52
53
59
50
65
62
56
58
56
57
54
62
48
55
51
76
109
79
84
77
74
74
81
81
62
62
74
62
60
70
90
67
94
118
89
84
67
72
78
58
67
65
47
53
56
56
60
64
58
62
64
56
93
86
71
81
78
63
56
78
63
54
53
49
61
61
67
56
59
57
59
68
52
55
54
64
55
50
62
56
57
51
55
64
63
65
48
63
51
47
43
59
57
62
39
58
47
57
57
45
52
45
48
56
59
54
60
60
64
58
55
46
44
47
40
46
49
50
44
45
56
51
41
42
47
46
34
49
51
39
47
44
61
41
49
45
45
28
50
50
43
40
61
49
44
50
51
55
41
60
66
55
41
44
47
37
47
45
41
55
36
41
46
36
41
56
34
30
40
31
46
49
34
43
41
42
56
36
46
47
55
46
48
42
53
45
46
50
31
44
34
41
51
31
41
38
36
26
30
33
37
37
36
36
38
30
33
36
33
32
30
35
40
27
32
29
40
36
31
45
38
39
32
35
33
30
28
37
40
32
40
27
39
32
30
34
30
33
35
38
37
25
37
33
30
33
49
41
33
37
36
29
31
37
36
31
23
34
23
28
34
19
35
34
29
32
33
39
26
30
33
29
22
29
31
34
21
31
28
33
35
30
31
22
40
30
35
33
29
23
29
29
30
33
28
36
29
20
33
27
33
29
26
29
27
32
37
24
26
26
24
24
35
20
23
34
31
26
30
31
26
14
27
41
20
29
26
32
35
31
30
32
30
32
27
30
29
27
27
35
33
26
36
36
36
35
39
38
45
38
66
74
61
76
101
136
184
291
359
417
500
567
480
414
322
206
111
86
76
49
50
32
58
80
93
65
94
132
164
245
329
459
483
476
424
296
247
132
85
65
38
32
17
24
26
16
35
21
16
25
32
25
19
35
20
38
29
28
30
31
32
32
25
28
18
18
13
28
18
30
22
27
17
22
26
20
26
18
16
24
24
25
23
24
15
22
17
17
21
20
21
24
24
29
15
16
13
27
30
20
36
19
26
24
32
28
35
23
27
24
26
27
23
19
22
24
22
15
27
14
16
24
29
20
29
23
26
20
16
17
27
14
25
10
18
28
28
17
28
19
20
17
24
25
35
36
37
41
59
68
96
107
96
103
71
62
30
27
25
22
27
26
20
21
15
26
19
13
19
18
12
15
21
27
23
15
22
12
29
14
23
13
28
27
12
22
28
14
15
18
17
14
27
21
21
22
23
25
19
16
17
12
22
21
30
28
17
22
19
19
25
15
15
31
28
20
23
26
30
25
28
22
22
28
24
26
7
22
27
27
19
24
18
14
27
17
17
23
18
29
27
23
23
21
25
29
23
37
32
38
47
46
40
40
44
31
29
26
27
38
32
48
58
51
70
55
55
53
49
47
39
29
21
27
22
22
11
21
21
20
16
20
18
22
23
20
17
16
25
20
30
17
26
26
20
31
26
30
30
19
15
20
21
22
26
22
19
22
17
16
21
10
26
20
22
20
19
26
18
15
14
15
21
17
19
13
22
18
21
15
17
24
14
9
15
15
14
18
24
16
26
14
17
18
8
21
16
25
14
22
22
22
18
31
30
34
50
51
39
40
63
48
45
44
40
32
21
34
24
18
18
18
21
20
21
17
18
17
21
21
23
22
27
18
11
18
13
23
15
16
20
19
30
25
15
16
16
19
23
22
20
18
25
19
18
23
16
10
19
10
11
10
18
25
12
17
18
16
18
22
15
20
17
15
22
19
20
24
22
21
17
19
26
24
26
21
19
27
24
22
40
23
22
25
23
28
16
16
17
22
11
18
17
19
20
18
21
20
8
22
10
10
22
20
21
16
20
16
18
28
28
32
27
39
35
47
47
53
35
27
29
17
26
22
17
18
21
18
23
25
16
18
19
17
18
18
16
14
18
13
20
16
18
14
15
16
23
25
13
13
17
17
19
20
12
22
20
21
16
16
16
18
26
31
27
24
39
23
35
50
35
44
43
39
63
34
38
30
26
22
22
14
25
20
17
16
17
15
21
15
23
20
22
13
21
23
20
17
13
29
21
25
18
25
25
25
30
36
31
41
38
30
37
35
23
16
17
19
17
18
13
17
31
21
26
16
23
27
17
26
19
11
34
19
26
14
28
15
30
28
35
33
36
41
44
43
28
20
18
21
24
17
18
24
26
19
21
22
18
15
26
20
16
30
24
18
29
20
13
18
11
23
24
26
20
21
17
20
25
17
22
16
23
23
23
21
23
18
21
18
21
21
31
12
15
20
26
26
23
17
19
25
16
23
20
14
21
29
28
14
23
26
16
29
25
28
13
18
21
16
30
24
17
16
23
13
16
20
18
16
17
21
18
14
20
19
23
21
11
25
23
20
21
21
21
20
16
21
14
16
24
8
20
14
23
14
22
18
20
22
23
15
18
18
20
23
16
31
26
23
19
10
20
20
17
25
22
15
20
16
24
24
17
24
18
24
17
20
27
21
23
18
26
18
17
17
22
24
32
22
24
29
28
32
20
21
21
25
28
14
17
21
19
17
19
13
21
18
18
17
26
12
16
16
17
16
14
18
30
17
15
18
26
20
17
21
19
21
25
15
12
14
20
21
23
14
22
16
13
14
13
17
15
18
14
20
14
22
20
18
29
15
20
25
12
16
16
19
14
24
20
20
22
25
34
23
17
13
16
14
20
12
13
17
15
17
12
12
17
20
15
17
14
23
14
15
23
19
19
14
21
17
15
20
20
14
17
16
24
15
14
15
20
17
16
14
17
14
22
18
22
18
22
13
20
17
14
13
16
24
16
15
22
15
14
10
16
17
15
16
19
22
21
17
23
19
22
19
19
24
16
13
16
24
15
15
21
10
18
15
15
17
20
18
12
19
14
19
17
13
16
12
18
17
15
11
15
14
17
19
21
18
18
17
18
11
19
16
15
9
21
18
9
9
20
19
19
14
14
15
22
13
15
10
12
10
18
27
19
12
21
17
22
20
24
20
20
19
14
18
31
32
42
41
51
44
53
39
36
28
23
16
15
16
19
20
12
13
17
14
14
19
16
16
17
20
15
13
18
21
19
17
18
19
21
22
20
15
22
23
24
8
16
15
21
17
26
22
24
26
16
34
34
42
41
42
66
61
43
56
42
31
20
24
19
17
13
13
28
20
23
18
11
9
17
17
11
22
19
19
9
12
19
13
12
13
20
26
19
14
12
10
16
17
12
17
19
14
11
10
12
15
17
22
16
17
17
16
9
6
13
12
16
15
17
19
13
7
15
10
15
13
16
17
16
15
9
15
16
16
16
15
14
10
11
14
17
18
13
25
19
13
16
17
33
39
33
43
50
56
77
93
70
72
61
50
45
30
37
21
18
12
13
25
15
13
13
20
10
9
15
12
12
19
18
14
24
15
15
20
20
12
15
16
7
13
12
9
12
13
22
8
11
13
7
14
18
7
17
14
11
14
13
13
16
15
16
9
13
6
19
17
16
13
15
14
16
21
13
17
7
16
13
14
16
14
13
14
17
11
14
13
18
15
11
17
9
15
12
12
14
16
11
9
12
16
6
21
12
16
14
9
12
15
14
9
26
18
17
14
9
18
14
12
15
14
15
11
9
14
19
15
12
9
8
15
12
20
11
8
8
17
13
11
20
15
13
10
13
18
16
14
19
12
13
16
6
12
15
11
11
12
16
15
20
18
15
10
13
15
14
16
11
18
24
22
23
18
22
27
34
25
47
42
52
43
43
44
31
36
29
27
24
16
17
12
9
11
14
16
13
18
9
18
4
17
13
12
14
14
14
18
17
10
16
10
21
15
13
18
24
24
22
29
23
18
19
13
9
13
7
15
14
20
11
16
16
14
12
17
10
10
18
12
13
11
9
15
19
21
23
19
24
23
26
21
30
23
25
19
15
14
10
22
13
10
14
14
12
16
9
7
14
12
17
10
10
14
10
11
11
18
2
11
9
18
12
13
15
14
12
15
23
18
11
9
17
13
12
8
12
4
13
10
15
20
12
17
14
13
18
16
15
8
12
9
19
21
19
14
16
19
25
11
26
24
24
15
13
14
14
16
10
15
11
12
14
15
12
15
10
14
10
12
14
8
10
13
11
7
16
16
11
14
13
9
12
15
16
14
12
15
16
15
14
15
9
21
16
9
18
13
18
14
14
18
13
12
13
13
13
16
11
10
9
6
11
18
18
16
12
14
12
15
18
16
13
6
19
16
16
15
6
11
18
12
16
25
16
22
23
32
28
24
31
24
26
23
20
11
18
17
17
9
13
12
15
16
14
10
11
9
12
13
10
11
2
17
20
23
10
15
10
17
10
13
10
6
11
10
17
16
15
8
13
11
10
13
19
9
10
13
11
10
8
9
14
6
11
8
3
12
15
9
18
4
15
7
11
10
12
19
15
15
11
11
15
15
10
11
12
18
8
6
9
6
8
12
17
19
20
12
22
17
10
7
9
16
13
17
8
19
13
12
11
11
12
11
12
7
5
10
10
8
16
9
15
13
7
13
8
14
14
12
10
17
14
7
11
9
18
20
14
7
14
13
14
7
11
6
14
9
15
11
15
11
7
10
16
8
8
9
7
11
11
9
8
14
9
9
12
12
10
10
9
6
9
12
13
5
11
9
7
9
15
9
11
8
12
11
3
13
3
13
13
13
9
10
11
9
2
11
6
6
8
10
7
5
4
13
8
9
8
8
5
10
13
9
9
10
11
6
9
14
8
15
11
13
14
16
19
20
24
28
54
58
59
69
76
60
51
48
32
26
14
12
12
10
11
11
12
11
11
3
16
10
11
6
2
8
9
12
6
8
6
7
8
8
9
10
5
8
11
10
6
9
4
11
8
11
10
12
14
5
10
6
8
5
8
9
11
10
8
4
11
11
6
13
8
11
7
9
10
11
10
14
6
9
14
9
9
8
9
7
8
5
12
13
11
16
14
11
17
13
5
13
11
10
11
4
10
5
7
10
10
9
6
12
4
7
6
8
8
3
6
8
3
10
8
12
11
8
8
11
5
6
8
10
8
7
8
14
9
7
9
8
6
9
11
2
8
10
12
10
12
14
15
17
18
19
28
50
45
54
40
54
34
22
28
21
16
16
18
15
11
7
11
13
6
8
12
10
13
4
8
9
9
13
8
7
10
10
6
1
6
4
11
8
5
4
8
9
16
2
6
9
6
6
10
7
7
7
8
5
6
8
8
8
8
8
6
10
8
7
3
7
4
12
5
8
6
3
10
7
7
8
7
8
13
6
10
8
12
9
9
13
8
10
7
8
6
6
6
5
10
11
12
9
7
9
10
10
6
8
5
10
10
10
5
9
5
7
13
5
12
9
9
6
9
7
10
9
6
6
13
5
9
8
7
7
5
12
3
8
7
7
11
8
4
17
7
7
10
9
3
13
8
6
6
9
13
10
9
10
3
9
6
9
6
5
8
8
10
4
15
18
9
7
10
12
6
15
19
17
30
33
44
33
41
47
26
9
17
10
12
6
8
8
8
7
6
6
8
7
8
8
12
10
8
6
4
6
5
8
11
8
8
10
5
14
13
7
6
8
6
8
7
1
11
11
5
8
9
4
5
5
3
9
7
5
9
8
9
8
4
10
3
10
6
9
6
11
7
10
8
12
10
8
11
5
10
10
12
7
19
9
7
12
6
2
7
5
3
8
4
1
2
9
7
8
5
9
8
8
2
10
3
7
6
8
7
6
5
10
10
4
7
7
3
8
8
4
4
6
4
6
5
8
2
7
12
6
7
7
7
4
8
8
4
5
8
7
5
8
6
6
8
13
7
8
6
7
6
2
3
4
6
8
10
3
4
8
8
7
4
4
7
8
5
11
7
8
6
9
5
4
7
7
5
4
3
7
11
3
9
4
7
3
3
5
7
3
10
1
4
7
3
4
5
6
4
5
9
5
5
1
6
8
11
5
6
5
8
7
14
6
6
4
4
2
7
4
5
9
7
6
8
9
6
11
10
13
13
15
23
18
18
11
11
6
7
6
8
6
8
7
3
7
5
7
5
7
5
1
3
8
6
4
8
4
4
6
7
5
5
6
5
5
5
9
4
4
8
4
7
5
6
5
4
5
4
1
2
5
5
11
3
6
8
3
4
6
4
7
7
7
6
8
6
8
4
6
11
1
3
4
5
2
3
4
4
4
1
3
5
7
8
6
15
9
11
21
20
11
12
20
12
7
12
7
8
7
6
5
7
3
10
7
2
3
5
1
4
3
6
3
6
10
6
5
5
4
7
8
4
9
6
7
2
5
8
5
9
6
3
2
5
8
2
4
7
4
9
6
4
5
8
8
5
7
5
9
5
6
1
3
6
8
6
4
5
9
8
3
5
5
6
8
5
6
8
6
6
8
5
3
6
6
8
1
6
3
4
6
3
4
7
3
4
8
4
5
2
7
5
8
3
3
6
6
8
3
9
9
2
5
2
2
8
7
8
6
12
7
4
6
5
7
15
7
11
13
15
7
18
23
26
34
37
37
34
34
31
31
22
4
8
7
0
6
4
6
7
4
8
4
4
1
5
7
3
4
4
6
8
4
4
1
5
2
7
5
9
3
5
6
5
5
7
3
4
8
6
5
5
4
12
8
8
9
6
7
2
7
5
7
3
7
4
6
8
3
5
6
9
2
9
5
4
2
6
4
1
7
6
3
3
5
7
6
3
4
5
6
4
6
5
1
3
5
2
1
3
7
9
7
6
8
7
1
8
4
8
8
7
2
3
3
4
6
5
5
7
7
4
4
10
3
2
4
3
8
6
4
6
4
4
4
3
5
2
6
5
1
3
4
5
3
5
3
4
5
5
8
2
5
9
4
8
2
5
2
4
2
5
8
5
4
5
5
5
7
6
3
9
11
4
6
8
5
7
7
5
4
5
7
5
5
9
5
5
7
4
5
7
3
6
4
2
5
4
5
6
5
2
5
6
5
7
11
4
5
2
5
1
5
5
6
2
6
4
4
3
5
2
5
6
10
6
11
7
3
9
5
3
4
4
5
5
5
8
5
7
7
5
9
4
10
5
4
5
5
4
8
6
4
5
2
3
8
4
4
4
2
5
2
5
7
8
5
2
5
3
9
3
3
2
3
6
9
5
1
2
5
5
6
4
5
7
6
5
4
7
2
3
6
6
4
4
7
8
6
9
2
7
3
5
4
6
2
7
3
4
3
3
5
7
7
6
2
3
7
9
2
5
2
2
5
4
4
4
7
4
2
4
7
3
9
4
6
5
4
7
4
4
8
3
7
4
1
6
3
4
2
7
5
5
2
4
6
9
7
4
6
5
6
7
6
7
5
5
6
5
3
6
7
1
7
7
1
6
3
6
4
5
8
4
5
2
5
6
6
3
5
5
6
3
4
4
0
7
5
7
8
5
4
2
12
4
3
7
2
1
4
4
4
7
6
4
5
3
5
3
7
5
10
6
6
7
2
3
2
7
5
5
4
7
2
3
4
5
9
4
3
3
9
6
6
2
4
4
6
3
5
3
4
4
6
4
8
5
3
1
6
9
5
8
8
5
6
10
7
8
5
4
2
3
3
4
4
6
8
5
6
3
6
6
8
5
6
4
7
8
8
5
4
4
6
4
6
9
1
3
9
6
5
6
10
3
6
8
5
6
4
3
3
2
6
11
5
5
9
5
3
4
2
6
6
5
9
4
5
5
6
5
8
6
7
2
6
5
6
7
3
5
4
1
5
4
7
3
7
4
6
5
7
2
4
6
5
4
5
6
5
8
2
3
5
7
9
6
7
4
5
8
4
4
9
4
7
7
3
5
1
3
5
5
4
6
7
6
10
2
5
7
4
8
5
4
6
9
3
2
4
1
3
5
3
6
7
5
3
3
4
9
6
4
6
6
7
5
3
3
4
5
2
3
2
6
10
6
6
7
10
4
12
5
7
11
8
8
7
9
15
11
14
17
15
10
7
8
6
6
9
4
4
5
8
4
4
4
6
4
6
3
5
6
8
9
4
3
1
6
3
5
3
4
3
8
2
5
2
6
6
5
5
9
10
6
8
3
7
4
2
4
4
4
3
3
5
2
4
10
6
5
5
5
5
3
6
8
7
5
4
6
9
3
9
4
3
4
3
8
5
2
3
8
9
5
6
4
4
13
8
6
5
8
5
6
4
5
6
4
4
8
6
5
7
6
3
5
5
5
3
4
7
4
3
3
4
5
8
8
5
7
6
8
12
7
11
5
11
14
12
28
18
31
38
54
58
85
54
53
33
34
25
15
13
10
8
7
7
9
9
9
5
7
7
7
5
5
12
8
7
6
7
6
9
7
4
7
5
10
4
6
6
13
7
7
6
8
1
4
11
13
6
4
7
9
6
8
5
4
8
13
9
7
3
4
8
9
10
8
6
6
5
5
9
10
12
5
10
1
6
4
5
3
8
9
8
4
10
7
9
10
3
5
4
6
8
10
10
7
6
5
5
6
6
7
4
7
8
12
6
12
8
2
6
13
5
7
11
8
6
3
7
8
0
12
7
10
9
7
2
5
7
5
8
4
8
11
10
10
6
4
3
6
3
7
9
6
11
8
3
4
11
3
6
8
4
11
10
2
6
10
12
9
5
9
2
9
5
6
6
6
6
7
6
8
5
11
7
10
6
4
13
4
11
6
11
8
8
7
8
10
10
8
5
4
6
5
7
8
9
9
4
7
6
9
7
6
12
7
7
4
8
5
3
1
9
5
2
9
3
8
8
9
8
4
12
3
4
5
7
4
8
10
9
7
8
12
4
8
11
8
7
7
5
10
5
11
12
10
3
5
6
9
7
6
3
2
8
3
8
9
9
11
8
9
4
9
15
10
8
8
3
10
13
10
4
9
10
4
9
9
10
5
8
10
5
8
5
11
3
6
6
6
8
5
12
4
10
7
5
3
7
2
5
7
3
8
6
8
7
11
6
3
8
2
11
6
9
5
3
8
8
10
7
9
13
5
9
11
7
12
10
8
5
9
6
10
5
5
4
11
12
5
4
7
4
4
9
5
4
11
11
12
6
8
5
9
6
8
8
10
5
5
7
6
5
7
12
9
8
5
8
4
6
4
8
5
5
8
4
11
5
4
2
13
10
6
7
10
12
7
9
5
12
8
9
10
7
10
4
10
10
4
3
11
8
6
6
10
5
5
10
13
6
6
7
12
7
9
7
9
8
12
8
5
5
11
7
5
12
10
6
4
7
7
13
10
6
9
8
7
2
8
6
4
4
7
5
10
7
4
10
4
10
7
9
6
11
10
7
6
6
13
10
9
9
6
7
3
13
7
11
7
11
11
8
5
9
11
11
8
6
7
9
10
11
9
4
6
7
9
9
6
7
9
4
9
10
7
4
6
8
8
6
5
10
11
9
10
12
9
8
9
5
7
8
11
6
9
10
6
10
8
4
10
8
12
10
3
7
11
7
7
6
3
7
7
11
4
10
10
5
9
5
5
5
8
9
8
4
4
10
10
8
5
4
6
7
8
4
7
3
6
4
5
3
5
5
9
10
6
3
6
4
11
6
6
5
7
3
8
4
9
4
8
4
5
4
7
9
6
5
5
8
3
7
3
6
4
6
7
8
7
4
7
3
6
5
4
9
4
1
4
3
9
5
11
4
3
9
4
4
7
4
5
5
6
5
7
4
4
7
2
5
1
7
8
5
4
4
2
2
3
10
3
5
6
3
5
3
8
6
3
4
4
7
4
4
5
5
3
9
3
7
4
4
7
1
3
4
6
6
4
6
9
1
5
9
1
4
5
9
4
3
3
4
8
5
3
2
1
1
7
4
4
3
5
5
3
7
4
2
5
7
2
7
4
5
9
5
3
9
6
7
9
3
3
5
4
4
3
5
3
4
4
6
6
4
2
9
4
1
1
10
10
5
5
4
5
6
5
5
5
2
5
7
1
5
5
5
4
4
6
13
5
7
6
5
8
13
10
6
7
10
9
11
18
13
17
16
29
29
38
66
50
75
86
110
119
117
90
93
57
39
37
29
12
14
6
10
9
5
6
5
5
8
9
5
6
4
9
12
11
9
10
0
4
4
9
4
5
6
6
6
6
3
6
10
13
7
8
4
6
3
4
2
14
5
7
6
3
4
4
11
6
5
10
5
7
5
4
6
5
5
11
8
3
2
6
8
8
6
4
5
6
4
2
8
4
6
4
8
6
5
5
5
1
4
3
2
4
2
6
4
4
6
5
4
8
4
5
6
4
7
7
9
7
9
7
8
5
6
5
10
4
9
3
0
8
5
7
2
3
4
3
5
7
3
9
5
5
7
6
5
9
6
3
2
4
5
4
4
5
3
3
3
3
7
9
3
1
6
6
5
6
5
1
3
6
10
4
10
3
7
3
4
5
5
4
7
7
3
4
6
3
10
5
5
2
6
8
8
3
4
6
5
4
2
6
7
5
5
8
2
6
4
3
4
11
3
4
4
3
4
1
6
6
3
6
13
5
5
3
3
4
7
5
5
5
2
2
4
4
3
6
3
4
8
4
4
5
8
5
3
4
5
4
6
4
6
5
3
3
6
5
9
6
3
0
3
5
3
6
6
1
6
4
0
2
3
3
4
7
5
4
4
5
2
5
6
3
2
2
5
2
7
2
8
3
2
3
6
9
8
7
8
4
9
5
7
3
6
5
9
6
4
3
4
6
5
7
7
3
1
5
4
5
1
10
3
5
6
2
5
2
0
4
4
6
6
2
5
7
2
6
3
4
3
4
8
3
5
0
5
4
1
5
5
11
6
4
4
7
4
10
4
2
8
4
0
5
2
4
8
3
5
3
6
6
6
6
4
8
7
3
3
3
6
4
11
5
4
4
3
5
2
3
2
2
6
1
3
7
3
3
1
2
5
5
3
9
5
4
4
8
3
1
6
6
2
5
8
7
3
5
5
2
3
8
1
4
3
2
5
1
6
4
3
3
4
4
6
2
2
3
5
4
8
2
7
5
2
7
3
4
8
4
2
2
10
1
5
1
4
1
2
8
3
4
4
5
2
5
5
3
2
3
8
2
7
5
2
6
4
3
4
3
4
4
7
6
4
4
4
3
4
3
4
2
2
5
1
6
6
4
5
3
0
2
1
5
2
3
8
3
2
3
4
5
3
1
1
3
4
7
1
1
4
2
3
6
6
6
4
4
2
4
2
1
5
7
3
7
3
3
2
2
4
4
3
3
7
3
3
3
6
2
1
4
1
5
5
4
0
1
0
2
3
1
1
3
2
0
3
4
2
1
4
1
1
0
1
0
3
1
2
3
2
3
0
2
2
2
1
2
2
4
1
0
2
0
2
2
0
1
1
0
4
2
3
1
6
3
1
1
1
2
1
0
2
0
0
1
1
1
2
1
0
1
2
1
0
3
1
2
3
0
0
2
1
2
2
0
1
1
1
3
0
2
1
0
1
0
1
0
1
2
2
0
0
1
3
1
1
0
0
1
2
3
1
1
1
0
0
4
1
1
0
0
0
0
1
0
1
2
0
1
1
0
0
3
0
0
0
1
2
1
0
1
2
0
2
0
1
2
2
2
1
1
0
0
0
3
1
0
0
1
1
2
0
1
0
2
1
0
0
1
0
0
0
0
0
2
2
0
2
0
1
0
0
0
1
2
0
1
1
1
0
0
1
0
1
0
0
0
0
0
0
2
0
1
2
3
0
2
1
3
3
3
2
5
2
3
5
5
8
4
8
8
11
15
15
20
21
31
32
43
57
71
53
70
70
67
39
48
28
18
10
7
4
2
0
$ENER_FIT:
-3.6210 0.661772 0.000000e+000
$MCA_CAL:
3
-3.6210 0.661772 0.000000e+000
$ENDRECORD:
