$SPEC_ID:
Sample title.

$MEAS_TIM:
676.12000 851.35000
$DATE_MEA:
02/15/2017 2:25:49 PM
$DATA:
0 16383
0
0
0
0
0
0
0
0
0
0
0
0
0
0
0
0
0
0
1
1
1
5
1
2
3
3
1
3
4
4
0
2
2
0
1
3
0
1
0
2
0
3
1
4
2
2
3
1
1
2
57
69
75
81
90
100
116
173
174
183
232
278
360
351
384
382
434
496
572
621
674
713
720
719
871
938
968
959
1059
1123
1017
1127
1185
1223
1252
1295
1345
1275
1342
1357
1390
1401
1328
1371
1423
1457
1468
1482
1420
1529
1444
1507
1553
1559
1774
1842
2286
2646
2370
2475
2744
2349
1913
1841
1701
1525
1377
1402
1444
1459
1569
1651
1606
1772
2054
1897
1783
1724
1615
1475
1405
1309
1316
1370
1383
1336
1396
1393
1314
1303
1407
1345
1428
1460
1345
1419
1408
1425
1398
1386
1404
1355
1338
1422
1388
1428
1374
1433
1371
1406
1389
1417
1381
1423
1312
1385
1390
1388
1344
1418
1427
1370
1402
1433
1405
1368
1405
1415
1423
1426
1418
1310
1382
1314
1421
1345
1329
1388
1420
1370
1362
1293
1343
1363
1363
1319
1328
1326
1328
1388
1345
1273
1317
1329
1227
1313
1303
1193
1235
1237
1271
1298
1236
1253
1223
1170
1268
1198
1219
1181
1174
1178
1153
1152
1144
1175
1170
1192
1186
1144
1145
1145
1082
1218
1426
1795
1798
1352
1083
1046
1052
1119
1015
1041
1021
1058
966
946
1074
986
895
966
1013
941
1022
1189
1532
1481
1265
994
1006
923
906
928
882
876
841
860
821
854
831
824
817
788
784
787
808
798
830
899
991
992
896
766
743
726
720
749
740
771
748
685
693
706
659
712
742
700
699
735
657
700
721
685
658
703
721
704
710
689
640
666
691
679
684
666
683
723
741
705
772
815
817
885
936
996
956
890
928
875
945
920
910
908
895
891
908
898
908
847
900
878
929
865
901
850
931
865
862
865
796
839
755
759
765
747
788
753
786
747
745
776
675
735
714
686
726
738
660
672
636
680
645
670
683
675
668
627
649
649
658
641
644
690
640
647
612
639
614
659
699
665
658
601
592
619
613
591
569
599
572
609
553
577
557
607
549
595
564
555
581
552
585
545
588
551
534
521
509
558
514
530
525
531
566
513
490
533
509
525
522
517
483
504
510
491
485
454
507
477
468
499
513
501
486
463
476
462
416
494
482
449
476
475
484
447
468
485
499
474
462
451
448
496
462
446
461
471
555
574
574
488
476
442
474
448
427
488
460
447
446
416
448
443
428
422
425
422
459
404
445
413
441
404
406
394
466
391
399
433
429
402
382
399
410
394
376
395
388
403
403
365
367
398
404
405
435
344
386
380
353
388
369
343
385
396
411
373
392
355
362
386
368
380
378
380
379
399
368
355
363
366
380
364
385
384
382
383
354
339
381
368
386
370
370
388
390
386
351
361
394
392
363
361
376
405
389
393
391
335
329
349
358
344
371
362
370
360
367
368
341
370
335
361
371
342
364
390
349
375
344
340
340
347
302
337
348
353
352
379
361
335
340
305
369
356
348
361
312
337
357
356
326
355
325
391
393
434
406
387
332
364
366
335
324
303
352
329
353
339
315
336
362
318
294
345
351
349
346
322
330
320
323
324
356
329
326
354
317
379
354
343
315
375
363
336
363
363
335
317
340
336
358
398
415
372
370
414
412
417
411
411
389
337
400
394
362
390
336
365
352
343
345
337
365
330
316
335
305
302
345
360
313
318
351
331
264
293
339
375
343
326
335
323
313
300
320
297
323
341
340
340
367
475
766
1206
1822
2124
1941
1395
811
512
388
375
363
387
382
323
322
316
288
299
309
338
320
321
304
294
310
332
312
313
295
294
325
319
311
279
335
316
339
299
287
323
292
330
290
306
307
306
304
299
278
295
287
315
281
314
319
276
260
316
298
294
286
305
308
303
334
365
447
443
374
333
302
299
294
308
279
274
311
330
290
318
305
301
305
304
282
313
320
322
298
290
297
268
282
309
275
301
336
320
304
317
315
355
563
1318
2517
2866
1718
702
351
310
293
266
291
324
323
323
297
307
323
304
321
343
316
308
328
337
312
326
331
301
321
318
305
309
330
288
324
287
312
343
329
291
276
302
314
272
307
267
279
293
288
295
289
287
290
311
299
331
303
302
292
316
296
280
326
288
276
340
287
324
255
315
285
261
290
315
300
264
286
300
292
274
298
296
291
300
308
314
303
293
309
286
324
321
305
299
278
322
329
291
307
274
304
368
614
1203
1647
1348
695
381
310
286
337
419
387
469
412
603
1033
1298
967
540
337
294
282
279
296
290
314
298
298
307
274
290
256
277
285
274
296
294
285
302
299
310
284
284
283
280
284
298
291
301
298
287
317
292
303
336
310
293
299
299
281
288
324
304
321
326
319
291
346
277
299
274
285
280
283
292
301
317
271
289
256
276
285
292
328
294
288
293
320
275
277
284
297
323
312
318
282
302
293
291
308
282
291
291
304
306
295
293
250
291
293
283
264
283
294
293
289
279
284
278
269
267
278
272
308
270
316
320
292
292
301
256
244
282
289
286
292
277
271
289
300
268
295
260
290
285
289
297
280
287
258
286
291
284
289
292
292
294
293
296
311
278
307
314
306
308
321
317
319
320
262
275
304
304
294
313
312
343
346
314
279
294
301
260
282
294
329
309
313
324
297
293
305
297
296
260
318
297
297
292
278
294
331
299
282
287
261
293
299
291
294
281
311
287
294
273
302
287
290
285
281
310
293
308
286
319
297
324
281
313
285
329
280
284
282
319
348
395
340
358
329
298
322
288
300
281
280
291
288
269
275
328
313
260
306
287
286
290
336
304
322
506
779
900
681
456
339
296
294
307
296
291
305
314
315
278
303
322
272
329
286
344
287
303
325
285
302
288
269
269
297
316
329
294
277
283
261
271
337
283
308
288
329
318
312
306
287
299
330
294
280
288
274
266
315
316
301
305
303
267
279
313
265
291
289
292
294
287
326
271
288
299
276
308
324
305
289
309
304
299
350
347
363
346
298
313
298
316
293
303
299
271
328
311
301
339
282
297
320
281
288
312
280
315
297
319
337
308
301
292
308
275
313
314
304
300
314
297
293
318
313
346
292
273
327
303
284
309
325
322
337
297
333
328
349
294
321
349
323
314
293
285
323
278
335
334
392
398
372
323
321
305
292
305
328
315
350
311
327
313
320
297
343
307
302
328
287
292
336
320
348
345
361
355
356
343
305
321
311
337
309
340
304
337
312
334
314
287
306
332
338
331
377
381
391
374
358
352
325
327
457
618
886
834
610
419
333
330
313
316
302
335
319
337
336
352
327
288
302
333
348
303
314
323
358
310
352
351
311
322
377
323
302
308
313
372
319
318
331
330
335
316
315
320
296
367
368
293
347
359
307
343
310
315
370
369
403
344
389
399
400
348
382
374
331
305
350
327
340
350
354
330
354
336
312
303
361
354
335
302
333
345
371
340
367
352
350
350
363
411
406
384
362
327
348
312
322
351
334
348
343
335
395
506
692
797
619
486
388
363
378
352
366
377
340
377
363
316
346
355
352
358
349
321
326
322
385
335
323
344
356
351
348
354
375
345
388
359
373
352
370
367
344
339
329
334
333
341
319
358
362
354
363
367
363
354
374
336
358
342
379
375
353
394
355
346
345
381
362
352
346
354
385
358
396
358
449
373
384
362
332
353
351
351
381
348
377
373
383
378
374
394
360
378
369
356
341
319
362
349
360
359
376
383
392
345
377
335
379
351
364
379
368
329
338
336
409
383
387
371
361
386
363
363
383
371
388
356
366
371
421
456
467
511
452
390
386
372
368
391
377
415
417
396
391
392
381
379
455
419
388
412
354
393
367
406
364
404
397
367
358
394
377
380
406
391
389
411
386
389
392
421
364
426
402
401
381
392
403
386
404
393
392
412
448
471
494
514
481
401
400
395
396
387
358
376
358
404
370
394
409
400
365
404
491
596
1056
1227
1069
721
479
415
417
407
407
406
397
385
441
420
411
417
416
409
402
430
437
412
410
396
437
445
451
438
470
413
415
439
429
428
408
436
422
402
444
426
407
426
431
463
367
417
431
389
422
455
476
411
448
433
448
446
432
460
473
439
418
449
440
439
409
434
435
430
436
436
473
415
398
469
439
426
424
447
467
464
429
451
527
713
1251
2102
2219
1693
948
552
461
427
459
442
425
486
482
420
455
455
449
467
498
434
492
432
473
442
489
479
452
467
477
460
474
456
423
447
430
438
463
484
400
448
413
466
424
425
419
462
428
437
450
481
467
434
439
466
480
469
474
438
522
443
487
467
475
503
511
502
570
652
753
717
594
505
436
485
491
450
491
509
489
475
488
462
469
480
501
456
454
495
537
484
469
479
469
461
511
505
497
475
503
518
528
477
492
454
474
438
512
491
465
486
497
460
464
502
448
449
487
510
448
498
490
552
522
462
492
486
493
493
464
470
464
509
501
469
500
514
481
495
489
462
509
499
478
488
476
481
503
505
520
467
479
516
550
506
526
571
565
560
529
521
505
472
548
551
551
540
544
528
516
523
519
525
517
527
548
558
601
705
802
843
685
584
521
516
539
535
580
584
536
518
533
565
546
513
551
536
529
501
559
512
542
547
569
520
528
607
572
512
520
559
540
545
546
553
588
561
535
552
527
580
581
531
510
483
572
519
532
548
553
579
536
535
552
534
559
569
555
608
594
581
575
571
571
603
567
584
588
555
543
583
578
570
549
564
564
527
577
564
549
546
553
554
577
576
579
580
554
581
540
575
526
513
555
616
592
582
598
576
565
564
562
580
599
608
573
544
591
557
568
607
551
589
586
610
599
615
624
601
573
619
570
594
608
619
569
652
656
638
554
576
604
595
575
580
625
609
584
614
593
614
629
608
653
622
665
596
643
599
647
582
564
640
590
633
614
593
625
611
604
631
608
576
652
623
639
632
663
652
588
653
601
636
594
639
636
641
614
623
614
664
639
612
636
647
630
673
607
641
615
687
643
621
646
635
657
647
628
652
647
627
641
674
639
700
604
682
666
629
674
645
696
683
691
727
744
739
796
679
728
657
664
681
643
650
714
629
620
672
667
658
632
689
648
680
654
657
624
693
652
675
645
601
683
641
676
672
639
639
704
666
650
699
702
702
646
718
669
688
693
674
722
666
715
737
667
672
679
697
688
665
662
716
708
721
721
686
697
669
664
739
715
639
705
689
728
709
666
708
686
714
716
736
730
728
716
725
721
743
701
740
702
719
703
733
678
705
734
727
713
707
724
712
707
742
723
754
750
728
722
766
699
755
758
727
760
772
757
690
729
697
692
702
755
711
737
738
709
671
791
963
1552
2829
3819
3730
2444
1418
883
745
783
763
761
759
730
737
691
764
780
774
821
779
765
729
753
700
775
765
734
768
738
829
766
788
734
796
765
720
726
773
779
799
781
792
784
795
791
742
761
805
793
785
746
817
746
726
839
815
779
836
823
775
798
814
826
799
885
930
905
867
788
855
825
819
820
770
818
817
835
789
813
811
808
843
807
795
826
793
786
806
841
805
793
870
839
821
835
838
806
851
832
862
837
816
831
828
807
850
945
1051
1228
1912
3161
4858
5909
5920
4952
3274
2010
1340
1054
928
883
909
973
876
866
880
897
873
846
892
885
910
965
858
903
917
899
935
883
887
946
873
881
870
950
884
909
860
914
887
861
901
846
884
883
851
960
888
926
979
897
896
879
908
914
922
913
901
931
903
918
920
891
914
886
890
943
913
951
929
911
907
955
931
904
958
978
961
986
965
982
894
917
930
930
927
892
967
925
919
930
950
1001
941
959
987
962
960
937
903
976
897
951
998
932
949
973
952
956
977
993
967
962
994
921
922
952
929
906
950
952
1040
976
908
985
954
958
991
895
983
938
946
949
944
927
932
965
914
976
964
955
983
976
977
908
979
957
964
1014
925
990
940
1000
1013
979
974
944
962
993
971
985
1012
1043
966
1008
1034
943
993
1021
1025
966
1041
961
966
1036
1039
1003
1035
1020
1006
966
1023
995
994
1018
1039
1246
1171
1145
988
1053
959
1049
1049
1048
970
1008
984
1022
1004
1016
1021
967
1082
991
1039
973
1072
1007
968
972
980
1038
1026
1006
996
1053
1026
1065
1010
995
1082
1031
1031
1032
1069
1080
1037
1059
969
1017
961
1066
1010
1012
997
1026
994
1021
1006
1126
1093
1158
1272
1343
1285
1183
1125
1133
1027
1132
1075
1058
1039
1098
1076
1081
1045
1012
1062
1025
1087
1087
1047
1104
1051
1055
1020
1082
1039
1059
1135
1082
1060
996
1103
1078
1047
1041
1057
1077
1097
1068
1106
1057
1014
1024
1086
1016
1044
1002
1078
1012
1092
1076
1112
1061
1040
1062
1050
1133
1069
1095
1019
1054
1067
1076
1135
1085
1108
1106
1059
1142
1093
1134
1034
1115
1134
1116
1122
1072
1042
1051
1066
1092
1121
1143
1152
1081
1059
1137
1095
1111
1144
1166
1094
1145
1151
1190
1153
1222
1170
1142
1295
1172
1269
1193
1246
1308
1282
1301
1340
1279
1335
1334
1422
1400
1391
1422
1484
1503
1518
1553
1483
1574
1594
1574
1774
1684
1757
1789
1822
1867
1885
1952
1956
1979
2077
2150
2197
2259
2401
2321
2403
2501
2418
2609
2646
2654
2665
2674
2665
2738
2648
2608
2611
2360
2422
2272
2197
2105
1926
1878
1763
1751
1620
1641
1579
1599
1557
1600
1509
1480
1471
1416
1404
1483
1431
1337
1399
1374
1341
1309
1395
1337
1296
1314
1330
1292
1312
1283
1222
1259
1310
1230
1239
1266
1261
1219
1187
1200
1166
1221
1100
1137
1202
1146
1154
1154
1166
1163
1170
1094
1084
1190
1117
1129
1114
1058
1107
1089
1134
1107
1063
1063
1109
1147
1107
1099
1055
1048
1137
1063
1057
1079
1057
1068
1072
1059
1081
1083
1109
1053
1027
1060
1069
1081
1042
1079
987
1091
1015
1019
1027
1019
1084
1045
1010
977
983
1032
992
1068
1059
1041
1016
998
998
1019
1032
998
1018
1003
1006
1038
1026
1050
980
999
1001
1035
991
969
1052
1060
975
1013
981
994
1011
1002
980
977
997
1020
992
1061
973
1021
961
1028
915
1020
935
989
993
947
965
985
933
960
979
963
984
997
926
948
967
941
952
933
950
942
960
927
958
990
968
922
858
935
883
932
946
906
876
867
909
819
887
871
922
839
836
858
859
799
842
831
818
850
827
819
784
814
875
795
752
776
807
749
787
771
849
808
774
821
799
841
778
790
824
768
824
740
802
808
755
748
782
759
762
769
844
743
734
731
786
771
764
755
779
734
743
783
783
715
738
776
730
826
755
771
740
770
738
761
788
782
788
732
743
745
718
775
745
765
705
769
684
665
747
747
734
700
686
686
642
723
671
683
674
706
695
665
674
787
710
674
641
674
674
708
685
690
722
720
705
673
697
674
653
648
639
701
685
708
678
677
779
710
728
746
803
842
753
761
859
801
830
929
984
1519
4449
20030
73279
194000
347007
417486
338166
184512
66487
16210
2747
381
124
90
90
73
64
69
69
65
53
60
40
36
61
33
37
37
45
43
27
36
36
24
41
44
39
33
26
37
25
36
27
22
27
32
23
23
33
37
48
53
37
31
31
25
37
28
26
23
24
21
29
23
16
18
31
19
19
20
19
24
21
19
29
29
23
16
22
28
16
16
32
18
23
14
33
20
17
17
15
17
12
15
20
23
18
20
17
22
19
17
22
15
15
14
11
19
17
25
14
19
19
20
13
15
18
18
14
16
14
19
16
11
12
18
25
20
19
17
16
16
20
16
9
13
10
9
15
9
13
20
19
11
25
33
54
29
18
12
22
13
13
14
15
12
16
20
7
8
9
11
8
9
11
13
17
16
19
14
12
9
12
11
6
15
10
21
24
23
16
25
17
23
16
19
16
17
12
8
12
11
13
13
12
12
14
10
17
13
14
23
14
13
12
7
15
11
13
12
19
8
7
12
19
7
7
8
15
15
23
42
84
138
154
109
55
34
17
6
10
7
9
15
16
13
5
14
7
12
11
11
14
13
6
11
11
12
11
15
10
13
8
19
12
12
11
7
17
11
12
13
13
9
11
10
18
21
11
14
19
15
9
9
6
13
12
12
13
18
21
12
12
7
5
10
20
16
18
32
33
61
64
48
58
99
106
83
42
35
23
11
7
13
9
18
18
16
11
14
8
9
7
12
13
8
17
24
41
37
40
26
23
8
5
5
9
11
21
12
14
14
12
15
11
14
11
9
10
10
13
15
19
12
9
12
25
27
41
46
33
29
19
21
18
17
12
8
14
9
11
12
10
10
9
10
11
10
13
6
14
9
4
5
7
15
15
18
17
29
12
18
11
8
11
12
9
6
15
14
14
16
8
13
13
15
19
16
14
17
16
15
22
6
15
17
21
11
11
9
17
6
9
12
10
18
15
22
29
62
83
77
60
35
25
18
14
11
12
12
30
64
108
132
125
94
42
21
8
12
11
16
9
6
13
14
14
8
13
9
18
14
8
10
13
18
8
13
15
12
10
18
13
12
14
7
13
7
14
13
15
11
18
8
12
16
9
14
9
7
14
13
21
17
18
14
17
8
6
13
12
7
9
7
11
12
7
11
10
8
9
10
11
23
8
12
9
9
14
11
5
7
11
8
11
14
12
17
11
15
12
8
14
6
7
8
13
7
13
10
12
17
11
14
13
18
10
17
12
13
10
4
13
11
10
14
6
4
13
12
10
6
16
11
9
7
9
12
4
11
11
19
12
18
13
14
10
15
9
8
16
7
10
10
7
12
16
10
6
12
9
13
28
25
23
21
12
19
10
9
13
17
6
11
12
5
12
9
7
9
14
10
9
13
4
8
4
17
11
14
27
27
30
19
11
12
7
9
15
11
14
13
9
11
14
9
13
14
13
8
7
14
12
14
6
11
5
6
16
12
11
7
8
15
10
19
3
14
8
11
9
10
11
9
13
8
11
11
13
22
9
10
9
9
13
6
10
14
11
10
8
17
9
10
13
15
16
6
11
13
6
11
8
14
6
12
14
4
9
11
6
13
7
11
8
11
11
11
14
14
12
10
7
4
15
6
10
7
8
11
10
10
8
11
7
11
6
15
10
7
16
14
15
12
8
8
9
11
13
7
14
10
10
16
9
5
8
6
8
7
13
12
11
10
14
23
16
20
23
22
12
17
9
13
10
5
13
8
13
7
11
8
13
14
14
11
13
8
9
9
13
9
18
16
12
13
4
10
12
12
7
9
10
17
14
15
12
11
7
12
12
9
7
6
7
2
8
13
13
12
7
8
10
6
11
10
8
15
10
10
5
8
15
15
15
8
11
16
11
18
9
18
23
19
9
10
13
10
11
13
10
10
11
12
12
8
9
7
14
9
9
9
6
10
10
10
5
7
12
14
9
7
18
16
18
31
26
25
15
13
11
9
17
6
8
13
10
13
8
8
13
7
12
8
11
11
13
10
19
9
7
5
13
17
13
10
6
11
17
11
9
6
14
11
13
12
9
9
8
11
13
12
10
15
13
14
12
13
7
9
11
11
14
17
12
13
6
9
9
6
13
15
15
14
15
10
10
9
15
13
9
17
11
17
17
10
10
11
15
5
16
12
10
10
11
6
12
14
12
8
5
17
9
8
7
10
5
6
15
11
6
14
9
7
3
10
15
7
11
8
4
8
6
9
8
15
10
8
15
18
27
21
18
20
17
12
11
9
9
14
7
8
26
37
56
77
59
60
26
17
19
10
8
11
10
8
13
15
8
9
10
8
10
17
9
13
9
13
15
5
18
11
13
14
5
9
11
13
11
10
9
7
7
12
9
13
17
9
9
17
11
15
14
20
22
21
22
11
16
17
16
11
7
9
8
9
8
9
11
11
20
10
15
14
20
12
10
18
14
9
8
16
9
6
6
6
10
11
14
7
5
17
10
3
12
9
6
10
7
9
9
8
7
11
10
16
12
12
10
8
13
6
9
9
10
8
4
13
14
14
33
56
83
82
78
52
22
14
12
7
7
14
8
11
16
23
18
30
23
23
7
7
13
11
8
17
11
11
9
5
11
12
8
12
17
7
8
14
13
10
12
2
8
14
9
10
10
10
10
11
14
15
30
39
55
53
38
38
24
15
13
3
3
15
9
8
7
18
9
9
19
16
10
7
7
13
13
7
9
12
9
11
15
14
15
25
39
46
44
37
18
11
7
14
10
6
12
9
10
8
16
7
16
8
6
23
20
22
22
17
13
6
10
10
20
6
5
7
8
13
12
12
9
6
8
9
7
14
12
7
10
11
12
9
9
10
9
19
24
48
37
42
33
30
24
15
5
13
10
4
6
11
8
10
13
6
14
9
12
5
13
5
11
9
11
4
5
13
11
4
12
8
14
8
14
4
7
13
9
10
13
9
8
11
10
10
7
9
7
7
4
19
11
10
7
16
15
12
8
19
7
3
13
12
9
17
7
5
12
7
9
8
11
14
15
5
13
15
10
18
17
21
28
37
38
38
41
30
16
17
8
10
7
8
11
7
16
3
13
10
9
9
12
14
11
10
8
6
5
8
9
5
5
10
14
12
13
11
8
10
7
8
9
7
17
9
10
9
12
5
6
19
10
12
11
17
10
9
9
11
14
8
15
10
8
15
16
11
13
48
68
68
73
47
30
16
11
11
8
7
12
14
16
10
8
9
9
12
19
11
11
8
7
10
7
11
10
9
14
9
12
11
10
5
8
10
14
11
11
7
14
9
10
14
13
14
9
9
7
10
9
13
9
9
11
14
8
10
15
10
7
10
14
7
8
9
11
9
15
11
14
6
12
8
9
8
11
12
9
6
5
10
11
9
18
13
8
11
9
12
11
8
9
9
14
6
8
15
5
11
6
13
12
13
11
13
10
7
9
9
12
5
14
12
14
13
9
6
11
7
9
6
15
18
8
13
16
6
13
7
10
15
7
10
12
9
10
9
14
6
12
7
4
19
7
13
6
16
11
6
9
13
11
9
6
11
11
7
11
11
10
10
12
15
12
11
11
18
7
8
13
16
11
17
14
12
9
7
9
6
11
3
9
11
9
10
7
15
8
17
11
7
12
9
15
15
2
6
14
11
12
2
13
10
12
11
12
15
13
9
28
19
11
19
15
13
10
15
4
10
15
7
9
8
12
15
12
10
18
13
8
13
6
10
20
17
21
10
14
11
6
7
10
3
7
13
10
13
18
10
11
12
5
10
9
9
5
8
5
11
10
13
12
12
10
15
16
12
14
12
9
12
7
11
12
12
6
5
11
11
12
15
14
14
10
12
14
12
10
18
11
11
18
15
18
9
17
13
10
25
6
16
10
18
9
15
8
15
13
14
19
16
7
13
11
23
13
6
11
5
10
15
13
7
14
14
9
11
17
17
16
12
13
10
8
6
9
8
12
7
5
8
17
9
10
12
6
9
8
16
13
8
10
7
7
9
7
7
12
15
7
8
14
7
9
7
7
2
11
12
7
15
31
47
83
105
113
88
59
35
18
9
9
14
9
13
7
6
11
8
7
11
7
7
10
5
8
11
9
8
8
10
9
6
4
9
7
11
10
12
8
7
4
6
8
11
6
11
14
9
12
7
10
6
12
8
11
11
10
6
4
12
7
10
24
33
47
62
44
65
34
26
16
14
20
36
39
56
39
32
24
17
12
10
10
7
11
5
5
8
15
9
18
7
14
7
8
9
9
13
6
13
12
3
8
11
5
14
13
10
13
8
6
7
10
10
8
15
10
6
13
7
11
13
6
6
7
10
6
9
14
6
12
8
4
12
9
17
6
10
13
24
44
37
46
46
37
28
25
36
13
11
13
9
6
7
5
8
13
10
8
9
12
4
5
12
8
11
8
16
14
11
10
11
8
13
9
9
6
13
8
14
7
9
13
8
3
9
10
11
12
7
7
7
8
16
9
8
13
13
14
8
15
7
9
6
8
15
9
8
8
8
10
7
6
9
6
9
4
14
8
8
10
8
10
14
9
11
7
7
10
12
11
8
5
9
6
5
13
9
6
15
10
14
7
6
16
8
11
8
10
8
15
15
7
7
9
10
13
14
7
5
15
5
8
5
5
12
32
48
88
93
128
111
49
44
78
168
333
505
534
514
346
203
72
31
19
9
16
11
8
5
12
8
7
10
10
7
7
10
9
10
10
14
10
7
6
11
3
10
11
8
6
11
7
5
8
11
8
6
6
5
8
13
7
8
9
10
15
14
6
6
7
8
9
16
14
10
9
13
5
11
8
9
9
5
10
9
12
5
13
8
11
5
7
8
7
11
8
14
21
11
18
10
9
5
5
6
6
7
11
13
8
8
9
14
8
7
6
5
7
2
11
11
5
8
4
12
5
3
15
6
6
6
8
4
7
8
11
6
6
11
11
9
4
5
8
11
9
5
10
10
5
16
7
11
5
11
9
3
10
6
8
14
7
9
7
8
4
9
10
8
9
11
10
8
4
10
4
17
7
7
9
4
5
7
8
6
8
8
19
7
9
8
6
7
4
9
8
5
9
8
12
11
6
7
5
6
9
14
9
9
12
19
19
27
9
9
14
11
12
9
14
7
8
5
9
6
7
5
12
16
21
7
13
4
11
17
11
5
6
9
4
16
15
10
7
4
15
14
5
8
7
4
9
3
6
6
14
13
18
23
26
11
10
9
8
5
7
2
6
4
12
11
7
7
7
2
14
10
11
12
5
6
5
5
5
6
4
13
19
9
15
9
4
8
6
9
4
6
12
9
17
13
7
6
6
9
6
8
12
10
15
11
8
8
6
9
8
6
10
7
11
5
10
12
9
6
11
11
8
9
7
6
8
9
8
12
7
19
5
9
14
4
11
7
12
14
7
14
14
9
13
13
20
25
22
17
19
12
15
7
8
6
6
15
5
12
13
14
16
20
22
14
19
17
13
14
14
11
10
4
6
13
6
9
5
10
7
9
13
7
14
6
10
11
6
10
9
9
10
8
9
7
11
9
5
9
10
10
10
39
50
67
64
37
23
19
13
12
8
9
15
12
11
13
9
12
8
7
14
9
11
12
7
10
9
8
11
12
11
13
9
6
14
6
8
12
11
10
9
12
11
7
6
8
6
9
11
20
12
9
14
12
15
10
9
7
3
12
11
8
10
10
9
9
14
8
12
6
10
9
8
11
10
8
7
10
7
9
11
8
8
7
8
9
10
5
8
6
12
12
10
5
7
15
16
8
8
9
6
8
11
12
9
2
7
8
9
8
5
13
9
11
11
16
13
22
17
13
13
5
6
14
4
7
6
7
11
9
6
5
7
9
14
14
6
10
14
9
7
7
9
7
10
8
6
8
5
10
10
12
15
10
8
9
11
8
4
6
11
8
8
8
6
16
9
21
5
13
11
7
9
2
9
5
8
11
6
5
13
15
16
10
15
14
12
16
18
14
7
7
9
10
14
12
14
13
5
3
14
10
14
13
8
10
7
10
7
7
15
13
10
9
14
12
9
12
12
9
13
7
8
8
12
9
11
7
9
15
9
12
15
8
5
15
9
5
6
13
10
15
13
6
16
7
7
9
8
12
5
9
8
7
4
11
13
11
9
7
8
4
3
2
4
14
13
15
3
7
11
9
12
9
6
6
13
8
6
9
13
12
12
10
7
9
8
12
8
11
11
5
14
13
19
32
33
26
18
12
14
15
12
13
9
9
7
10
12
8
9
10
8
6
9
14
12
15
8
6
7
16
15
18
15
7
10
12
12
13
17
18
26
33
20
23
14
12
14
17
16
17
14
13
12
7
11
16
10
17
14
9
7
21
22
14
12
19
14
17
9
11
8
10
15
7
13
12
16
11
14
6
12
9
9
14
15
9
17
13
5
12
7
18
10
8
13
6
6
17
9
12
14
10
9
20
25
21
17
18
13
16
13
7
8
5
10
11
10
8
14
6
12
11
12
10
11
14
9
16
12
5
11
13
9
5
10
4
7
3
11
10
12
13
10
9
10
7
8
11
9
19
5
8
6
8
10
8
11
11
5
7
6
9
7
12
8
4
10
14
8
10
13
11
11
10
10
8
3
18
6
6
8
10
11
11
6
7
7
3
5
17
11
11
12
12
14
9
7
5
11
7
10
6
7
13
9
4
5
7
9
6
6
12
9
4
5
15
10
5
7
4
9
7
7
8
7
13
5
10
15
12
18
9
7
6
14
7
6
8
15
9
8
16
8
6
11
2
9
8
7
8
5
5
8
8
5
13
12
9
10
10
9
10
15
13
8
10
4
10
12
4
11
13
12
9
11
9
11
7
5
6
11
6
7
18
4
8
12
4
7
9
9
8
9
13
5
14
7
7
16
12
12
7
8
7
8
5
5
4
9
6
13
7
11
5
10
14
6
9
7
12
8
11
6
7
11
9
12
5
11
8
9
6
3
13
7
10
9
6
7
6
11
4
13
5
6
9
15
5
10
4
7
14
14
13
15
14
2
12
5
7
7
13
17
36
31
41
65
64
101
77
82
59
43
29
18
13
10
9
14
22
33
79
180
284
423
520
471
369
183
110
32
11
6
10
12
5
3
5
4
9
11
5
4
5
5
8
9
11
3
4
8
4
10
5
10
8
8
8
7
6
4
4
8
6
5
9
11
3
9
5
9
6
7
3
5
3
1
4
6
8
12
5
3
7
9
8
5
2
10
7
8
7
5
13
3
11
9
2
10
4
5
8
7
8
4
16
3
8
12
24
42
69
81
88
80
65
35
14
5
7
8
10
7
6
15
10
6
7
8
5
9
11
16
10
16
11
10
13
7
5
3
5
6
9
6
9
6
7
5
7
5
7
4
6
10
9
5
7
6
4
8
5
7
3
3
5
9
5
2
7
6
4
5
10
14
12
18
20
37
51
43
48
45
27
15
10
7
8
6
5
5
2
4
6
4
5
7
8
2
3
4
3
7
2
6
9
9
6
3
9
6
6
4
8
5
4
6
5
8
5
1
5
8
6
8
2
10
6
6
6
4
8
5
10
5
6
8
7
9
5
6
5
8
8
4
11
7
7
6
5
8
6
7
10
5
5
10
11
7
7
8
3
6
6
4
3
5
10
10
9
10
7
3
7
11
10
8
11
7
7
5
6
10
8
5
8
7
7
2
8
9
3
8
13
12
10
7
5
10
16
8
6
8
8
13
11
9
5
5
9
6
6
5
3
7
7
4
9
4
4
6
10
8
5
7
7
7
11
7
7
7
6
8
13
12
11
7
14
7
5
9
6
9
9
8
10
10
5
4
7
9
9
10
9
10
6
14
8
11
10
10
8
5
6
11
8
9
8
11
9
9
6
12
10
9
9
14
8
10
6
18
11
18
10
10
12
4
8
11
6
10
15
11
11
17
10
11
12
12
2
8
5
9
6
8
7
4
8
4
6
10
3
6
5
11
6
9
4
8
4
8
11
9
12
13
4
5
7
5
15
10
13
13
5
3
9
5
7
10
4
9
13
22
20
18
14
9
7
7
10
5
3
4
6
5
5
12
20
23
32
32
42
35
23
19
16
9
14
4
7
15
6
14
6
9
6
12
9
10
8
9
14
9
6
5
4
6
6
3
3
4
8
16
9
5
6
6
6
9
14
21
16
13
12
7
10
10
7
4
7
10
6
8
6
8
4
9
10
6
10
4
6
5
6
6
11
14
8
6
4
7
2
11
5
9
10
4
6
13
4
3
3
5
6
5
6
10
3
3
7
8
1
5
5
6
8
5
7
6
3
5
6
6
8
6
9
8
6
6
4
5
10
5
4
8
8
8
9
8
7
4
7
2
6
3
6
2
5
10
5
5
4
6
7
9
6
3
8
5
3
6
4
3
6
2
6
7
2
2
8
5
3
8
6
14
10
13
20
19
24
10
6
9
6
1
3
8
5
5
5
6
6
5
3
4
4
7
4
3
9
8
3
5
3
7
5
3
10
2
4
7
5
5
6
5
5
10
6
4
2
8
5
4
3
7
10
4
9
8
8
6
7
12
19
9
9
8
11
6
7
3
2
6
1
5
5
3
8
3
6
5
2
5
8
2
7
5
7
10
10
6
7
6
3
9
20
15
22
32
30
24
13
7
9
12
4
10
12
23
49
146
315
546
775
841
822
525
300
152
47
19
6
9
6
7
12
6
9
3
7
7
3
5
8
7
7
3
2
6
0
1
3
0
3
3
4
2
0
1
9
3
6
0
3
5
3
4
1
0
1
5
6
6
6
3
1
3
2
1
3
2
2
1
6
3
5
6
1
1
2
6
2
1
5
3
5
4
6
3
4
3
4
5
5
3
6
2
4
4
3
4
5
9
4
1
4
7
4
5
3
6
4
3
3
3
4
2
3
10
7
7
16
14
17
13
9
4
4
6
4
6
4
11
12
20
26
40
56
53
46
15
24
17
6
5
6
4
4
4
5
2
6
4
2
5
5
3
8
8
12
5
5
13
7
7
6
2
5
2
2
2
5
2
4
8
1
5
2
4
1
3
5
5
3
1
3
4
3
3
2
1
8
8
2
1
2
2
1
1
4
3
4
3
2
2
8
1
4
4
5
1
2
3
1
3
2
1
4
2
4
2
6
2
3
2
4
0
3
6
6
2
2
4
3
2
3
4
4
0
5
3
7
7
6
2
4
2
1
3
3
3
2
2
3
3
2
1
2
3
1
6
2
3
3
0
1
5
3
2
2
3
4
1
1
2
1
5
4
6
1
4
1
6
3
4
3
2
3
1
2
0
2
0
4
5
2
3
0
1
2
3
4
3
2
3
2
2
4
2
5
5
2
1
3
5
2
2
2
3
0
1
4
2
1
2
2
5
5
3
1
2
0
4
5
4
4
5
5
5
6
4
3
1
3
6
2
2
3
2
2
3
1
0
2
5
2
4
1
0
4
2
2
2
2
3
2
5
2
3
2
5
2
2
6
2
2
3
6
5
1
4
4
2
3
1
2
3
5
4
2
4
4
1
2
2
6
1
3
2
1
2
5
4
3
3
3
1
2
3
4
3
5
4
4
1
5
2
3
6
2
2
3
1
3
4
3
5
0
7
6
1
2
0
0
0
3
0
4
3
4
5
6
2
2
2
2
2
1
4
2
2
5
5
0
2
1
5
5
2
4
4
7
13
31
42
70
103
106
124
93
60
49
21
6
4
4
6
6
8
21
30
41
32
27
26
15
3
8
7
3
5
3
4
3
2
6
14
15
14
16
22
14
15
33
32
55
58
72
77
64
60
31
18
21
5
7
1
6
1
0
3
2
3
2
2
0
1
7
3
4
0
2
1
1
2
2
4
2
2
5
4
1
2
2
2
4
2
5
4
3
1
1
0
2
2
3
2
0
2
3
5
0
2
0
1
2
1
2
0
3
4
3
1
1
1
1
4
2
5
1
2
1
2
4
1
1
1
3
4
2
5
6
5
5
7
12
17
11
7
6
4
1
3
2
1
2
3
1
1
0
3
2
4
3
3
1
0
0
4
1
3
5
2
4
2
2
4
2
0
4
1
1
1
2
2
0
1
3
2
3
1
2
3
2
5
2
1
1
4
4
2
3
1
0
0
2
5
1
2
2
2
3
1
0
0
1
5
1
1
4
1
3
2
2
6
8
25
43
68
71
69
49
27
22
10
4
3
2
2
0
3
5
0
1
1
2
1
0
2
0
1
0
2
1
1
1
2
0
2
3
0
3
3
2
2
0
2
2
1
1
0
2
4
1
1
0
3
1
3
3
1
0
1
1
1
0
0
1
0
0
2
2
7
3
4
2
0
3
2
1
1
2
2
1
3
0
2
2
0
1
2
0
0
2
0
0
2
2
0
0
4
1
2
3
1
1
1
1
2
2
0
4
1
3
0
2
1
0
1
2
1
4
1
3
2
9
6
8
7
9
12
11
5
0
4
2
1
0
0
1
4
2
4
4
4
2
0
3
2
1
1
2
4
3
6
1
3
2
2
0
2
3
6
23
25
48
63
71
57
46
32
25
7
3
3
2
1
5
13
14
31
25
31
32
14
11
3
2
0
4
0
2
2
5
2
4
4
5
5
1
2
2
4
10
16
24
38
48
32
37
27
4
6
2
0
0
0
1
1
0
1
2
2
1
2
4
0
2
1
1
2
0
2
8
4
6
4
0
4
4
1
3
2
2
1
0
1
0
1
1
2
1
1
0
0
1
0
1
0
3
0
1
1
2
1
3
1
1
1
0
0
2
3
1
4
1
0
1
3
1
3
14
5
12
11
9
9
10
3
1
2
1
3
0
1
1
3
2
2
1
2
1
0
2
1
0
1
0
1
2
0
1
2
0
0
0
0
1
1
3
3
1
1
0
1
0
1
0
1
0
0
1
2
0
0
2
2
2
1
0
0
4
2
3
3
0
3
0
1
0
1
1
2
0
1
0
4
1
1
3
1
1
0
0
0
3
3
3
2
2
1
0
2
0
3
1
2
4
1
0
2
0
1
0
1
0
0
1
1
2
3
3
0
0
1
1
3
3
2
1
0
0
2
3
2
3
3
2
0
0
0
1
0
5
1
2
0
0
1
1
1
3
1
2
1
2
1
1
0
2
3
0
2
3
0
0
0
1
0
0
1
2
0
0
2
0
0
1
0
0
1
1
0
1
1
0
1
0
4
2
0
1
4
0
1
3
2
2
1
1
1
1
2
0
1
3
1
1
0
1
0
0
0
2
0
3
0
3
1
1
4
2
2
0
0
1
4
0
1
0
2
1
1
1
2
1
2
1
1
3
1
2
2
0
0
0
1
1
0
2
1
2
0
2
1
1
0
1
2
0
1
0
0
0
1
0
1
2
1
1
1
2
0
1
3
1
4
0
1
0
5
4
4
2
8
6
6
6
6
9
3
2
0
0
2
3
3
2
0
1
1
0
0
1
1
1
2
0
1
1
0
2
1
2
1
0
1
2
2
2
0
2
3
4
2
2
1
1
0
1
1
1
1
1
4
4
0
2
5
1
0
0
1
1
2
1
0
0
1
2
1
0
1
1
1
0
0
1
3
0
1
1
0
0
2
2
3
1
2
0
1
0
1
2
0
1
0
1
0
0
2
2
1
2
0
1
1
1
1
4
2
1
3
1
1
3
0
4
1
1
1
1
1
1
2
1
2
0
0
1
3
2
1
3
3
5
3
3
3
2
1
6
3
3
3
2
1
1
0
0
1
1
2
2
1
3
0
2
1
3
0
0
1
1
2
1
1
1
0
0
1
0
0
1
1
2
2
2
2
4
13
9
8
5
4
3
1
0
1
0
0
3
0
1
2
1
0
2
1
1
0
0
0
2
0
0
0
0
2
1
0
3
0
1
1
2
2
0
0
0
0
2
1
2
0
3
0
0
1
0
1
0
1
2
0
0
0
1
0
0
1
4
2
2
4
3
1
0
0
2
0
1
0
1
2
1
1
0
0
2
3
0
0
1
1
0
0
2
3
0
2
1
1
1
1
0
1
0
1
1
2
1
2
0
0
1
1
2
1
9
15
28
41
59
63
48
27
19
10
1
2
1
0
1
0
1
2
2
0
1
1
1
1
0
2
1
2
0
1
0
2
0
0
1
1
2
1
2
1
0
1
2
1
2
1
2
2
1
1
0
0
1
1
1
0
3
1
1
0
1
1
0
1
0
1
1
0
1
1
2
0
2
0
2
1
0
2
0
1
1
2
1
1
0
2
2
1
0
3
1
0
3
1
2
2
1
2
0
1
3
3
3
4
10
12
8
10
5
3
5
6
1
1
1
0
1
0
1
1
1
2
0
1
0
4
2
2
1
1
2
0
1
1
3
3
11
4
4
3
1
0
0
3
2
5
0
1
1
2
1
0
0
0
0
0
1
1
0
1
3
1
0
0
2
0
1
3
1
0
2
1
2
0
2
0
1
0
2
3
0
3
1
0
0
0
2
3
1
0
0
1
0
1
0
0
1
1
0
2
0
0
2
1
2
1
1
1
0
0
0
1
2
1
1
1
0
0
2
2
3
1
0
1
2
2
0
0
1
0
1
0
1
1
1
1
2
0
2
0
3
2
2
1
0
3
0
2
2
0
0
1
0
0
2
0
0
1
0
1
2
2
2
2
0
0
1
1
2
1
0
0
1
2
0
0
2
0
2
0
0
4
0
1
2
1
1
0
1
0
0
0
1
1
0
1
1
0
2
1
1
1
2
0
0
0
4
1
1
0
0
2
0
1
0
0
2
1
0
0
0
0
0
0
0
0
0
0
1
0
0
1
1
1
0
0
0
0
0
2
0
2
3
2
1
0
2
1
1
1
1
0
1
2
0
0
2
0
0
0
1
0
1
1
3
0
3
0
1
3
1
1
1
0
0
3
0
0
2
0
1
0
1
1
0
1
0
0
1
0
1
0
0
0
1
1
0
0
0
0
0
0
0
0
1
2
0
1
0
0
2
0
2
2
0
2
1
0
1
3
2
0
0
2
2
2
4
8
11
19
40
39
36
44
40
30
20
21
12
5
0
3
0
0
0
1
0
0
0
2
2
1
1
0
0
1
3
1
1
0
2
0
1
0
0
1
1
1
2
1
0
0
0
2
1
1
1
0
1
1
0
0
0
0
0
1
0
1
0
0
0
3
1
0
0
0
2
0
0
2
0
1
3
0
0
0
0
0
2
0
3
3
0
2
3
3
1
0
0
1
1
0
0
1
0
0
2
1
0
0
0
1
0
0
0
0
0
1
0
0
2
0
1
1
0
1
1
0
1
4
0
0
1
0
3
2
0
3
0
0
1
0
0
2
2
0
1
1
3
2
2
3
1
0
1
1
0
0
0
0
2
0
0
0
0
0
2
2
3
1
3
0
0
0
0
2
0
1
0
0
0
0
1
0
0
0
0
0
0
0
2
1
1
0
1
3
0
1
0
0
0
0
2
0
1
0
0
1
2
1
1
1
0
1
3
0
1
1
0
1
1
1
3
0
2
0
1
0
0
0
0
1
0
1
1
1
0
0
1
1
0
0
0
0
1
0
1
0
0
0
1
1
0
0
0
0
0
1
0
0
0
0
0
1
0
0
1
0
0
1
1
1
1
0
1
1
0
1
0
1
0
0
0
0
0
0
0
0
0
0
2
3
0
0
0
0
0
0
1
0
0
1
1
0
0
0
0
1
0
0
1
0
4
0
0
0
0
0
0
1
0
0
0
2
1
0
0
1
0
0
0
0
0
0
1
0
1
0
1
2
0
1
0
2
0
1
0
1
0
2
1
0
0
0
0
3
2
1
2
1
1
0
0
1
1
0
0
0
1
0
2
2
0
0
1
0
0
1
0
1
2
0
0
1
4
1
1
0
1
0
0
2
0
2
1
0
5
11
15
30
37
54
40
33
26
13
4
2
2
0
0
1
2
0
0
0
0
0
0
1
1
0
0
0
0
1
1
4
0
1
1
1
1
2
0
1
0
3
0
1
2
1
0
1
2
0
0
0
0
0
0
1
0
1
0
0
0
0
0
0
0
1
0
0
0
0
2
0
1
0
0
0
1
1
1
0
0
1
0
1
0
0
0
1
0
0
0
1
0
0
1
1
1
1
0
1
3
0
1
1
1
1
0
1
1
0
1
1
1
0
2
0
1
0
0
0
1
0
1
0
0
0
0
0
0
1
1
2
1
0
0
1
0
0
1
1
0
0
0
0
2
1
0
1
0
0
1
0
0
1
1
0
1
0
0
2
0
1
0
2
0
1
0
0
0
1
0
1
2
0
1
0
0
0
0
1
0
0
0
1
0
0
2
0
2
1
1
0
1
0
0
1
0
0
0
1
1
0
0
1
0
2
0
1
1
0
0
0
1
4
1
2
1
3
3
1
0
0
1
0
0
0
1
1
0
2
0
1
1
0
0
1
0
1
0
0
2
1
3
2
1
2
2
1
0
0
1
0
0
0
0
0
0
0
0
0
0
3
2
0
4
1
4
3
4
4
3
4
1
4
0
0
0
0
0
1
0
0
0
2
1
0
0
0
1
1
0
0
0
0
0
1
0
0
0
0
1
1
0
0
0
1
0
0
0
0
0
0
0
1
0
0
0
0
1
0
0
0
1
1
1
0
0
0
1
0
0
0
0
0
1
1
1
1
0
2
2
0
1
0
1
0
0
0
0
1
0
2
0
0
1
1
0
1
0
0
0
0
0
0
0
0
1
0
1
0
0
0
1
0
0
1
0
0
0
0
1
0
0
1
0
1
0
1
2
0
3
1
2
0
0
0
0
0
1
0
0
0
0
0
1
0
0
1
1
1
0
0
0
0
0
0
0
0
0
1
0
0
0
0
0
0
1
1
1
0
0
2
0
3
0
0
0
0
0
0
0
0
1
1
1
0
1
0
0
0
1
0
1
0
0
1
0
1
0
0
0
0
0
0
0
1
1
0
1
1
0
1
0
1
0
1
0
0
0
1
0
0
0
0
0
2
0
0
1
0
0
1
1
1
0
0
0
1
0
1
0
0
0
0
0
1
0
0
1
0
0
1
0
0
0
0
0
1
1
1
1
0
0
0
1
0
0
0
0
0
2
0
1
0
1
1
1
0
0
0
1
0
1
0
0
0
0
0
1
0
1
0
0
0
0
0
0
0
0
1
0
2
1
2
1
0
0
0
0
0
0
0
0
0
1
0
0
0
1
0
0
0
0
0
0
0
0
0
0
0
0
0
0
0
0
1
0
0
1
1
3
0
0
0
0
0
0
0
0
0
0
0
0
0
2
3
0
0
0
0
0
1
0
0
0
0
0
2
1
0
0
0
1
0
0
0
1
0
0
0
0
0
0
0
0
1
1
1
1
0
0
0
0
2
0
1
0
0
0
0
1
0
1
0
0
0
0
0
0
0
0
0
1
0
0
0
0
0
0
0
0
1
0
0
1
0
0
1
0
0
3
0
0
0
0
0
0
0
1
2
0
0
0
0
1
0
1
0
0
0
1
0
0
0
0
0
0
2
0
1
0
0
0
0
0
1
0
1
0
0
0
0
0
0
0
1
2
1
0
1
0
1
1
0
3
2
0
0
0
0
1
0
0
1
0
0
0
0
0
0
0
0
0
0
2
0
1
0
0
0
0
0
0
0
0
0
1
0
1
1
1
0
0
1
1
2
0
0
1
1
0
1
1
1
2
0
3
2
2
1
2
3
1
0
0
0
1
0
0
0
0
0
0
0
0
0
0
0
2
0
0
0
0
0
0
0
0
0
0
1
0
0
0
0
1
0
0
0
0
0
1
1
1
1
5
1
2
0
0
2
0
0
1
0
0
0
0
1
0
0
0
2
0
2
1
1
0
1
0
1
0
0
0
0
0
0
0
0
0
0
1
0
2
0
1
0
0
0
0
2
0
0
0
0
0
0
0
0
0
0
0
0
0
0
0
0
1
1
3
4
3
1
1
3
2
0
0
0
0
1
1
0
0
0
1
0
0
1
1
0
0
0
0
0
0
1
0
1
1
0
0
0
1
0
0
0
0
0
0
0
0
0
1
1
1
0
0
1
0
0
0
0
0
1
0
2
0
1
1
0
0
1
1
1
0
0
1
2
1
4
8
12
12
16
25
10
15
10
7
4
2
0
0
1
0
0
0
0
0
0
0
0
0
0
1
0
0
1
1
0
0
0
0
0
0
0
0
0
0
0
0
0
0
0
0
0
0
0
1
0
0
0
0
0
0
0
0
0
0
0
0
0
0
1
0
0
0
0
0
0
1
0
0
0
0
0
0
0
0
1
0
0
0
0
0
0
0
0
0
0
0
0
1
0
0
0
0
0
0
0
1
2
0
0
0
0
0
0
0
0
0
0
0
0
0
0
0
0
0
0
0
0
1
0
0
0
0
0
0
0
0
0
0
1
0
0
0
0
0
0
0
0
0
0
0
0
0
0
0
0
0
0
0
0
0
1
1
0
0
0
0
1
2
0
4
2
1
3
5
0
1
1
0
0
0
0
1
0
1
0
1
0
0
0
0
0
0
1
1
0
0
0
0
0
1
0
0
0
0
0
0
1
0
1
0
0
0
0
0
0
1
0
1
0
1
0
0
1
1
0
0
1
0
0
0
0
1
0
1
0
0
0
0
1
0
0
0
0
0
1
0
0
0
0
1
1
0
0
0
0
0
0
0
0
0
0
0
0
0
0
0
0
0
0
0
0
0
0
0
0
0
0
0
0
0
1
0
0
0
0
0
0
0
1
0
0
0
0
2
0
0
0
0
0
0
0
0
0
0
0
0
0
1
0
0
0
1
0
0
1
0
0
0
0
0
0
3
0
0
0
0
0
0
0
0
1
0
0
0
1
0
0
0
0
1
0
0
0
0
1
0
0
0
0
0
0
0
0
0
0
0
0
0
0
0
0
0
0
0
1
0
0
0
0
0
0
0
0
0
0
0
0
0
1
0
0
0
0
0
0
0
0
0
1
2
1
0
0
0
0
0
0
0
0
0
0
0
0
0
0
0
0
0
0
0
0
1
0
0
0
1
0
0
0
0
0
0
0
0
0
1
0
0
0
0
0
0
0
0
0
0
0
0
0
0
0
0
0
0
0
0
0
0
0
0
0
1
0
0
0
0
0
0
0
1
0
0
0
0
0
0
0
0
0
2
0
0
2
1
0
1
0
3
0
0
0
0
0
0
1
0
0
0
0
0
0
1
2
0
0
1
0
0
1
0
0
1
0
0
0
0
1
0
0
0
1
0
0
0
0
1
2
0
1
0
0
0
1
0
0
0
0
0
0
0
0
0
1
0
0
0
0
1
0
0
1
0
0
0
0
0
0
0
1
0
0
1
0
0
1
0
0
1
0
0
1
0
0
0
0
1
0
0
0
0
0
0
0
0
0
0
2
0
1
0
0
0
0
0
0
0
0
0
0
0
0
0
0
0
1
1
0
1
0
0
1
1
1
1
3
2
2
1
1
0
0
0
0
0
0
0
0
1
0
0
0
0
0
0
1
0
0
0
0
0
0
0
0
0
0
0
0
0
0
0
0
0
0
0
1
0
0
1
1
1
1
1
0
1
0
0
0
0
0
1
0
1
0
0
2
0
0
0
0
0
0
0
0
0
0
0
0
1
0
0
0
0
0
1
0
0
0
1
1
0
1
0
1
1
0
0
2
1
1
0
0
0
0
0
0
4
3
4
4
1
1
6
3
0
3
0
0
0
0
0
1
0
0
0
1
0
0
0
1
1
0
0
0
0
0
0
0
0
0
0
0
0
0
0
0
0
0
0
0
1
0
0
0
1
0
0
0
0
0
0
0
0
0
0
0
0
0
0
0
0
1
0
0
0
0
0
0
0
0
0
0
0
0
0
0
1
0
0
0
0
0
0
1
0
0
0
0
0
0
0
1
0
0
2
0
0
0
0
0
0
0
0
1
1
0
0
0
1
0
0
0
1
0
1
0
0
0
0
1
0
0
0
0
0
0
0
1
0
0
0
0
0
0
0
0
0
0
0
0
0
0
0
0
0
0
0
0
0
1
0
0
0
0
0
0
0
0
0
0
0
2
0
0
0
0
0
0
1
0
0
0
1
0
0
0
0
0
0
0
0
1
0
1
0
0
0
0
0
0
0
0
0
0
0
0
0
0
1
0
0
0
0
1
0
0
0
0
0
0
0
0
0
1
0
1
1
1
0
0
0
0
0
0
1
0
0
0
0
1
0
0
0
0
0
0
0
0
0
0
0
0
0
0
0
0
0
0
0
0
0
0
0
0
0
0
0
0
0
0
0
0
0
0
0
0
0
0
0
1
0
0
0
1
0
0
0
0
0
0
0
0
0
0
0
1
0
0
0
0
0
0
0
0
0
0
0
0
0
1
0
0
0
0
0
0
0
0
0
0
0
0
0
0
0
0
0
0
0
0
1
0
0
0
0
1
0
0
0
0
0
0
0
0
0
0
0
0
0
0
0
0
0
0
0
0
1
0
0
1
0
1
0
0
0
0
0
0
0
0
0
0
0
0
0
0
0
0
0
0
1
0
1
0
0
0
2
0
0
0
0
0
0
0
0
0
0
1
0
0
0
0
1
0
0
0
0
1
0
0
0
0
0
0
0
0
0
0
0
0
0
0
0
0
0
0
0
0
0
0
0
0
0
0
0
0
0
0
0
0
0
0
0
0
0
0
0
0
0
0
0
0
1
0
1
0
0
0
0
0
0
0
0
0
0
0
0
0
0
1
0
1
2
0
0
0
0
0
0
0
0
0
1
0
0
0
0
0
0
0
0
1
2
0
0
0
0
0
0
0
0
0
0
0
0
0
0
1
0
0
0
1
0
0
0
0
0
0
0
0
0
0
0
0
0
0
0
0
0
1
2
0
1
2
2
1
4
1
0
1
0
0
0
0
0
0
0
0
0
0
0
0
0
0
0
0
0
0
0
0
0
0
0
0
0
1
1
0
0
0
0
0
0
0
0
0
0
1
1
0
0
0
0
0
0
0
0
0
0
0
0
0
0
0
0
1
0
0
0
0
0
0
0
0
1
0
0
0
0
0
0
0
0
0
0
0
0
0
0
0
0
0
0
2
0
0
0
0
0
0
0
0
0
1
1
1
0
0
0
0
0
0
0
0
0
0
0
0
0
0
0
0
0
0
0
0
0
0
0
0
0
0
0
0
0
0
0
0
0
0
0
0
0
0
1
0
0
0
0
0
0
0
0
0
0
0
0
0
0
0
0
0
0
0
0
0
0
0
0
0
0
0
1
1
0
0
0
0
0
0
0
0
0
0
0
0
0
0
1
0
1
8
6
8
7
5
3
3
2
6
1
1
0
0
1
0
0
0
0
2
0
0
0
0
0
0
0
0
0
0
0
1
0
0
0
0
0
0
0
0
0
0
0
0
0
0
0
0
0
2
0
0
0
0
1
0
0
0
0
0
0
1
0
0
0
0
0
0
0
0
0
0
0
0
0
0
0
0
0
0
0
0
0
0
0
0
1
0
0
0
0
0
0
0
0
0
0
0
0
0
0
0
0
0
0
0
0
0
0
1
0
0
0
1
0
0
0
0
0
0
0
0
0
0
0
0
0
0
0
0
1
0
0
0
0
0
0
0
0
1
0
0
0
0
0
0
1
0
0
0
0
0
0
0
0
0
0
0
0
0
0
0
0
0
0
0
2
0
1
0
0
0
0
0
0
0
0
0
0
0
0
0
0
0
0
0
0
0
0
0
0
0
0
0
0
0
0
0
0
0
0
0
0
0
0
0
0
0
0
1
0
0
0
0
0
0
0
0
0
1
0
0
0
0
0
1
0
0
0
0
0
0
0
0
0
0
0
0
0
0
0
0
1
0
0
0
1
0
1
0
0
0
0
0
0
0
0
0
0
0
0
0
0
0
0
0
0
1
0
0
0
0
0
0
0
0
0
0
0
0
0
0
0
0
0
0
0
0
0
0
0
0
0
1
0
0
1
0
0
0
0
0
0
0
0
0
0
0
0
0
0
0
0
0
1
1
2
1
1
1
0
1
1
0
1
1
0
1
0
0
1
0
0
0
0
1
0
0
0
0
0
0
0
0
0
0
0
1
0
0
0
1
0
0
0
0
1
0
0
0
0
0
0
1
0
0
0
0
0
0
0
0
0
0
0
0
0
0
0
0
0
0
0
0
0
0
0
0
0
0
0
0
0
0
0
0
0
0
0
1
0
0
0
0
1
0
1
0
0
0
0
0
0
1
0
0
0
0
0
0
0
0
0
0
0
0
1
0
1
0
0
0
0
0
0
0
0
0
0
0
1
0
2
0
1
1
0
0
0
0
0
0
0
1
0
0
0
1
0
0
0
0
2
0
2
1
2
3
0
1
1
1
1
0
0
0
0
0
0
0
0
0
0
0
0
0
0
0
0
1
0
0
0
0
0
0
0
0
0
0
0
0
0
0
0
0
0
0
0
0
0
0
0
0
0
0
0
0
0
0
0
0
0
0
0
0
0
0
0
0
0
0
0
2
0
0
0
0
0
0
0
0
0
0
0
0
0
0
0
0
1
0
0
0
0
1
0
0
0
0
0
0
0
0
0
0
0
1
0
0
0
0
0
0
0
0
0
0
0
0
0
0
0
0
0
0
0
0
0
0
0
0
0
0
0
0
0
0
0
0
0
0
1
0
0
0
0
0
0
0
0
0
0
0
0
0
0
0
0
0
0
0
0
0
0
0
0
0
0
0
0
0
0
1
0
0
0
0
0
0
0
0
0
0
0
0
0
0
0
0
0
0
0
1
0
0
0
0
0
0
0
0
0
0
0
0
0
0
0
0
0
0
0
0
0
1
0
0
0
0
0
0
0
0
0
0
0
0
0
0
0
0
0
0
0
0
0
0
0
0
0
0
0
0
0
0
0
0
0
0
0
0
0
0
0
0
0
0
0
0
0
0
0
0
0
1
0
0
0
0
0
0
0
0
0
0
0
0
0
0
0
0
0
0
0
0
0
0
0
0
0
0
0
0
0
0
0
0
0
0
0
0
0
0
0
0
0
0
0
0
0
0
0
0
0
0
0
0
0
0
0
1
0
0
0
0
0
1
0
0
1
0
0
0
0
0
0
0
0
0
0
0
1
0
0
0
0
0
0
0
0
1
0
0
0
0
0
0
1
0
0
0
0
0
0
0
0
0
0
0
0
0
0
0
0
0
0
0
0
0
0
0
1
0
0
0
0
0
1
1
0
0
0
1
0
0
0
0
0
0
0
0
0
0
1
0
1
0
0
1
0
0
0
0
0
0
0
0
0
1
0
0
0
0
0
0
0
0
0
0
0
0
0
0
0
0
0
0
0
0
0
0
0
0
0
1
0
0
0
0
0
1
0
0
0
0
0
0
0
0
0
0
0
0
0
0
0
0
0
0
0
0
0
0
0
0
0
0
0
0
0
0
0
0
0
0
0
0
0
0
0
0
0
0
0
0
0
0
0
0
0
0
1
0
0
0
1
1
0
1
2
1
0
0
0
0
0
0
0
0
0
0
0
1
0
0
0
0
0
0
0
0
0
0
0
0
0
0
0
0
0
0
0
0
0
0
1
0
0
0
0
0
0
0
0
0
0
0
0
0
0
0
0
0
0
0
0
0
0
0
0
0
0
0
0
1
0
0
0
0
0
1
0
0
0
0
0
0
0
0
0
0
0
0
0
0
0
0
0
0
0
0
0
0
0
0
0
0
0
0
0
0
0
0
0
0
0
0
0
0
0
0
0
0
0
0
0
0
0
0
0
0
0
0
0
0
0
0
0
0
0
0
0
0
0
0
0
1
0
0
0
0
0
0
0
0
0
0
0
0
0
0
0
0
0
0
0
0
0
0
0
0
0
0
0
0
0
0
0
0
0
0
0
0
0
0
0
0
0
0
0
0
0
1
0
0
0
0
0
1
0
0
0
0
0
0
0
0
0
0
0
0
0
0
1
1
2
4
1
2
6
3
0
2
1
0
0
0
2
0
0
0
0
0
0
0
0
0
0
0
0
0
0
0
0
0
0
1
0
0
1
0
0
0
0
0
0
0
0
0
0
0
0
0
0
0
0
0
0
0
0
0
0
0
0
0
0
0
0
0
0
0
0
0
0
0
0
0
0
0
0
0
0
0
0
0
0
0
0
0
0
0
0
0
0
0
0
0
0
0
0
0
0
0
0
0
0
0
0
0
0
0
0
0
0
0
0
0
0
0
1
0
0
0
0
0
0
0
0
0
0
0
0
0
0
0
0
0
0
0
0
0
0
0
0
0
0
0
0
0
0
0
0
0
0
1
0
0
0
0
0
0
0
0
0
0
0
0
0
0
0
0
0
0
1
0
0
0
0
0
0
0
0
0
0
0
0
0
0
0
0
0
0
0
0
0
0
0
0
0
0
0
0
0
0
0
0
0
0
0
0
0
0
0
0
1
0
0
0
0
0
0
0
0
0
0
0
0
1
0
0
0
0
0
0
0
0
0
0
0
0
0
0
0
0
0
0
0
0
0
0
0
0
0
0
0
1
0
0
0
0
0
1
0
0
0
0
0
0
0
0
0
0
0
0
0
0
0
0
0
0
0
0
0
0
0
0
0
0
0
0
0
0
0
0
0
0
0
1
0
0
0
1
0
0
0
0
0
0
0
0
0
0
0
0
0
0
1
0
0
0
0
0
0
0
0
0
0
0
0
0
0
0
0
0
0
0
0
0
0
0
0
0
0
0
0
0
0
0
0
0
0
0
0
0
0
1
1
0
0
0
0
0
0
0
0
0
0
0
0
0
0
0
0
2
0
0
0
0
0
0
0
0
0
0
0
0
0
0
0
0
0
0
0
0
0
0
0
0
0
0
0
0
0
0
0
0
0
0
0
0
0
0
0
0
0
0
0
0
0
0
0
1
0
0
0
0
0
0
0
0
0
0
0
0
0
1
0
0
0
0
0
0
0
0
0
0
0
0
0
0
0
0
0
0
0
0
0
0
0
0
0
0
0
0
0
0
0
0
0
0
0
0
0
0
0
0
1
0
0
0
0
0
0
0
0
0
0
0
0
0
0
0
0
0
0
0
0
0
0
0
0
1
0
0
0
0
0
1
0
0
1
0
0
0
0
0
0
0
0
0
1
0
0
0
0
0
1
0
0
0
0
0
0
0
0
0
0
0
0
0
0
0
0
0
0
0
0
0
0
0
0
1
0
0
0
0
0
0
0
0
1
0
0
0
0
0
0
0
0
0
0
0
0
0
0
0
0
0
1
0
0
0
0
0
0
0
0
0
0
0
0
0
0
0
0
1
0
0
0
0
0
0
0
1
0
0
0
0
0
0
0
0
0
0
0
0
1
0
1
0
0
0
0
0
0
0
0
0
0
0
0
0
0
0
0
0
0
0
0
0
0
0
0
0
0
0
0
0
1
0
0
0
0
0
0
0
0
0
0
0
0
0
0
0
0
0
0
0
0
0
0
0
0
0
0
0
0
0
0
0
0
0
1
0
0
0
0
0
0
0
0
0
0
0
0
0
0
0
0
0
0
0
0
0
0
0
0
0
0
0
0
0
0
0
0
0
0
0
0
0
0
0
0
0
0
0
0
0
0
0
0
0
0
0
0
0
0
0
0
0
0
0
0
0
0
0
0
0
0
0
0
0
0
0
0
1
0
0
0
0
1
0
0
0
0
0
0
0
0
1
0
0
0
0
0
0
0
0
0
0
0
0
0
0
0
1
0
0
0
0
0
0
1
0
0
0
0
0
0
0
0
0
0
0
0
0
0
0
0
1
0
0
0
0
0
0
0
0
0
0
0
0
0
0
0
1
0
0
0
0
0
1
0
0
1
0
0
0
0
1
0
0
0
0
0
0
0
0
0
0
0
0
0
0
0
0
0
0
0
0
0
0
0
1
0
0
0
0
0
0
0
0
0
0
0
0
0
0
0
0
0
0
0
0
0
0
0
0
0
0
0
0
0
0
0
0
0
0
0
0
0
0
1
0
0
0
0
0
0
1
0
0
0
0
0
0
0
0
0
0
0
1
0
0
0
0
1
0
0
0
0
1
0
0
0
0
0
0
0
0
0
0
0
0
0
0
0
0
0
0
0
0
0
0
0
0
0
0
0
0
0
0
0
0
0
0
0
0
0
0
0
1
0
0
0
0
1
0
0
0
1
0
0
0
0
0
0
0
0
0
0
0
0
0
0
0
0
0
1
0
0
0
0
0
0
0
0
0
0
0
0
0
0
0
0
0
0
0
0
1
0
0
0
0
0
0
0
0
0
0
0
0
0
0
1
0
0
0
0
0
0
0
0
0
0
0
0
0
0
0
0
0
0
0
0
0
0
0
0
0
0
0
0
0
0
0
0
0
1
0
0
0
0
0
0
0
0
1
0
0
0
0
0
0
0
0
0
0
0
0
0
0
0
0
0
0
0
0
0
0
0
0
0
0
0
0
0
0
0
0
1
0
0
1
0
0
0
0
0
0
0
0
0
0
0
0
0
0
0
0
1
0
0
0
0
0
0
0
0
0
0
0
0
0
0
0
0
0
1
0
0
0
0
0
0
0
0
1
0
0
0
0
0
0
0
0
0
0
0
0
0
0
0
0
0
0
0
0
0
0
0
0
0
0
0
0
0
0
0
0
0
0
0
0
0
0
0
0
0
0
0
1
0
0
0
0
0
0
0
0
0
0
1
0
0
0
0
0
0
0
1
0
0
0
0
0
0
1
0
0
0
0
0
0
0
0
0
0
1
0
0
0
0
0
0
0
0
0
0
0
0
0
0
1
0
0
1
0
0
0
0
0
0
0
0
0
0
0
0
0
0
0
0
1
0
0
0
0
0
0
0
0
0
0
0
0
0
0
0
0
0
2
1
0
0
0
0
0
0
0
0
0
0
0
0
0
0
0
0
0
0
0
0
0
0
0
0
0
1
0
0
0
0
0
0
0
0
0
0
0
1
0
0
0
0
1
0
0
0
0
0
0
0
0
0
0
0
0
1
0
0
0
0
0
1
0
1
0
0
0
0
0
0
0
0
0
1
0
1
1
0
0
0
0
0
0
0
0
0
0
0
0
0
0
0
0
1
0
0
0
1
0
0
1
0
0
0
1
0
1
0
0
0
0
0
0
1
1
0
0
0
0
0
0
0
0
0
0
0
0
0
0
0
0
0
0
0
1
0
0
0
0
0
0
0
0
0
0
0
0
0
0
0
0
0
0
0
0
1
0
0
0
0
0
0
0
0
0
0
0
0
1
0
0
0
0
0
0
0
0
0
0
0
0
0
0
0
0
0
0
0
0
0
0
0
0
0
0
0
0
0
1
0
0
0
1
0
0
0
0
1
0
0
0
0
0
1
0
0
1
0
0
0
0
0
0
0
0
0
0
0
0
1
0
0
0
0
0
0
1
0
1
0
0
0
0
0
0
0
0
0
1
0
0
0
0
0
0
0
0
0
0
0
0
0
0
0
0
1
0
0
0
0
0
0
0
0
0
0
0
0
0
0
0
0
0
0
0
1
0
0
0
1
0
0
0
0
0
1
0
0
0
0
0
0
0
0
0
0
0
0
1
0
0
0
0
0
0
0
1
0
0
0
0
0
0
0
0
0
0
0
0
0
0
0
0
0
0
0
0
0
0
0
0
0
0
0
0
0
1
1
6
1
3
3
7
2
5
3
2
3
1
3
3
0
1
0
1
0
0
0
0
0
1
1
0
0
0
0
0
0
0
0
0
0
0
1
0
0
0
0
0
0
0
0
0
0
1
1
0
0
0
1
0
0
0
0
0
0
0
3
0
0
0
0
0
0
0
1
1
0
0
0
0
0
0
0
1
0
1
0
0
0
0
0
0
1
0
0
0
0
0
0
0
0
1
0
0
0
0
0
0
0
0
0
1
0
0
1
0
0
0
0
0
0
1
0
0
0
0
0
0
0
0
1
0
1
0
0
0
1
0
0
0
0
0
1
0
0
0
0
0
0
0
0
0
0
0
0
0
0
0
0
0
0
1
1
0
0
0
0
0
0
0
0
0
0
0
0
0
0
0
1
0
0
1
0
0
0
0
0
1
0
0
1
0
0
0
1
0
0
0
0
2
0
0
0
0
0
0
0
0
0
0
0
0
0
0
0
0
0
0
0
0
0
0
0
0
0
0
0
0
0
1
0
0
1
0
0
0
0
0
1
1
0
0
0
1
0
0
0
1
1
2
0
0
0
0
0
0
0
1
0
0
1
0
0
0
0
0
0
2
0
0
0
0
0
1
0
0
0
0
0
0
0
0
0
1
0
0
0
0
1
0
0
0
0
0
0
0
0
1
0
0
0
0
0
0
0
0
0
0
0
0
0
0
0
0
0
1
0
0
0
0
0
0
0
0
0
0
0
0
0
0
1
0
0
0
0
0
0
0
0
0
0
0
0
0
0
0
0
0
0
0
0
0
1
0
0
1
0
0
0
1
0
0
2
1
0
0
0
0
0
0
0
1
0
0
1
0
0
1
0
0
0
0
0
1
0
0
0
0
0
0
1
0
0
0
0
1
0
1
0
0
0
0
0
0
0
0
0
0
0
1
1
0
0
0
0
0
0
0
0
1
1
0
0
0
0
0
0
0
0
0
0
0
0
0
0
0
1
0
0
1
0
0
0
1
0
0
0
0
0
1
1
0
0
0
0
0
0
0
0
0
0
0
0
0
0
0
0
0
1
0
0
0
0
0
0
0
0
0
1
0
0
0
0
1
0
0
0
0
0
0
0
0
0
0
0
0
0
0
0
0
0
0
0
1
1
0
0
1
0
0
0
0
0
0
0
0
0
0
1
0
1
1
1
0
0
0
1
0
0
0
0
0
0
0
0
0
0
0
0
0
0
1
0
0
0
0
0
0
0
0
0
0
0
0
0
0
0
0
0
0
0
1
0
0
0
0
0
0
0
0
0
0
0
0
0
0
0
0
0
0
0
0
0
0
0
0
0
0
0
0
0
0
0
0
0
0
0
0
0
0
0
0
0
0
0
0
0
0
0
1
0
1
0
0
0
0
0
0
0
0
0
0
0
0
0
0
0
0
0
0
0
0
0
0
0
0
0
0
0
0
0
0
0
0
0
0
0
0
0
0
0
0
0
0
0
0
0
0
0
0
0
0
0
1
0
0
0
0
0
0
0
0
0
0
1
0
1
0
0
0
2
0
0
0
0
1
0
0
0
0
0
0
0
0
0
0
0
0
0
1
0
1
0
0
0
0
0
0
0
0
0
0
0
0
1
0
0
0
0
0
0
1
3
10
7
9
13
13
10
5
12
4
4
0
0
0
0
0
0
0
0
0
0
0
0
0
0
0
0
0
0
0
0
0
0
0
0
0
0
0
0
0
0
0
0
0
0
0
0
0
0
0
0
0
0
0
0
0
0
0
0
0
0
0
0
0
0
0
0
0
0
0
0
0
0
0
0
0
0
0
0
0
0
0
0
0
0
0
0
0
0
0
0
0
0
0
0
0
0
0
0
0
0
0
0
0
0
0
0
0
0
0
0
0
0
0
0
0
0
0
0
0
0
0
0
0
0
0
0
0
0
0
0
0
0
0
0
0
0
0
0
0
0
0
0
0
0
0
0
0
0
0
0
0
0
0
0
0
0
0
0
0
0
0
0
0
0
0
0
0
0
0
0
0
0
0
0
0
0
0
0
0
0
0
0
0
0
0
0
0
0
0
0
0
0
0
0
0
0
0
0
0
0
0
0
0
0
0
0
0
0
0
0
0
0
0
0
0
0
0
0
0
0
0
0
0
0
0
0
0
0
0
0
0
0
0
0
0
0
0
0
0
0
0
0
0
0
0
0
0
0
0
0
0
0
0
0
0
0
0
0
0
0
0
0
0
0
0
0
0
0
0
0
0
0
0
0
0
0
0
0
0
0
0
0
0
0
0
0
0
0
0
0
0
0
0
0
0
0
0
0
0
0
0
0
0
0
0
0
0
0
0
0
0
0
0
0
0
0
0
0
0
0
0
0
0
0
0
0
0
0
0
0
0
0
0
0
0
0
0
0
0
0
0
0
0
0
0
0
0
0
0
0
0
0
0
0
0
0
0
0
0
0
0
0
0
0
0
0
0
0
0
0
0
0
0
0
0
0
0
0
0
0
0
0
0
0
0
0
0
0
0
0
0
0
0
0
0
0
0
0
0
0
0
0
0
0
0
0
0
0
0
0
0
0
0
0
0
0
0
0
0
0
0
0
0
0
0
0
0
0
0
0
0
0
0
0
0
0
0
0
0
0
0
0
0
0
0
0
0
0
0
0
0
0
0
0
0
0
0
0
0
0
0
0
0
0
0
0
0
0
0
0
0
0
0
0
0
0
0
0
0
0
0
0
0
0
0
0
0
0
0
0
0
0
0
0
0
0
0
0
0
0
0
0
0
0
0
0
0
0
0
0
0
0
0
0
0
0
0
0
0
0
0
0
0
0
0
0
0
0
0
0
0
0
0
0
0
0
0
0
0
0
0
0
0
0
0
0
0
0
0
0
0
0
0
0
0
0
0
0
0
0
0
0
0
0
0
0
0
0
0
0
0
0
0
0
0
0
0
0
0
0
0
0
0
0
0
0
0
0
0
0
0
0
0
0
0
0
0
0
0
0
0
0
0
0
0
0
0
0
0
0
0
0
0
0
0
0
0
0
0
0
0
0
0
0
0
0
0
0
0
0
0
0
0
0
0
0
0
0
0
0
0
0
0
0
0
0
0
0
0
0
0
0
0
0
0
0
0
0
0
0
0
0
0
0
0
0
0
0
0
0
0
0
0
0
0
0
0
0
0
0
0
0
0
0
0
0
0
0
0
0
0
0
0
0
0
0
0
0
0
0
0
0
0
0
0
0
0
0
0
0
0
0
0
0
0
0
0
0
0
0
0
0
0
0
0
0
0
0
0
0
0
0
0
0
0
0
0
0
0
0
0
0
0
0
0
0
0
0
0
0
0
0
0
0
0
0
0
0
0
0
0
0
0
0
0
0
0
0
0
0
0
0
0
0
0
0
0
0
0
0
0
0
0
0
0
0
0
0
0
0
0
0
0
0
0
0
0
0
0
0
0
0
0
0
0
0
0
0
0
0
0
0
0
0
0
0
0
0
0
0
0
0
0
0
0
0
0
0
0
0
0
0
0
0
0
0
0
0
0
0
0
0
0
0
0
0
0
0
0
0
0
0
0
0
0
0
0
0
0
0
0
0
0
0
0
0
0
0
0
0
0
0
0
0
0
0
0
0
0
0
0
0
0
0
0
0
0
0
0
0
0
0
0
0
0
0
0
0
0
0
0
0
0
0
0
0
0
0
0
0
0
0
0
0
0
0
0
0
0
0
0
0
0
0
0
0
0
0
0
0
0
0
0
0
0
0
0
0
0
0
0
0
0
0
0
0
0
0
0
0
0
0
0
0
0
0
0
0
0
0
0
0
0
0
0
0
0
0
0
0
0
0
0
0
0
0
0
0
0
0
0
0
0
0
0
0
0
0
0
0
0
0
0
0
0
0
0
0
0
0
0
0
0
0
0
0
0
0
0
0
0
0
0
0
0
0
0
0
0
0
0
0
0
0
0
0
0
0
0
0
0
0
0
0
0
0
0
0
0
0
0
0
0
0
0
0
0
0
0
0
0
0
0
0
0
0
0
0
0
0
0
0
0
0
0
0
0
0
0
0
0
0
0
0
0
0
0
0
0
0
0
0
0
0
0
0
0
0
0
0
0
0
0
0
0
0
0
0
0
0
0
0
0
0
0
0
0
0
0
0
0
0
0
0
0
0
0
0
0
0
0
0
0
0
0
0
0
0
0
0
0
0
0
0
0
0
0
0
0
0
0
0
0
0
0
0
0
0
0
0
0
0
0
0
0
0
0
0
0
0
0
0
0
0
0
0
0
0
0
0
0
0
0
0
0
0
0
0
0
0
0
0
0
0
0
0
0
0
0
0
0
0
0
0
0
0
0
0
0
0
0
0
0
0
0
0
0
0
0
0
0
0
0
0
0
0
0
0
0
0
0
0
0
0
0
0
$ENER_FIT:
-1.4120 0.714444 0.000000e+000
$MCA_CAL:
3
-1.4120 0.714444 0.000000e+000
$ENDRECORD:
