$SPEC_ID:
Sample title.

$MEAS_TIM:
323.23000 405.07000
$DATE_MEA:
02/16/2017 11:29:26 AM
$DATA:
0 16383
0
0
0
0
0
0
0
0
0
0
0
0
0
0
0
0
0
0
0
0
1
1
1
0
0
0
1
2
0
1
0
0
0
0
0
2
0
0
2
0
0
2
0
0
1
0
0
0
2
0
30
37
27
31
52
60
78
87
82
107
121
134
162
210
179
197
231
271
267
299
374
386
384
407
417
445
502
557
572
562
571
637
613
621
640
678
669
663
698
787
724
719
730
738
749
764
740
776
812
783
772
749
866
844
927
956
1140
1339
1237
1314
1391
1192
969
905
920
781
741
727
748
717
843
840
865
944
1020
987
940
893
851
791
762
720
718
735
727
747
706
768
709
702
753
706
685
684
726
734
728
766
744
729
745
757
806
747
805
742
759
740
769
751
729
732
747
667
734
683
717
732
723
749
699
692
762
639
699
772
744
716
700
758
733
739
718
706
729
706
716
691
725
726
697
669
692
757
708
686
735
721
739
671
653
668
660
630
653
623
697
641
682
681
710
630
650
653
636
591
617
620
605
632
628
631
596
627
546
629
586
604
537
580
639
540
586
643
688
896
824
759
559
511
539
501
530
484
530
465
503
540
487
481
478
482
525
420
498
516
739
776
605
462
472
432
446
429
475
446
437
418
399
445
432
449
370
392
369
387
406
401
429
463
446
479
400
367
356
338
334
383
379
394
370
351
354
328
373
343
329
331
356
369
335
355
333
375
350
378
362
359
350
338
308
311
326
321
306
340
346
372
371
334
361
369
387
408
466
462
463
458
471
450
433
468
428
431
405
449
463
447
448
454
449
427
429
418
426
389
438
389
430
397
418
383
396
398
357
377
369
368
391
368
337
355
375
354
340
323
323
315
345
335
319
356
345
340
307
308
345
316
312
334
320
297
308
323
274
311
285
316
310
334
302
301
290
312
258
266
316
298
309
303
300
288
300
275
294
261
295
302
260
262
237
279
273
251
270
259
263
259
263
268
236
259
273
239
234
244
233
248
252
238
252
223
218
256
223
227
217
232
231
225
246
252
256
191
220
236
235
217
205
235
213
229
226
242
215
242
241
225
232
234
238
215
208
236
199
210
226
243
256
291
292
232
240
207
229
202
230
218
202
203
216
224
231
184
213
204
211
208
199
209
209
199
195
172
184
193
195
209
202
210
200
184
187
189
205
198
193
166
183
194
180
179
203
185
185
196
158
169
199
178
182
161
191
201
183
188
184
198
178
179
207
173
169
182
184
187
187
183
175
192
175
209
194
179
173
175
179
160
201
175
176
196
205
172
175
160
194
194
189
193
188
179
182
179
206
187
191
162
201
171
185
185
205
163
148
181
197
161
155
176
189
169
176
180
177
151
176
144
176
160
162
166
175
155
166
154
174
173
160
172
183
162
165
171
186
159
155
180
159
177
169
190
140
149
164
184
196
226
181
173
158
163
150
171
175
168
164
164
168
169
146
144
164
163
171
165
189
156
159
173
180
136
166
157
156
161
147
175
155
156
168
172
168
154
192
171
154
180
172
169
154
151
168
156
152
182
186
193
194
196
209
205
194
183
202
190
184
179
186
171
168
151
165
145
159
171
156
171
157
160
161
141
156
161
156
162
148
136
166
151
164
152
158
130
160
169
165
177
179
154
175
179
161
242
369
599
929
1046
1010
658
384
276
200
189
192
191
196
156
149
133
151
141
153
144
136
159
150
182
169
143
127
149
136
166
160
140
152
153
159
156
147
180
130
156
171
173
145
152
149
137
140
148
149
157
153
160
135
156
152
135
136
152
158
142
155
134
146
152
122
154
203
222
206
140
155
163
144
153
117
147
148
158
162
164
152
147
159
150
137
122
148
165
153
155
131
155
152
142
150
159
149
144
158
161
159
171
266
597
1144
1336
873
374
174
172
159
125
147
149
131
138
144
135
141
147
155
155
145
156
149
139
144
143
164
139
165
137
150
157
128
163
147
162
160
150
167
143
142
146
147
154
147
135
146
145
157
144
144
147
154
133
120
137
163
155
155
139
148
136
139
134
174
139
161
139
128
143
152
151
136
133
136
149
140
148
164
167
135
146
145
130
152
138
166
130
122
157
146
131
151
122
139
158
137
151
165
133
150
155
321
566
755
614
347
180
137
145
165
248
218
208
185
278
482
593
483
258
154
138
128
130
162
119
129
140
111
152
145
131
155
127
144
136
120
120
138
143
155
124
127
140
112
130
139
137
142
135
127
146
117
134
126
118
165
162
147
150
137
168
134
142
139
165
151
117
127
125
112
166
133
124
147
146
153
142
139
150
152
170
165
151
149
120
115
150
136
133
136
147
140
133
140
132
137
154
133
154
162
149
129
137
136
148
127
156
142
131
138
171
148
132
139
128
125
133
129
123
164
128
137
136
138
149
136
123
133
160
149
122
149
157
161
142
142
144
148
134
141
136
164
134
128
134
149
144
145
155
145
144
136
157
136
150
132
128
137
141
138
146
152
172
143
149
134
134
132
130
130
152
125
147
133
146
136
148
171
131
156
146
120
160
154
134
129
139
152
154
144
151
114
146
139
152
156
144
144
173
144
143
133
138
136
120
163
148
152
143
135
138
128
151
142
165
164
152
153
144
138
145
151
159
131
160
162
147
152
142
122
158
146
153
159
138
137
212
194
176
152
133
117
147
167
141
161
152
133
131
153
149
134
129
157
129
155
133
162
147
149
238
356
475
356
238
146
158
148
131
176
155
170
139
165
159
155
152
154
153
159
127
145
138
162
166
138
141
140
141
125
127
151
137
137
124
156
132
151
135
153
165
110
137
161
157
137
141
157
145
150
148
130
140
148
155
167
138
147
164
131
136
154
159
139
174
159
136
153
147
157
129
152
142
138
117
137
153
123
157
155
159
160
165
153
137
145
154
132
124
163
141
150
160
173
170
133
157
146
148
149
155
140
140
124
152
152
145
158
148
152
134
160
128
150
144
127
147
173
170
143
138
162
121
163
158
147
139
155
131
144
170
159
144
158
148
120
146
137
148
177
159
170
149
150
163
194
199
176
160
168
192
147
145
139
175
140
153
138
170
162
162
123
128
157
147
141
141
162
161
164
156
161
190
144
164
150
150
126
174
161
141
151
169
141
169
164
148
156
155
152
148
144
170
192
199
198
176
191
142
192
326
406
404
304
206
156
155
159
163
158
152
159
160
170
136
151
148
140
163
163
165
161
129
182
142
155
163
148
149
173
168
145
149
158
172
166
148
154
160
169
168
157
171
180
170
157
168
150
151
153
159
157
161
171
190
199
205
208
161
175
147
170
159
138
173
185
189
161
146
183
170
156
190
167
176
141
181
163
172
158
159
169
192
175
174
191
160
169
196
203
181
170
162
170
170
151
157
177
183
170
160
191
253
312
335
335
262
196
146
158
161
147
183
178
175
180
158
145
157
157
162
171
197
171
180
162
150
178
163
180
160
180
163
147
165
175
170
157
161
186
136
177
170
192
150
173
155
174
139
161
143
151
170
164
175
183
203
159
184
176
168
151
141
178
162
192
152
165
180
180
178
159
174
169
198
183
195
188
174
183
144
187
157
162
180
177
186
179
198
166
165
182
176
163
191
157
181
186
159
158
177
169
166
171
174
140
212
149
188
188
174
158
190
182
169
187
174
188
160
172
151
187
199
198
196
201
169
197
175
175
198
248
233
228
201
195
186
193
170
215
183
194
201
196
196
181
167
182
180
168
199
192
174
180
186
212
158
212
168
196
186
172
188
188
184
200
182
185
198
175
183
202
174
187
169
207
196
229
199
197
168
213
195
203
230
225
245
252
198
186
205
177
159
172
196
180
177
194
193
169
190
194
172
226
358
522
653
560
369
273
216
212
205
201
197
189
197
196
202
193
206
226
186
213
199
202
179
206
192
176
204
208
208
225
203
200
184
217
209
205
205
213
196
202
211
186
212
187
205
208
204
204
193
206
208
230
198
227
229
210
186
214
204
209
220
213
191
216
206
205
227
196
210
224
207
215
208
240
203
183
210
214
223
198
206
223
218
262
293
641
968
1044
805
470
282
244
240
204
216
211
213
203
229
224
241
198
248
222
223
218
211
219
212
191
236
209
202
191
208
241
225
219
203
236
219
224
205
210
244
202
206
238
229
199
241
255
234
253
205
224
208
234
271
206
229
231
244
214
197
228
225
206
219
197
233
259
320
417
338
232
223
226
221
241
214
192
237
206
240
210
233
268
255
261
228
221
249
233
228
207
220
253
220
211
230
233
223
225
205
233
241
228
218
233
247
256
201
246
223
237
251
229
252
212
240
224
240
252
212
225
239
212
219
233
243
260
224
228
233
232
208
236
236
230
241
240
238
246
222
233
236
250
222
250
215
234
234
250
246
247
243
257
241
269
277
262
248
274
240
241
236
261
235
257
246
244
249
281
232
266
245
246
244
271
295
285
334
435
417
329
294
286
252
291
287
260
253
272
238
281
258
255
270
296
267
276
236
274
267
247
276
270
250
265
256
289
224
255
242
263
245
267
254
243
271
272
255
236
247
255
263
287
281
298
283
265
268
251
276
240
239
243
256
249
290
246
243
286
240
265
244
265
262
263
241
270
276
252
266
268
292
286
282
267
272
290
265
289
254
251
264
308
269
295
273
272
283
288
290
292
272
261
262
262
282
266
271
312
279
281
293
312
270
277
268
279
270
276
290
305
276
279
286
291
262
331
289
301
295
315
268
312
291
270
279
298
307
269
279
298
289
299
307
285
285
313
268
295
293
290
284
303
278
271
281
302
280
300
307
311
309
308
296
306
287
293
305
295
290
291
290
317
287
292
290
259
326
303
330
324
291
271
297
300
274
300
286
307
297
298
320
316
311
312
286
319
284
315
296
303
359
297
290
318
288
289
309
330
311
303
309
325
299
329
307
336
311
309
334
296
321
326
306
322
388
339
364
325
330
327
308
318
335
316
300
309
330
324
369
323
280
348
282
306
319
331
308
322
321
312
323
322
323
325
323
345
343
359
352
307
340
322
331
312
343
305
367
309
310
324
325
309
324
309
362
306
310
366
337
300
310
295
339
339
338
311
362
352
345
345
353
336
338
330
344
302
341
338
342
366
348
354
352
361
348
361
357
347
379
332
319
340
332
350
348
356
358
360
375
357
366
335
356
370
379
346
348
410
342
375
356
388
350
352
353
335
347
354
297
355
375
353
328
374
381
393
349
335
489
713
1257
1778
1738
1201
686
424
375
387
351
372
382
379
366
357
379
369
360
367
367
369
359
338
371
392
340
362
375
358
341
397
383
366
388
360
396
380
379
356
360
363
376
377
399
394
367
356
386
363
362
369
400
349
384
371
378
372
374
352
397
369
379
369
395
425
429
405
389
398
371
401
388
408
394
369
393
358
376
383
399
407
380
371
377
379
351
430
377
404
352
379
393
406
376
377
392
372
400
400
401
397
393
395
409
388
403
446
474
620
803
1496
2224
2842
2858
2392
1568
1006
591
463
426
449
460
450
418
424
423
451
414
429
425
392
423
445
429
422
402
439
421
431
400
426
398
461
436
429
466
396
432
405
385
464
418
457
423
433
437
459
423
411
468
454
454
439
439
443
428
397
418
425
413
446
430
443
413
459
442
408
430
422
456
442
470
441
424
446
446
440
430
448
445
467
431
449
451
408
394
433
453
447
503
472
416
459
471
453
470
481
420
433
435
427
462
399
453
459
461
431
405
503
494
439
442
445
479
492
474
451
485
472
453
424
478
458
464
488
417
466
488
446
428
453
466
447
437
466
439
443
438
424
500
424
410
496
463
457
466
453
442
532
441
508
461
445
468
481
487
476
454
459
444
488
495
499
482
463
488
461
459
480
502
459
456
464
483
486
486
497
458
488
454
474
453
487
498
498
552
518
562
538
497
472
507
497
515
482
477
503
471
514
500
526
499
500
471
467
471
455
499
488
511
463
523
474
481
502
520
494
477
461
470
505
518
513
464
498
482
509
496
521
478
506
441
496
481
474
504
505
529
463
474
490
506
602
564
633
663
583
524
547
510
518
496
492
504
482
521
487
530
445
487
503
517
523
532
523
476
483
497
511
522
488
521
525
480
500
507
499
488
499
494
523
539
559
537
538
479
513
514
460
530
510
530
540
473
478
531
518
510
543
505
537
514
502
494
512
523
539
513
495
513
511
536
515
512
569
525
550
524
531
519
536
540
529
557
558
517
546
514
527
549
550
549
502
530
575
559
578
550
560
545
552
566
570
583
579
586
620
580
615
561
639
613
622
583
641
661
671
636
663
668
742
690
715
773
741
808
756
834
845
861
832
859
931
877
993
950
1103
1069
987
1010
1057
1105
1078
1208
1247
1241
1254
1333
1239
1292
1306
1284
1308
1270
1290
1279
1178
1107
1030
1052
943
908
940
898
858
868
836
778
768
746
687
722
689
680
658
688
703
638
723
682
662
645
666
625
626
613
615
607
601
607
617
625
592
573
642
584
600
628
577
530
590
555
597
543
588
514
563
563
546
517
570
531
556
560
559
526
499
521
502
531
511
548
532
505
503
456
471
505
536
499
498
484
481
481
553
544
511
505
543
499
528
491
481
527
494
462
453
483
508
500
477
489
488
484
453
465
522
431
463
514
467
515
465
490
460
486
483
459
495
436
504
513
473
473
521
481
472
468
472
481
475
501
469
464
496
517
457
474
507
461
493
448
435
479
448
514
499
492
448
450
457
464
513
446
453
419
469
468
465
439
464
450
515
461
493
433
465
466
468
430
487
490
450
445
448
474
466
433
423
432
440
407
408
441
483
424
417
439
405
399
448
425
377
397
423
383
423
397
387
387
404
431
372
405
394
379
389
384
399
355
368
379
394
366
375
390
407
384
365
355
386
385
380
388
350
382
337
387
370
341
344
364
334
342
383
365
329
348
335
312
383
371
332
382
391
369
347
349
352
358
375
358
333
333
334
370
333
359
327
343
351
373
311
367
336
352
405
374
368
324
340
330
310
349
313
313
360
357
333
319
345
325
367
360
324
310
348
357
351
345
337
331
338
318
335
336
299
295
266
341
345
312
320
309
324
318
326
306
312
330
307
312
366
375
400
394
381
389
421
392
435
471
674
1918
8437
31880
86735
160381
198653
165013
91565
34274
8591
1404
201
62
54
37
37
39
23
32
27
35
32
26
27
16
21
16
17
8
19
16
21
15
16
15
24
14
13
17
8
17
15
6
15
13
19
9
12
11
19
23
16
15
12
13
13
11
15
8
20
11
13
16
7
16
12
12
11
11
15
11
9
10
18
7
16
14
9
10
11
14
11
14
15
9
20
8
14
13
10
9
9
7
8
11
9
5
7
12
7
16
7
11
6
10
11
13
12
9
12
11
6
6
6
7
12
3
9
8
13
8
9
6
7
11
18
12
8
14
11
7
11
11
11
8
13
6
4
14
6
8
5
7
10
8
11
15
15
9
12
8
4
6
4
1
8
8
3
5
6
1
6
5
5
12
7
5
6
3
6
5
8
3
5
6
7
13
6
12
14
15
16
13
3
9
6
8
7
4
10
4
4
6
8
8
6
2
4
3
7
4
11
11
9
5
10
7
4
9
4
6
5
10
6
2
8
4
2
1
3
13
14
42
60
74
47
34
20
5
5
5
3
4
5
9
6
5
9
7
9
7
8
7
3
4
6
6
4
6
7
10
5
6
6
4
3
7
8
10
8
9
2
7
3
7
1
4
3
6
8
6
13
5
7
6
6
6
11
7
4
10
10
12
6
7
8
10
6
9
11
18
19
24
25
21
47
42
46
22
11
9
6
4
6
6
2
5
6
5
4
6
3
4
4
10
6
5
19
22
14
23
8
11
7
7
2
4
3
5
7
8
10
8
9
6
7
4
6
6
5
5
5
7
8
7
12
6
7
13
18
19
13
7
7
5
0
3
8
4
7
7
5
4
3
3
6
3
4
1
2
3
4
6
7
5
6
5
12
7
9
11
6
3
3
4
6
4
3
5
5
6
5
1
6
8
8
9
13
14
12
6
7
7
11
4
5
4
9
9
11
7
0
5
6
9
5
10
14
20
26
32
34
30
13
7
3
5
5
4
4
19
29
44
87
49
33
18
8
7
5
5
2
7
5
4
4
3
5
8
7
5
1
4
5
6
6
6
5
4
8
5
3
8
8
3
2
8
5
9
9
7
4
6
9
3
6
3
5
8
1
7
7
4
9
2
7
3
8
2
3
6
1
7
2
7
1
5
5
9
4
6
7
5
5
3
1
6
2
6
5
3
2
3
4
6
7
8
4
9
5
5
11
6
5
3
3
8
1
8
5
5
11
12
9
6
6
12
7
10
5
5
2
3
4
3
4
5
2
8
7
4
4
7
10
5
4
7
2
7
4
5
8
2
6
4
12
6
7
5
7
3
7
8
5
3
6
4
6
7
6
8
11
12
12
7
11
9
5
5
3
6
5
9
4
4
7
4
3
6
7
9
3
4
6
6
3
6
8
4
11
11
16
11
6
8
3
4
5
5
7
7
14
9
4
4
5
10
6
3
3
2
4
4
3
2
3
5
5
7
9
8
6
5
9
3
8
8
4
10
6
3
3
1
8
6
3
3
8
5
8
8
6
4
5
4
9
5
8
4
3
1
8
5
3
6
11
6
5
6
5
4
3
10
6
10
3
4
2
4
7
4
4
8
4
3
5
4
6
7
2
2
4
6
3
5
8
3
4
5
4
4
5
3
5
4
2
5
12
3
3
9
11
8
4
7
2
6
1
3
4
3
3
1
2
6
6
5
8
6
9
5
6
4
4
4
7
13
15
10
6
8
6
4
3
5
2
1
2
2
3
5
6
3
7
8
4
3
5
5
4
2
5
7
6
8
10
6
6
3
1
5
5
3
5
3
3
4
4
5
5
3
6
11
9
8
5
3
5
2
4
6
3
6
4
5
6
5
5
4
5
4
6
6
12
4
7
6
5
4
4
5
9
11
8
9
2
10
11
8
7
4
3
3
6
5
5
3
8
5
6
7
4
4
7
4
3
6
4
7
7
4
6
7
10
14
10
12
10
6
11
4
2
4
3
6
3
3
7
3
2
4
12
7
5
7
5
10
3
3
7
5
6
5
5
6
6
5
3
6
2
5
4
4
3
3
4
5
6
4
3
8
9
5
5
2
4
9
9
6
6
7
8
2
3
5
4
4
8
4
2
10
5
6
4
7
6
5
4
3
5
4
3
4
5
5
4
4
2
4
5
5
3
5
1
7
7
2
5
5
4
7
2
5
0
4
7
7
6
4
8
7
4
6
4
6
5
3
3
7
8
4
5
5
6
7
7
3
7
7
9
6
16
12
7
8
7
6
8
2
6
5
5
7
15
28
36
23
23
15
13
4
9
1
7
3
5
5
7
4
6
5
2
8
3
7
5
7
6
4
4
3
4
3
4
8
8
4
4
6
7
4
3
2
7
3
6
8
9
4
8
4
8
2
10
12
6
9
8
6
6
6
9
3
7
3
5
5
9
11
4
11
7
7
8
5
6
5
6
11
2
5
4
5
5
8
2
8
9
4
1
9
4
6
7
5
4
5
5
4
4
1
2
4
3
4
9
0
2
7
6
5
6
9
4
6
5
7
7
6
6
13
14
35
42
32
19
13
9
8
5
4
9
6
8
5
9
17
12
13
8
9
5
2
5
7
5
10
7
5
5
2
10
2
6
2
6
1
6
7
4
4
6
5
3
6
8
4
5
7
1
6
11
13
23
21
28
23
10
6
11
3
4
8
5
4
2
7
3
8
5
5
4
2
3
6
6
2
4
6
4
8
4
6
7
9
15
20
18
27
21
6
4
1
6
8
3
4
3
6
2
3
4
7
5
7
6
10
10
10
12
9
4
5
4
6
4
3
2
2
4
7
4
3
3
9
7
4
2
4
4
2
5
4
7
4
3
9
6
15
22
27
21
21
10
4
11
5
6
2
6
4
4
4
4
7
4
5
5
6
5
5
5
7
5
4
4
5
5
4
3
7
6
3
2
5
6
3
3
1
5
5
6
8
5
6
2
6
4
2
3
3
3
6
5
5
13
5
3
4
5
1
4
6
5
2
4
6
1
5
5
4
5
4
4
10
5
5
11
8
15
9
5
13
17
13
23
14
21
7
6
3
3
7
4
4
4
4
4
3
7
1
5
0
3
4
4
8
2
2
6
7
4
3
6
8
2
3
5
3
3
6
6
8
1
9
4
3
5
8
6
4
4
8
3
5
3
8
4
6
4
6
6
6
2
1
5
2
7
11
22
23
35
37
26
12
13
7
4
1
5
5
2
4
7
7
5
12
6
3
1
3
3
6
3
8
2
2
3
0
9
8
5
4
5
4
0
4
4
4
2
2
3
3
7
7
5
6
4
7
5
7
8
3
2
6
3
3
0
6
4
2
3
3
2
8
5
7
5
5
1
6
2
5
7
8
7
6
5
6
3
5
6
7
4
4
7
3
8
4
5
0
4
7
10
4
2
15
5
5
3
3
8
9
7
4
5
8
4
6
6
12
8
2
6
6
6
3
4
4
2
3
3
3
10
7
3
4
8
3
6
8
3
3
6
7
6
2
3
7
6
3
5
2
5
6
3
1
3
3
6
3
4
4
4
6
10
7
5
4
4
5
9
9
4
7
2
3
4
9
7
4
3
6
7
5
4
6
5
5
1
6
2
6
6
8
7
2
5
5
5
3
8
4
7
9
2
4
11
5
1
6
9
5
6
9
3
3
9
7
7
8
10
4
8
5
4
3
2
8
2
5
2
2
2
4
7
8
6
7
1
2
7
6
4
12
11
14
6
2
7
4
8
3
4
2
4
6
3
4
4
6
1
10
6
7
7
5
9
3
4
5
5
8
3
5
3
2
2
6
4
4
2
5
4
5
6
5
2
6
5
5
3
7
5
3
8
3
4
7
7
5
3
7
10
7
5
3
4
8
5
4
7
6
6
2
4
9
4
2
4
7
7
2
11
4
7
9
8
6
5
9
1
7
6
2
4
11
5
3
5
4
5
6
3
4
6
5
2
10
5
5
3
8
3
6
5
6
4
10
7
3
2
6
5
2
1
5
3
4
5
4
3
6
6
6
6
9
2
11
4
2
5
10
19
32
43
49
41
23
13
7
6
6
5
3
7
4
6
1
4
7
5
4
7
3
5
4
3
6
2
8
3
9
3
7
2
2
5
3
1
8
9
1
2
1
3
8
3
4
6
2
6
2
8
6
1
7
9
8
5
5
4
4
6
12
18
27
37
29
34
14
9
7
10
6
18
19
31
30
10
13
12
6
3
6
5
4
2
2
1
2
0
6
4
3
3
1
8
3
5
4
4
4
3
6
1
7
3
2
7
1
6
1
4
5
4
2
3
3
2
3
7
4
2
6
4
2
0
4
7
5
4
4
4
1
5
7
4
1
5
8
24
20
15
26
26
16
17
12
13
18
4
10
1
9
2
3
3
5
3
2
4
6
6
3
2
1
10
3
4
11
4
1
2
5
4
6
8
2
7
4
6
5
2
9
2
6
3
3
4
4
3
1
7
3
5
4
11
1
7
3
8
4
5
1
4
2
3
4
1
3
7
2
2
3
11
1
2
4
3
2
3
2
2
2
4
6
1
1
1
5
6
7
2
11
7
3
6
3
4
4
3
4
3
4
6
7
5
3
6
6
4
3
1
4
2
3
8
3
2
6
3
3
6
2
3
5
10
12
21
28
46
61
34
34
24
24
61
158
232
283
248
187
81
39
15
9
6
1
8
4
3
3
3
0
5
1
3
1
3
6
4
3
2
2
3
3
5
4
1
3
7
2
1
7
4
4
4
3
2
5
3
2
5
2
2
3
4
2
4
3
3
5
0
5
5
5
3
2
5
4
3
3
2
2
4
3
4
3
0
3
3
3
5
6
2
6
6
5
5
7
3
9
7
4
4
1
7
5
8
3
4
3
8
7
5
5
4
3
10
5
0
2
2
6
4
2
2
3
2
3
8
3
3
8
2
3
4
1
5
4
5
4
0
4
3
6
4
5
3
3
5
7
2
4
2
3
1
5
2
4
2
2
5
0
3
8
2
6
3
2
6
3
5
6
3
4
4
5
2
4
3
6
2
1
5
4
6
2
6
3
3
3
4
4
5
2
1
2
6
7
6
3
1
4
3
2
3
2
5
5
2
7
6
9
15
17
5
3
4
10
1
4
3
2
4
5
4
3
4
5
4
8
4
3
4
4
5
9
2
5
6
2
1
3
4
7
2
6
3
3
1
1
5
6
8
5
12
4
6
5
12
6
9
7
3
7
6
1
3
4
3
3
7
0
0
2
4
5
2
3
2
2
3
4
7
1
2
3
5
8
6
5
3
4
4
2
4
3
9
4
6
6
3
5
5
4
2
3
3
6
4
4
4
3
5
3
5
3
6
4
2
2
3
0
4
3
5
3
2
1
5
4
3
3
4
1
4
4
6
6
2
4
2
3
2
4
4
8
5
4
3
7
6
5
7
9
7
6
3
3
4
1
4
4
4
8
1
2
8
9
6
15
9
11
2
15
8
5
3
5
6
3
3
4
8
5
2
1
5
3
4
2
7
5
6
1
5
2
6
1
4
3
8
1
7
6
8
4
3
9
14
12
28
24
18
13
4
5
9
5
7
5
4
9
6
5
4
4
3
7
1
6
2
3
3
3
0
5
3
3
6
4
6
7
2
11
2
4
3
5
1
2
8
2
2
3
1
6
8
9
13
5
8
7
5
4
2
6
6
5
1
2
9
4
7
4
8
6
4
6
7
4
5
5
1
4
7
6
3
3
2
3
4
7
2
3
3
5
4
4
3
3
4
3
2
3
7
1
3
2
1
2
6
2
4
2
2
6
3
0
6
3
3
8
9
9
12
6
5
3
6
5
3
9
5
3
6
7
6
3
2
3
3
1
2
2
5
3
1
4
2
3
4
2
4
3
2
5
4
3
1
3
4
2
1
6
1
3
4
5
7
3
6
6
4
4
12
5
7
4
5
4
6
2
5
5
4
1
9
4
6
7
4
5
7
6
3
2
3
5
8
7
5
6
2
5
6
6
2
3
1
6
5
5
6
4
6
3
4
9
4
4
2
3
6
0
4
5
2
2
5
4
5
4
7
2
6
6
4
3
5
10
3
7
3
2
2
4
2
7
4
1
8
3
1
3
3
2
9
9
9
5
3
2
5
6
1
4
3
6
1
6
2
9
4
8
3
4
7
2
3
4
1
9
3
5
6
5
4
4
5
3
8
6
2
2
8
4
7
5
6
6
5
11
5
6
12
15
3
5
6
3
4
6
6
3
0
6
3
3
1
5
4
5
8
6
5
2
10
3
6
6
5
2
8
6
2
8
4
4
12
5
11
13
11
8
7
7
9
6
3
8
10
4
7
8
8
6
5
9
6
9
4
5
3
3
7
8
9
12
4
6
7
4
5
4
4
6
4
5
7
6
5
6
6
3
5
6
6
3
5
5
5
3
6
5
10
5
4
8
4
2
2
6
10
4
11
6
12
4
8
1
5
4
2
8
8
5
7
2
6
3
7
3
5
7
8
4
3
5
1
0
3
0
3
3
3
5
4
4
4
3
8
4
2
3
2
9
3
9
4
5
4
3
4
2
4
3
7
5
4
3
5
10
6
2
9
6
2
5
2
7
5
2
2
6
5
2
3
3
5
6
5
3
1
6
3
6
6
6
7
0
2
2
6
6
3
2
4
8
7
3
6
2
5
6
5
4
9
3
2
1
2
2
11
4
5
7
5
1
8
10
5
5
2
4
2
3
5
9
7
8
5
5
2
3
1
2
7
4
3
3
4
7
4
2
2
6
2
3
4
3
7
1
5
2
3
4
5
3
3
4
6
6
3
2
5
2
4
1
3
4
5
7
7
3
3
1
3
2
3
6
2
6
6
3
4
4
6
3
1
4
2
3
1
2
6
4
3
2
3
4
4
7
1
5
4
4
3
3
2
2
3
1
3
6
8
6
3
3
2
3
7
7
4
9
2
1
3
6
6
4
3
4
4
4
4
5
1
3
5
7
5
7
2
5
3
2
1
7
7
4
4
6
8
6
5
1
6
3
5
7
6
8
4
16
18
26
45
47
52
24
33
30
16
13
6
7
6
7
11
17
39
75
120
190
229
213
169
99
42
17
3
2
3
5
6
1
4
4
5
3
3
0
2
2
2
5
3
5
1
2
3
7
1
3
4
2
5
5
3
1
3
1
2
4
6
2
4
3
6
1
3
6
3
2
2
2
3
1
2
1
2
6
1
2
1
2
3
4
2
4
5
4
2
1
4
4
3
4
5
2
4
3
1
2
5
6
6
7
9
16
41
37
50
37
36
24
9
8
3
0
4
6
2
5
5
2
4
4
5
5
5
4
6
5
2
5
5
1
2
1
5
3
5
3
2
1
2
4
3
2
4
1
3
7
8
2
1
3
3
2
3
2
2
4
1
3
5
0
4
0
5
7
4
7
4
4
12
12
18
29
21
19
11
3
5
5
4
1
6
2
4
1
3
7
4
2
3
5
0
4
4
2
5
5
1
0
5
3
3
4
2
4
3
3
2
4
4
8
1
2
5
1
5
1
4
5
1
4
3
3
3
3
6
6
8
2
4
1
3
2
5
2
0
6
5
3
1
4
2
1
2
5
3
3
2
3
3
3
7
2
5
6
2
2
4
1
3
3
1
1
3
7
3
0
5
3
4
2
4
0
9
6
6
3
4
5
4
2
5
3
0
4
0
5
2
3
3
4
3
1
1
4
4
0
4
2
1
3
2
2
4
3
5
5
9
1
2
4
7
4
3
2
5
2
3
3
4
1
1
3
9
5
2
0
6
4
1
3
1
3
5
7
3
2
4
3
1
2
6
1
2
3
3
3
2
6
2
4
2
3
3
1
3
4
3
7
7
6
10
3
7
3
7
4
3
3
3
5
6
6
3
2
6
0
3
5
9
3
4
4
5
7
9
5
6
3
3
5
4
2
1
1
6
0
3
3
6
4
6
3
0
2
3
2
2
5
2
7
1
4
2
1
5
0
4
2
4
6
5
4
5
7
4
4
4
5
2
2
5
4
7
10
6
9
5
6
8
1
3
2
1
4
1
5
4
6
8
7
16
13
12
14
18
12
9
7
4
5
2
2
3
3
6
6
1
3
5
5
4
5
5
7
6
2
4
0
1
5
4
2
1
3
6
6
3
3
5
2
5
6
6
4
5
5
8
6
2
4
1
1
2
4
4
2
3
6
2
3
2
2
4
3
6
3
1
3
3
2
5
1
6
3
7
3
1
3
6
2
4
0
2
0
5
4
4
2
5
6
6
0
3
4
2
4
1
0
2
1
1
4
3
4
2
2
2
3
0
2
2
3
3
3
3
1
1
1
3
3
2
3
0
4
1
4
2
6
2
3
3
2
3
1
3
5
5
2
4
2
2
2
2
0
0
3
2
1
5
1
2
5
6
5
1
6
7
8
13
14
12
4
8
4
3
1
1
2
1
0
3
7
1
3
3
2
2
1
1
3
3
2
1
1
3
2
0
2
1
2
0
6
1
2
2
2
1
3
2
3
3
1
1
1
2
1
1
4
4
4
7
6
3
7
4
4
6
4
2
2
0
4
0
3
3
3
3
6
2
1
2
3
0
2
1
4
2
5
1
4
4
3
3
2
5
5
4
9
11
10
17
11
8
6
6
1
4
3
0
8
23
49
145
220
353
399
379
240
157
80
29
13
6
5
2
12
5
1
2
2
3
2
1
2
4
2
2
5
1
5
2
1
1
0
1
2
3
1
2
3
2
1
1
3
2
1
0
0
4
1
0
5
3
1
0
2
2
1
3
1
0
0
0
3
2
2
2
3
2
1
2
1
1
2
0
0
4
2
4
2
3
2
0
4
2
1
1
2
3
1
2
2
2
1
2
1
3
0
0
0
1
2
2
3
2
0
5
0
4
3
5
3
9
9
7
3
0
5
1
4
3
1
2
2
4
9
13
21
21
33
23
14
6
2
2
0
0
0
1
3
3
4
2
2
4
3
3
4
2
4
1
6
2
6
3
3
5
0
2
0
2
2
1
0
3
2
0
3
1
1
0
0
3
1
3
0
1
1
3
3
1
1
5
3
2
1
0
0
3
0
1
2
3
1
0
0
4
2
3
4
1
1
3
3
0
2
1
2
1
1
1
0
4
3
4
2
1
3
1
3
1
5
2
1
2
1
1
3
2
5
2
3
0
2
1
2
2
4
1
1
2
0
2
1
2
0
1
1
1
2
2
0
0
2
2
1
0
1
0
1
3
1
2
1
4
2
3
2
1
1
2
2
5
0
0
0
1
2
0
2
1
1
0
1
2
0
2
2
1
1
3
2
4
1
1
2
1
2
2
3
2
2
0
0
1
2
1
1
1
1
1
2
3
1
0
3
1
0
1
3
3
0
1
0
2
1
1
2
0
1
1
2
2
2
2
1
1
2
0
1
1
2
1
0
0
3
0
1
3
0
0
0
3
0
3
0
1
1
1
1
1
1
0
1
1
3
0
0
1
0
1
3
1
1
0
1
0
3
4
2
4
3
2
1
2
2
4
0
2
0
4
1
0
1
2
1
1
2
0
2
2
0
1
1
1
1
1
2
1
2
0
2
0
1
2
0
4
1
3
0
6
0
1
3
1
2
3
2
1
0
1
0
4
2
4
1
0
0
0
0
0
0
0
0
0
1
0
0
3
0
3
3
3
4
15
26
48
37
57
57
50
31
15
14
1
3
0
4
3
5
11
14
17
19
19
10
7
7
2
4
1
1
1
2
1
2
5
5
11
10
7
7
11
11
15
18
24
17
38
29
23
24
10
8
12
3
4
2
2
1
3
1
3
0
0
1
0
1
4
0
0
1
0
1
2
0
0
1
1
3
2
1
3
0
1
0
3
0
1
0
1
0
1
0
1
1
0
1
0
0
0
3
2
0
1
4
0
0
1
3
0
0
0
2
3
2
0
1
1
0
0
2
1
0
1
2
0
1
1
1
0
0
1
0
2
4
6
4
3
0
1
0
4
2
1
1
1
1
0
0
1
0
0
0
0
1
1
0
1
0
0
2
2
4
1
2
0
1
1
2
1
1
0
2
0
1
0
2
0
0
0
1
0
0
1
1
1
0
2
1
3
1
0
2
0
0
3
1
2
1
5
0
0
1
0
0
1
1
2
2
0
1
0
1
0
2
4
9
26
27
39
27
18
13
8
2
1
1
0
0
2
1
1
0
0
1
1
0
3
1
0
2
1
1
1
0
0
3
0
1
0
2
0
0
0
1
2
0
0
0
0
0
0
0
0
0
0
1
0
1
1
3
0
0
1
1
1
1
1
0
1
0
1
1
0
1
1
1
1
0
4
0
0
0
1
1
0
0
0
1
2
0
0
0
2
0
0
0
0
0
1
1
0
2
1
1
0
1
4
0
1
0
3
0
1
1
0
1
2
0
0
1
2
0
0
3
1
3
1
0
6
6
3
4
0
1
0
2
0
1
0
1
1
0
1
1
0
0
1
0
0
0
0
1
0
2
0
0
0
0
0
1
4
3
6
9
18
37
43
46
26
11
8
3
1
1
4
1
2
7
11
11
9
12
11
9
4
4
2
0
0
0
1
1
1
0
0
2
4
0
1
2
1
2
2
8
6
19
16
19
10
7
8
4
0
1
0
1
1
0
1
0
1
0
1
0
0
0
2
0
4
1
0
2
1
1
1
3
3
0
0
1
1
0
1
1
2
1
3
1
4
0
0
2
1
0
0
0
0
2
0
3
0
2
3
3
0
1
0
1
0
0
0
0
1
0
0
0
0
1
0
1
0
2
1
3
7
5
2
3
1
0
1
0
1
2
0
0
0
1
1
0
0
0
1
0
1
0
0
0
0
1
0
0
0
0
0
1
0
0
0
0
0
0
0
1
0
0
0
0
0
0
0
0
0
0
2
0
0
0
0
1
2
1
0
2
0
2
0
0
1
0
0
2
1
0
2
1
1
0
1
0
1
0
0
1
0
0
1
3
1
2
1
0
0
1
0
1
1
0
0
0
3
1
1
2
0
0
0
0
0
0
0
2
0
0
0
3
1
0
0
0
0
1
1
1
1
0
0
0
0
2
0
0
0
0
2
1
0
0
0
2
0
1
1
0
0
0
0
0
0
1
0
1
2
0
1
0
0
1
1
0
0
0
1
0
1
1
0
1
2
0
0
0
1
0
0
1
1
1
1
0
0
1
0
0
0
0
0
0
3
2
2
0
0
1
0
0
0
0
1
0
1
0
1
1
0
1
4
1
0
0
0
1
0
1
0
2
1
0
0
0
0
0
0
0
0
0
0
1
0
1
2
0
0
0
1
0
0
2
1
0
1
1
1
0
1
1
0
0
0
0
0
1
0
0
0
2
1
0
1
1
0
1
0
0
1
0
1
0
3
0
2
1
1
5
3
5
7
2
2
6
0
1
0
0
1
1
0
1
0
0
0
0
0
2
1
0
0
1
0
0
0
0
1
0
1
0
0
0
0
0
0
1
0
0
2
2
0
0
2
0
0
0
0
1
1
0
0
0
1
0
0
1
0
0
0
2
0
2
1
1
0
0
0
0
1
0
0
0
1
0
0
2
0
0
0
1
0
0
3
1
0
0
0
0
1
0
0
2
0
1
2
2
0
0
0
1
0
1
2
0
1
0
0
1
1
2
0
2
0
1
1
1
0
0
0
0
0
0
2
1
1
1
2
1
1
2
1
2
2
0
1
1
1
2
0
1
0
0
1
0
0
0
2
0
2
1
0
4
1
0
0
1
0
1
1
0
0
2
0
1
0
1
1
1
0
1
2
2
1
5
2
4
2
0
0
0
0
0
0
1
1
0
1
1
1
0
0
2
0
1
1
0
0
0
0
1
0
0
0
1
0
0
2
1
0
1
0
2
0
0
0
0
0
0
0
0
1
1
0
0
0
0
3
0
0
0
0
1
1
0
0
1
1
1
0
1
0
1
0
0
1
0
0
1
3
0
0
1
2
0
2
0
0
0
1
0
1
1
0
0
0
1
0
1
0
1
0
0
1
2
0
1
1
0
1
1
0
1
3
6
10
21
14
19
27
13
13
6
5
0
0
1
2
0
1
0
0
0
1
0
1
0
0
0
1
2
0
1
0
0
0
0
0
1
0
0
0
0
0
0
1
0
2
0
0
0
0
1
0
0
0
0
3
0
2
0
0
0
1
0
0
0
1
1
0
1
1
0
2
0
0
0
0
1
0
1
0
1
0
0
0
0
1
0
0
2
1
1
1
0
0
1
0
0
0
0
0
0
0
1
4
1
3
2
5
5
2
2
2
1
0
0
1
0
1
1
1
0
1
1
0
4
1
0
0
0
0
0
0
1
0
1
1
0
2
0
2
1
0
0
0
1
1
3
0
1
0
1
1
0
0
1
1
1
0
0
0
2
0
1
0
0
0
0
0
2
0
0
0
0
1
0
1
1
0
1
0
0
1
0
0
0
1
0
0
1
0
0
0
0
0
1
0
1
0
1
0
0
0
1
0
0
0
1
0
1
0
0
0
0
0
0
0
0
1
1
0
0
0
1
1
0
0
1
1
1
0
0
0
0
0
1
0
1
0
2
0
1
1
1
0
1
0
0
1
0
2
0
0
0
0
0
2
0
0
0
1
0
1
1
0
1
0
0
0
0
0
2
2
0
0
2
0
0
0
0
1
0
0
0
0
1
1
0
2
0
0
0
2
1
0
0
1
0
0
2
0
1
0
0
0
1
1
0
1
0
0
1
0
0
1
0
1
1
0
3
0
0
0
0
0
0
0
0
0
0
1
0
0
0
1
1
0
1
1
0
0
0
0
0
0
0
0
1
0
0
0
0
0
0
0
2
0
0
0
0
0
1
0
1
1
2
0
0
0
0
1
1
0
1
0
1
1
1
1
0
0
0
0
0
0
0
1
0
1
0
1
0
1
0
0
0
0
0
1
0
2
0
0
0
1
1
0
0
0
0
0
0
0
1
1
1
1
0
0
1
0
1
1
0
1
0
1
1
1
3
11
13
15
22
14
25
15
22
4
8
4
2
2
0
0
0
0
0
0
0
1
0
0
1
0
0
0
0
1
0
0
4
0
0
0
0
0
0
0
0
0
1
0
0
0
0
1
0
0
1
0
1
0
0
0
0
2
0
0
1
0
1
0
1
0
0
0
1
0
0
1
0
0
2
0
1
0
1
0
2
0
0
2
0
1
1
3
1
1
0
0
0
0
0
0
2
0
3
0
2
1
0
0
0
0
1
0
0
0
0
1
2
0
2
0
0
0
0
1
1
0
0
1
0
2
1
1
0
0
1
1
0
1
1
0
0
0
2
0
0
1
0
1
1
0
0
0
2
0
0
0
0
0
2
0
0
0
1
1
0
0
0
0
0
0
1
0
0
0
0
0
0
0
0
2
1
0
0
0
1
1
0
0
0
0
0
0
0
0
0
0
0
0
0
0
0
0
0
1
2
1
1
0
0
0
0
0
0
0
1
1
0
0
0
2
0
0
1
0
0
1
2
0
0
0
0
0
0
1
0
0
0
1
0
0
0
1
0
2
0
0
1
1
0
0
0
0
0
0
2
0
0
0
0
0
1
0
0
1
0
0
0
1
0
0
0
0
0
0
0
0
0
0
1
1
0
0
0
1
0
0
0
0
0
1
0
0
2
0
0
1
0
0
0
1
0
1
0
0
0
0
1
1
0
1
0
0
2
0
0
0
0
0
1
1
0
1
1
0
0
1
0
0
0
1
0
0
0
0
0
0
0
0
0
1
0
0
0
1
0
1
0
0
0
0
0
1
0
0
0
0
0
0
2
0
2
0
1
0
1
1
0
1
0
0
0
0
1
0
1
0
2
0
0
1
0
1
0
0
0
0
0
0
0
0
0
0
0
2
6
8
12
27
26
18
13
15
8
2
2
2
1
0
1
0
0
0
0
0
0
0
0
1
1
0
1
0
0
1
0
0
1
0
0
0
0
0
0
0
0
0
1
0
0
0
0
0
0
0
0
0
0
1
2
0
0
0
0
0
0
0
0
0
0
0
0
0
0
0
0
0
0
0
0
0
0
0
0
0
0
0
0
0
0
0
1
0
0
0
0
0
0
1
0
1
0
0
0
0
2
0
1
0
1
2
0
0
0
0
1
1
0
0
0
0
0
0
1
0
0
0
0
0
0
0
0
0
0
0
0
0
0
0
0
0
0
0
0
1
0
0
0
0
1
0
0
1
0
0
0
0
0
0
0
1
0
0
0
0
0
1
0
1
2
0
0
1
0
0
0
0
0
0
0
0
0
1
0
0
0
0
0
0
0
0
1
0
0
0
1
0
0
0
0
0
1
1
1
0
1
0
0
0
1
1
0
0
0
2
2
1
0
1
3
2
4
1
1
1
0
1
0
0
2
0
0
0
1
0
0
1
0
0
0
0
0
0
0
0
1
0
1
0
0
0
0
0
0
0
1
1
1
0
0
0
0
0
0
0
0
0
0
2
1
1
0
5
1
6
1
1
2
0
0
0
0
0
0
0
0
1
1
0
0
0
1
3
0
0
1
0
1
0
1
0
0
0
0
0
1
0
0
0
0
0
0
0
0
0
1
0
0
0
1
0
0
0
0
0
0
0
0
0
0
0
0
0
0
0
0
0
0
0
0
0
0
1
0
1
0
2
0
0
0
0
0
1
0
1
0
0
1
0
0
0
0
0
2
1
1
0
0
1
0
0
0
0
0
0
0
1
1
0
0
0
0
0
0
0
0
1
0
1
0
0
0
2
1
0
0
0
0
0
0
1
0
0
0
0
0
0
0
0
0
1
0
0
0
0
0
1
0
0
0
0
1
0
0
0
0
0
0
0
0
0
0
1
1
1
1
0
0
1
0
1
0
0
0
0
0
0
2
1
0
1
0
0
1
0
0
1
1
0
0
1
0
0
1
0
0
0
0
0
0
0
0
1
0
0
0
0
0
0
0
0
0
0
0
0
0
0
0
0
0
0
2
0
0
0
0
1
0
1
0
0
1
1
0
0
0
2
0
1
0
1
0
0
0
1
0
0
0
0
0
0
1
0
1
0
0
0
0
0
0
0
1
0
0
0
1
0
0
0
0
0
0
2
0
1
0
0
0
0
0
0
1
1
1
0
0
0
0
0
0
0
1
0
0
0
0
0
1
1
1
0
1
0
0
0
0
0
1
0
0
0
0
0
0
1
0
0
0
0
0
0
0
0
0
0
0
1
1
1
0
0
0
0
0
0
0
0
2
0
0
0
0
0
0
0
0
0
0
0
0
0
0
0
0
0
0
0
1
0
2
0
1
1
1
0
0
1
0
0
0
0
0
0
0
0
2
0
0
0
0
1
0
0
0
1
0
0
0
0
0
1
0
0
0
0
0
0
0
0
0
0
0
2
1
0
0
0
0
0
0
0
0
0
0
0
0
0
0
0
0
0
0
0
0
1
0
0
0
0
0
0
1
0
0
0
0
0
1
0
0
0
0
0
0
0
0
0
0
0
0
0
0
0
0
0
0
0
0
0
0
0
0
1
0
1
0
0
1
0
0
0
0
0
0
0
0
0
0
0
0
0
0
1
0
0
0
0
0
0
0
0
0
0
1
0
0
0
0
0
0
0
1
0
0
1
0
0
0
0
0
1
0
0
1
0
0
0
1
0
1
0
1
0
0
0
0
0
1
1
0
1
1
2
2
2
2
0
2
1
1
0
0
0
1
0
0
0
0
0
0
0
0
1
0
0
0
0
0
0
0
0
0
1
1
0
0
0
0
0
0
0
1
0
0
1
1
0
1
0
0
2
0
0
0
0
0
0
0
0
0
0
0
0
0
1
2
0
0
0
0
1
0
0
0
0
0
1
0
0
0
0
0
0
0
0
0
0
0
0
0
1
0
0
0
2
2
1
0
0
0
0
0
0
0
0
2
0
0
0
0
1
0
1
0
2
2
2
4
3
1
1
0
0
0
0
1
1
0
0
0
0
0
1
0
0
0
2
1
0
0
1
0
0
0
0
0
0
0
0
0
0
0
0
0
0
0
0
0
0
0
0
0
0
0
0
0
0
0
1
0
0
0
0
1
0
0
0
0
0
1
0
0
3
3
4
3
7
8
9
9
11
7
3
3
0
0
0
0
0
1
0
0
0
1
0
0
0
0
0
0
1
0
0
0
0
0
0
0
0
0
0
1
0
0
0
1
0
0
1
0
0
0
0
0
0
0
0
0
0
0
0
0
1
0
0
0
0
1
1
0
0
0
0
0
0
0
0
0
1
0
0
0
0
1
0
0
0
0
0
0
0
0
0
0
0
0
0
0
0
0
1
0
1
0
0
0
0
1
0
0
0
0
0
0
0
0
0
0
1
0
0
0
0
0
0
1
0
0
0
0
1
0
0
0
0
0
0
0
1
0
0
0
0
0
0
0
0
0
0
0
1
0
1
0
0
0
0
0
0
0
0
0
0
0
0
0
0
1
1
1
0
1
0
0
0
0
0
1
0
0
0
0
0
0
0
0
0
0
0
0
0
0
0
0
0
0
0
0
0
0
0
0
0
0
0
0
0
0
0
1
0
0
0
0
0
0
0
0
0
0
0
0
0
0
0
0
0
1
1
0
0
0
0
0
0
0
0
0
0
0
0
0
0
0
0
0
0
0
0
0
0
1
0
0
0
0
1
0
0
0
0
0
0
1
0
0
0
0
0
0
0
0
0
0
0
3
1
0
0
0
0
0
0
0
0
0
0
0
1
0
0
1
0
0
1
0
0
1
0
0
0
0
1
1
0
1
0
0
0
0
0
0
0
0
0
0
0
1
1
1
0
0
0
1
0
0
0
0
0
1
0
0
0
0
0
0
0
0
1
0
1
0
0
0
0
0
0
0
0
1
0
0
0
0
0
0
0
0
0
0
0
0
0
0
0
1
0
0
0
0
0
0
0
0
0
0
1
0
0
0
0
1
0
0
0
0
0
0
0
0
0
0
1
0
0
0
0
0
0
0
0
0
0
0
0
0
0
0
0
0
1
0
0
0
0
0
0
0
0
0
0
0
0
0
0
0
0
0
0
0
0
0
0
0
0
0
0
0
0
0
0
0
0
2
0
0
0
0
1
0
0
0
0
0
0
0
0
0
0
0
0
0
0
0
0
0
0
0
0
0
0
1
0
1
0
0
0
0
0
0
0
0
0
0
0
0
0
0
0
0
2
0
0
0
0
0
0
0
2
0
0
0
0
0
0
0
0
0
0
0
0
1
0
0
0
0
0
1
0
0
1
0
1
0
0
0
0
0
0
0
0
1
0
0
0
0
1
0
0
0
0
0
0
0
0
0
0
0
0
0
0
0
0
0
0
0
1
0
0
1
0
0
1
0
0
0
0
1
0
0
0
0
0
0
0
0
0
0
0
0
0
0
0
0
0
0
0
1
0
0
0
0
0
0
0
0
0
0
1
0
1
0
1
2
1
2
1
0
0
0
0
0
0
0
1
0
0
0
0
0
0
0
0
0
0
0
0
0
0
0
0
0
0
0
0
0
0
0
0
0
0
0
0
0
0
0
0
1
0
1
1
0
0
0
0
0
0
0
0
0
0
0
0
0
0
0
0
0
0
0
0
0
0
0
0
1
0
0
0
0
0
0
0
0
0
0
0
0
0
0
0
0
0
0
0
0
0
0
0
0
0
0
0
0
1
2
1
3
1
0
0
0
0
1
0
0
0
0
0
0
0
0
0
0
0
0
0
0
0
0
0
0
0
0
0
0
0
0
0
2
0
0
0
0
0
0
0
0
0
0
0
0
0
0
0
1
0
0
0
0
0
0
0
0
0
0
0
0
1
0
0
0
0
0
0
0
0
0
0
0
0
0
0
0
0
0
1
0
0
0
0
0
0
0
0
0
0
0
0
0
0
0
0
0
0
0
0
0
0
0
0
1
1
0
0
0
0
0
0
0
0
0
0
0
0
0
0
0
0
0
0
0
0
0
0
0
0
0
0
0
0
1
0
0
0
1
0
0
0
0
0
0
0
0
0
0
0
0
0
0
0
0
0
0
0
1
0
0
0
0
0
0
0
0
0
0
0
0
0
0
0
0
1
0
0
0
0
0
0
0
0
0
0
1
0
0
0
0
0
0
0
0
0
0
0
0
0
0
0
0
0
1
0
0
0
0
0
0
0
0
0
0
0
0
0
0
0
0
0
0
0
0
0
0
0
0
0
0
0
0
0
0
0
0
0
0
0
1
0
0
0
0
0
0
1
0
0
0
0
0
0
0
0
0
1
0
0
0
0
0
0
0
0
0
0
0
0
0
0
0
0
0
0
0
0
0
0
0
0
0
0
0
0
0
0
0
0
0
0
0
0
0
0
0
1
0
0
0
0
0
0
0
0
0
0
0
0
0
0
0
0
1
0
0
1
0
0
0
0
0
0
0
0
0
0
0
0
0
0
0
0
0
0
0
0
0
0
0
0
0
0
3
0
0
0
0
0
0
0
0
0
0
0
0
0
0
0
0
0
0
0
0
0
1
0
0
0
0
0
0
0
1
0
0
0
0
0
0
0
0
0
0
0
0
0
0
0
0
0
0
0
0
0
0
0
0
0
0
0
0
0
0
0
0
0
1
0
0
0
0
0
0
0
0
0
0
0
0
0
0
0
0
0
0
0
0
0
0
0
0
0
0
0
0
0
0
0
0
0
0
0
0
0
0
0
0
0
0
0
0
0
0
0
0
0
0
1
0
0
0
0
0
0
0
0
0
0
0
0
0
0
0
0
0
0
0
0
0
0
1
0
1
0
0
0
0
0
0
0
0
0
0
0
1
0
0
0
0
0
0
0
0
0
0
0
0
0
0
0
0
0
0
0
0
0
0
0
0
1
0
0
1
1
1
2
0
0
0
0
1
0
0
0
0
0
0
0
0
0
0
1
0
0
0
0
0
0
0
0
1
0
0
0
0
0
0
0
1
1
0
0
0
0
0
0
0
0
0
0
0
0
0
0
0
0
0
0
0
0
0
0
0
0
0
0
0
1
1
0
0
0
0
0
0
0
0
0
0
0
0
0
0
1
0
0
0
0
0
0
0
0
0
0
1
0
0
0
0
0
0
0
0
0
0
0
1
0
0
0
0
0
0
0
1
0
0
0
0
0
0
0
0
0
0
0
0
0
0
0
1
0
0
0
0
0
1
0
0
1
1
1
0
0
0
0
0
0
0
0
0
0
0
0
0
0
0
0
0
0
0
0
0
0
0
0
0
0
0
0
0
0
0
0
1
0
0
0
0
0
0
0
0
0
0
0
0
0
2
3
1
2
4
5
2
4
3
3
2
1
1
0
0
0
0
0
0
0
0
2
0
0
0
0
0
0
0
0
0
0
0
0
0
0
0
0
0
0
0
0
0
0
0
0
0
0
0
0
0
0
0
0
0
0
0
0
0
0
0
0
0
0
0
0
0
0
0
0
0
0
0
0
0
0
0
0
0
0
0
0
0
0
0
0
1
0
0
0
0
0
0
0
0
0
0
0
0
0
0
0
0
0
0
0
0
0
0
0
0
0
0
0
0
0
0
0
0
1
0
0
0
0
0
0
0
0
0
0
0
0
0
0
0
0
0
0
0
0
0
0
0
0
0
0
0
0
0
0
0
0
1
0
0
0
0
0
0
0
0
0
0
0
0
0
0
0
0
0
0
0
0
0
0
0
0
0
0
0
0
0
0
0
0
0
0
0
0
0
0
0
0
0
0
0
0
0
0
0
0
0
0
0
0
0
0
0
0
0
0
0
0
0
0
0
0
0
0
0
0
0
0
0
0
0
0
0
0
0
0
0
0
0
0
0
0
0
0
0
0
0
0
0
0
0
0
0
0
0
0
0
1
0
0
0
0
0
0
0
0
0
0
1
0
0
0
0
0
1
0
0
0
0
0
0
0
1
0
0
1
0
0
0
0
0
0
1
0
0
1
0
0
0
0
0
0
0
0
0
0
0
0
0
0
0
0
0
0
0
0
0
0
0
0
0
0
0
0
1
0
0
0
0
0
0
0
0
0
0
0
1
0
1
0
0
0
0
0
0
0
0
0
0
0
0
0
0
0
0
0
0
1
0
0
0
0
0
0
0
0
1
0
0
0
0
0
0
0
0
1
0
0
0
0
0
0
0
0
0
0
0
0
0
1
0
0
0
0
0
1
0
0
0
0
0
0
0
0
1
0
0
0
0
0
0
0
0
0
0
0
0
0
0
0
0
0
0
0
0
0
0
0
0
0
0
0
0
0
0
1
0
0
0
0
0
0
0
0
0
0
0
0
0
0
0
0
0
0
0
0
0
0
0
0
0
0
1
0
0
0
0
0
1
0
1
2
3
3
0
1
0
2
0
0
0
1
0
0
0
0
0
0
0
0
0
0
0
0
0
0
0
0
0
0
0
0
0
0
0
0
0
0
2
0
0
0
0
0
0
0
0
0
0
1
0
0
0
0
0
0
0
0
0
0
0
0
0
0
0
0
0
0
0
0
0
0
0
0
0
0
0
0
0
0
0
0
0
0
0
0
0
0
0
0
0
0
0
0
0
0
0
0
0
0
0
0
0
0
0
0
0
0
0
0
0
0
0
0
1
0
0
0
0
0
0
0
0
0
0
0
0
0
0
0
0
1
0
0
0
0
0
0
0
0
0
0
0
0
0
0
0
0
0
0
0
0
1
0
0
0
0
0
0
0
0
0
0
0
0
0
0
0
0
0
0
0
0
0
0
1
0
0
0
0
1
0
0
0
0
0
0
1
0
0
0
0
0
0
0
0
0
0
0
0
0
0
0
0
0
0
0
0
0
0
1
0
0
0
0
0
0
0
1
0
0
0
0
0
0
0
0
0
0
0
0
0
0
0
0
0
0
0
1
0
0
0
0
0
0
0
0
0
0
0
0
0
0
0
0
0
0
0
0
1
0
0
0
0
0
0
0
0
0
0
0
0
0
0
0
0
0
0
0
0
0
0
0
1
0
0
1
0
0
0
0
0
0
0
0
0
0
0
0
0
0
0
0
0
0
0
0
0
0
0
0
0
0
1
0
0
0
0
0
0
0
0
0
0
0
0
0
0
0
0
0
0
0
0
0
1
0
0
0
0
0
0
0
0
0
0
0
0
0
0
0
0
0
0
0
0
0
0
0
0
0
0
0
0
0
0
0
0
0
0
0
0
0
0
0
0
0
0
0
0
0
0
0
0
0
0
0
0
0
0
1
0
0
0
0
0
0
0
0
0
0
0
0
0
0
0
0
0
0
0
0
0
0
0
0
0
0
0
0
0
0
0
1
0
0
0
0
0
0
0
0
0
0
0
0
0
0
0
0
0
0
0
0
0
0
0
0
0
0
0
0
0
0
0
0
0
0
0
0
0
0
0
0
0
0
0
0
0
0
0
0
0
0
0
0
0
0
0
0
0
0
0
0
0
0
0
0
0
0
0
0
0
0
0
0
0
0
0
0
0
0
0
1
0
1
3
0
1
0
0
1
0
2
0
0
0
0
0
0
0
0
0
0
0
0
0
0
0
0
0
0
0
0
0
0
0
0
0
0
0
0
0
0
0
0
0
0
0
0
0
0
0
0
0
0
0
0
0
0
0
0
0
0
0
0
0
0
0
0
0
0
0
0
0
0
1
0
0
1
0
0
0
0
0
0
0
0
0
0
0
0
0
0
0
0
0
0
0
0
0
0
0
0
0
0
0
0
0
0
0
1
0
0
0
0
0
0
0
0
0
0
0
0
0
0
0
0
0
0
0
0
0
0
0
0
0
0
0
0
0
0
0
0
0
0
0
0
0
0
0
0
0
0
0
0
1
0
0
0
0
0
0
0
0
1
0
0
0
0
0
0
1
0
0
0
0
0
0
0
0
0
0
0
0
0
0
0
0
0
0
0
0
0
0
0
0
0
0
0
0
0
0
0
0
0
0
0
0
0
0
0
0
0
0
0
0
1
1
0
0
0
1
0
0
0
0
0
0
0
0
0
0
0
0
0
0
0
0
0
0
0
0
0
0
0
0
0
0
0
0
0
0
0
0
0
0
0
0
0
0
0
0
0
0
0
0
0
0
0
0
0
0
0
0
0
0
0
0
0
1
0
1
0
0
1
0
0
0
0
0
0
0
0
0
0
0
0
0
0
0
0
0
0
0
0
0
0
0
0
0
0
0
0
0
0
0
0
1
0
0
0
0
0
0
0
0
0
0
0
0
0
0
0
0
0
0
0
0
0
0
0
0
0
0
0
1
0
0
0
0
0
0
0
0
0
0
0
0
0
0
0
0
0
0
0
0
0
0
0
0
0
0
0
0
0
0
0
0
0
0
0
0
0
0
0
0
0
0
0
0
0
0
0
0
0
0
0
0
0
0
0
0
0
0
0
0
0
0
0
0
1
0
0
0
0
0
0
0
0
0
0
0
0
0
0
0
0
0
0
0
0
0
0
0
0
0
0
0
0
0
0
0
0
0
0
0
0
0
0
0
0
1
0
0
0
0
0
0
0
0
0
0
0
0
0
0
0
0
0
0
0
0
1
0
0
0
0
0
0
0
0
0
0
0
0
0
0
0
0
0
0
0
0
0
0
0
0
0
0
0
0
0
0
0
0
0
0
0
0
0
0
0
0
0
0
0
0
0
0
0
0
0
0
1
0
0
0
0
0
0
0
0
0
0
0
0
0
0
0
0
0
0
0
0
0
0
0
0
0
0
0
0
0
0
0
0
0
0
0
0
0
1
0
0
0
0
0
0
0
0
0
0
0
0
0
0
0
0
0
0
0
0
1
0
0
0
0
0
0
0
0
0
0
0
0
0
0
0
0
0
0
0
0
0
0
0
1
0
0
0
0
0
1
0
0
0
0
0
0
0
0
0
0
0
0
0
0
0
1
0
0
0
0
0
0
0
0
0
0
0
0
0
1
0
0
0
0
0
0
0
0
0
0
0
0
0
0
0
0
0
0
0
0
0
0
0
0
0
0
0
0
0
0
1
0
0
0
0
0
0
0
0
0
0
0
0
0
0
0
0
0
0
0
0
1
1
0
0
0
0
0
0
0
0
0
0
0
0
0
0
0
0
0
0
0
0
0
0
0
0
0
0
0
0
0
0
0
0
0
0
0
0
0
0
0
0
0
0
0
0
0
0
0
0
0
0
0
1
0
0
0
0
0
0
0
0
0
0
0
0
0
0
0
0
0
0
0
0
0
0
0
0
0
1
0
0
0
0
0
0
0
0
0
0
0
0
0
0
0
0
0
0
0
0
0
0
0
0
0
0
0
0
0
0
1
0
0
0
0
0
0
0
0
0
0
0
0
0
0
0
0
0
0
0
0
0
0
0
0
0
1
0
0
0
0
0
0
0
0
0
0
0
0
0
0
0
0
0
0
0
0
0
0
0
0
0
0
0
0
0
0
0
0
0
0
0
0
0
0
0
0
0
0
0
0
0
0
0
0
0
0
0
0
0
0
0
0
0
0
0
0
0
0
0
0
0
0
0
0
0
0
0
0
0
0
0
0
0
0
0
0
0
0
0
0
0
0
0
0
0
0
0
0
0
0
0
0
0
0
0
0
0
0
0
0
0
0
0
1
0
0
0
0
0
0
0
0
0
0
0
0
0
0
0
0
0
0
0
0
0
0
0
1
0
0
0
0
0
0
0
0
0
0
0
0
0
0
0
0
0
0
0
0
0
0
0
0
0
0
0
0
0
0
0
0
0
0
1
0
0
0
0
0
0
0
0
0
0
0
0
0
0
0
0
0
0
0
0
0
0
0
0
0
0
0
0
0
0
0
0
0
0
0
0
0
0
0
0
0
0
0
0
0
0
0
0
0
0
0
0
0
0
0
0
0
0
0
0
0
0
0
0
0
0
0
0
0
0
0
0
0
0
1
0
0
0
0
0
0
0
0
0
0
0
0
0
0
0
0
0
0
0
0
0
0
0
0
0
0
0
0
0
0
0
0
0
0
0
0
0
0
0
0
0
0
0
0
0
0
0
0
0
0
0
0
0
0
0
0
0
0
0
0
0
0
0
0
0
0
0
0
1
0
0
0
0
0
0
1
0
0
0
1
0
0
0
0
0
0
0
0
0
0
0
0
0
0
0
0
0
0
0
0
0
0
0
0
0
0
0
0
0
0
0
0
0
0
0
0
0
0
0
0
1
0
0
0
0
0
0
0
0
0
0
0
0
0
1
0
0
0
0
0
0
0
1
0
0
0
0
0
0
0
0
0
0
0
0
0
0
0
0
0
0
0
0
0
0
0
0
0
0
0
0
0
0
0
0
0
0
0
1
0
0
0
0
0
0
0
0
0
0
0
0
0
0
0
0
0
0
0
0
0
0
0
0
0
0
0
0
0
1
0
0
0
0
0
0
0
0
0
0
0
0
0
0
0
0
0
0
0
0
1
0
1
0
0
0
0
0
0
0
0
0
0
0
0
0
0
0
0
0
0
0
0
0
0
0
0
0
0
0
0
0
0
0
0
0
0
0
0
0
0
0
0
0
0
0
0
0
0
0
1
0
0
0
0
0
0
0
0
0
0
0
0
0
0
0
0
0
0
0
0
0
0
0
0
0
0
0
0
0
0
0
0
0
0
0
0
0
0
0
0
0
0
0
0
0
0
0
0
0
0
0
0
0
0
0
0
0
0
0
0
0
0
0
0
0
0
0
0
0
0
0
0
0
0
0
0
0
0
0
0
0
0
0
0
0
0
0
0
0
0
0
0
0
0
0
0
0
0
0
0
1
0
0
0
0
0
0
0
1
0
0
0
0
0
0
0
0
0
0
0
0
0
1
0
0
0
0
2
1
0
0
0
0
0
0
0
0
0
0
0
0
0
0
0
0
0
0
0
0
0
0
0
0
0
0
0
0
0
0
0
0
0
0
0
0
0
0
0
0
0
0
0
0
0
0
0
0
1
0
0
0
0
0
0
0
0
0
0
0
0
0
0
0
0
0
0
0
0
0
0
0
0
0
0
0
0
0
0
0
0
0
0
0
0
0
1
0
0
0
0
0
0
0
0
0
0
0
0
0
0
0
0
0
0
0
0
0
0
0
0
0
0
0
0
1
0
1
0
0
0
1
0
0
0
0
0
0
1
0
0
0
0
0
0
0
2
0
0
0
0
0
0
0
0
0
0
0
0
0
0
0
0
0
0
0
0
0
0
0
0
1
0
0
0
0
0
0
0
0
0
0
0
1
0
0
0
0
0
0
0
0
0
0
0
0
0
0
0
0
0
0
0
0
0
0
0
0
0
0
0
0
0
0
0
0
0
0
0
0
0
0
0
0
0
0
0
0
0
0
0
0
0
0
0
0
0
0
0
0
1
0
0
0
0
0
0
0
0
0
0
0
0
0
0
0
0
0
0
0
0
0
0
0
0
0
0
0
1
0
1
1
0
0
0
0
0
2
0
0
0
0
0
0
0
0
0
0
0
0
0
0
0
0
0
0
0
0
0
0
0
0
0
0
0
0
0
0
0
1
0
0
0
0
0
0
0
0
0
0
0
0
0
0
0
0
0
0
0
0
0
0
0
1
0
0
0
0
0
0
0
0
0
0
0
0
0
0
0
0
0
0
0
0
0
0
0
0
0
0
0
0
0
0
0
0
0
0
0
0
0
0
0
0
0
1
0
2
1
4
2
3
3
3
2
0
0
0
0
0
0
1
0
0
0
0
0
0
0
0
0
0
0
0
0
1
0
0
0
0
0
0
0
0
0
1
0
0
0
0
0
0
0
0
0
0
0
0
0
0
0
0
0
0
0
0
0
1
0
0
0
0
0
0
0
1
0
0
0
1
0
0
1
0
0
0
0
0
0
0
0
0
0
0
0
0
0
0
0
0
0
0
0
0
0
0
0
0
0
0
0
0
0
0
0
0
0
0
0
0
0
0
0
0
0
0
0
0
0
0
0
0
0
0
0
0
1
0
0
0
0
0
0
0
0
0
0
0
0
0
0
0
0
0
0
0
1
0
0
0
0
0
0
0
0
0
0
0
0
0
1
0
0
0
0
0
0
0
0
0
0
0
0
0
0
0
0
0
0
0
0
0
0
0
0
1
0
0
0
0
1
0
0
0
0
0
0
0
0
0
0
0
0
0
0
0
0
0
0
0
0
1
0
0
0
0
0
0
0
0
0
0
0
0
0
0
0
0
0
0
0
0
0
1
0
0
0
0
0
0
0
0
0
0
0
0
0
0
0
0
0
0
0
0
0
0
0
0
0
0
0
0
0
0
0
0
0
0
0
0
0
0
0
0
0
0
0
0
0
0
0
0
0
0
0
0
0
0
0
0
0
0
0
0
0
0
0
0
0
0
0
1
0
0
0
0
1
0
0
0
0
0
0
0
0
0
0
0
0
0
1
0
0
0
0
0
0
0
0
2
0
0
0
0
0
0
0
0
0
0
0
0
0
0
0
0
0
0
0
0
0
0
0
0
0
0
0
0
0
0
0
0
0
0
0
0
0
0
0
1
0
0
0
0
0
0
0
0
0
0
0
0
0
0
0
0
0
0
0
0
0
0
0
0
0
0
0
0
0
0
0
0
0
0
0
0
0
0
0
0
0
0
1
0
0
0
0
0
0
0
0
0
0
0
0
0
0
0
0
0
0
0
0
0
0
0
0
0
0
0
0
0
1
0
0
0
0
0
0
0
0
0
0
0
0
0
0
0
1
0
0
0
0
0
0
0
0
0
0
1
1
0
0
0
0
0
0
0
0
0
0
0
0
0
0
0
0
0
1
0
1
0
0
0
0
0
0
0
0
0
0
0
0
0
0
0
0
0
0
0
0
0
0
0
0
0
0
1
0
0
0
0
0
0
0
0
0
0
0
0
0
0
0
0
0
0
0
0
0
0
0
0
0
0
0
0
0
0
0
0
0
0
0
0
0
0
0
0
0
0
0
0
0
0
0
0
0
1
0
0
0
0
0
0
0
0
0
0
0
0
0
0
0
0
0
0
0
0
0
1
0
0
0
0
0
0
0
0
0
0
0
1
0
0
0
0
0
0
0
0
0
0
0
0
0
0
0
0
0
0
0
0
0
0
1
0
0
0
0
0
0
0
0
0
0
0
0
0
0
0
0
0
0
0
0
0
0
0
1
0
0
0
0
0
0
0
0
0
0
0
0
0
0
0
0
1
0
0
0
0
0
1
0
0
0
0
0
0
0
0
0
0
0
0
0
0
0
0
0
0
0
0
0
0
0
0
0
0
0
0
0
0
0
0
0
0
0
0
0
1
1
2
3
4
5
6
6
3
7
6
5
1
4
1
0
0
0
0
0
0
0
0
0
0
0
0
0
0
0
0
0
0
0
0
0
0
0
0
0
0
0
0
0
0
0
0
0
0
0
0
0
0
0
0
0
0
0
0
0
0
0
0
0
0
0
0
0
0
0
0
0
0
0
0
0
0
0
0
0
0
0
0
0
0
0
0
0
0
0
0
0
0
0
0
0
0
0
0
0
0
0
0
0
0
0
0
0
0
0
0
0
0
0
0
0
0
0
0
0
0
0
0
0
0
0
0
0
0
0
0
0
0
0
0
0
0
0
0
0
0
0
0
0
0
0
0
0
0
0
0
0
0
0
0
0
0
0
0
0
0
0
0
0
0
0
0
0
0
0
0
0
0
0
0
0
0
0
0
0
0
0
0
0
0
0
0
0
0
0
0
0
0
0
0
0
0
0
0
0
0
0
0
0
0
0
0
0
0
0
0
0
0
0
0
0
0
0
0
0
0
0
0
0
0
0
0
0
0
0
0
0
0
0
0
0
0
0
0
0
0
0
0
0
0
0
0
0
0
0
0
0
0
0
0
0
0
0
0
0
0
0
0
0
0
0
0
0
0
0
0
0
0
0
0
0
0
0
0
0
0
0
0
0
0
0
0
0
0
0
0
0
0
0
0
0
0
0
0
0
0
0
0
0
0
0
0
0
0
0
0
0
0
0
0
0
0
0
0
0
0
0
0
0
0
0
0
0
0
0
0
0
0
0
0
0
0
0
0
0
0
0
0
0
0
0
0
0
0
0
0
0
0
0
0
0
0
0
0
0
0
0
0
0
0
0
0
0
0
0
0
0
0
0
0
0
0
0
0
0
0
0
0
0
0
0
0
0
0
0
0
0
0
0
0
0
0
0
0
0
0
0
0
0
0
0
0
0
0
0
0
0
0
0
0
0
0
0
0
0
0
0
0
0
0
0
0
0
0
0
0
0
0
0
0
0
0
0
0
0
0
0
0
0
0
0
0
0
0
0
0
0
0
0
0
0
0
0
0
0
0
0
0
0
0
0
0
0
0
0
0
0
0
0
0
0
0
0
0
0
0
0
0
0
0
0
0
0
0
0
0
0
0
0
0
0
0
0
0
0
0
0
0
0
0
0
0
0
0
0
0
0
0
0
0
0
0
0
0
0
0
0
0
0
0
0
0
0
0
0
0
0
0
0
0
0
0
0
0
0
0
0
0
0
0
0
0
0
0
0
0
0
0
0
0
0
0
0
0
0
0
0
0
0
0
0
0
0
0
0
0
0
0
0
0
0
0
0
0
0
0
0
0
0
0
0
0
0
0
0
0
0
0
0
0
0
0
0
0
0
0
0
0
0
0
0
0
0
0
0
0
0
0
0
0
0
0
0
0
0
0
0
0
0
0
0
0
0
0
0
0
0
0
0
0
0
0
0
0
0
0
0
0
0
0
0
0
0
0
0
0
0
0
0
0
0
0
0
0
0
0
0
0
0
0
0
0
0
0
0
0
0
0
0
0
0
0
0
0
0
0
0
0
0
0
0
0
0
0
0
0
0
0
0
0
0
0
0
0
0
0
0
0
0
0
0
0
0
0
0
0
0
0
0
0
0
0
0
0
0
0
0
0
0
0
0
0
0
0
0
0
0
0
0
0
0
0
0
0
0
0
0
0
0
0
0
0
0
0
0
0
0
0
0
0
0
0
0
0
0
0
0
0
0
0
0
0
0
0
0
0
0
0
0
0
0
0
0
0
0
0
0
0
0
0
0
0
0
0
0
0
0
0
0
0
0
0
0
0
0
0
0
0
0
0
0
0
0
0
0
0
0
0
0
0
0
0
0
0
0
0
0
0
0
0
0
0
0
0
0
0
0
0
0
0
0
0
0
0
0
0
0
0
0
0
0
0
0
0
0
0
0
0
0
0
0
0
0
0
0
0
0
0
0
0
0
0
0
0
0
0
0
0
0
0
0
0
0
0
0
0
0
0
0
0
0
0
0
0
0
0
0
0
0
0
0
0
0
0
0
0
0
0
0
0
0
0
0
0
0
0
0
0
0
0
0
0
0
0
0
0
0
0
0
0
0
0
0
0
0
0
0
0
0
0
0
0
0
0
0
0
0
0
0
0
0
0
0
0
0
0
0
0
0
0
0
0
0
0
0
0
0
0
0
0
0
0
0
0
0
0
0
0
0
0
0
0
0
0
0
0
0
0
0
0
0
0
0
0
0
0
0
0
0
0
0
0
0
0
0
0
0
0
0
0
0
0
0
0
0
0
0
0
0
0
0
0
0
0
0
0
0
0
0
0
0
0
0
0
0
0
0
0
0
0
0
0
0
0
0
0
0
0
0
0
0
0
0
0
0
0
0
0
0
0
0
0
0
0
0
0
0
0
0
0
0
0
0
0
0
0
0
0
0
0
0
0
0
0
0
0
0
0
0
0
0
0
0
0
0
0
0
0
0
0
0
0
0
0
0
0
0
0
0
0
0
0
0
0
0
0
0
0
0
0
0
0
0
0
0
0
0
0
0
0
0
0
0
0
0
0
0
0
0
0
0
0
0
0
0
0
0
0
0
0
0
0
0
0
0
0
0
0
0
0
0
0
0
0
0
0
0
0
0
0
0
0
0
0
0
0
0
0
0
0
0
0
0
0
0
0
0
0
0
0
0
0
0
0
0
0
0
0
0
0
0
0
0
0
0
0
0
0
0
1
0
0
0
0
0
0
0
0
0
0
0
0
0
0
0
0
0
0
0
0
0
0
0
0
$ENER_FIT:
-1.4120 0.714444 0.000000e+000
$MCA_CAL:
3
-1.4120 0.714444 0.000000e+000
$ENDRECORD:
