$SPEC_ID:
Sample title.

$MEAS_TIM:
66943.14000 85010.23000
$DATE_MEA:
02/22/2017 10:20:13 AM
$DATA:
0 16383
0
0
0
2
1
1
0
0
0
0
0
0
0
0
0
0
0
4
23
80
126
147
141
144
149
176
187
191
160
178
169
163
201
168
125
171
148
175
149
165
152
130
144
166
146
165
164
135
145
139
5969
6149
6965
7156
7832
8840
9914
10976
12231
14517
17100
21804
26127
27855
27481
29852
33274
37729
42225
47861
54784
59539
62900
66199
70774
76201
82367
88982
92065
94434
98463
102354
107304
110767
114834
118319
121565
123605
126813
127931
129877
132576
134241
136045
138788
140834
141633
140356
140700
142576
143762
143327
147887
157451
167722
181276
221214
245487
225938
235383
260692
221343
177552
174206
167588
148317
138751
137155
138793
144163
152014
154996
157648
175295
193282
182759
166633
165558
160608
146789
136321
133127
133050
133498
133346
132956
132568
133273
133846
134023
134361
134220
134394
134792
134017
134777
134899
135533
134934
136102
135310
134202
135299
135196
136320
136419
137008
136812
136323
136054
136057
136010
135675
136682
135459
135478
136261
135534
136012
136499
135744
136729
135792
136380
135937
135248
136358
136417
135832
136311
135758
136280
135676
135308
135566
135326
134893
134885
134333
134341
134496
134336
134567
133305
133098
133284
135483
139068
140404
135404
131984
131200
130114
129988
130801
129568
128970
129206
128498
127244
127757
127176
126614
125842
125914
124833
124873
124384
123856
123453
123522
122165
121310
121036
120839
119514
119000
118062
118334
117556
117257
116929
115933
121447
141379
169750
169262
139415
118259
111569
109609
109576
108403
108209
107566
107129
106675
106578
105500
104476
103063
102548
101715
101278
104481
123236
156749
160973
129257
104571
97376
96070
95316
94140
93209
91780
91892
90823
90321
89576
88385
88576
88135
86985
86282
85697
86162
86967
89077
96481
104380
103149
92901
83839
80817
80472
79307
79535
78843
79080
77993
77664
77250
76375
76210
75653
75638
75115
75945
75306
75559
74912
75372
75239
75051
74588
75027
75008
74305
72985
73371
73018
72453
72532
72663
72158
73097
73811
75153
77212
80202
84963
90433
97041
101418
102967
102448
100848
99238
98041
96261
94760
94418
94004
93536
93622
93772
94386
94225
94028
94380
94728
95203
94130
93888
93320
92775
91678
90624
90235
89035
87552
86640
85731
84253
83424
82498
81758
81067
81400
80910
79185
77524
76338
76204
76367
75514
75018
74129
74211
73761
72889
73167
72617
72256
71774
71616
70882
70748
70424
70096
70127
69857
69328
69058
69185
68600
67928
68476
69960
71280
70683
68649
66542
66517
65768
65362
65536
65812
64892
64772
64055
63793
63141
62549
62274
62450
61395
61434
61061
60744
60473
59936
59975
59393
59644
59488
60118
59689
59060
58126
57775
57518
56686
56780
56197
55765
55665
55251
55740
55314
54757
54536
55245
54195
53862
53969
54121
53638
53637
53311
53439
52931
52647
52440
52495
51647
51984
52033
51345
51171
51407
51156
50842
51083
50696
52016
53429
54108
51998
50283
49809
49730
49832
49563
49597
49501
52678
59954
68484
65315
55498
50180
49044
48695
48355
48915
48317
48006
47970
47527
47659
47238
46472
46527
46801
45988
46163
45882
46382
47413
46633
46239
45415
45846
45292
45715
45274
44554
44747
44584
44171
44006
43799
43579
43902
43851
43528
43174
43319
42579
42988
42918
43071
42768
42957
42457
42546
42663
42105
42601
42676
42230
42012
41920
41912
42119
42127
41888
41911
41553
41587
41372
41233
41114
40840
41152
41263
40936
40449
41110
40364
40658
40721
40462
40427
40326
40492
40428
40443
40225
40369
40368
39987
40522
39953
39971
40240
39862
40099
39955
39894
39711
39625
39829
39958
40214
39668
39644
39484
39525
39636
39204
39176
38835
38773
38936
38970
38870
38535
38537
38125
38404
38395
38495
38203
38027
37954
38303
37934
37907
37585
37806
37741
37849
37740
37595
37499
37437
37694
37208
37506
37130
37384
37365
37133
37162
37108
37103
37091
37055
37367
37535
37726
37238
39709
43501
46717
43481
38624
37172
36395
36562
36604
36566
36506
36241
36907
36712
36459
36443
36617
36202
36171
36085
36215
36077
36420
36286
36578
36155
36007
36164
36158
36058
36152
36268
36026
35879
36326
35851
36260
36965
37641
36486
36432
35832
36159
35619
36472
36997
37851
39281
39997
40777
40155
40231
40559
40629
42060
42960
42783
41493
40113
40115
39632
39531
39146
38247
38331
37349
36182
35339
35236
34589
34910
34909
34545
34666
34859
34732
34245
34738
34703
34492
35092
34972
35237
34946
34898
34572
35042
35214
35146
34200
34373
34834
34883
35036
36317
37055
37560
41075
52816
81731
135421
199341
234010
212847
151817
91958
56970
42563
38922
39700
41915
40597
36764
34552
33614
33148
33440
33190
33400
33172
32900
32760
32728
32751
32594
32983
33288
33125
32251
32906
32462
32708
32607
33015
33050
33338
32876
32769
32489
32833
32709
33075
33180
32881
32493
32471
32004
32375
32351
32288
32055
32584
32134
32157
32401
32148
31750
31832
32399
31997
31901
32396
32233
33171
36863
43072
43858
39287
34265
32763
32226
31761
32013
31550
32218
32144
32389
32102
32346
32347
32071
32139
32275
31993
32433
32178
32163
32006
32103
32381
32134
32517
32123
32018
32000
31834
32043
32068
32140
32192
34524
50290
110767
209129
235591
152302
67997
36939
31873
31738
31238
30966
31173
31089
31278
31059
31208
31294
31720
33562
34347
33644
32927
32135
32412
32105
32142
31855
31566
31417
31490
31694
31602
31566
31581
32589
32196
31934
31844
31324
31234
31195
31360
31457
31670
31170
31191
31483
31352
31076
30943
31322
31036
31055
31518
32249
32148
31437
31061
30910
30747
30812
31117
30822
31295
30802
31272
31060
30905
30702
30777
30819
31093
30979
30597
30917
31253
30927
31160
31295
31420
30924
30778
30814
30508
30665
30951
30335
31004
31013
31410
30971
31014
31004
30907
30630
30711
30707
30737
30899
30991
31403
35987
56424
103097
135879
111605
63274
36822
31201
31203
33465
38363
42430
41291
39838
54596
88592
109703
85823
50611
34181
30836
30284
30414
30477
30104
30529
30123
30506
30418
30479
30223
30623
30472
30271
29879
29656
29869
29800
30288
30019
29741
30074
30090
30104
29672
30005
29970
30020
30327
30823
30228
30518
30293
30953
30862
31123
30885
31226
31403
31118
31603
31125
30949
30704
30580
30592
30643
30460
30563
30407
30432
30385
30448
30599
30319
30563
30731
30739
30677
30098
30256
30987
30753
30432
30314
30118
29742
30174
30240
29952
29952
30061
29944
29773
29726
30052
29655
29920
29832
29474
29721
29874
30038
30192
30181
29757
29728
30021
29923
29608
29669
30197
30091
30050
30736
30567
30903
30900
30543
30100
29835
29735
30024
30081
30065
30468
30442
30026
29721
29612
29594
30043
30312
29997
30176
30400
30380
30325
30251
29975
29796
29699
29665
29415
29917
29821
29636
29603
29971
30175
29943
29729
29887
29783
29983
29533
29943
30027
30117
30400
30681
30632
30682
30489
30746
30591
30328
30183
29885
30032
30266
30078
30495
30308
30355
31350
32560
32908
32446
30892
30922
30189
30208
30367
31392
31765
32193
32709
32276
32385
31182
30137
30170
30129
30352
30315
30310
30165
29936
29989
30211
29552
29558
29805
29668
29613
29592
29889
30514
30710
30330
30439
29907
29877
29756
30134
29981
30316
29666
30217
29937
29878
29723
30217
30148
30430
30235
30567
30243
30104
29930
30325
30606
30693
31983
35569
39768
39165
34741
31635
30568
30338
30119
30223
30099
29881
30063
30281
30416
30217
30505
30333
30309
30584
30820
30976
31080
31637
31918
35132
49689
75503
89657
73296
47138
34308
31162
30734
31132
32196
32677
32104
31224
30602
30386
30134
30639
30795
30647
30945
30713
30444
30190
30463
30234
30543
30680
30474
31002
30704
30769
30279
30522
30450
30441
30279
30606
30720
30951
31107
30889
31224
31603
31937
31955
31098
31125
30361
30971
30943
30993
30591
30482
30928
30959
31087
30897
31124
30654
30434
30393
30953
30852
30730
30485
30622
30757
30631
30867
30460
30746
30430
30714
30805
30800
30760
30346
31194
31325
32538
35731
38060
36481
33758
31688
30987
30955
31229
31010
31249
31309
30738
31192
31096
31191
31623
31447
31734
31125
31064
30760
31192
31169
30924
31595
32145
32516
32002
32060
31944
31633
31285
31123
31231
31460
31375
31334
31364
31479
31363
31563
31452
31322
31350
31088
31275
31184
31271
31360
31412
31239
31286
31347
31550
31590
31785
32261
31853
31557
31627
31600
31445
31940
32065
33538
36834
40787
39987
36270
32693
32107
31766
31696
31917
31693
31719
32241
31782
32010
31840
32001
31680
32199
31815
32087
31912
32064
32242
32826
33706
35291
37480
37106
35236
32948
31949
31995
32386
32253
31905
32353
32391
32688
32551
32478
32330
32418
32478
32359
32611
33557
34724
37225
37790
36711
34717
33127
32825
33936
40391
57449
76629
75901
57165
39872
34227
33344
33207
33110
32864
32533
32748
32578
32497
32884
33060
32698
32779
32817
32754
32852
33283
34519
34080
33287
33024
33048
33174
33398
33712
34425
34159
33409
33332
33057
33329
33288
33523
33594
33836
33532
33208
33309
33427
33757
33572
33270
33511
33405
33169
33566
33377
34192
35314
37970
40124
39390
36540
34979
34727
34573
34606
34618
34502
34379
34492
33994
34329
34186
34379
34456
34459
34897
35139
35134
34880
34890
34637
34621
34958
35277
35447
35713
35230
35902
35814
36187
37952
40703
41357
39960
36809
35799
35278
34929
34647
35032
34662
34904
34777
35235
37737
46730
62185
69743
61657
46366
37976
35036
34636
35046
34856
34845
34914
35483
35489
35909
35416
35052
35067
35006
34748
34853
34937
35062
35032
35302
34955
35445
35084
35175
35325
35078
35292
35147
35702
35378
35324
35754
35449
35196
35421
35660
35724
35668
35430
36151
35561
35549
36076
36088
35627
35782
35714
35726
35849
35778
36205
36136
36493
37066
37321
36362
35914
35803
35815
35606
35972
35836
35555
36202
35876
36059
37560
39649
40605
40253
37632
36697
36534
35779
36497
36286
36296
36160
36306
36657
37657
37817
37846
38580
39086
39362
37825
37408
36925
37326
37189
37052
36985
36653
36541
37343
36582
36853
37093
36849
37191
37194
37156
37346
36832
37066
37554
38007
37483
37589
37299
37273
37481
37737
37764
38859
38529
38244
37569
37703
37628
37815
38715
41914
45694
46640
43588
39965
38033
37892
37691
38414
39027
39054
38591
38463
38298
38287
38365
38858
39013
39059
38878
38699
38394
39093
39420
41162
41794
41364
39922
39078
38754
38497
38919
39283
39231
38918
38805
38680
39040
38908
38762
39222
39204
39314
38727
38721
39689
40022
39949
39583
39721
40093
40935
42186
43370
46355
50092
50941
48065
43649
41083
39773
39409
39808
39458
39284
39171
39600
39666
39949
39547
39592
40011
41103
45930
65264
101350
126289
111997
75376
51617
43570
41712
42063
41736
41907
41655
41658
41732
42230
42030
42217
41836
42044
42232
42197
42220
41842
42075
42374
42395
42413
42511
43229
42509
42649
42746
43247
42616
42479
42621
43041
42880
43368
42835
42874
42612
43373
43592
43309
43222
42696
42602
43280
43187
43062
43413
43485
43595
43592
43499
43344
43450
43715
43965
43819
43930
43627
43554
43848
43586
43356
43727
43647
43673
43901
43981
43870
44233
44055
43827
44370
44238
44613
44474
44338
44410
45575
49533
69053
123547
198149
224230
168713
95964
57656
46998
44687
44270
44234
44420
44741
44615
44781
44657
44910
45788
46481
47134
46597
45565
45103
44912
45930
45418
45393
45887
45604
45822
47073
47351
47768
46363
45529
45855
45564
45460
45546
45427
45412
45631
45763
46100
45757
46092
46974
47731
47601
47227
46261
45981
46022
46055
46115
46461
46261
46649
46898
46799
46215
46882
46820
46920
46839
47017
48503
53210
63557
70720
67589
57604
50370
48012
47061
47116
47164
47046
47353
46969
47201
47812
48130
48028
48418
47632
47909
48275
48848
49137
49236
48578
48602
48110
48983
48245
48283
48130
48246
47953
48246
48371
48282
48738
48894
48462
48453
48437
49073
48350
49002
49082
48645
48910
49044
48590
49283
49100
49097
49145
48831
49124
49204
49925
49583
49450
49715
49197
49525
49312
49785
50112
50181
50145
50263
50101
49943
49813
49942
50152
49873
50335
50136
49945
50742
50537
50649
50648
50725
50765
51315
51112
51076
51701
52223
54062
55738
56346
54707
53610
52874
52092
52328
52477
52265
52385
52429
52202
52535
52551
52783
52933
52731
52355
52749
52832
54681
58191
67319
76317
76035
67259
58139
54295
55030
55895
55466
54535
53906
53547
53483
54039
54061
54001
54051
54210
54023
54495
54461
54166
54401
54512
54563
54874
54941
55283
54818
55399
55262
55627
55352
55443
55246
55472
55191
55232
55270
55284
55097
55292
55349
55253
55169
55823
55600
55550
55627
54975
55270
55267
56004
55849
55745
55374
56095
56101
56150
56062
56008
55956
56260
55973
56407
56604
57171
56622
56477
57042
57205
56839
57010
57561
57017
56796
56626
56918
57075
56875
57168
57077
56825
56860
57262
57386
57335
57430
57642
58122
57769
57680
57957
58602
58717
57897
58311
58088
58185
58494
58393
58168
58381
59093
58309
58437
58054
58595
59109
59463
59222
58782
59236
59268
59196
59364
59587
58923
59966
60616
60789
59837
60000
59906
60144
60003
60117
59838
59947
60560
60216
60235
60492
60558
60471
60977
60276
60492
60702
60893
61093
61265
61206
60943
61458
61373
61883
61434
60997
61388
61592
61668
61938
61832
61825
62068
61817
61638
62496
62502
62510
62613
62342
62767
62730
62764
62348
62676
62891
63180
62648
62910
63325
63270
63595
63465
63706
64158
63388
63905
64127
64102
64720
64667
64436
64270
64381
64152
64190
64953
64543
64714
64577
65060
64399
65220
65254
65127
65141
65566
65749
65738
65722
66172
65888
65756
66330
65838
65987
66247
66837
66578
66243
66890
66664
67754
69628
72479
73659
72443
69424
67477
67252
66603
66838
66399
66723
66777
66515
67076
66419
67631
67177
67002
67463
67440
67140
67176
67460
67452
67648
67677
67538
67510
68019
68127
67864
67821
67834
68287
68165
68419
67905
68579
68558
68244
68227
68915
68686
68908
69162
69479
69245
69148
69315
68428
68830
68991
69070
68865
69595
69349
70123
70108
69588
69757
69760
70340
70108
70407
70614
70996
70994
70875
70232
70232
70587
70512
70875
71412
70849
71399
70886
70847
71120
71214
71122
71313
71729
71573
72144
72487
72008
72092
72274
71957
72068
72391
72061
72049
71943
72625
72980
72899
72699
72902
72937
72516
72956
72922
73237
73188
73371
73528
73453
73663
73187
73740
73533
74208
74047
74183
74512
74263
74638
74915
74572
74819
74736
74579
75055
77606
90169
134218
223881
310472
308519
219890
131904
88972
77217
76008
75001
76065
75990
75507
75814
75555
76472
76706
77537
77903
77398
77018
76366
76986
76337
76816
76528
76675
76850
77026
76803
76931
77408
76555
76898
78153
77884
77418
77867
77907
77890
78311
77528
77923
78107
78408
78192
78665
78303
78424
78992
78611
78736
79084
79041
79206
79158
79549
79018
79596
79630
79819
79721
81350
83438
88943
92373
89936
85708
83172
83203
83303
81883
81157
80607
80681
80490
80608
80830
80845
80684
81467
80919
81169
81064
81290
81493
81638
81108
81902
82292
82841
83467
83497
82785
82616
82847
83151
83324
82818
83382
83124
82864
83821
84245
85053
87468
91618
101268
125600
187386
305868
462864
588144
603359
500044
343448
211782
138465
108484
96745
92408
90304
89093
88894
88775
89053
88995
88463
88896
89022
89745
89600
89396
89424
90075
89138
90222
89433
89654
89691
89879
89513
90295
89621
90386
89813
90071
90358
90531
90333
90816
90463
90515
90783
91030
91167
91467
91611
91107
91594
91845
91802
91184
90934
91739
91377
91721
91398
91707
92243
92111
91793
92661
92555
91985
92093
93272
92436
92366
92860
92641
92747
92774
92869
92933
93431
92918
93095
93019
92915
93006
93550
93094
93484
93537
93811
93369
94103
93556
93593
94509
94177
94504
94524
95709
97211
97962
97120
96317
95334
95343
95506
94774
95304
95509
95194
94948
95344
96007
95220
95637
96077
95908
95884
94893
95851
95994
96020
95929
95809
95959
95873
96192
96033
96742
96357
96158
96815
96323
96570
96467
97080
96846
97439
96809
97107
96398
97316
97002
97622
97999
97313
97969
97778
97134
97491
97842
97291
98273
97960
98185
98042
98629
98132
98326
97892
98025
97924
98637
98067
98806
99042
99680
99128
99827
99552
99149
99521
99847
99292
99187
100359
100108
100171
99969
100617
100264
100092
100862
100078
100296
100723
101479
101548
103099
107589
113553
114157
111530
105886
101965
101558
101814
101285
101728
101525
101615
102000
101877
101964
101917
102717
103301
103292
103333
103095
103057
102791
102950
102611
102790
102632
102473
102526
102623
103511
102816
103197
103587
103966
102928
104182
103825
103758
103588
103754
103645
103657
104170
104533
104655
104545
104732
104899
104572
105150
104850
105407
106064
106005
106662
110129
115819
125229
131210
129081
121355
113411
109724
108096
107773
108643
108235
108196
108681
107877
108057
108116
107756
107565
108198
108036
107824
107766
107468
107406
107780
107243
106738
107606
106932
107279
107380
107259
106532
107296
106846
106912
106576
106907
106737
106412
106509
106832
106508
106911
106264
107189
106379
106577
106719
107336
106391
106906
106418
106305
106900
106611
106923
107344
107011
107517
107180
107471
108140
107277
107322
108000
107686
107908
108250
108632
109668
109390
110079
111060
110497
110609
109783
109706
109941
110862
110891
111311
112253
112806
112718
113020
113229
113328
114733
113927
114805
115585
116153
116588
118100
118921
119001
119540
119837
120154
120920
121692
122559
124172
125461
126108
127919
128916
129912
130972
132247
133418
134904
136923
139817
142186
143575
146223
148186
150863
153337
157401
160431
164557
167318
169750
172679
175954
180130
184363
188489
193691
197222
203331
207689
211882
218151
222821
228680
234122
239132
244686
249092
253956
259153
263580
268176
271541
271619
273206
273332
271724
266737
262219
253163
241060
229041
217082
205179
195916
188301
182644
179000
174726
169944
164017
159473
155411
152301
150419
148318
146780
144852
143312
142234
141936
140325
139607
137773
137353
135016
134464
133304
132330
131433
130884
129948
129378
128965
127727
126865
125723
124965
124503
123745
123542
123476
122493
121197
121012
119814
119488
119106
118547
118097
117083
117140
116811
115835
115312
115394
114080
113817
113894
113143
112747
111919
111536
111172
111193
111003
110652
110959
110263
110674
110209
110013
108742
108460
108280
107511
107736
107355
107402
106816
106563
106835
107115
106508
105469
105837
106010
106381
105862
105942
105679
105153
105384
105845
105020
104698
105095
105279
104809
105397
104923
104846
103985
104341
104643
104194
104400
104307
103850
103237
103622
104116
104156
104019
102885
103136
103513
103786
103367
102811
102924
102863
102829
102339
102232
102934
102243
101827
102222
102767
102204
101320
101900
101777
101538
101897
101334
102558
103350
102779
102626
100988
101220
100991
100256
100166
100312
100152
100285
99480
99769
99615
99115
99471
99085
99027
98840
98745
98171
97588
97996
97608
97287
97255
97361
97205
95858
95918
96076
95482
95354
94857
94222
94351
93717
92998
92909
92829
91481
91255
91069
90208
90246
89919
88737
88629
89052
88536
87926
87295
86869
86989
86345
85507
84648
84875
84380
83814
83446
83502
82901
82675
82528
82178
82120
82191
82146
83884
83742
84285
83843
81705
81155
80741
80310
80200
79387
80150
80066
79706
79206
79050
78930
78913
78828
78658
78496
79052
78304
78510
78324
77806
78184
78055
78063
77895
77951
77300
78158
77549
77361
77205
77139
77135
77057
77068
76483
77072
76168
75987
76048
75873
75200
75859
74945
74954
74983
75327
76014
76182
76113
75233
74251
73658
73527
73228
73274
72819
72955
72339
71704
71446
71764
70986
70934
70851
71007
70281
71039
71222
71767
71222
70861
69290
68923
69104
69050
68494
68369
68800
68951
68765
68442
69331
69291
69521
69646
69650
70139
70081
70218
71219
71701
72694
74508
77393
81274
84015
83648
82071
81129
82655
84642
89227
100080
144260
397987
1723578
6615826
18120000
33805432
42492528
35955180
20440392
7804958
2003944
353694
49948
12999
9535
8710
7945
7008
6578
6298
5872
5662
5340
4825
4558
4331
4112
4101
3913
3834
3712
3709
3687
3612
3447
3319
3297
3250
3232
3282
3222
3101
3002
2844
3002
2920
2985
2936
2778
3131
3605
4058
4192
3753
3176
2940
2762
2781
2768
2746
2697
2721
2470
2565
2492
2629
2499
2636
2543
2385
2397
2286
2341
2348
2222
2255
2351
2248
2145
2154
2079
2205
2165
2152
2005
2100
2093
2131
2125
2087
2060
2000
1871
1885
1919
1983
1910
1956
1951
1883
1987
1874
1796
1898
1782
1796
1689
1705
1787
1757
1704
1700
1602
1587
1626
1498
1465
1516
1491
1506
1437
1346
1392
1438
1419
1654
1891
2024
2089
1840
1641
1634
1580
1515
1500
1332
1384
1259
1264
1261
1307
1317
1237
1341
1528
1992
2782
3193
3070
2405
1704
1431
1288
1157
1282
1211
1202
1204
1191
1170
1191
1178
1182
1236
1326
1449
1491
1368
1343
1242
1238
1207
1157
1118
1160
1249
1333
1437
1647
1834
1917
1925
1984
1873
1635
1502
1406
1482
1402
1358
1259
1169
1137
1180
1144
1128
1182
1150
1138
1149
1196
1169
1232
1223
1182
1176
1225
1247
1227
1221
1315
1333
1320
1371
1219
1211
1258
1191
1076
1205
1412
1949
4089
8296
12995
14690
12060
7105
3383
1676
1219
1099
1071
1116
1142
1125
1112
1170
1239
1258
1285
1188
1146
1165
1161
1150
1197
1147
1107
1152
1101
1135
1122
1139
1173
1193
1168
1159
1209
1292
1276
1270
1175
1190
1131
1136
1045
1104
1095
1129
1191
1197
1183
1173
1131
1111
1078
1145
1247
1307
1371
1350
1312
1347
1212
1233
1176
1209
1317
1677
2305
3290
4221
4394
4274
5328
7285
8255
6983
4455
2483
1505
1175
1111
1141
1119
1102
1113
1072
1073
1116
1079
1058
1082
1128
1125
1256
1543
2245
3019
3488
3062
2294
1695
1356
1318
1302
1158
1171
1217
1157
1233
1273
1232
1286
1308
1352
1249
1145
1183
1071
1131
1107
1188
1203
1217
1264
1582
2193
3154
4155
4155
3290
2195
1512
1241
1119
1126
1151
1090
1100
1111
1115
1094
1065
1115
1038
1059
1095
1073
1138
1084
1120
1171
1085
1058
1158
1325
1617
1876
1863
1710
1436
1255
1185
1104
1126
1080
1112
1091
1103
1097
1115
1101
1210
1190
1248
1405
1512
1656
1671
1549
1384
1279
1186
1113
1126
1104
1155
1105
1093
1114
1068
1149
1187
1208
1237
1400
1885
2900
4561
6415
7049
6171
4012
2328
1452
1166
1147
1078
1425
2378
4847
8499
11117
10710
7365
4035
1974
1334
1065
1091
1040
1094
1061
1097
1057
1037
1132
1126
1130
1152
1070
1020
1038
1005
970
999
1037
1051
1058
1078
1020
1042
1052
1007
1031
1054
1017
1041
1103
1198
1269
1249
1185
1083
1051
1044
1052
1060
1082
1101
1129
1254
1290
1247
1211
1088
1072
1023
957
1038
979
1010
1027
1021
1040
1010
995
1057
1064
1182
1134
1037
1085
1022
1013
1020
1006
947
962
997
968
982
937
964
1000
1023
1120
1148
1123
1034
1110
1007
939
991
1037
1004
989
1016
1029
1060
1065
1133
1141
1275
1429
1531
1425
1273
1155
1082
1025
958
983
971
966
999
1041
1035
1020
1098
1115
1291
1213
1146
1054
1104
1062
1068
1074
1020
1039
1145
1292
1492
1696
1518
1329
1087
1102
1029
955
978
902
969
1049
1002
984
968
1065
1247
1546
2063
2373
2215
1633
1294
1078
989
987
993
943
1015
922
958
952
1041
987
991
998
1040
965
1029
946
968
1011
955
1163
1383
1758
2092
2206
1832
1420
1104
1045
1022
1149
1312
1472
1475
1292
1110
1048
1051
1023
1117
1221
1159
1123
1044
994
1006
1002
997
999
1030
1008
1062
1114
1146
1175
1081
1106
1090
1031
1002
1009
1061
1036
1003
995
935
989
1012
1031
1043
1081
1097
1114
1095
1056
1106
1045
983
1010
1029
1032
1047
1062
1092
1081
1092
1013
1124
1083
1122
1046
1092
1000
1011
1021
1059
1096
1202
1232
1250
1250
1084
1155
1025
943
988
958
948
941
990
951
1006
961
930
994
1005
994
977
943
1027
954
944
948
1064
1005
937
991
1007
1036
1040
1122
1226
1409
1404
1383
1368
1239
1065
1004
948
970
973
980
1021
970
995
1036
1008
926
910
1032
1027
970
1059
1055
1094
1114
1377
1794
2299
2592
2281
1753
1375
1084
1006
998
1058
943
972
906
911
933
1020
965
1008
1003
1053
1024
1025
1027
1005
1042
1022
1109
1270
1255
1235
1113
960
1000
1003
990
1058
992
1025
1025
1140
1162
1175
1174
1029
1016
938
984
939
961
947
989
989
1009
1030
987
952
1003
949
985
950
962
969
1010
995
1010
1038
1080
1110
1093
1075
1015
1003
983
1042
1176
1270
1422
1422
1322
1234
1167
1125
1189
1181
1079
1026
916
905
1024
913
1019
983
1003
936
1050
988
1099
1024
1120
1009
966
957
1007
961
923
934
1030
1147
1431
1839
2383
2358
2157
1645
1252
1015
1009
911
998
973
933
965
929
1009
985
988
960
1003
1028
939
1036
981
999
1034
956
935
921
899
921
882
929
919
970
1004
938
968
1017
978
934
1024
1055
926
949
928
1014
1163
1334
1403
1480
1355
1253
1266
1202
1123
1116
986
915
988
975
996
940
961
967
996
977
1059
1100
1126
1202
1132
1085
999
958
956
1015
968
984
968
964
1118
1108
1094
1017
974
1002
936
915
937
926
949
918
1033
959
999
968
943
943
900
954
985
926
979
951
951
944
961
943
938
901
961
865
912
937
978
951
966
998
921
931
921
867
971
959
1047
1199
1642
2009
2154
1946
1610
1152
1012
962
916
927
967
1132
1722
3040
4836
6300
6126
4833
3011
1859
1330
1175
1009
948
896
927
906
918
938
958
917
972
956
933
941
887
946
909
881
907
945
966
940
1002
995
958
998
981
996
972
987
940
945
942
1053
1043
1058
1142
1098
1053
1017
1106
1178
1694
2027
2092
1978
1626
1265
1190
1263
1160
1118
1084
972
1004
1061
1079
1208
1253
1361
1330
1277
1189
1215
1284
1405
1359
1232
1085
970
913
971
908
959
980
995
953
945
948
894
947
936
977
991
983
928
883
889
898
917
974
993
983
1022
968
986
968
999
963
977
941
864
912
914
901
936
955
1156
1536
2433
4161
5838
6741
5923
4027
2293
1405
1136
1068
1166
1224
1317
1285
1410
1698
2012
2219
2212
1897
1621
1378
1231
1129
1008
983
962
1034
958
1100
1155
1048
1017
923
921
867
929
889
941
911
929
924
896
944
915
945
944
920
942
952
1139
1428
2114
3238
4440
4636
3843
2561
1653
1186
990
943
944
895
897
945
941
944
1076
1090
1107
1178
1084
1069
1018
1004
897
894
927
951
955
1043
1118
1169
1428
1980
2920
3342
3377
2618
1780
1325
1087
964
983
916
928
977
918
1007
949
952
924
956
1087
1239
1595
1862
1827
1598
1209
1025
943
950
890
902
876
950
926
997
1035
964
982
960
922
961
913
971
911
910
928
921
879
951
930
916
990
1397
2088
2986
3904
3814
3091
2042
1281
1032
974
991
914
941
916
962
1003
967
924
913
886
913
913
910
912
908
874
885
938
893
811
857
882
898
883
914
912
871
902
888
942
907
931
855
897
913
844
929
914
875
864
883
922
895
940
930
1003
1073
1097
1048
1052
981
1051
1037
965
937
916
903
940
880
878
921
964
991
966
1022
1047
1128
1274
1357
1405
1548
1436
1400
1432
1764
2392
3182
3797
4085
3616
2874
2019
1454
1148
970
1023
999
973
969
920
940
943
980
997
946
941
962
982
939
944
1041
950
953
961
972
931
1024
953
946
942
946
935
963
912
1000
979
995
912
995
890
989
948
945
985
1001
1073
1030
985
939
922
897
991
937
927
963
946
995
886
943
1023
1313
2164
3726
5866
7283
7130
5202
3184
1774
1176
964
1019
962
916
902
935
973
986
906
948
946
997
910
935
923
915
958
987
995
1001
1080
1000
991
948
937
929
958
880
970
989
944
974
987
887
995
917
927
999
916
936
965
994
934
992
975
970
998
952
883
904
960
946
876
970
983
957
967
965
959
929
1002
1011
984
998
1041
999
951
1024
998
961
1019
975
939
999
968
1019
1035
1051
1013
1036
955
969
923
924
938
953
963
961
997
952
992
981
990
1116
1094
1165
1275
1265
1210
1007
1012
965
943
944
958
1027
1030
1055
1018
988
1091
1011
982
962
941
916
919
911
948
992
936
1055
1004
1067
1022
991
945
931
927
879
916
982
947
951
980
910
947
969
861
921
942
891
920
966
921
944
980
1023
980
1012
1002
1061
963
956
995
946
952
940
963
951
931
965
978
925
924
955
1012
1024
1038
935
1042
973
976
909
1014
987
1010
970
970
924
967
989
1067
961
1020
976
939
919
920
884
945
969
886
957
969
1014
1069
1060
1107
1140
1196
1534
1917
2107
2129
1819
1328
1117
1014
1002
1030
1003
953
1023
932
922
962
941
945
1022
940
1005
927
968
958
1111
1222
1423
1555
1584
1414
1275
1078
972
928
918
1018
1006
948
984
1072
1088
1164
1142
1092
1021
990
963
945
991
991
988
961
954
965
1001
1018
960
979
966
1007
1019
982
971
1014
1008
1015
1009
978
988
968
1008
990
1010
1000
1054
1061
1081
1191
1220
1269
1253
1215
1093
1125
1186
1160
1140
1125
1069
1153
1076
1086
1151
1119
1175
1210
1204
1208
1167
1173
1164
1190
1256
1147
1144
1161
1198
1082
1125
1115
1154
1036
1102
1046
1005
1074
1142
1143
1237
1307
1287
1306
1300
1125
1158
1064
959
961
952
1033
982
950
992
1050
1082
1107
1140
1090
1043
1013
932
935
922
1000
942
937
960
918
986
934
920
984
912
965
983
941
915
957
982
988
987
1167
1299
1589
2090
3231
5446
7752
8944
8057
5625
3273
1779
1171
939
985
964
1030
957
917
927
941
866
894
903
966
884
937
952
960
955
888
955
896
932
897
946
883
839
937
917
864
895
922
858
942
933
939
855
920
934
957
1001
954
951
913
932
919
975
928
927
915
903
886
911
1192
1871
3095
5081
6590
6873
5514
3766
2206
1435
1304
1661
2607
3726
4523
4543
3530
2283
1401
1044
894
839
880
911
902
913
877
875
830
867
869
892
875
912
884
894
928
877
934
902
898
895
887
915
906
915
896
976
886
860
884
937
884
852
910
846
844
932
897
921
933
893
845
849
853
850
810
874
901
901
934
946
923
880
909
974
1115
1454
2191
2915
3578
3823
3434
3075
3040
2848
2554
1976
1481
1143
1002
849
864
872
829
806
862
876
854
868
858
861
799
868
842
817
808
915
901
967
1043
1014
1020
1027
969
884
884
818
881
816
810
826
834
804
815
834
811
870
837
813
852
867
820
833
802
844
846
797
894
824
810
843
839
841
837
841
851
854
824
862
860
854
894
828
821
832
855
846
749
822
861
820
810
807
882
842
888
828
846
848
918
888
833
837
862
823
873
830
857
856
904
838
944
981
1110
1085
1107
1072
1000
960
997
820
823
914
822
860
864
903
822
880
850
863
932
1047
1311
2337
4351
7195
9640
10185
8545
6067
4794
6487
13725
27886
45181
56254
53980
38647
21624
9320
3410
1392
919
823
800
767
709
733
744
713
726
736
743
740
714
788
838
926
978
954
887
851
768
761
752
769
767
758
748
769
766
811
863
918
892
806
785
796
734
790
727
756
768
771
728
758
754
855
974
1063
1256
1251
1216
1030
861
841
788
723
697
752
772
780
788
853
811
858
837
765
853
813
750
736
854
930
1129
1259
1336
1268
1056
891
831
736
790
759
760
790
807
807
771
753
773
768
770
775
750
704
725
725
738
772
745
778
764
782
757
762
751
799
779
814
782
776
701
756
775
769
752
738
773
724
729
775
820
786
783
733
771
773
797
785
809
761
729
794
734
746
762
775
763
734
734
744
707
760
866
813
740
743
772
733
744
741
813
750
737
759
786
783
816
769
802
793
765
759
725
766
704
732
750
743
779
804
816
809
727
741
801
769
803
723
787
761
746
758
806
785
899
1102
1395
1653
1900
1756
1487
1213
1001
835
796
796
779
780
810
775
842
738
800
779
784
811
739
785
766
760
822
764
768
847
795
753
809
823
773
742
783
796
814
875
891
835
834
817
798
798
944
1050
1275
1493
1717
1690
1478
1285
962
860
778
761
806
783
835
794
852
822
831
835
827
824
755
776
799
790
785
754
785
808
843
861
805
863
859
841
853
828
791
829
827
928
990
1082
1091
976
974
889
853
776
778
835
892
905
929
985
938
929
908
920
874
784
723
802
760
816
789
811
815
753
836
807
768
763
795
803
787
804
780
800
815
838
822
783
801
798
825
821
845
917
866
884
824
917
938
1146
1384
1813
1963
2103
1802
1393
1023
883
908
841
849
916
912
1011
989
1214
1474
1837
2175
2400
2151
1868
1523
1188
1005
864
862
883
859
838
821
833
827
831
856
890
796
937
878
847
885
863
879
890
951
1012
966
968
918
925
836
872
816
874
848
930
1135
1522
2347
3648
4551
4782
3982
2695
1691
1165
880
895
871
896
1003
1067
1154
1112
1077
922
961
830
815
817
866
919
798
901
897
872
878
859
882
867
885
904
866
862
850
953
887
888
853
893
877
907
920
1059
1198
1370
1520
1524
1418
1209
1083
956
920
921
847
849
807
842
884
821
924
909
940
975
883
970
907
932
905
917
864
898
906
851
848
820
817
885
866
903
861
883
855
852
882
843
918
849
877
829
919
831
854
860
873
862
915
849
868
855
854
900
855
879
807
821
829
878
886
934
956
1108
1242
1405
1454
1495
1365
1163
1000
941
857
861
896
916
961
867
944
929
893
947
918
917
968
853
923
869
903
873
865
882
861
902
917
895
969
844
902
917
884
859
891
918
851
882
871
916
903
925
860
965
958
987
1109
1189
1315
1286
1254
1087
956
899
824
895
876
855
870
898
982
1005
1022
1027
1110
1155
1205
1185
1137
1042
937
932
961
907
903
858
905
908
884
916
933
948
885
955
903
972
1035
908
944
939
926
921
900
867
897
867
891
898
931
916
945
879
922
893
901
909
946
875
918
905
975
958
871
944
911
940
907
919
943
963
1056
1005
1039
911
956
919
954
895
871
910
915
886
882
951
961
927
971
938
917
914
944
908
864
914
864
853
881
853
950
900
897
906
905
910
911
894
870
860
914
897
915
954
919
941
934
862
868
923
966
937
922
890
1057
1237
1485
1894
2228
2351
2139
1738
1258
1092
934
985
996
960
990
934
981
977
908
973
956
1045
1014
1008
1034
1059
1054
1073
1066
1031
1020
1044
1053
1133
1130
1087
1079
1200
1195
1352
1588
1883
2046
2031
1911
1717
1523
1323
1259
1313
1293
1353
1366
1428
1485
1408
1461
1396
1457
1478
1406
1420
1448
1436
1370
1415
1388
1370
1283
1229
1178
1196
1066
1107
1232
1186
1144
1160
1124
1127
1005
1016
1039
1024
1038
1136
1076
1067
1132
1058
1072
1049
1009
1041
980
944
1024
1001
944
983
976
1091
1145
1332
1713
1833
1982
1933
1640
1344
1142
1142
994
1044
1022
990
994
971
981
1022
1027
979
1030
1031
1100
1106
1024
1071
1011
1030
977
950
922
947
960
970
950
982
949
1002
930
892
923
929
950
1014
992
1044
1053
998
1043
934
981
945
933
952
863
938
891
882
911
882
858
954
922
887
924
913
927
942
938
901
875
904
944
940
910
864
940
931
949
920
902
909
927
880
871
886
889
971
926
934
965
939
975
963
921
893
960
1054
1024
961
964
997
885
938
858
884
855
831
890
822
924
869
918
878
845
830
826
832
858
902
917
814
879
856
899
944
967
1032
1128
1191
1151
1056
1011
943
915
921
826
888
854
829
876
801
849
881
863
900
833
833
819
846
836
808
789
845
801
854
847
848
865
925
947
960
975
1038
899
948
843
888
878
889
858
836
821
835
821
816
793
816
787
814
797
776
760
788
776
821
800
800
791
869
781
806
779
792
796
797
794
836
770
810
823
796
785
774
819
802
754
777
785
794
814
817
771
747
798
839
886
858
860
944
845
838
859
782
875
784
809
773
806
852
760
783
835
769
824
835
756
762
817
799
744
795
813
825
838
826
795
825
883
927
938
1013
1009
1031
938
912
874
884
951
995
1247
1576
2119
2801
3975
5669
7523
9186
9812
8721
6707
4560
2889
1930
1375
1195
1280
1557
2027
3519
7271
14625
27666
42650
53349
52840
40987
25381
12377
4896
1809
895
657
630
636
638
653
598
643
605
631
660
631
645
659
652
654
626
654
572
602
640
608
649
623
640
674
617
624
625
627
617
617
625
626
655
646
631
675
623
685
607
636
685
643
634
614
630
652
626
607
667
681
696
627
653
653
618
648
615
621
657
615
631
594
588
622
648
650
693
634
631
645
679
655
648
749
948
1820
3229
5274
7353
8514
7839
5636
3459
1868
1160
735
672
644
629
631
565
626
596
675
747
805
926
1025
1139
1093
1053
952
804
715
666
649
655
661
619
600
593
627
607
617
618
669
628
638
633
646
619
579
671
717
685
653
593
641
553
631
578
639
619
648
650
604
646
678
630
637
640
788
1029
1578
2576
3654
4453
4443
3369
2253
1408
896
696
644
589
607
637
628
596
644
622
607
598
621
636
560
625
649
601
600
625
595
587
597
590
572
595
583
601
597
581
609
558
587
632
599
629
601
614
654
609
652
652
616
612
598
620
633
626
685
633
674
617
632
604
586
651
606
649
651
752
627
645
645
678
678
624
655
621
642
599
664
659
669
671
609
658
704
627
675
634
651
646
643
635
660
650
668
620
705
718
672
705
748
781
773
728
661
645
631
656
661
593
609
628
638
665
740
809
959
976
986
857
825
703
626
631
608
628
605
653
628
629
580
642
616
647
661
650
657
624
629
625
657
690
599
647
632
641
658
673
743
666
637
636
641
647
672
631
699
650
671
661
673
673
662
679
697
711
733
677
696
673
661
703
730
688
708
706
732
712
727
758
742
792
824
810
822
799
841
854
938
981
925
1011
963
1002
907
920
913
923
936
944
927
878
953
902
920
896
892
834
895
848
875
841
968
982
1053
1051
1068
950
844
802
696
735
672
684
629
648
651
647
704
671
680
625
667
690
660
636
658
614
661
681
674
597
676
677
661
658
677
660
657
738
871
973
1010
1026
957
888
758
675
647
635
622
741
776
888
1255
1540
1536
1403
1147
937
763
628
627
627
624
620
685
694
704
847
1160
1668
2269
2813
3065
2838
2403
1828
1408
1096
921
720
662
680
636
722
706
809
897
971
894
902
810
746
725
669
615
637
624
653
552
614
631
658
733
765
809
801
835
857
780
923
998
1176
1354
1451
1420
1280
1130
975
851
692
627
630
633
596
576
569
585
586
539
575
608
549
558
551
566
573
564
568
592
546
566
559
585
599
606
634
619
533
566
569
548
592
654
603
558
548
544
541
496
538
560
569
553
548
497
520
552
545
550
528
533
552
552
521
561
509
528
577
541
531
563
502
563
492
465
538
525
571
512
535
492
494
525
532
522
541
462
471
497
561
627
522
560
536
551
497
524
496
494
534
511
478
509
501
524
500
481
493
435
474
468
499
458
521
608
731
1127
1452
1850
2234
2058
1582
1130
743
615
533
475
504
481
552
558
577
491
523
504
486
500
476
499
447
482
515
508
522
454
480
471
469
469
487
518
511
538
493
438
485
465
426
494
480
527
528
524
524
502
539
537
515
513
542
592
708
847
1050
1272
1371
1298
1059
922
680
552
528
500
471
522
506
489
423
477
488
481
482
444
492
519
518
550
580
611
566
498
560
522
525
550
736
1155
1631
2254
2659
2540
2053
1530
985
720
631
570
683
777
1775
4661
12080
26715
48160
70693
83078
77542
58023
34348
16199
6327
2243
995
746
716
755
691
637
502
461
434
407
365
371
429
463
498
490
410
330
320
299
307
315
275
314
264
268
291
262
264
246
263
287
278
292
267
258
286
281
282
284
346
324
376
375
304
306
285
304
275
280
274
249
262
281
245
284
272
272
274
281
336
335
375
370
366
324
311
291
287
272
298
331
339
302
301
303
328
323
301
301
308
294
313
326
296
285
295
311
312
305
351
343
367
325
390
410
507
517
717
947
1154
1232
1187
1014
795
623
477
380
384
382
427
513
811
1464
2396
3534
4493
4553
3792
2681
1502
816
461
340
326
327
356
292
336
354
373
390
495
542
641
749
826
789
707
750
776
798
794
667
580
475
415
381
345
346
333
338
350
304
318
300
296
288
277
297
278
298
275
302
302
290
329
327
304
325
307
344
324
263
300
280
302
281
286
280
301
299
293
284
283
299
292
254
320
280
308
299
264
276
289
305
288
313
292
313
313
300
331
310
304
282
280
298
278
264
265
306
309
296
330
350
349
486
493
533
450
414
355
330
328
273
261
299
265
261
259
256
246
262
250
274
231
249
236
259
269
274
259
270
264
254
285
277
250
277
270
265
267
269
273
296
279
298
303
269
262
290
295
281
240
251
290
279
270
263
302
275
285
237
284
304
257
244
280
263
277
283
282
273
252
275
267
304
281
266
289
268
272
267
263
293
266
233
258
256
270
292
271
279
235
265
289
282
254
287
278
281
262
289
304
265
271
272
273
265
289
300
305
319
294
276
267
287
242
270
229
270
268
243
247
236
261
229
229
240
252
283
255
232
236
256
294
234
226
273
250
241
248
263
265
260
251
263
254
248
245
242
254
257
235
248
236
262
230
213
254
244
237
258
210
244
217
234
248
234
241
247
215
268
278
279
270
239
240
240
228
232
238
225
221
220
241
226
255
230
231
268
275
237
271
255
260
241
225
245
229
254
247
247
238
258
281
253
254
262
270
281
247
263
256
237
226
221
234
258
241
246
253
268
212
279
241
250
264
319
532
1113
1987
3723
5995
8360
9797
9816
8375
6284
3825
2105
1018
516
350
335
454
748
1351
2064
2640
2725
2497
1842
1202
646
442
333
243
251
257
242
284
447
607
982
1350
1634
1687
1586
1245
1330
1921
2876
4180
5586
6281
6311
5833
4624
3258
2115
1167
633
337
256
222
211
219
219
232
197
199
176
196
189
210
213
179
198
182
223
215
258
272
314
274
262
242
207
197
193
177
194
184
185
188
177
165
161
191
159
203
184
183
159
173
174
182
174
214
173
176
161
161
175
189
200
163
154
184
192
187
207
159
197
172
144
201
175
191
177
151
176
173
188
173
181
175
209
215
294
423
663
827
865
777
650
441
283
209
190
184
163
169
153
195
158
155
180
159
193
165
173
185
175
159
164
153
181
134
187
167
168
186
165
158
161
166
160
171
151
144
150
155
168
168
173
192
203
188
210
168
196
205
171
169
170
165
166
178
174
161
169
192
191
183
201
195
175
155
171
162
191
190
189
171
183
179
165
166
173
255
461
970
2166
3833
5613
6693
6479
5364
3490
1868
950
455
244
182
199
153
150
141
136
136
136
130
140
161
141
144
156
157
146
162
150
131
134
120
120
137
150
142
130
151
126
141
131
145
135
133
125
120
147
124
133
131
124
109
130
106
126
122
125
133
141
119
114
120
122
125
121
116
130
121
150
125
148
143
142
109
127
129
130
121
116
131
146
104
130
133
124
136
143
122
126
122
128
123
137
120
143
129
136
139
141
115
113
111
108
118
117
121
112
127
128
132
106
123
119
132
114
121
142
182
262
382
536
712
835
830
723
563
443
334
212
175
134
142
150
135
149
149
154
172
170
184
165
178
148
117
158
148
144
151
139
127
140
141
156
169
190
239
468
1054
2172
3844
5735
6689
6657
5348
3428
1815
927
382
190
144
183
337
658
1173
1848
2400
2485
2179
1557
927
507
244
139
119
115
106
144
177
240
326
363
423
358
301
230
217
313
599
1193
1949
2846
3626
3624
2993
1968
1144
534
261
143
120
107
79
104
97
101
77
106
100
93
115
119
125
135
173
200
218
248
273
348
408
433
438
396
334
237
167
145
110
119
106
110
110
109
145
138
139
134
124
127
119
133
128
108
152
171
170
163
145
134
139
108
127
109
130
143
136
131
138
125
96
120
132
131
153
245
385
553
746
837
839
658
464
308
204
135
147
153
137
131
97
96
107
87
95
97
117
100
80
90
98
107
98
95
111
104
81
102
110
99
97
103
89
80
101
110
89
100
115
91
92
97
98
93
123
101
107
109
95
124
101
101
90
108
100
94
110
111
120
130
148
146
167
123
121
120
117
100
89
104
105
109
129
116
105
114
93
98
104
107
97
96
126
124
139
131
116
115
101
103
106
91
88
116
99
111
110
105
113
76
114
114
92
93
99
114
102
105
118
142
134
124
73
103
102
92
92
94
89
99
94
106
94
91
95
93
96
111
117
143
145
142
143
172
145
195
186
205
206
155
148
114
109
101
111
106
94
98
123
77
112
94
104
101
106
110
95
88
95
99
101
100
85
89
100
103
110
104
112
118
102
99
104
108
94
116
101
106
82
111
103
101
103
97
121
117
113
124
114
106
130
149
134
134
87
116
124
112
137
103
102
125
127
131
128
104
99
100
97
114
132
115
103
120
102
102
120
112
125
133
114
92
124
96
99
100
91
110
87
121
108
120
132
121
135
149
143
104
116
93
110
111
100
97
82
103
85
116
88
114
76
98
99
91
96
97
91
82
95
117
111
110
106
134
160
167
259
344
511
603
756
751
851
736
614
489
349
260
186
158
132
124
129
124
105
117
93
96
120
106
98
119
101
91
93
96
92
91
93
78
97
109
127
132
107
112
130
115
116
96
93
87
79
94
96
110
87
108
98
96
96
111
83
97
101
136
100
104
108
110
111
107
109
111
119
90
93
116
102
90
86
108
89
91
115
103
112
108
109
97
117
139
145
130
124
101
116
105
104
102
89
108
104
97
99
109
92
110
113
71
126
85
105
114
104
127
157
162
186
167
149
147
128
99
105
107
88
97
100
91
80
125
118
124
111
136
163
208
233
280
302
310
303
278
294
283
255
233
183
178
126
90
102
125
101
103
98
86
98
106
99
100
118
147
158
123
99
117
120
87
94
94
96
101
93
97
86
104
85
113
157
224
318
461
516
607
512
419
314
245
186
116
125
90
102
104
110
80
105
102
113
83
96
87
96
70
75
78
84
78
90
91
79
87
82
108
104
86
102
88
79
83
85
92
76
81
77
92
100
76
81
81
86
95
72
109
86
82
112
113
97
104
129
99
97
84
83
100
90
92
80
82
83
85
94
98
98
91
95
89
87
71
78
93
100
93
115
100
106
107
91
124
88
90
99
99
81
88
83
92
95
107
85
99
102
119
107
121
106
95
98
99
115
232
503
1052
1940
3095
4140
4626
4284
3287
2129
1159
565
244
140
87
85
86
68
66
68
77
82
79
74
79
72
79
96
76
84
82
81
79
78
90
77
87
81
91
85
95
92
86
82
105
95
86
80
105
71
80
85
101
72
78
87
81
77
90
82
62
79
81
95
70
94
84
96
86
86
92
106
89
75
97
83
78
81
93
93
100
85
91
83
89
101
99
106
102
86
107
112
79
96
83
106
84
99
103
87
107
127
206
287
444
603
716
811
775
697
513
389
315
225
161
118
84
113
86
78
95
82
78
110
110
113
123
120
88
107
99
114
98
158
203
253
403
430
505
417
342
217
153
117
101
92
106
104
115
79
87
84
93
75
93
89
76
87
66
74
77
80
91
74
80
73
71
81
84
74
90
65
89
87
73
71
71
56
85
80
86
68
69
82
71
112
107
101
106
89
96
90
88
86
94
72
78
91
74
96
80
78
87
86
84
80
83
57
67
64
66
88
85
75
66
70
76
86
61
73
71
71
64
71
68
71
70
71
71
91
95
66
71
80
82
72
90
48
82
66
68
78
88
86
80
75
80
80
84
69
86
68
80
68
86
76
85
85
90
68
80
79
65
71
70
73
74
81
64
75
68
87
70
72
71
75
71
57
82
71
75
78
60
64
70
75
64
75
65
77
68
87
52
66
71
56
68
62
62
71
56
56
97
71
72
66
64
91
72
65
78
77
81
99
93
121
116
110
113
117
86
75
72
61
77
78
75
71
65
71
65
79
67
62
79
77
74
89
73
85
73
69
104
101
100
115
113
102
89
91
79
84
89
85
73
80
85
92
79
94
73
90
90
70
79
75
96
101
115
118
131
100
102
82
97
85
91
82
95
80
69
76
70
66
78
77
58
73
55
62
58
60
75
82
69
76
82
97
76
78
81
86
59
66
68
70
77
56
74
72
84
71
68
73
71
60
62
66
69
76
75
83
84
94
94
118
156
285
551
1071
1761
2695
3383
3963
4277
3803
3207
2289
1451
820
467
265
135
89
79
69
67
71
71
74
61
65
80
74
75
54
73
80
67
62
57
58
70
88
73
88
70
82
75
62
67
76
86
76
70
62
83
74
87
73
72
60
51
72
71
66
63
59
71
57
54
50
65
70
79
71
69
62
59
48
59
67
68
63
55
62
58
61
72
68
108
151
219
276
279
274
263
179
136
76
88
58
61
66
53
69
67
63
62
63
53
75
85
61
70
61
65
62
75
48
57
66
54
45
69
65
58
47
53
58
46
63
67
61
60
46
50
66
61
50
58
64
47
40
61
82
91
138
152
202
196
178
144
133
82
78
86
74
56
67
58
61
68
68
70
55
50
52
53
59
56
50
62
46
51
58
36
50
65
49
54
65
53
59
57
37
54
57
58
36
39
47
48
54
49
49
52
68
46
62
53
64
36
59
57
47
47
40
48
54
47
60
60
66
50
70
62
71
71
64
68
47
41
48
60
47
63
46
61
60
67
45
57
62
56
63
60
66
53
57
77
66
52
63
66
57
56
74
54
55
50
52
50
44
52
53
40
36
55
38
41
46
59
75
40
54
45
57
81
64
89
67
57
59
49
48
46
41
44
43
41
46
66
62
60
51
48
51
65
51
49
42
44
49
50
55
43
52
40
55
38
44
44
51
33
59
53
41
50
38
45
44
56
47
53
67
47
42
49
54
47
56
48
44
47
52
49
43
64
47
48
45
52
46
40
41
52
58
43
45
45
54
50
45
43
44
43
37
28
41
40
49
48
47
40
45
42
44
53
53
43
57
51
47
50
45
59
49
53
40
52
41
42
48
50
51
50
53
60
52
44
61
43
57
43
49
44
58
49
44
66
54
52
64
46
84
126
281
612
1253
2178
3116
3943
4023
3479
2557
1558
793
372
161
64
43
31
38
40
37
27
33
34
39
43
28
37
39
54
45
64
92
130
134
176
144
106
84
77
62
42
52
64
84
103
95
91
88
80
62
44
35
27
20
36
34
26
41
35
42
31
32
32
32
40
41
36
42
26
26
35
26
23
43
38
33
43
43
32
47
36
37
50
60
59
59
48
63
64
58
52
39
43
40
53
57
62
59
57
61
62
82
71
72
103
65
71
84
51
69
59
53
56
67
51
54
32
37
38
36
28
30
33
23
28
35
41
51
46
54
66
48
78
40
52
33
38
19
27
28
29
42
31
42
33
26
35
42
34
38
36
53
48
52
48
51
60
46
37
36
30
43
29
35
33
40
53
52
66
52
61
52
37
40
34
35
39
36
34
28
30
29
34
28
32
29
43
32
47
50
70
55
63
84
79
75
78
82
90
71
76
40
42
55
47
45
49
52
57
52
62
66
84
125
199
243
287
316
230
158
112
63
45
23
29
28
43
35
34
39
39
63
58
37
41
39
25
43
34
45
73
112
161
203
221
184
186
143
96
72
40
35
29
34
50
43
46
45
53
49
53
52
68
87
122
184
262
290
329
375
404
333
278
228
165
110
74
66
46
40
45
41
41
38
39
30
40
38
32
40
34
25
39
29
37
30
34
26
35
25
30
31
33
22
42
33
22
32
22
32
40
23
19
30
39
37
32
35
38
36
21
41
37
35
34
30
33
31
25
30
36
45
25
33
36
44
55
58
67
76
82
66
65
52
33
34
44
35
32
27
26
33
39
28
37
34
28
24
31
29
34
36
43
26
30
42
24
32
38
38
32
44
36
35
32
35
35
30
30
29
23
30
32
33
26
39
29
34
28
33
38
42
39
50
65
52
38
39
26
49
33
26
32
28
33
28
27
21
39
31
28
36
28
30
31
28
31
32
29
34
26
36
36
35
32
35
45
57
41
54
85
73
63
62
77
68
50
36
36
33
34
34
50
38
53
40
56
49
38
44
33
41
34
46
37
43
26
32
35
35
34
32
27
32
33
43
36
32
33
30
30
35
41
28
34
35
51
31
41
34
35
33
33
28
31
24
39
27
35
31
30
34
24
36
33
41
26
35
35
35
33
37
35
24
31
36
42
28
36
52
32
42
34
31
43
32
34
33
38
36
26
38
26
35
25
32
39
25
40
38
42
40
39
59
66
54
82
66
82
55
39
33
42
33
44
39
40
47
31
46
44
40
29
35
32
32
40
48
39
36
41
28
35
36
35
39
43
36
36
32
37
43
39
26
40
43
37
31
37
43
49
32
33
36
27
32
35
36
27
42
25
30
42
29
26
31
38
29
32
38
35
30
38
38
51
37
32
38
33
38
35
32
31
32
37
34
35
40
30
42
31
35
35
37
38
23
48
36
47
42
42
35
34
29
31
45
31
38
48
40
37
31
43
44
44
44
59
54
58
47
43
30
29
30
31
27
32
27
34
29
31
39
31
24
38
34
29
26
36
38
24
28
28
29
28
28
32
36
36
30
32
25
24
38
43
28
33
24
28
27
38
34
24
30
39
39
33
31
32
19
25
20
30
34
27
31
16
38
33
37
36
26
18
29
31
31
38
38
27
27
32
34
36
30
31
27
34
27
33
27
35
41
41
35
43
38
49
39
31
36
38
28
36
24
27
29
34
28
30
28
32
34
48
34
51
55
41
41
31
26
29
40
36
29
29
16
24
22
24
33
26
26
39
19
26
33
33
35
38
48
49
35
51
39
42
38
47
43
30
37
35
60
40
43
33
47
70
78
91
176
230
270
244
218
186
129
76
46
29
28
25
38
41
45
27
22
31
21
32
25
27
33
36
24
30
42
47
32
40
60
45
34
32
31
26
19
28
33
24
21
38
61
84
101
126
126
134
111
86
80
45
26
22
30
28
21
17
33
31
27
23
37
57
74
64
74
62
48
57
27
35
33
31
26
32
21
24
27
14
25
23
25
18
22
24
19
18
20
24
13
21
26
15
22
23
30
28
23
23
28
31
28
28
31
29
43
49
73
114
165
205
270
312
292
230
192
114
73
44
38
34
34
25
29
32
39
36
29
31
21
22
24
24
27
20
21
27
18
19
23
32
20
23
33
36
35
28
27
24
22
27
22
28
27
37
46
57
58
62
35
47
32
34
22
32
42
49
60
74
80
87
97
68
58
44
32
39
70
148
231
446
700
1013
1375
1640
1677
1586
1309
984
611
385
206
75
42
28
27
15
25
22
30
28
19
15
15
23
25
21
25
20
11
13
22
17
21
23
14
9
14
19
14
21
12
13
23
20
16
21
16
16
15
14
19
25
14
13
21
22
17
10
16
20
22
14
18
20
20
20
22
15
18
7
12
17
18
20
21
27
16
24
12
18
18
14
18
19
13
13
10
13
15
16
11
15
15
18
13
9
23
22
49
45
47
47
50
35
25
22
15
20
12
20
14
18
20
14
15
15
22
22
21
24
19
14
23
18
19
12
14
17
11
16
17
23
17
16
23
15
14
11
18
16
21
21
14
15
22
6
10
13
17
15
30
13
17
15
16
26
14
14
24
27
36
63
87
133
177
196
209
209
170
115
70
42
29
15
19
18
9
20
9
17
16
14
10
13
17
18
18
9
14
14
16
17
13
13
17
15
11
12
14
14
14
5
14
13
8
10
15
21
17
15
15
17
22
23
22
15
14
13
14
26
9
18
13
12
21
12
16
17
13
17
21
20
23
14
15
20
18
14
15
14
14
10
14
19
16
18
21
15
13
11
14
14
12
14
19
11
14
22
8
14
18
8
15
15
7
20
8
14
23
20
18
39
49
53
45
49
44
32
27
14
16
14
15
29
11
24
22
26
32
26
32
27
31
25
21
31
24
16
21
29
10
13
12
19
12
15
23
19
24
21
30
25
25
37
34
20
28
30
27
26
15
17
20
15
16
14
22
18
22
15
10
13
20
21
11
28
26
27
25
21
20
21
26
14
11
16
14
12
16
11
19
23
13
11
13
17
14
18
14
20
16
14
16
25
17
15
9
10
11
14
16
22
11
15
19
18
10
14
10
20
19
15
13
18
14
15
19
14
23
13
18
17
15
12
14
17
13
10
12
12
14
13
22
20
11
11
10
12
15
9
11
23
20
15
9
10
8
16
18
12
14
17
16
19
11
15
18
19
21
11
16
15
18
10
11
17
15
11
24
13
18
14
17
16
23
20
24
21
21
14
16
19
15
21
17
21
23
15
4
19
11
16
14
16
24
41
37
53
62
78
73
51
55
27
23
20
21
21
19
17
14
23
25
29
32
63
61
92
63
74
80
58
50
30
22
24
18
5
12
14
11
11
10
17
15
15
17
19
21
24
34
52
56
58
58
55
42
33
30
18
18
13
23
13
18
9
15
13
11
14
15
13
8
11
12
13
17
10
19
14
5
8
10
9
13
13
16
12
10
17
14
15
14
27
37
34
34
34
31
29
20
22
23
15
16
17
17
17
17
12
14
13
18
7
12
17
10
17
13
15
9
11
11
20
15
10
12
5
12
9
11
9
13
25
38
55
101
131
124
183
157
137
88
76
38
32
15
11
17
14
9
11
5
10
17
9
14
17
11
16
20
10
7
12
9
13
12
13
12
10
16
15
9
10
16
14
15
18
19
18
18
25
32
27
24
27
19
20
17
23
9
14
8
16
13
17
17
14
23
17
15
17
15
11
13
13
14
13
12
12
7
12
7
11
6
15
13
13
17
13
10
15
22
25
20
24
29
42
47
76
80
89
110
93
92
57
44
48
57
76
114
169
220
287
330
309
294
237
182
110
57
39
25
15
10
7
12
13
17
18
10
20
11
11
10
12
13
9
16
27
26
34
39
45
35
30
29
15
14
13
18
9
9
9
13
21
17
10
12
21
11
16
12
14
20
14
13
14
11
14
7
16
19
16
13
11
21
12
12
20
14
8
11
21
10
15
15
13
16
16
11
13
8
16
12
15
19
12
8
15
16
16
10
12
12
17
18
15
18
13
11
3
16
11
9
8
11
9
11
13
10
11
9
16
14
13
16
7
12
11
13
13
13
11
16
11
9
19
15
18
16
9
15
9
11
12
13
9
19
10
14
8
15
8
19
10
11
9
15
7
15
19
8
14
11
13
10
15
16
13
14
16
9
15
14
29
32
34
29
30
26
8
10
18
12
15
5
12
12
9
13
18
17
13
13
7
9
12
8
8
21
14
10
14
12
14
14
8
9
13
15
8
18
12
10
13
16
9
13
14
16
11
11
13
10
12
14
11
12
7
11
12
17
13
14
15
16
18
11
16
17
22
21
28
12
16
14
14
20
13
21
6
13
11
16
13
10
9
17
10
18
14
16
26
13
15
21
23
12
12
10
9
7
7
10
12
17
10
12
20
11
10
13
13
14
11
15
12
12
19
18
14
8
12
11
15
11
8
15
13
8
11
14
17
16
16
13
12
12
16
19
11
14
18
13
9
17
15
18
10
15
9
18
22
14
23
25
24
27
20
14
16
23
18
13
12
16
15
17
14
12
12
18
19
12
13
14
16
12
14
16
8
15
9
20
11
15
12
13
11
15
13
13
19
7
15
16
15
14
11
15
16
15
9
18
19
19
19
19
11
12
17
13
15
18
14
22
19
25
23
23
18
11
12
19
12
17
9
13
8
16
11
11
11
11
15
6
15
14
16
17
12
16
10
11
11
12
14
8
12
9
13
11
17
11
9
11
10
16
14
13
6
14
11
9
18
9
9
8
17
16
13
6
14
13
14
14
15
11
8
10
16
14
15
10
14
9
12
15
14
15
24
10
17
20
12
25
16
17
16
25
12
29
45
29
28
47
32
30
39
22
22
21
11
15
9
13
11
20
14
10
13
10
10
12
15
18
6
8
17
13
11
8
10
18
13
15
8
7
3
9
9
10
13
9
11
7
13
17
10
17
8
13
11
11
10
13
9
3
13
11
15
16
17
62
82
104
148
172
220
163
151
79
57
28
21
12
12
14
10
11
10
9
7
4
3
9
9
13
11
7
8
7
13
9
10
9
14
13
13
11
11
7
15
11
9
9
13
12
16
7
14
7
9
10
13
7
12
9
6
10
7
10
13
8
11
8
9
8
14
5
16
10
14
11
10
14
12
12
7
9
6
15
17
8
11
15
10
7
13
10
5
5
12
12
9
13
19
14
22
15
29
15
14
18
16
14
13
10
7
9
13
10
13
12
15
13
16
14
6
7
5
7
15
10
6
10
8
11
7
5
10
9
13
13
10
6
5
7
7
10
11
7
7
12
22
8
13
5
12
11
15
16
7
11
5
8
7
3
7
12
12
5
12
3
12
4
8
7
7
9
7
16
4
10
6
9
8
16
13
7
12
9
6
9
16
7
13
5
17
18
22
32
68
107
177
302
407
538
549
558
463
423
300
192
101
62
35
10
4
5
5
6
4
7
4
14
5
5
4
8
7
10
4
4
2
8
5
8
7
5
7
9
9
6
6
13
5
4
10
11
7
6
8
2
12
7
6
6
5
5
8
6
11
5
9
6
4
3
7
4
4
7
14
4
9
7
4
11
8
3
6
4
2
8
10
12
16
8
1
5
4
6
6
12
7
10
10
6
8
6
15
10
3
7
8
4
8
6
9
6
6
7
4
8
9
10
4
7
4
14
11
8
7
8
10
5
11
7
3
9
10
7
9
7
9
5
7
10
11
9
5
8
4
8
5
3
6
9
4
5
10
5
8
9
6
10
7
2
8
8
5
8
7
3
3
10
7
7
10
7
4
5
5
10
6
12
9
7
6
13
9
4
14
9
3
8
8
4
5
12
7
6
10
7
10
3
9
9
9
2
9
4
6
8
10
8
10
7
7
6
8
8
8
4
7
11
7
7
10
4
13
7
9
6
2
13
5
6
12
11
15
17
17
18
36
36
28
32
18
23
8
10
6
4
5
3
9
8
7
9
10
11
17
19
21
33
24
33
37
22
16
17
15
18
7
7
6
4
4
11
6
3
8
7
7
6
15
1
9
5
6
4
4
5
4
8
7
6
3
4
5
9
18
8
9
6
4
5
5
2
2
7
3
10
6
3
7
9
4
4
6
10
7
5
13
6
11
23
27
55
54
62
66
51
38
30
23
12
20
10
7
15
9
16
20
14
20
22
20
22
15
14
13
14
4
3
6
8
10
5
5
7
5
5
6
6
6
9
5
8
6
7
8
7
5
13
6
17
13
16
12
9
11
13
10
11
9
4
14
11
9
16
16
21
36
22
28
24
19
11
5
10
4
6
13
3
10
7
3
5
8
12
9
6
9
7
2
2
10
7
3
7
10
5
5
7
8
7
3
6
7
5
5
6
5
6
6
5
4
4
7
5
5
7
7
8
8
3
12
5
2
8
6
5
7
5
6
4
15
1
3
8
7
5
6
4
7
5
6
4
13
11
24
21
45
55
78
94
120
143
163
147
113
98
69
39
27
20
10
9
5
10
11
10
4
9
5
2
2
6
5
7
5
6
13
7
4
5
3
10
8
7
7
1
7
12
4
3
6
6
4
8
6
6
6
7
10
2
9
9
11
15
4
8
4
3
5
4
6
8
5
5
10
7
7
9
8
10
4
9
6
9
6
5
8
4
7
9
4
7
4
5
13
5
8
3
4
6
12
2
8
6
7
6
12
7
10
11
10
6
6
5
5
6
7
9
7
9
8
8
9
11
8
7
7
10
5
8
8
4
3
3
7
4
11
5
4
4
5
9
8
7
9
7
11
8
4
7
8
5
7
6
5
6
8
6
10
12
7
6
14
4
7
2
7
7
7
5
6
9
3
5
8
3
9
2
7
4
6
8
4
1
8
3
6
7
8
3
5
7
10
3
7
7
4
10
3
7
6
9
4
9
4
5
8
3
6
8
12
5
4
5
8
16
10
8
4
5
9
7
6
5
9
5
7
2
9
6
6
8
5
8
10
8
3
3
6
8
7
5
1
3
10
11
6
4
6
7
1
6
8
8
6
5
5
5
8
6
9
7
8
15
13
20
15
13
24
14
20
15
10
8
7
6
6
8
3
5
5
4
6
6
0
2
2
7
4
6
6
5
6
8
7
3
7
4
7
5
6
9
13
7
10
11
8
6
4
8
4
8
8
8
3
4
7
7
5
6
4
4
6
5
3
8
7
6
5
9
4
12
7
6
4
8
3
5
7
5
5
4
5
6
6
5
6
5
7
11
9
4
6
8
5
9
15
11
5
10
6
7
9
5
5
3
5
5
9
12
8
8
10
3
7
8
12
5
9
8
4
10
6
2
6
6
8
5
7
1
4
3
4
7
6
8
3
4
7
7
6
6
7
5
9
7
8
6
5
4
5
3
5
0
5
3
4
8
10
7
6
7
3
5
10
8
8
6
2
4
6
6
7
3
4
7
4
5
5
6
6
8
3
10
3
4
7
6
8
10
9
9
7
10
4
9
6
3
4
11
11
6
6
2
7
4
8
6
5
6
4
6
12
13
5
5
8
10
10
5
10
3
9
1
4
7
7
7
5
5
5
2
4
6
5
3
5
6
4
10
8
5
7
11
7
9
11
13
10
19
41
51
60
72
82
103
100
63
44
20
18
9
3
9
4
5
4
14
10
7
7
7
6
4
8
4
5
7
9
4
7
3
3
4
8
7
3
3
5
7
8
3
9
5
2
9
6
4
7
4
9
2
6
9
5
4
6
7
7
5
7
1
6
3
6
7
4
11
20
16
30
24
32
18
29
17
7
8
4
5
5
4
4
4
8
4
3
6
5
4
6
7
3
6
4
5
6
8
3
10
6
4
3
6
5
4
3
4
4
5
2
5
7
2
8
6
1
3
6
5
9
4
5
7
5
4
1
5
3
6
8
4
1
3
4
6
5
7
6
5
6
3
1
4
9
8
10
5
4
2
9
3
10
4
7
3
3
9
5
5
9
5
7
5
8
4
4
2
7
6
6
12
2
3
3
8
3
5
7
7
6
6
6
5
3
3
8
9
6
8
5
9
3
9
8
3
2
5
1
2
3
8
5
5
6
5
12
13
17
34
54
74
124
165
203
175
179
125
99
96
48
48
24
9
10
9
10
6
9
3
12
1
6
6
4
5
4
4
3
1
8
10
4
4
2
5
1
5
7
5
3
4
4
4
1
3
5
5
4
3
3
4
5
5
6
3
7
4
4
4
1
5
4
8
3
6
3
4
3
1
3
2
6
3
5
3
4
6
3
4
5
5
6
4
3
6
4
4
5
4
6
5
6
2
5
2
4
5
4
4
9
6
2
7
8
5
7
4
6
5
8
11
3
5
2
5
4
5
5
0
4
8
6
5
1
4
7
7
5
6
0
3
3
4
4
6
3
5
9
7
9
5
11
7
5
5
1
5
3
5
5
4
4
4
3
5
3
3
3
6
5
5
2
3
7
4
4
7
4
3
5
7
3
5
6
3
5
3
6
5
2
6
2
1
8
2
4
3
5
5
5
5
6
3
2
5
6
7
4
2
8
3
6
2
3
7
4
2
11
4
11
6
10
13
17
6
7
4
5
4
4
6
3
6
9
6
11
7
7
2
7
1
7
3
7
2
6
5
2
5
4
2
4
8
4
1
7
5
4
4
5
9
1
4
5
7
3
4
11
4
4
3
4
10
6
4
8
7
10
7
4
2
2
7
7
5
5
9
2
3
3
3
5
8
6
1
5
5
4
3
2
5
5
5
4
2
4
4
7
9
11
6
7
4
6
4
5
3
4
5
8
6
3
6
7
5
8
4
6
8
1
5
3
6
12
9
5
10
5
2
8
8
3
5
11
5
5
8
4
3
3
4
9
5
5
2
4
6
6
6
9
2
5
3
4
2
7
7
5
5
8
3
1
3
7
4
6
3
11
8
9
15
10
7
7
5
6
10
5
5
6
3
6
4
5
11
5
4
6
9
8
3
12
6
5
4
3
7
5
4
6
7
6
7
5
3
3
5
5
9
3
6
3
8
10
4
8
8
10
3
2
3
4
5
5
2
3
6
6
2
9
3
6
9
10
6
3
6
4
5
3
3
3
5
2
5
5
5
4
7
1
0
4
5
9
8
3
4
8
7
8
5
6
8
5
6
5
1
1
7
2
4
4
5
4
6
6
3
8
2
7
4
4
5
4
8
5
5
6
9
6
5
7
4
11
3
9
5
4
7
3
2
7
6
5
4
4
10
9
4
6
13
7
8
7
6
5
8
6
4
7
3
8
10
5
9
5
9
10
9
8
6
4
2
8
6
6
5
7
5
4
3
4
9
2
4
8
5
4
6
2
4
2
6
5
0
4
9
5
3
0
6
7
7
8
5
4
6
9
7
5
1
9
4
6
2
2
9
6
5
9
2
9
6
10
3
2
6
8
3
5
5
4
6
1
7
7
3
5
6
3
3
9
2
7
7
5
5
4
10
6
6
5
6
13
6
7
5
7
8
8
0
3
11
8
6
6
12
3
6
6
9
3
9
8
2
3
7
10
8
6
5
4
7
6
5
2
2
6
3
4
5
7
4
4
4
4
7
10
8
4
6
3
9
6
11
3
4
2
6
6
4
7
3
5
8
8
7
7
5
5
2
3
5
5
7
6
5
7
8
4
6
14
8
6
8
2
11
4
4
5
5
6
3
2
6
5
5
4
7
7
4
0
3
4
7
2
8
5
2
6
9
10
4
5
7
7
7
5
5
4
5
10
7
4
7
1
9
7
5
8
5
4
6
8
3
8
3
6
8
7
8
6
6
7
8
7
5
5
8
5
9
2
9
3
4
9
4
5
7
6
4
2
6
11
7
8
4
4
6
3
10
6
2
5
5
8
6
7
7
9
7
5
6
7
10
2
2
5
4
4
6
5
6
5
3
8
7
5
3
4
6
7
6
7
8
10
6
6
7
4
3
5
6
7
6
9
5
3
7
9
6
7
4
7
6
7
3
6
4
4
4
8
12
9
2
4
7
2
4
6
4
9
13
7
12
10
14
8
6
13
9
6
6
3
4
3
3
2
3
9
4
6
9
5
4
3
2
10
12
12
7
8
7
8
3
4
7
4
1
7
6
6
6
2
1
5
6
3
8
7
2
10
6
7
8
7
3
7
6
7
2
8
7
5
6
8
9
6
3
7
13
18
27
39
41
50
52
46
40
37
27
17
12
9
7
8
14
6
9
3
4
8
10
3
5
4
10
6
7
5
9
11
9
5
9
6
8
3
9
8
6
8
3
7
4
8
11
6
2
11
7
4
9
10
9
8
9
4
8
8
8
7
6
6
9
4
3
8
9
7
18
7
3
10
7
9
6
4
6
7
10
9
10
8
13
8
3
6
7
8
14
9
7
4
4
11
8
11
4
6
8
11
9
10
6
8
6
3
12
5
5
5
5
13
8
5
12
9
7
4
10
5
3
9
12
1
4
14
5
16
7
8
4
7
9
9
6
5
11
4
11
12
4
10
8
7
6
8
8
6
3
7
15
3
6
1
4
10
6
12
11
11
25
19
20
15
18
24
15
18
12
10
10
10
13
9
4
5
6
6
12
11
8
10
6
8
7
10
4
7
8
10
8
12
9
6
8
6
11
10
9
8
8
6
8
5
6
6
8
10
8
7
8
9
6
8
5
7
10
6
15
10
5
8
4
7
9
11
6
10
13
9
9
9
9
7
7
13
13
11
6
6
10
11
12
7
9
18
9
10
3
11
7
6
6
6
12
6
8
13
10
11
5
8
5
10
7
6
8
11
10
10
15
8
9
4
8
8
9
11
9
9
2
11
12
5
8
9
11
11
8
9
11
13
9
5
9
8
11
6
5
7
10
9
6
10
8
14
12
10
12
11
7
4
8
11
4
1
10
6
14
8
10
7
11
10
14
4
6
8
12
10
14
10
10
9
10
5
14
9
11
8
6
13
8
8
8
8
7
4
6
10
11
10
12
10
8
9
9
12
10
11
14
15
11
14
9
7
10
10
7
13
5
9
13
13
8
11
8
8
7
6
9
8
13
8
10
6
7
9
12
8
11
5
4
8
8
5
12
6
3
14
9
11
9
14
7
18
8
8
18
10
11
6
9
8
11
5
6
4
7
7
8
13
5
12
14
12
15
13
5
6
13
8
3
9
4
5
8
9
8
5
9
10
12
10
18
10
12
9
10
11
8
6
6
9
8
14
14
11
13
17
9
11
6
13
13
6
12
6
7
8
9
19
11
6
14
11
10
13
12
13
12
2
13
14
8
15
7
9
13
9
12
15
12
15
10
9
2
6
9
8
8
8
14
13
5
7
11
7
7
10
6
9
7
13
8
8
8
7
13
8
9
9
6
9
9
7
9
4
7
8
8
7
7
13
8
6
6
10
17
6
5
8
7
7
4
12
7
9
12
11
12
9
13
6
9
8
10
2
10
10
6
9
4
11
5
4
8
8
4
13
9
8
7
3
10
7
10
6
5
4
5
5
9
8
8
5
10
13
5
6
7
10
8
8
5
9
12
11
12
15
12
4
9
11
1
6
6
9
7
8
8
11
6
5
12
8
7
8
12
9
8
12
6
8
9
7
11
11
5
11
5
7
6
6
6
2
4
11
13
4
9
11
10
5
11
9
10
10
8
6
13
9
8
13
4
8
11
8
13
8
8
4
5
11
16
4
9
11
10
9
10
7
9
10
10
8
14
6
6
8
11
13
5
9
4
9
8
8
11
9
3
5
5
4
2
7
6
10
5
5
6
9
12
7
7
10
7
8
10
18
30
28
73
104
155
228
303
367
428
440
398
320
272
186
116
64
52
28
23
13
14
6
14
15
5
15
13
7
16
12
13
11
9
14
9
7
13
10
13
7
11
16
15
8
11
18
13
11
13
14
11
7
12
24
11
14
13
7
15
11
12
17
13
8
15
16
17
8
13
6
10
13
9
10
8
7
11
10
8
17
8
11
16
11
9
11
9
6
16
6
12
10
11
9
10
10
16
11
14
12
15
9
17
9
8
14
10
11
13
13
10
16
11
16
15
7
9
14
12
10
12
9
11
11
9
12
13
15
15
16
16
9
14
8
9
4
8
9
6
7
8
15
8
16
5
12
14
16
10
6
8
15
14
10
8
11
11
15
13
8
17
8
11
6
8
10
6
13
13
9
6
6
16
12
11
10
6
5
11
13
11
4
3
17
7
15
15
10
10
9
11
11
9
14
7
14
7
15
15
16
6
8
13
11
11
9
14
9
5
12
11
17
11
8
5
10
7
6
10
15
6
6
12
11
9
9
7
8
14
10
12
12
8
9
9
12
6
9
11
11
9
11
18
12
18
8
10
11
12
14
11
10
11
16
19
10
9
18
15
7
8
12
17
12
16
15
17
13
11
11
10
7
16
19
13
14
7
10
8
19
14
18
11
12
18
10
10
7
14
8
11
4
18
13
14
13
9
14
11
7
8
13
13
13
16
7
11
14
14
11
13
20
10
16
15
16
12
8
11
13
6
5
15
18
13
17
8
17
11
14
10
11
2
14
7
8
15
12
14
6
8
10
10
11
10
8
16
12
14
12
9
16
12
11
12
14
13
11
10
8
15
13
14
11
18
15
15
16
13
21
12
16
16
17
8
13
14
14
9
16
9
10
9
13
18
9
8
11
11
10
15
12
15
2
9
10
7
13
7
10
10
9
13
16
11
7
6
9
12
10
8
13
8
10
9
8
7
11
19
11
13
12
7
7
5
7
10
9
9
8
8
8
7
11
7
7
10
11
10
2
8
15
10
6
12
5
11
7
11
10
11
9
7
8
16
14
9
19
16
13
12
8
10
10
11
10
12
13
9
9
11
9
10
17
7
11
12
10
12
12
7
7
4
13
10
10
10
7
5
7
10
12
12
12
9
10
8
10
10
6
6
4
12
6
9
8
9
5
9
10
11
11
7
13
5
4
5
9
8
12
5
10
12
4
6
11
7
10
8
3
13
4
9
13
7
6
12
8
8
9
8
7
12
9
6
7
11
4
10
6
3
5
3
9
9
10
6
2
6
4
8
7
7
10
9
13
11
7
5
3
12
10
3
5
11
7
9
3
2
8
11
8
7
8
6
8
5
8
6
3
5
9
6
10
6
5
5
1
9
3
6
8
10
5
5
6
5
2
11
11
4
5
6
7
4
7
10
6
5
7
11
4
8
8
3
7
2
6
4
5
6
5
2
7
7
4
4
3
5
5
9
6
7
7
6
6
1
5
4
9
6
6
3
8
6
7
6
3
7
6
4
9
11
6
4
7
9
2
10
6
6
5
3
5
3
2
6
3
8
5
7
6
5
4
11
11
5
3
6
0
3
5
8
7
4
4
6
5
4
8
6
8
6
5
2
5
5
14
9
6
8
6
8
14
9
22
42
83
166
306
450
695
922
1026
1166
1197
976
733
506
324
175
84
41
11
7
4
0
1
0
1
0
1
1
0
1
0
0
0
0
1
0
1
0
0
1
0
0
2
0
0
0
0
0
0
1
0
0
0
1
0
0
1
0
1
2
0
0
1
1
0
0
0
0
0
0
0
0
0
1
0
0
1
0
0
1
0
0
0
0
0
0
0
0
0
0
0
1
1
0
0
0
0
0
0
0
0
0
1
0
0
0
2
0
0
0
0
0
0
0
0
0
2
1
0
0
0
0
0
0
2
1
0
0
1
0
0
0
0
0
0
0
0
1
0
0
0
0
0
0
0
0
0
0
0
0
1
1
1
1
0
0
0
0
0
1
0
0
0
0
0
0
0
0
1
0
0
0
1
0
0
2
0
0
0
0
0
0
0
0
0
0
0
0
0
0
1
1
0
0
0
0
0
0
0
0
0
1
0
0
0
1
0
0
1
0
0
0
0
0
1
0
0
1
0
0
0
1
0
0
0
0
1
1
0
1
0
0
0
0
0
0
0
0
0
0
0
0
0
0
0
0
1
0
0
0
0
0
1
0
0
1
1
0
0
0
0
0
0
1
0
0
0
1
0
0
1
0
0
0
0
0
0
0
0
0
2
1
0
1
0
0
0
0
0
0
0
0
0
0
1
0
1
0
0
0
0
0
0
0
0
0
1
0
0
0
0
0
0
0
1
0
0
1
0
0
0
1
0
0
0
0
0
0
0
0
0
0
0
0
1
0
0
0
0
0
0
0
0
0
1
0
0
0
0
0
0
0
0
0
0
0
0
0
0
0
0
0
0
0
0
1
0
0
0
0
1
0
0
1
0
0
0
0
0
0
1
0
1
0
0
0
0
0
0
0
1
0
0
1
0
0
0
0
1
0
0
0
0
0
0
0
1
0
0
0
1
0
0
0
0
0
0
0
0
0
0
1
0
0
0
0
0
0
1
0
0
0
0
0
0
0
0
0
0
0
0
1
0
0
0
1
0
0
0
0
0
0
0
0
0
0
0
0
0
0
0
0
0
0
0
0
0
0
0
0
0
0
1
0
0
0
0
0
0
0
0
1
0
0
0
0
1
0
0
0
0
0
1
0
0
0
0
0
0
0
1
0
1
0
0
0
0
0
0
0
0
0
0
0
0
0
0
0
0
1
0
0
0
0
0
0
0
0
0
0
0
0
0
0
0
1
0
0
0
0
0
0
0
0
0
0
1
0
0
1
0
0
0
1
1
0
1
0
1
0
0
0
0
0
1
0
0
0
0
0
0
0
0
0
0
1
0
0
0
0
0
0
0
0
0
0
0
0
0
0
0
0
0
0
2
0
0
0
0
0
0
0
0
0
0
0
0
0
0
0
0
0
0
0
0
0
0
0
1
0
0
0
0
0
0
0
0
0
1
0
0
0
0
0
0
0
0
0
0
2
0
0
0
0
1
0
0
0
0
1
0
0
0
0
0
0
0
0
1
0
0
0
0
0
0
0
1
0
0
0
0
0
0
0
0
1
0
0
0
0
0
0
0
0
0
0
0
0
0
0
0
0
0
1
0
0
0
0
0
0
0
0
0
0
0
0
0
0
0
0
0
0
0
0
0
0
0
0
0
0
0
0
0
0
0
0
0
0
0
1
0
0
0
0
0
0
0
0
0
0
0
0
0
0
0
0
0
0
0
0
0
1
0
0
0
0
0
0
0
0
0
1
1
0
0
0
0
2
0
1
2
0
0
3
1
0
1
0
1
0
0
0
0
0
0
0
0
1
0
1
0
0
0
0
0
0
0
0
0
0
0
0
0
0
0
0
1
0
0
0
0
0
0
0
0
0
0
0
0
0
0
0
1
1
0
0
0
1
0
0
0
0
0
1
0
0
0
0
0
0
0
0
0
0
1
1
0
0
1
0
0
0
0
0
0
0
0
0
0
1
1
2
0
0
0
1
0
0
0
0
0
0
0
0
0
0
1
0
0
0
0
0
0
0
0
0
0
0
0
0
1
0
0
0
0
0
0
0
0
0
0
0
0
1
0
0
0
1
0
0
0
1
1
0
0
0
0
0
0
0
0
1
0
1
0
0
0
0
0
0
1
0
0
0
1
0
0
0
0
0
0
0
0
0
0
2
0
0
0
0
0
0
1
1
0
0
0
1
0
0
0
0
0
0
0
0
2
0
0
2
0
0
0
1
0
0
2
0
0
1
0
0
0
0
0
0
0
0
0
0
1
0
0
0
0
0
0
0
4
0
0
0
0
0
0
0
0
0
0
1
1
4
0
1
0
0
0
1
0
0
0
0
1
0
0
0
0
0
0
0
0
0
0
0
0
0
0
0
0
0
1
0
0
0
0
0
0
0
0
0
0
1
0
1
0
1
1
1
0
0
1
0
0
0
0
0
0
0
0
0
0
0
1
0
0
0
0
1
0
0
1
0
0
0
0
0
1
0
0
0
0
0
0
0
0
0
0
0
0
0
0
1
0
0
0
0
1
0
0
0
0
0
1
0
0
0
0
0
0
0
1
0
0
0
0
0
0
0
0
1
0
0
2
0
0
0
0
1
0
0
0
0
1
0
0
0
0
0
0
0
0
0
0
0
0
1
0
0
1
0
0
0
0
0
0
0
0
0
1
0
0
0
0
0
0
1
0
0
0
0
0
0
0
0
0
0
0
0
0
0
0
0
0
0
0
0
0
0
0
0
1
0
0
1
0
0
0
0
1
0
0
1
0
0
0
0
0
0
0
0
0
0
0
0
0
0
0
0
0
1
0
$ENER_FIT:
-1.4120 0.714444 0.000000e+000
$MCA_CAL:
3
-1.4120 0.714444 0.000000e+000
$ENDRECORD:
