$SPEC_ID:
None

$MEAS_TIM:
7967.89000 8372.43000
$DATE_MEA:
04/30/2013 11:23:32 AM
$DATA:
0 16383
0
0
0
0
0
0
0
0
0
0
0
0
0
0
0
0
0
0
0
0
0
0
0
0
0
0
0
0
0
0
0
0
0
0
0
0
0
0
0
0
0
0
0
0
0
0
0
0
49
206
350
427
461
452
448
336
243
233
1693
4598
4879
5033
4853
4957
5088
4995
5018
5084
5109
5013
5076
5007
5109
5065
5055
5115
5113
5303
5331
5458
5309
5327
5313
5324
5541
5436
5688
5650
5715
5702
5766
5824
5963
5944
6037
6192
6282
6306
6400
6529
6609
6516
6589
6762
6853
6906
6916
7214
7554
7987
8321
8432
9092
9882
9673
8693
8696
8761
8222
8190
8148
8327
8323
7610
7402
7479
7705
7783
8211
8482
8730
8528
8449
8694
8639
8756
8255
8445
8336
8241
8124
7957
7767
7811
7797
7857
7985
7689
7790
7843
7847
7868
7845
7968
7921
7863
7859
7918
7989
7925
7928
8095
7900
7864
7876
8177
8001
7921
8077
8053
7839
8050
7739
8001
8032
7842
7703
7990
7807
7855
7794
7977
7811
7918
7848
7663
7679
7836
7865
8495
9147
9492
8786
8259
7958
7736
7640
7694
7572
7662
7571
7442
7578
7612
7707
7590
7502
7476
7420
7542
7434
7400
7398
7356
7483
7648
7522
7551
7451
7476
7448
7520
7413
7475
7268
7326
7144
7343
7190
7153
7117
7226
7212
7073
7195
7173
7117
7204
7248
7056
7058
7102
7136
7166
7146
7127
7076
7257
7224
7154
7036
7054
6938
7093
7229
7140
7143
7074
7062
6999
7212
7164
7107
7081
7453
7489
7449
7456
7440
7269
7161
7073
7158
7218
7093
7128
7100
7166
7215
7247
7001
7130
7014
6940
7001
6948
7103
7138
7521
8417
9646
9779
8714
7658
7192
6863
6870
6851
6878
6787
6753
6722
6551
6531
6720
6780
6643
6647
6683
6684
6769
6621
6599
6476
6594
6563
6745
6862
7109
7276
6931
6548
6356
6253
6233
6418
6347
6299
6243
6280
6179
6071
6180
6116
6147
6067
6175
6291
6041
6225
6097
6209
6030
6023
6246
6094
6003
5971
5899
6024
6029
5877
5910
5951
5666
5882
5915
5970
5725
5841
5865
5865
5814
5730
5852
5974
5970
5988
6073
6362
6307
6081
6049
5755
5854
5958
5774
5794
5753
5633
5667
5810
5687
5649
5811
5655
5660
5592
5735
5588
5632
5714
5470
5772
5551
5595
5475
5723
5492
5636
5601
5681
5778
5726
5676
5892
5814
5863
5945
5819
6106
6136
5961
6007
5798
5723
5714
5598
5657
5492
5490
5412
5454
5373
5196
5288
5288
5273
5155
5171
5204
5103
5150
5068
5252
5177
5107
5218
5164
5188
5268
5298
5251
5145
5262
5315
5295
5178
5359
5227
5045
5042
5182
5107
5130
5120
5072
5033
5159
5212
5116
5129
5192
5090
5135
5176
5078
5016
5136
5109
5113
5136
5031
5200
5126
5202
5110
5211
5230
5243
5105
5202
5121
5005
5086
5020
5066
5178
5027
4996
4975
4993
4927
4923
4897
4796
4879
4633
4764
4643
4643
4649
4547
4326
4440
4236
4214
4209
4166
4091
4047
4081
3952
3926
3753
3787
3914
3720
3776
3775
3683
3567
3618
3546
3633
3574
3692
3561
3575
3592
3387
3442
3436
3420
3438
3459
3535
3605
4235
5465
6341
6072
4696
3807
3357
3295
3217
3193
3222
3240
3314
3626
4102
4258
4095
3508
3288
2994
3064
3019
2963
3022
3029
2945
3028
2917
2928
3065
3650
4859
6405
6462
5005
3507
3001
2850
2740
2672
2777
2671
2719
2843
2661
2685
2712
2672
2696
2561
2638
2785
2746
2739
2783
3092
3308
3272
2928
2780
2709
2654
2725
2695
2635
2744
2720
2695
2658
2731
2651
2716
2744
2721
2678
2712
2773
2733
2664
2701
2778
2813
2820
2762
2776
2742
2815
2727
2825
2793
2850
2874
2820
2770
2834
2884
2870
2885
2817
2812
2782
2802
2841
2844
2821
2840
2813
2877
2754
2783
2844
2854
2854
2872
2911
2868
2873
2743
2788
2897
2713
2861
2830
2753
2687
2753
2689
2780
2889
2925
2984
2918
2692
2795
2681
2664
2674
2607
2707
2733
2628
2597
2655
2554
2611
2590
2589
2591
2651
2722
2671
2608
2558
2594
2522
2550
2516
2624
2519
2545
2447
2459
2502
2545
2505
2589
2495
2457
2513
2612
2624
2751
2570
2812
3283
3969
4005
3362
2866
2610
2434
2534
2461
2395
2478
2402
2396
2469
2495
2509
2446
2395
2579
2432
2468
2394
2506
2537
2450
2544
2396
2464
2517
2529
2492
2576
2506
2514
2517
2495
2560
2512
2548
2555
2582
2707
2581
2593
2703
2758
2688
2734
2801
3073
3892
5900
9573
15379
21632
26677
30188
31865
32872
33259
33741
33789
33418
33804
33376
33428
33586
33375
33059
32593
32291
31555
30015
27653
24231
19294
13605
7834
4302
2435
1726
1621
1571
1509
1515
1468
1521
1565
1433
1516
1486
1521
1460
1468
1515
1475
1474
1481
1486
1519
1564
1479
1501
1427
1488
1459
1449
1585
1571
1752
1759
1723
1735
1749
2015
2579
3771
5248
6784
7505
7032
6042
4394
3005
2116
1842
1937
2384
3420
4214
3951
2732
2015
1639
1627
1464
1425
1401
1441
1452
1427
1377
1365
1364
1379
1413
1314
1330
1398
1351
1350
1351
1342
1382
1414
1362
1376
1373
1320
1351
1327
1390
1329
1339
1325
1388
1398
1393
1306
1366
1375
1332
1370
1326
1385
1351
1316
1322
1340
1350
1349
1290
1363
1312
1373
1339
1309
1362
1279
1361
1354
1375
1381
1347
1373
1376
1325
1378
1345
1347
1349
1362
1319
1401
1334
1303
1360
1402
1375
1340
1312
1381
1359
1435
1418
1490
1579
1482
1455
1353
1376
1417
1374
1362
1421
1352
1447
1400
1320
1391
1328
1391
1285
1313
1306
1363
1435
1539
1829
1891
1812
1713
1426
1396
1424
1311
1329
1298
1377
1304
1333
1308
1328
1360
1313
1284
1377
1469
1540
1601
1594
1574
1424
1378
1416
1418
1373
1354
1382
1344
1391
1325
1343
1399
1353
1373
1465
1517
1414
1496
1335
1384
1462
1344
1302
1343
1381
1402
1338
1348
1331
1315
1415
1317
1350
1315
1310
1371
1324
1319
1311
1327
1303
1264
1349
1314
1279
1325
1361
1351
1324
1350
1312
1278
1324
1378
1314
1300
1366
1346
1400
1272
1324
1352
1397
1384
1318
1365
1317
1356
1347
1319
1325
1230
1288
1310
1338
1355
1287
1307
1313
1312
1408
1320
1278
1306
1308
1291
1301
1307
1296
1245
1248
1254
1306
1286
1339
1377
1476
1391
1381
1314
1250
1281
1256
1288
1191
1252
1340
1277
1229
1331
1361
1311
1258
1285
1341
1263
1234
1208
1217
1255
1234
1199
1267
1252
1253
1265
1366
1308
1297
1345
1304
1257
1267
1187
1230
1217
1195
1254
1300
1264
1307
1238
1173
1208
1203
1252
1215
1206
1218
1204
1346
1213
1378
1513
1948
2244
2285
1957
1644
1346
1270
1336
1308
1235
1273
1279
1241
1235
1173
1254
1243
1222
1231
1238
1231
1154
1194
1235
1173
1283
1220
1248
1217
1166
1221
1160
1231
1225
1256
1272
1236
1195
1196
1154
1192
1149
1128
1172
1195
1116
1181
1193
1221
1143
1201
1136
1205
1100
1157
1147
1172
1139
1183
1170
1187
1246
1165
1164
1186
1178
1196
1229
1132
1207
1193
1179
1196
1193
1219
1344
1427
1350
1309
1297
1177
1233
1173
1169
1239
1122
1271
1190
1139
1119
1181
1121
1167
1214
1240
1257
1216
1210
1226
1169
1242
1244
1233
1158
1142
1210
1233
1128
1169
1238
1177
1194
1207
1183
1106
1187
1235
1093
1172
1201
1135
1145
1206
1073
1181
1142
1227
1322
1544
1804
2086
2126
1740
1445
1284
1184
1166
1144
1254
1187
1260
1232
1141
1152
1181
1251
1236
1315
1237
1150
1145
1174
1217
1317
1367
1681
1965
2205
2307
2602
2574
2348
1927
1483
1324
1229
1129
1064
1110
1184
1207
1159
1168
1094
1154
1158
1103
1204
1131
1151
1097
1143
1178
1145
1123
1069
1125
1123
1123
1156
1139
1114
1073
1150
1193
1193
1333
1363
1268
1305
1169
1088
1166
1119
1176
1172
1146
1225
1119
1075
1185
1140
1095
1173
1138
1163
1175
1171
1190
1209
1119
1148
1104
1209
1152
1177
1148
1108
1128
1139
1168
1135
1186
1160
1137
1103
1195
1135
1202
1175
1156
1273
1421
1998
3537
5967
8428
8826
6810
4138
2321
1389
1152
1134
1162
1098
1165
1126
1162
1106
1077
1128
1101
1091
1127
1122
1139
1111
1092
1136
1111
1089
1067
1098
1083
1052
1188
1080
1184
1148
1165
1145
1098
1097
1146
1156
1191
1178
1120
1117
1241
1177
1201
1183
1277
1252
1196
1189
1148
1185
1077
1138
1144
1119
1065
1113
1072
1109
1080
1082
1145
1126
1059
1112
1056
1143
1089
1113
1083
1120
1045
1102
1122
1128
1127
1128
1193
1077
1116
1086
1159
1120
1126
1047
1134
1107
1149
1214
1354
1498
1664
1650
1495
1320
1226
1140
1135
1147
1079
1087
1110
1090
1039
1065
1130
1088
1177
1082
1075
1140
1077
1090
1074
1118
1074
1119
1135
1174
1129
1109
1146
1146
1147
1118
1128
1214
1224
1200
1219
1215
1158
1138
1128
1082
1055
1102
1037
1093
1094
1085
1117
1097
1083
1105
1078
1099
1085
1072
1058
1158
1146
1118
1067
1184
1121
1158
1182
1136
1148
1075
1098
1124
1088
1172
1195
1351
1381
1451
1360
1282
1124
1171
1109
1059
1032
1131
1046
1030
1064
1107
1134
1094
1138
1137
1076
1162
1080
1061
1079
1083
1088
1095
1167
1148
1203
1330
1290
1239
1140
1130
1162
1112
1086
1077
1062
1049
1107
1009
1076
1135
1086
1078
1072
1088
1080
1040
1097
1038
1091
1178
1221
1205
1233
1233
1157
1121
1156
1066
1087
1147
1195
1243
1329
1155
1084
1092
1031
1110
1051
1108
1089
1140
1084
1011
1090
1053
1028
1116
1128
1039
1050
1091
1111
1111
1081
1130
1190
1069
1106
1179
1094
1128
1012
1104
1149
1103
1167
1105
1031
1125
1091
1105
1084
1101
1061
1064
1112
1081
1071
1062
1110
1122
1095
1091
1097
1099
1058
1148
1146
1235
1329
1315
1187
1106
1092
1164
1050
1077
1071
1098
1125
1082
1072
1127
1109
1067
1055
1070
1117
1064
1058
1063
1048
1134
1120
1035
1108
1091
1052
1086
1098
1039
1057
1065
1097
1074
1111
1144
1083
1124
1118
1110
1082
1161
1096
1109
1157
1078
1122
1116
1134
1086
1092
1019
1079
1068
1071
1088
1126
1107
1077
1112
1186
1105
1057
1105
1096
1081
1038
1020
1052
1130
1031
1088
1133
1062
1060
1052
1069
1088
1104
1064
1107
1080
1058
1096
1060
1035
1077
1126
1000
1072
1052
1161
1075
1070
1003
1090
1098
1032
1068
1087
1072
1080
1146
1059
1090
1022
1074
1111
1032
1098
1082
1048
1120
1071
1064
1096
1099
1040
1154
1073
1094
1055
1052
1085
1075
1135
1139
1089
1139
1069
1084
1088
1101
1059
1068
1117
1096
1081
1014
1088
1057
1136
1187
1271
1293
1251
1158
1135
1106
1089
1085
1158
1041
1105
1055
1073
1054
1109
1067
1135
1171
1155
1239
1195
1222
1155
1108
1128
1133
1112
1081
1169
1074
1113
1105
1067
1073
1166
1029
1077
1159
1156
1192
1202
1095
1126
1103
1121
1123
1086
1137
1094
1062
1125
1009
1088
1156
1049
1132
1096
1142
1062
1122
1067
1102
1032
1142
1056
1124
1150
1050
1060
1128
1075
1080
1066
1057
1115
1078
1083
1088
1154
1123
1112
1065
1132
1185
1183
1207
1256
1183
1172
1193
1232
1368
1566
2021
2475
2752
2545
2072
1584
1330
1119
1130
1076
1114
1128
1186
1093
1081
1114
1108
1148
1105
1131
1039
1088
1126
1093
1068
1080
1096
1096
1137
1088
1036
1089
1077
1113
1168
1309
1396
1477
1452
1384
1239
1222
1146
1109
1059
1071
1081
1058
1093
1073
1083
1064
1104
1032
1093
1134
1164
1443
1719
2440
3310
4118
4396
4109
3336
2434
1707
1350
1286
1262
1163
1169
1144
1215
1141
1212
1177
1154
1178
1126
1053
1194
1178
1131
1182
1132
1101
1104
1118
1125
1130
1168
1211
1145
1210
1198
1190
1096
1146
1182
1206
1196
1216
1186
1187
1143
1152
1164
1084
1175
1163
1149
1147
1143
1156
1157
1115
1204
1132
1184
1169
1184
1154
1166
1142
1131
1163
1164
1040
1150
1179
1162
1121
1161
1152
1174
1195
1271
1261
1184
1137
1168
1156
1105
1117
1161
1138
1150
1218
1130
1099
1128
1173
1183
1186
1248
1217
1326
1516
1706
1844
2026
1989
1905
1590
1445
1349
1170
1198
1231
1188
1129
1200
1125
1261
1194
1199
1216
1283
1270
1491
1480
1475
1366
1306
1244
1168
1164
1171
1111
1168
1130
1150
1175
1171
1083
1211
1157
1163
1196
1110
1096
1205
1238
1158
1158
1191
1189
1179
1139
1158
1154
1110
1224
1193
1226
1176
1229
1192
1239
1224
1163
1168
1193
1192
1139
1158
1130
1140
1190
1196
1151
1232
1177
1213
1154
1198
1213
1178
1232
1162
1179
1197
1214
1228
1185
1207
1158
1182
1181
1196
1158
1201
1197
1173
1172
1128
1105
1222
1216
1181
1180
1252
1288
1190
1187
1238
1211
1232
1254
1295
1227
1292
1133
1144
1208
1143
1183
1211
1220
1130
1198
1164
1165
1168
1161
1170
1191
1211
1147
1210
1128
1195
1208
1205
1264
1174
1202
1228
1197
1213
1186
1210
1157
1215
1188
1239
1202
1250
1148
1215
1201
1183
1217
1250
1199
1195
1248
1186
1306
1303
1300
1377
1257
1250
1277
1235
1189
1139
1257
1223
1182
1231
1155
1176
1167
1162
1197
1203
1204
1237
1242
1268
1237
1271
1272
1235
1259
1225
1202
1261
1267
1228
1226
1256
1353
1388
1572
1834
2098
2147
1952
1679
1478
1342
1289
1224
1214
1214
1273
1229
1271
1254
1274
1155
1239
1169
1196
1178
1162
1268
1237
1197
1146
1224
1261
1246
1202
1213
1255
1194
1219
1242
1222
1257
1246
1232
1235
1226
1263
1309
1261
1310
1263
1295
1246
1260
1232
1274
1211
1234
1201
1249
1180
1192
1217
1261
1259
1241
1209
1190
1245
1226
1258
1286
1252
1223
1160
1266
1281
1206
1319
1269
1191
1229
1230
1290
1226
1234
1242
1196
1221
1269
1266
1292
1279
1274
1302
1252
1296
1274
1290
1301
1253
1204
1197
1281
1244
1183
1266
1262
1259
1224
1184
1280
1278
1184
1295
1235
1253
1252
1263
1227
1251
1260
1227
1287
1276
1281
1353
1312
1280
1250
1272
1244
1258
1362
1216
1307
1240
1267
1282
1298
1258
1361
1221
1263
1324
1270
1305
1232
1258
1265
1282
1303
1279
1328
1334
1369
1364
1307
1312
1347
1272
1262
1254
1268
1313
1214
1289
1377
1278
1256
1254
1307
1339
1235
1336
1332
1309
1318
1298
1282
1341
1265
1332
1316
1264
1356
1269
1234
1315
1262
1283
1290
1196
1303
1281
1325
1342
1388
1369
1379
1355
1283
1309
1247
1332
1346
1307
1277
1288
1357
1343
1278
1340
1347
1308
1272
1334
1234
1253
1309
1317
1341
1308
1368
1331
1369
1382
1322
1373
1295
1285
1327
1406
1278
1280
1285
1321
1275
1333
1282
1243
1337
1304
1342
1348
1367
1393
1287
1309
1357
1340
1330
1307
1306
1347
1360
1284
1300
1297
1301
1263
1294
1233
1375
1357
1366
1320
1326
1284
1301
1323
1300
1281
1280
1326
1337
1290
1326
1273
1343
1365
1346
1387
1321
1328
1314
1343
1317
1303
1355
1321
1321
1311
1301
1273
1304
1314
1261
1334
1338
1248
1252
1282
1274
1296
1318
1312
1326
1334
1268
1297
1306
1300
1264
1234
1308
1319
1285
1283
1347
1339
1298
1294
1376
1323
1268
1302
1276
1301
1328
1258
1292
1335
1311
1253
1306
1289
1331
1329
1306
1320
1362
1370
1395
1425
1400
1325
1311
1269
1337
1347
1355
1346
1352
1331
1332
1381
1369
1251
1303
1359
1274
1314
1322
1351
1323
1416
1441
1499
1433
1365
1354
1355
1361
1374
1361
1305
1332
1292
1336
1317
1327
1369
1404
1518
1619
1711
1918
1897
1804
1726
1562
1397
1377
1451
1357
1395
1380
1444
1444
1387
1419
1431
1400
1417
1357
1496
1421
1364
1380
1456
1405
1349
1345
1374
1342
1391
1404
1440
1470
1628
1630
1784
1688
1617
1464
1410
1375
1353
1358
1285
1346
1419
1363
1350
1377
1416
1387
1308
1379
1384
1434
1426
1378
1314
1426
1495
1411
1347
1364
1324
1386
1334
1358
1412
1291
1398
1444
1422
1418
1423
1459
1409
1311
1407
1413
1439
1368
1327
1381
1353
1384
1389
1350
1435
1350
1405
1416
1371
1321
1398
1432
1418
1452
1450
1432
1391
1336
1356
1376
1412
1403
1505
1552
1504
1537
1619
1578
1453
1524
1513
1449
1530
1487
1418
1454
1465
1373
1497
1428
1398
1480
1456
1440
1441
1446
1414
1441
1469
1448
1455
1454
1413
1478
1490
1621
1550
1533
1609
1579
1457
1424
1494
1442
1467
1492
1481
1498
1469
1504
1580
1527
1573
1681
1819
2167
2734
3457
4315
5352
6187
6370
6293
5350
4377
3388
2540
1912
1792
1617
1533
1578
1627
1470
1529
1570
1544
1525
1624
1642
1779
1871
1988
2085
2064
1868
1705
1628
1576
1486
1557
1543
1543
1524
1548
1486
1539
1506
1554
1556
1498
1477
1566
1526
1535
1606
1515
1525
1540
1475
1482
1646
1569
1523
1580
1537
1486
1588
1580
1613
1536
1608
1500
1524
1596
1503
1467
1513
1624
1593
1531
1497
1523
1554
1530
1584
1572
1575
1569
1553
1532
1626
1601
1642
1597
1551
1592
1528
1608
1589
1576
1540
1660
1559
1557
1623
1586
1560
1500
1593
1553
1539
1559
1561
1661
1647
1783
1839
2076
2317
2535
2699
2566
2384
2016
1867
1728
1653
1606
1652
1633
1656
1597
1644
1641
1635
1618
1603
1675
1704
1629
1608
1683
1573
1690
1645
1665
1646
1685
1652
1610
1616
1669
1635
1678
1661
1693
1627
1615
1650
1648
1656
1660
1657
1652
1636
1663
1602
1691
1717
1637
1681
1684
1614
1644
1751
1632
1720
1713
1714
1687
1720
1733
1639
1687
1716
1698
1717
1732
1666
1717
1682
1679
1763
1767
1755
1727
1707
1747
1795
1725
1645
1697
1759
1743
1770
1797
1823
1722
1720
1774
1788
1751
1779
1716
1691
1735
1816
1893
1840
1768
1757
1784
1864
1751
1761
1862
1856
1870
1780
1814
1760
1788
1825
1883
1843
1758
1900
1915
1874
1865
1843
1828
1770
1844
1910
1823
1933
1911
1800
1886
1790
1851
1908
1852
1852
1816
1866
1830
1847
1848
1907
1923
1921
1907
1884
1977
1971
2053
1974
2002
1985
1920
1913
1931
1824
1950
1923
2021
1906
1882
1941
1930
2029
1922
1977
1958
1993
1951
1948
1968
2078
2084
2103
2222
2255
2319
2265
2142
2037
1998
1979
2007
2022
1975
2137
2012
2098
2020
2017
2047
1983
2088
2001
2071
2109
2084
2065
2072
1937
2020
2084
2030
2087
2081
2014
2047
2150
2172
2225
2181
2082
2166
2128
2111
2193
2136
2148
2105
2136
2058
2132
2103
2091
2144
2133
2184
2188
2047
2195
2145
2146
2245
2193
2173
2148
2182
2181
2216
2152
2166
2180
2181
2188
2290
2206
2271
2241
2271
2155
2319
2172
2211
2267
2243
2309
2324
2188
2264
2295
2289
2247
2305
2224
2220
2354
2417
2287
2461
2504
2537
2576
2548
2485
2472
2386
2360
2356
2395
2352
2348
2492
2652
2701
2840
2916
2969
2932
2601
2576
2446
2392
2377
2502
2482
2492
2620
2765
2765
2739
2814
2737
2516
2591
2486
2496
2704
2560
2609
2536
2398
2533
2493
2379
2444
2409
2456
2548
2467
2522
2461
2543
2532
2515
2416
2502
2445
2496
2554
2528
2492
2505
2604
2522
2454
2480
2473
2503
2545
2449
2535
2392
2498
2502
2398
2424
2425
2414
2482
2434
2381
2413
2323
2292
2265
2174
2181
2112
2073
1960
2014
1962
2008
1949
2042
2015
2002
2037
1939
1904
1861
1904
1941
1742
1803
1786
1841
1764
1793
1783
1828
1788
1753
1806
1787
1811
1777
1728
1719
1687
1757
1683
1690
1728
1700
1715
1681
1671
1702
1693
1677
1600
1722
1687
1657
1625
1603
1624
1633
1719
1612
1565
1578
1612
1570
1623
1632
1502
1658
1540
1606
1527
1616
1659
1504
1551
1535
1515
1574
1513
1533
1539
1553
1547
1560
1511
1535
1541
1466
1541
1459
1472
1453
1433
1492
1456
1453
1385
1324
1423
1418
1422
1357
1395
1394
1358
1310
1364
1346
1303
1298
1406
1296
1381
1359
1250
1263
1317
1292
1342
1351
1244
1254
1263
1248
1292
1302
1230
1298
1263
1225
1241
1265
1245
1300
1164
1190
1214
1280
1186
1208
1204
1113
1175
1099
1089
1098
1080
1110
1117
1056
1094
1098
1074
1063
1067
1043
1070
1040
1039
1042
1053
1017
1037
1063
1132
1134
1199
1201
1193
1146
1118
988
1001
984
951
905
948
943
886
894
877
844
845
866
849
850
867
853
887
806
876
881
838
870
845
817
831
901
781
847
816
891
836
869
928
877
833
879
831
895
832
892
841
891
895
899
928
848
846
878
919
929
846
942
939
942
928
964
908
956
904
912
838
862
822
892
862
831
871
919
841
869
815
869
939
837
894
838
802
824
822
851
838
800
767
850
761
805
780
830
803
843
834
824
843
791
867
816
829
771
864
781
815
792
777
780
760
846
748
752
774
770
795
784
810
768
810
811
787
783
795
736
741
769
798
765
783
774
756
748
754
724
745
731
736
743
746
699
774
732
749
772
754
778
757
760
703
727
699
765
771
750
753
761
779
704
718
717
730
726
762
744
787
748
758
750
775
802
757
747
777
779
761
767
759
739
753
758
724
760
778
723
744
753
780
738
783
761
775
731
777
771
739
769
818
806
785
874
859
943
1019
1103
1245
1648
2388
4268
7962
14671
25254
38557
53901
68005
76965
77376
68064
50531
31288
16049
6947
2660
992
471
350
304
314
314
283
273
303
274
265
308
286
272
297
268
261
270
280
262
255
281
248
274
273
257
250
301
243
237
252
264
257
241
253
220
227
277
216
237
264
233
250
256
252
256
242
261
260
260
215
260
237
237
251
246
238
231
207
239
229
241
228
245
242
232
230
225
237
227
247
267
261
239
236
233
236
228
224
249
213
241
223
246
262
246
289
214
291
266
263
275
287
245
267
251
233
229
223
223
263
264
267
261
273
265
239
250
243
234
196
234
222
230
263
198
257
223
216
230
208
229
233
214
228
237
219
239
218
238
218
235
251
231
229
233
252
263
273
277
243
241
277
227
241
227
224
212
244
205
210
209
212
216
234
219
218
229
221
252
236
235
219
225
227
228
213
210
239
219
246
213
198
234
213
226
190
242
224
229
204
219
214
227
207
181
220
205
194
218
238
240
196
226
269
260
261
275
268
251
244
225
237
266
244
238
200
239
211
226
240
202
206
223
202
245
225
229
181
234
212
222
243
209
192
234
233
205
230
216
229
212
243
227
206
228
206
228
244
247
226
243
245
313
437
577
795
1075
1255
1505
1589
1527
1233
962
606
425
284
234
210
223
235
190
220
230
205
235
198
207
211
219
226
190
190
224
196
227
205
223
225
202
213
187
197
196
199
227
193
190
227
227
201
175
212
217
210
206
229
207
208
197
217
211
205
198
230
213
205
194
226
233
219
268
263
264
264
244
282
288
252
267
246
242
221
249
227
236
244
246
233
231
218
197
226
203
208
229
198
209
210
210
202
210
184
211
210
216
214
228
224
260
189
194
230
212
211
204
218
213
201
199
238
191
227
207
210
220
193
201
229
221
216
220
202
196
200
174
203
206
187
201
205
222
182
204
219
222
188
206
196
191
207
199
199
238
211
255
226
236
258
228
253
211
201
195
195
215
196
178
214
189
206
207
192
208
206
184
193
203
184
203
177
207
186
205
206
210
216
251
236
243
259
281
270
299
284
215
221
211
189
186
193
207
194
184
204
199
186
228
176
204
193
195
208
203
223
199
210
176
218
221
197
203
201
190
209
217
227
204
184
240
231
223
211
277
247
243
280
266
295
268
256
292
288
281
263
225
222
212
234
224
206
228
218
262
239
221
224
222
218
204
214
204
191
200
216
202
189
204
232
213
206
209
184
210
176
164
185
223
216
213
216
223
199
226
223
234
232
194
206
194
215
238
228
198
207
218
195
204
230
205
174
189
190
205
219
170
195
198
177
214
194
228
195
177
191
171
216
216
173
178
194
191
196
184
189
202
191
203
212
222
216
218
201
177
219
216
223
205
238
198
206
217
185
205
215
217
170
201
180
203
188
196
213
191
192
229
214
213
231
216
223
196
201
228
185
186
192
221
220
187
186
186
194
201
200
202
213
184
183
186
194
209
200
218
206
207
217
184
203
201
193
211
200
203
212
237
199
192
187
224
209
202
198
189
194
179
198
207
206
216
184
208
196
215
198
186
224
181
186
203
183
174
207
212
219
184
180
186
192
210
190
179
190
212
209
200
206
230
201
201
193
197
185
183
182
173
214
189
191
195
198
181
213
221
182
203
177
204
189
192
196
226
212
231
205
227
203
207
196
226
222
217
210
238
219
211
226
234
229
208
186
194
223
223
225
220
191
206
212
217
181
194
187
226
197
211
209
213
218
249
241
244
209
201
200
185
195
198
213
221
229
213
221
208
186
184
183
183
181
203
195
186
181
202
196
172
190
194
181
218
200
193
229
202
200
206
204
188
201
208
195
220
196
150
192
184
216
206
237
268
239
270
288
261
295
255
284
253
266
219
183
191
214
203
180
203
188
193
231
231
237
232
258
246
265
225
216
238
179
179
195
180
206
182
179
166
183
193
209
192
200
192
190
167
197
187
198
178
174
185
177
193
170
205
188
175
194
153
157
178
192
189
155
184
194
195
212
195
180
202
254
273
281
304
347
342
333
345
317
264
237
219
186
181
201
190
199
200
160
162
164
171
169
165
201
171
172
182
167
173
193
180
195
156
175
189
167
177
170
188
166
188
159
199
186
178
185
172
194
183
185
205
213
181
192
190
182
181
187
184
163
174
171
172
186
161
161
162
189
180
184
171
172
165
200
164
179
185
216
204
182
198
186
189
215
175
200
207
190
192
187
196
203
191
173
201
199
191
193
179
188
189
189
191
183
188
180
172
168
193
194
178
152
193
189
202
185
214
207
177
216
218
200
176
160
174
188
171
171
201
190
219
190
210
215
183
201
191
200
218
213
203
211
170
172
193
183
201
195
172
198
184
187
188
175
185
172
192
179
167
171
176
179
177
155
163
177
186
187
170
151
165
184
165
165
187
169
179
221
202
216
200
225
202
239
259
280
286
287
278
214
263
229
206
178
184
198
214
192
157
197
168
176
191
193
181
170
178
198
183
195
195
176
190
172
154
171
163
167
175
178
165
167
171
173
190
177
176
164
162
163
171
169
173
181
176
200
165
187
152
193
186
171
188
174
179
161
171
169
178
191
177
162
163
154
173
163
167
198
157
173
132
174
162
166
159
172
181
149
176
141
157
162
176
160
168
160
167
187
175
169
189
186
167
169
158
191
172
207
208
211
290
305
406
428
500
530
594
587
509
442
370
268
212
200
179
154
139
160
184
148
181
171
174
160
153
161
157
172
155
178
188
155
178
154
160
139
163
156
167
183
169
181
169
185
207
203
204
183
211
214
176
195
190
201
223
228
214
194
199
178
185
195
167
191
193
151
173
199
154
157
182
167
167
188
191
183
187
209
190
167
180
193
186
180
193
175
174
186
167
166
163
180
154
182
167
197
167
174
136
178
159
168
184
150
163
174
161
151
152
191
180
175
176
168
163
187
173
159
192
159
169
183
160
189
178
169
156
142
161
163
174
143
150
143
158
165
160
164
170
157
171
163
154
201
156
215
189
184
187
167
166
189
175
161
188
168
153
161
170
212
211
208
211
251
222
239
270
242
228
237
240
225
233
204
194
216
195
201
200
188
172
139
174
170
159
162
135
132
150
149
148
167
143
168
157
155
169
177
156
156
164
149
149
178
149
158
174
180
178
156
153
176
183
183
166
178
160
185
187
211
196
201
222
217
190
226
156
173
168
137
158
147
159
145
142
143
144
161
145
146
145
149
152
160
159
167
144
146
138
144
131
148
145
150
152
137
143
166
140
167
137
131
142
126
155
161
156
146
145
163
128
164
164
139
129
156
145
149
154
144
151
129
158
138
155
144
164
179
175
151
188
172
177
192
166
161
154
148
156
160
141
152
172
154
167
152
164
167
161
186
158
156
176
174
151
140
164
143
173
160
144
172
140
156
152
156
142
142
153
130
160
151
141
176
148
173
150
143
125
149
147
135
151
160
133
136
150
131
144
161
138
147
156
136
145
141
154
153
135
147
135
144
146
143
171
146
164
150
163
145
144
138
146
163
145
149
139
131
153
146
154
127
135
146
150
154
170
152
152
167
163
164
145
161
192
205
179
187
180
162
184
185
173
187
196
162
168
184
161
192
188
166
140
135
145
166
131
149
165
129
166
153
164
157
166
164
165
180
178
162
175
159
133
140
158
165
147
136
152
164
153
175
159
137
168
155
155
168
155
142
154
166
137
126
113
134
130
151
141
145
134
142
139
164
134
160
149
159
183
141
172
150
155
148
181
179
201
228
332
359
412
538
611
687
652
644
571
481
378
281
217
193
180
154
154
132
142
128
173
132
150
140
128
137
129
138
155
139
120
153
162
155
160
148
146
143
172
115
171
162
145
135
139
137
137
138
130
145
163
141
114
134
128
148
120
119
138
163
136
131
138
135
137
126
164
140
158
132
133
154
150
129
138
140
155
135
165
140
158
179
198
196
217
182
151
148
155
144
141
150
133
149
148
126
136
135
130
140
124
134
152
137
142
149
115
132
133
132
126
123
129
132
132
122
143
149
134
140
154
154
143
150
136
140
124
163
151
134
141
126
129
132
158
146
130
134
125
138
137
146
162
133
120
127
140
149
130
131
120
141
137
152
142
133
168
135
139
136
137
117
131
159
151
126
126
140
127
128
124
159
145
135
140
124
128
136
135
122
129
110
150
134
131
141
155
140
144
133
152
133
135
155
174
131
151
138
130
129
154
169
142
164
162
153
126
140
154
153
144
150
133
121
125
139
134
151
128
131
132
153
135
144
131
131
161
126
139
122
162
145
145
144
139
134
134
125
122
122
144
133
132
131
155
155
168
177
228
235
223
261
220
225
210
195
177
153
143
117
135
147
135
138
126
126
119
131
124
126
137
122
136
138
132
116
146
123
112
129
153
126
133
133
144
123
152
97
130
136
129
130
140
155
145
152
156
139
136
154
155
130
124
142
136
121
130
141
137
130
138
131
138
143
148
152
134
160
150
174
161
186
182
176
173
158
175
171
119
161
135
143
132
125
131
132
117
118
144
116
109
135
123
130
122
125
149
121
139
122
139
117
132
130
149
161
147
162
149
149
191
162
154
163
174
162
149
134
132
150
111
121
124
115
145
132
110
123
124
109
120
133
110
122
120
116
127
135
139
138
129
136
120
139
117
128
114
118
136
121
132
120
117
129
155
121
134
142
152
145
151
147
144
118
153
138
128
127
128
121
134
109
129
119
107
125
108
112
127
124
116
121
105
111
135
123
126
120
142
124
128
145
155
152
165
155
173
150
144
136
115
96
128
126
114
116
116
112
125
89
117
130
129
108
120
108
104
140
129
131
128
119
122
122
144
127
107
112
133
114
129
113
119
134
108
115
108
91
141
107
135
111
115
135
125
124
121
115
132
98
124
118
118
123
102
110
122
123
100
102
120
127
153
129
129
182
153
186
151
167
186
184
204
198
226
260
275
343
392
436
474
473
475
408
336
251
196
149
142
127
145
132
118
128
129
114
108
118
120
109
124
110
108
112
128
116
99
118
105
106
103
110
108
125
134
104
122
135
111
118
115
122
132
109
103
105
112
121
136
110
125
107
85
125
96
112
105
92
132
108
106
97
120
111
116
101
123
97
116
101
101
87
133
115
116
106
97
135
123
97
134
142
119
132
124
143
130
124
122
129
111
124
108
99
116
113
128
128
113
109
119
110
140
99
98
105
121
127
110
101
106
107
122
103
125
113
120
124
122
120
108
110
118
113
111
102
100
130
96
123
121
98
106
100
125
112
100
104
120
108
118
124
111
104
111
101
112
126
82
98
103
95
124
120
119
141
115
153
114
125
119
93
120
98
114
95
95
97
110
108
109
128
106
108
100
119
112
117
102
110
90
105
97
120
118
100
109
108
113
105
115
104
104
110
103
109
103
124
118
125
127
128
153
142
141
122
107
111
116
133
117
120
109
108
111
116
121
113
98
122
132
124
134
142
146
175
185
166
199
208
210
198
192
205
205
223
215
232
262
236
284
238
228
186
153
165
111
127
124
97
128
107
98
98
108
119
111
93
119
118
98
98
117
92
88
103
109
111
103
108
98
127
126
141
136
133
123
152
131
121
130
140
125
118
112
118
109
104
95
111
113
122
93
121
112
111
110
96
134
130
138
145
163
138
169
138
135
135
127
111
119
97
105
111
103
118
103
89
110
100
101
102
103
95
111
126
101
102
117
111
102
108
100
101
92
105
109
103
84
107
115
113
110
111
114
129
137
116
127
127
102
104
113
94
89
91
123
105
108
109
123
103
112
104
84
96
105
105
114
79
93
113
102
98
103
90
119
112
98
114
100
93
99
100
88
103
112
92
99
135
93
109
96
112
109
113
116
126
103
105
92
86
107
102
113
111
123
118
91
109
117
106
122
106
122
104
119
123
114
102
102
92
105
123
92
100
115
108
87
92
97
89
103
95
93
109
109
108
97
112
102
101
90
85
100
108
102
102
113
95
95
113
98
93
119
103
101
106
93
116
109
106
106
100
106
102
132
107
117
121
118
140
97
112
116
115
130
108
100
112
97
101
98
113
101
97
87
108
116
107
111
106
107
94
105
115
118
108
117
115
126
134
151
158
135
134
121
133
153
141
163
153
163
126
140
138
155
149
159
159
139
143
126
154
127
121
123
125
128
130
114
97
101
108
101
125
115
127
116
109
98
102
118
106
109
103
111
120
97
105
128
111
104
112
114
116
122
97
125
128
123
113
99
96
122
123
93
111
107
121
112
100
102
102
101
112
87
105
111
117
103
113
114
114
136
123
106
114
115
114
117
128
111
114
113
127
83
103
110
107
114
128
123
142
123
130
139
119
131
149
140
125
164
157
149
156
177
166
138
163
145
150
147
141
136
166
172
169
172
224
169
207
170
167
158
149
178
174
158
152
129
140
121
120
117
117
120
103
132
114
105
97
110
124
105
106
116
110
115
105
99
121
105
123
137
109
121
104
106
108
116
124
130
124
111
109
104
111
101
121
101
130
131
127
115
138
134
120
118
120
135
131
124
117
111
125
142
117
106
109
125
109
96
97
124
117
112
119
108
127
114
95
123
118
106
109
92
93
108
109
128
110
117
116
135
126
118
104
127
110
148
117
119
92
110
100
104
104
116
109
102
105
111
111
103
115
114
113
123
138
132
141
127
133
129
146
147
135
145
132
132
142
134
137
126
124
112
117
94
90
97
123
109
121
118
109
102
131
110
108
133
134
129
119
108
97
108
95
115
106
121
124
118
112
120
103
114
122
114
135
110
114
115
105
116
113
104
93
108
118
106
120
94
110
109
106
108
128
134
106
94
103
112
132
120
101
107
101
111
115
106
106
90
114
89
115
111
112
112
104
102
112
111
113
112
98
142
115
117
114
112
123
120
119
121
122
112
111
112
103
122
121
109
99
126
120
97
101
110
90
108
109
111
86
101
102
109
111
125
118
121
113
112
112
117
113
113
111
112
116
139
112
107
129
111
108
111
132
116
101
100
117
121
131
86
134
103
100
102
106
98
96
112
120
114
124
97
108
117
110
110
97
111
97
110
125
113
97
126
113
112
107
106
91
114
107
116
93
98
115
109
104
105
130
127
137
125
109
92
108
125
123
107
104
119
113
135
117
120
110
119
94
111
116
107
119
140
114
102
113
118
119
126
120
106
144
148
139
131
131
129
117
169
146
126
138
122
128
128
120
132
119
104
107
119
119
124
126
108
103
124
123
109
116
120
112
110
118
131
118
112
115
125
130
104
86
91
110
106
124
122
129
135
106
92
126
95
100
121
114
123
109
129
111
104
86
124
105
99
118
132
111
104
106
112
115
117
128
123
113
125
98
128
119
124
124
112
113
120
113
109
114
114
96
90
115
119
87
122
122
127
97
112
113
116
112
126
107
99
120
121
99
111
118
116
99
119
116
131
113
104
112
108
103
122
115
97
116
119
104
102
115
104
99
114
139
134
116
121
103
110
145
132
137
137
165
157
189
220
190
215
209
175
182
166
146
134
132
118
133
119
128
115
114
111
100
105
105
107
105
102
109
88
119
101
91
113
94
130
116
122
122
109
116
103
120
109
108
150
133
130
136
142
143
140
134
122
141
142
116
138
141
129
132
127
111
115
123
112
113
125
107
106
146
137
127
137
123
147
155
147
121
113
130
97
110
138
128
113
116
93
90
124
131
110
123
119
117
131
129
140
131
133
153
137
152
128
128
122
126
108
125
123
109
99
117
108
103
111
100
90
111
97
111
87
114
104
104
117
122
100
111
123
110
114
115
133
131
92
126
120
111
121
123
116
127
110
120
117
114
103
101
95
110
108
113
103
104
106
102
111
114
101
103
116
94
117
107
107
100
101
100
117
106
108
98
115
111
110
100
106
111
102
93
107
122
100
103
101
110
109
112
105
97
99
89
97
109
86
100
105
107
98
94
89
102
100
106
103
117
98
78
90
118
88
110
108
100
98
108
102
103
103
101
112
108
91
135
108
116
100
119
119
141
144
145
177
166
161
192
189
203
197
179
165
163
154
156
142
133
129
104
109
128
94
110
103
134
113
97
112
96
94
117
103
105
126
111
105
114
115
99
89
127
101
106
111
126
94
103
108
102
110
107
110
107
115
110
105
117
124
125
119
125
128
119
191
143
184
180
208
214
211
218
227
235
248
218
270
245
251
244
197
180
183
175
137
160
152
145
159
155
127
127
133
132
119
116
113
139
98
116
89
117
140
134
139
152
138
148
182
211
201
200
215
223
177
203
203
223
200
195
178
202
186
197
209
219
193
250
235
227
256
258
243
270
226
201
230
227
213
189
160
161
145
116
134
126
141
132
115
128
108
124
120
113
121
106
129
114
119
131
107
141
112
118
124
122
106
129
88
124
111
122
128
126
133
120
111
128
126
118
137
137
133
99
118
137
119
128
120
130
118
119
123
117
121
119
129
111
111
96
114
122
103
126
115
118
100
120
127
112
138
113
99
121
106
112
111
133
126
141
129
111
140
123
123
123
109
104
107
138
102
134
133
138
123
100
135
113
140
133
114
115
118
115
133
129
136
132
133
130
174
173
161
179
180
180
205
187
184
191
174
172
176
148
129
121
134
120
118
123
109
110
128
106
125
130
99
126
110
115
115
115
122
121
119
105
119
120
115
103
131
120
129
142
136
141
137
138
144
124
148
136
162
140
129
142
136
115
128
131
132
117
134
138
130
120
107
122
141
121
141
127
119
104
108
106
138
130
152
133
128
95
138
148
130
124
132
110
124
143
117
139
130
127
121
114
125
130
127
126
115
119
123
122
116
118
126
146
115
136
92
117
110
113
112
135
115
117
101
117
109
126
118
123
143
119
108
103
105
120
128
114
126
115
123
129
120
115
111
137
110
120
118
120
126
110
124
144
104
134
144
119
123
138
122
113
114
127
122
135
106
108
131
99
126
105
126
113
126
93
112
115
119
128
121
125
133
125
145
133
138
128
131
128
141
114
132
132
116
132
130
133
130
141
118
144
118
118
116
141
130
135
120
149
119
130
109
129
128
126
124
123
125
105
109
131
122
157
122
131
147
135
124
135
136
147
122
118
114
133
127
118
94
103
131
114
120
119
117
127
109
133
86
130
104
118
129
128
121
127
135
128
135
130
109
120
140
133
128
133
141
124
118
134
122
124
116
113
133
123
121
138
128
127
128
144
150
108
139
126
124
129
129
147
145
119
123
130
131
99
115
113
121
132
132
124
112
131
123
122
124
123
122
139
125
120
163
156
149
149
115
129
128
150
120
127
147
130
123
119
116
109
123
118
113
107
112
96
128
113
114
107
120
121
110
126
111
112
130
138
104
114
115
104
100
126
125
132
105
117
122
108
115
120
103
125
87
113
105
113
126
114
107
137
136
117
119
123
113
136
112
95
134
132
122
133
138
148
115
130
139
123
150
117
118
130
113
124
90
124
111
121
126
120
117
141
119
121
101
105
104
112
115
112
157
123
121
128
112
121
163
134
165
166
160
160
165
190
182
171
149
143
141
148
122
133
125
118
124
115
116
105
119
105
93
102
106
94
102
116
105
108
105
105
119
96
100
112
96
109
124
116
107
105
113
101
125
126
128
127
128
125
131
121
135
131
156
142
133
144
147
112
99
101
99
108
127
104
105
110
86
112
95
95
99
120
99
84
90
96
104
96
105
126
109
111
104
112
125
157
118
120
120
126
109
126
139
128
107
104
116
100
104
83
92
97
87
90
86
95
89
108
101
108
92
97
94
84
99
108
98
80
105
102
99
111
95
89
106
93
88
81
102
102
91
105
105
99
91
79
92
90
105
116
98
100
77
101
110
93
115
90
114
92
99
95
96
88
85
88
99
102
100
88
93
95
90
102
100
95
106
109
88
86
86
87
100
108
108
106
93
153
125
145
168
166
174
197
203
217
208
234
237
229
223
164
170
157
118
97
111
100
97
104
110
102
98
107
114
86
114
95
105
113
89
92
105
110
94
102
79
101
100
80
97
104
101
107
114
116
113
106
105
107
105
136
115
93
134
123
131
120
143
139
136
188
195
206
227
252
291
321
315
341
339
380
391
376
346
392
348
288
244
248
204
165
146
127
94
125
94
95
106
101
92
105
107
103
102
114
99
99
96
96
104
120
137
129
122
155
148
185
201
223
246
267
267
291
278
287
251
212
208
193
159
149
164
162
152
189
231
224
233
268
274
299
331
310
295
273
232
224
162
162
126
113
100
101
116
101
101
91
98
92
88
90
95
95
92
120
98
86
105
103
82
93
92
111
104
91
71
99
84
97
96
87
102
90
81
97
87
98
101
100
108
102
104
122
107
128
121
94
121
113
115
138
114
114
105
92
106
100
104
99
97
97
89
81
121
120
100
108
119
132
135
129
139
112
116
127
131
138
138
145
134
96
120
108
105
105
103
88
87
103
95
94
104
102
114
89
104
95
88
85
74
96
87
96
82
118
90
119
79
109
102
131
124
157
127
118
124
128
136
118
123
125
115
124
116
113
102
106
103
97
99
112
91
92
100
112
112
108
116
106
101
90
102
92
109
95
85
94
97
102
113
102
114
121
106
111
110
114
136
132
150
129
156
133
125
122
125
125
102
106
126
97
111
109
86
99
103
85
106
93
99
95
106
80
89
113
99
106
101
102
80
94
92
96
109
80
114
114
111
107
101
105
113
96
98
103
94
90
113
104
107
102
77
95
108
103
120
108
91
114
107
119
115
122
122
107
136
137
137
112
123
129
112
119
105
121
115
107
95
97
88
92
82
92
95
112
101
92
90
95
109
84
101
95
97
108
106
99
116
104
100
100
107
123
95
112
122
108
89
87
118
98
105
92
83
112
95
94
84
80
96
85
108
92
105
90
94
103
93
79
109
91
82
97
96
107
92
96
104
98
103
103
95
116
93
92
91
104
101
116
96
94
99
106
104
87
111
114
100
109
106
99
102
84
100
95
101
98
87
118
92
94
95
98
112
115
99
115
107
104
82
107
111
94
94
101
102
103
88
97
108
91
104
100
97
97
92
111
95
93
101
108
85
85
106
98
101
83
95
100
93
86
110
84
95
99
102
99
92
99
103
108
87
91
91
93
108
98
110
86
83
88
84
87
92
79
102
77
100
103
95
83
95
87
96
92
82
92
91
88
91
94
92
122
116
112
109
119
86
105
83
92
91
81
92
78
70
95
87
94
89
107
84
94
96
85
98
89
73
81
79
82
95
98
86
107
99
91
92
82
78
92
90
84
77
86
91
90
100
75
79
104
96
71
87
89
80
90
80
101
98
84
100
85
82
100
90
78
78
86
101
85
90
96
88
101
69
92
89
98
85
98
83
79
89
72
82
86
75
85
83
76
77
70
85
79
83
92
85
100
82
96
86
96
111
130
131
140
133
129
148
126
150
158
184
167
166
182
171
146
163
124
107
92
101
89
74
81
94
77
65
71
83
87
63
71
72
90
86
76
70
85
75
74
72
65
95
68
85
83
98
89
98
111
110
133
124
152
128
134
144
142
130
148
140
130
130
137
110
103
112
86
71
74
75
72
84
84
78
78
75
69
90
76
84
77
81
73
59
77
73
67
64
61
70
59
72
75
71
86
74
84
64
78
78
60
74
71
92
74
80
73
64
63
72
77
76
78
71
69
73
63
76
72
75
73
62
63
68
74
62
76
74
74
50
74
79
70
78
73
63
77
68
72
80
70
71
70
63
73
74
71
70
81
77
75
84
73
82
85
70
83
81
88
85
78
86
67
58
58
80
93
73
83
62
63
75
84
72
50
80
73
82
73
83
70
75
77
68
69
88
59
70
88
77
65
80
73
75
64
79
84
86
75
71
85
81
81
83
66
87
74
76
79
77
81
87
78
90
85
96
85
93
88
88
98
105
85
91
93
98
69
97
105
82
87
122
123
105
121
110
131
140
123
139
119
131
136
135
146
149
141
168
159
203
254
300
286
361
371
406
437
495
536
586
608
548
512
444
355
255
198
135
119
84
81
64
56
56
54
57
66
52
55
58
56
58
70
68
66
74
59
68
58
64
62
58
51
63
53
73
64
48
80
50
66
68
59
69
60
60
63
60
61
58
63
50
57
56
83
46
55
58
49
66
73
53
67
58
70
56
67
47
49
61
72
69
51
60
54
54
71
64
59
70
57
45
65
59
57
46
69
47
68
68
63
57
55
67
53
56
58
59
56
49
58
55
44
46
63
70
50
48
77
81
64
59
60
54
57
60
61
60
61
43
61
73
56
56
59
64
53
68
83
72
84
97
91
104
109
97
110
97
111
125
124
131
126
119
141
128
127
94
96
102
81
79
73
65
76
64
75
77
83
70
95
60
70
67
72
62
55
50
64
77
77
68
72
69
74
81
74
93
100
96
106
110
125
92
124
122
123
128
110
90
90
74
84
79
67
55
51
63
63
54
65
61
60
65
53
50
52
80
64
55
63
47
65
50
58
54
50
48
60
67
61
65
74
69
66
63
63
77
87
61
92
97
98
92
87
97
82
84
68
72
61
68
60
71
58
68
64
59
82
58
59
55
67
70
62
77
67
73
68
67
80
72
57
92
74
90
81
63
91
87
96
67
73
72
64
77
76
74
57
75
78
75
73
105
90
97
114
97
115
123
112
115
124
112
112
149
128
158
122
126
106
106
96
76
73
63
76
64
72
66
62
60
57
62
67
47
59
55
68
49
57
67
69
57
78
68
66
56
59
67
79
54
65
51
65
54
52
68
57
63
56
54
56
55
59
56
69
64
50
50
51
58
48
67
53
57
61
56
72
54
65
57
59
61
46
73
54
55
54
74
59
50
64
56
64
57
58
60
65
74
69
68
70
42
61
45
79
73
55
67
65
56
77
58
71
55
54
57
55
53
67
62
69
49
45
60
70
60
56
65
74
49
54
60
78
49
59
60
63
56
52
60
44
62
76
53
60
70
55
66
58
50
55
67
57
57
58
64
69
66
76
57
55
68
54
64
66
70
77
67
60
65
63
77
58
53
48
61
68
63
56
59
67
60
55
52
64
63
51
69
50
53
47
70
78
61
69
67
59
74
91
73
63
91
95
78
98
102
97
84
82
70
54
66
61
52
71
59
60
74
63
73
55
56
77
73
57
65
63
71
73
72
84
93
86
73
71
70
76
80
73
75
75
68
77
61
62
67
62
77
59
72
72
60
63
73
76
54
60
70
64
67
62
58
83
66
73
77
56
70
65
61
51
51
63
73
62
55
66
64
57
61
53
62
52
51
41
62
47
51
47
70
61
65
55
49
46
59
58
58
58
59
57
44
61
58
72
54
46
64
51
50
64
69
79
55
61
58
64
59
61
54
55
62
67
54
51
53
51
54
56
41
56
47
59
54
58
47
48
52
56
52
64
44
36
49
60
56
53
54
64
64
80
72
67
91
66
76
89
77
87
84
93
109
85
77
82
93
72
58
64
76
59
68
55
61
59
61
59
55
63
48
61
47
59
61
64
58
48
56
67
51
61
43
54
49
55
62
48
44
43
46
64
59
60
57
51
59
45
47
36
50
70
57
51
56
48
64
48
54
59
48
59
54
66
55
46
56
46
51
58
46
52
46
54
49
50
62
54
63
64
62
58
63
67
69
63
61
63
67
81
79
61
86
63
65
61
39
58
65
73
67
50
72
64
64
65
59
57
52
62
58
72
52
61
44
52
48
51
49
54
57
60
69
66
62
72
45
52
52
51
53
66
55
48
53
44
57
51
49
59
52
43
55
62
54
51
73
54
67
69
84
80
66
83
68
78
95
86
85
90
87
75
104
89
94
79
79
72
70
89
79
80
71
78
81
98
107
129
133
135
150
134
139
160
140
138
125
113
88
68
71
64
74
56
54
57
56
41
62
58
42
64
50
50
55
44
46
44
49
46
44
46
51
57
49
46
46
42
50
45
49
49
46
40
37
41
42
40
44
45
44
45
65
57
47
57
49
47
52
57
51
51
45
47
46
51
46
57
54
43
42
37
45
59
53
39
49
43
41
41
41
51
55
45
53
45
50
52
42
46
56
56
59
58
53
46
42
44
61
50
35
59
50
44
48
37
51
58
43
38
43
42
44
51
57
48
57
45
58
51
44
42
44
47
46
37
53
53
44
49
45
39
44
52
28
53
39
47
53
42
33
38
43
41
36
53
46
50
60
49
66
61
60
91
89
100
96
106
127
118
122
130
150
147
149
129
135
143
119
109
65
65
52
61
48
34
49
38
43
49
36
36
59
62
48
42
41
35
44
50
49
43
55
38
49
49
37
43
43
56
41
51
45
60
47
38
57
38
34
48
49
53
46
61
42
45
57
56
38
45
41
56
37
46
50
49
43
42
58
42
49
59
36
35
40
42
49
47
44
47
42
49
57
46
43
41
47
37
35
39
50
52
38
36
48
64
51
43
48
48
45
44
64
44
41
47
51
51
44
49
53
54
46
58
62
54
69
61
52
58
48
64
62
40
70
54
58
55
50
39
48
42
38
46
42
51
46
59
58
66
65
62
69
79
87
110
83
103
116
98
121
141
146
152
163
183
145
172
169
127
135
113
91
83
88
77
61
65
78
42
51
43
48
47
42
33
46
40
46
45
44
43
33
50
44
39
49
60
52
49
49
49
42
49
36
42
48
47
51
34
50
39
43
45
47
37
41
45
34
53
30
42
48
47
36
48
54
40
42
44
36
50
45
44
57
41
58
33
46
43
42
50
38
48
36
39
42
33
49
45
49
36
46
47
45
39
43
52
37
32
47
46
34
45
40
42
41
37
50
55
50
37
50
45
44
50
43
39
60
39
47
52
54
54
48
39
40
38
41
40
47
44
34
37
34
44
45
34
42
45
46
49
35
48
40
33
35
49
48
47
41
39
47
37
45
51
36
27
34
40
33
41
37
33
37
37
40
38
47
50
42
34
39
34
56
42
34
42
37
46
58
35
46
52
51
48
42
44
46
44
41
35
40
53
45
38
44
32
46
41
56
51
39
41
39
42
54
33
47
33
44
52
46
52
46
56
40
44
59
40
53
55
59
71
53
54
76
65
75
71
65
77
67
73
80
69
70
76
83
71
79
77
64
55
62
51
51
54
72
55
53
53
56
56
48
47
51
37
54
49
56
49
46
54
55
54
51
47
39
41
49
42
43
33
37
46
59
51
25
52
48
49
40
50
51
39
37
43
48
34
37
51
39
37
46
39
37
48
51
50
43
45
43
42
26
45
54
45
34
37
42
54
40
45
38
49
37
27
41
43
35
45
51
38
36
49
47
52
43
43
34
47
37
50
53
33
52
52
42
45
59
64
45
61
67
51
65
69
60
55
63
73
85
78
76
84
74
95
74
63
66
44
42
63
40
49
35
38
33
33
39
46
43
43
37
40
40
44
43
45
47
42
40
47
48
52
38
45
49
49
37
37
46
35
37
44
47
58
37
55
49
59
44
59
38
35
49
55
38
40
40
36
54
48
37
46
44
45
42
51
42
41
39
48
43
38
62
31
34
31
41
39
43
48
39
53
38
52
37
64
48
58
60
61
78
74
68
60
64
74
55
73
71
68
64
71
55
66
55
46
60
70
54
63
64
61
53
53
49
66
63
61
57
64
61
48
58
55
44
50
63
65
39
59
41
46
33
51
41
46
44
47
44
32
47
46
49
44
38
36
46
48
64
55
50
47
67
66
81
66
86
71
75
91
94
84
75
102
90
64
71
56
53
53
41
49
48
49
46
55
43
42
43
44
40
42
47
42
45
37
39
46
33
45
43
44
41
39
53
42
45
35
55
46
48
62
34
44
40
46
36
44
31
44
43
33
39
31
35
37
41
38
41
49
29
28
42
35
48
41
41
45
42
48
40
47
51
53
47
40
38
45
52
55
60
43
44
53
47
52
44
29
53
35
35
37
51
41
41
33
52
43
53
53
41
39
34
63
44
48
41
53
55
41
50
45
30
35
53
38
42
40
40
49
44
49
44
58
36
39
50
43
27
37
41
34
31
33
41
41
38
38
47
39
49
43
42
42
42
40
39
43
41
59
46
46
51
41
37
49
42
41
37
48
45
39
31
41
49
52
48
46
54
45
49
48
35
49
43
49
30
36
43
42
38
42
45
34
33
51
39
38
47
51
39
49
48
39
48
41
35
43
43
49
66
55
36
36
33
36
40
59
41
45
43
42
45
46
53
37
44
32
49
46
47
49
34
45
46
38
55
48
32
42
44
39
42
50
42
41
51
42
46
46
48
41
34
38
41
42
35
41
37
40
37
34
46
44
42
40
38
41
34
39
44
55
30
40
49
36
31
47
46
44
45
45
48
53
38
39
42
38
45
47
41
52
44
45
38
42
28
55
35
55
56
48
41
56
54
53
55
64
65
94
75
88
104
113
97
111
89
104
107
98
113
104
101
122
125
124
113
122
115
84
87
117
106
110
102
105
91
140
126
138
139
122
137
133
127
148
130
149
142
106
128
106
122
102
96
99
95
75
70
64
69
61
45
54
68
52
38
55
61
58
44
43
45
74
51
40
41
57
52
49
48
38
58
53
52
42
53
41
38
45
48
71
46
45
47
36
50
51
47
42
49
46
44
55
54
44
53
55
32
48
58
42
66
40
53
59
49
53
47
53
45
55
54
49
55
52
60
54
54
53
48
49
58
38
49
49
42
49
42
42
48
51
62
58
52
48
46
65
62
75
55
65
50
65
48
60
58
56
53
49
56
59
46
58
53
64
78
68
57
70
51
60
50
64
61
53
64
55
50
58
49
49
59
49
71
62
58
45
65
57
53
65
47
56
61
58
53
54
39
42
59
49
41
53
49
48
54
65
43
46
50
58
48
53
39
49
61
41
59
40
48
54
48
42
42
45
55
43
51
52
55
56
52
51
64
55
50
48
48
52
57
43
55
54
56
65
60
48
57
52
57
43
62
52
68
52
69
72
63
61
70
69
52
72
74
86
69
78
74
98
119
100
101
96
108
102
118
101
91
103
88
81
102
106
100
97
100
94
93
90
86
52
59
83
67
74
46
60
46
65
74
68
47
60
69
68
58
53
54
61
64
55
60
59
60
67
67
64
75
66
52
61
64
60
50
48
57
40
48
55
56
52
68
44
48
51
45
60
52
60
39
48
44
54
45
61
41
59
43
45
56
46
51
58
46
34
54
52
45
48
52
60
49
53
38
58
62
63
47
47
43
51
50
53
49
49
52
51
52
43
61
45
51
51
66
51
47
66
49
65
54
51
61
50
60
50
64
55
58
54
49
56
68
58
63
37
61
53
55
54
40
44
43
63
48
59
52
60
65
52
62
51
45
55
44
58
53
50
53
56
43
63
60
58
46
58
54
54
36
67
51
68
59
52
51
46
55
42
52
44
55
60
52
57
61
39
53
59
63
52
49
46
52
49
59
55
55
40
54
51
42
52
56
63
46
63
51
46
48
51
31
43
53
52
49
61
51
55
54
62
49
72
62
68
62
80
82
67
72
76
86
74
82
90
72
68
83
90
76
76
65
79
74
79
85
71
53
53
58
56
66
51
62
52
57
53
52
56
57
48
54
41
46
54
61
46
49
41
72
57
58
53
45
49
48
52
62
56
66
61
61
54
51
52
52
61
62
72
53
43
60
44
56
51
47
50
47
59
59
46
54
55
54
53
55
56
62
59
48
53
59
50
44
58
70
54
62
58
54
60
67
41
48
55
50
68
57
63
54
60
44
56
55
52
52
64
50
49
49
64
55
42
48
55
53
57
45
40
39
54
48
53
48
62
56
49
46
51
47
58
56
54
67
61
48
65
46
42
41
60
44
37
60
56
53
50
41
60
54
48
39
62
52
46
31
36
47
50
46
49
42
55
42
52
41
37
49
51
41
45
43
47
52
51
41
46
45
47
54
45
41
49
54
49
37
48
39
48
36
40
47
56
51
54
44
44
34
43
50
49
40
50
38
50
35
46
34
41
46
41
41
41
51
33
33
33
46
50
28
63
40
41
46
50
42
41
50
52
46
45
34
48
45
44
35
41
47
36
50
33
39
46
50
43
47
50
35
42
58
36
44
50
39
43
44
45
51
42
45
39
35
37
32
43
40
50
54
40
42
34
43
35
44
36
48
47
35
41
33
45
36
29
38
45
33
38
30
38
47
45
45
39
53
34
52
41
45
30
38
44
45
37
43
28
33
55
34
49
48
38
37
49
45
39
43
51
41
39
45
48
42
49
45
61
41
47
44
41
30
40
47
39
45
40
37
29
45
42
41
47
32
39
49
52
67
47
62
54
71
72
110
100
102
142
126
129
149
142
151
146
165
167
202
183
199
209
229
197
174
171
140
142
141
115
106
120
113
106
121
124
136
127
126
136
121
163
159
131
161
160
182
168
163
135
121
123
87
58
66
58
50
54
55
45
55
42
51
51
46
37
43
44
35
33
30
46
48
48
48
50
30
50
48
31
34
46
47
39
43
47
52
48
44
52
42
39
37
37
37
46
27
30
53
48
40
41
32
42
46
36
50
31
36
42
40
58
40
37
52
39
50
42
37
40
45
47
57
38
37
45
44
47
43
31
43
42
37
34
38
38
44
37
45
34
37
40
41
41
34
43
39
38
40
38
45
48
43
58
61
53
43
39
55
47
47
56
58
58
40
63
52
53
59
75
51
71
55
53
54
61
52
80
62
52
64
48
47
43
34
35
37
52
52
33
41
46
27
39
44
37
38
44
36
40
41
35
40
45
33
39
35
35
36
36
33
36
40
39
34
35
31
43
43
38
40
47
26
33
29
52
40
44
39
38
40
42
46
39
38
41
33
32
38
33
44
43
43
32
31
42
38
28
29
35
37
36
42
43
47
44
38
38
37
35
38
35
38
42
53
42
38
43
66
48
58
59
72
84
75
82
95
89
75
81
84
100
108
89
95
103
100
98
74
75
63
61
61
52
59
41
49
59
57
56
55
62
60
52
56
43
46
53
56
54
44
40
46
37
62
55
55
38
47
56
45
36
34
49
38
38
34
33
40
40
41
45
33
47
36
40
35
44
33
35
29
41
37
34
32
46
38
38
43
34
35
26
38
37
49
35
31
40
36
32
29
35
32
42
37
46
35
33
35
34
31
41
44
37
34
32
30
38
39
33
51
33
33
37
36
39
31
38
30
40
51
49
43
47
42
27
38
31
43
33
44
42
31
38
36
31
32
41
27
32
39
37
32
27
22
31
39
30
42
47
43
35
36
34
32
27
28
36
23
34
31
28
30
44
37
26
26
31
50
36
37
34
34
35
28
34
23
33
38
35
35
34
36
34
42
24
36
32
30
32
40
34
27
38
34
30
34
36
35
31
38
35
25
32
24
30
33
29
30
24
35
46
32
29
28
31
38
28
45
32
37
37
41
44
48
41
51
70
47
53
67
54
47
67
59
65
67
65
64
62
47
57
32
37
45
40
36
24
27
30
39
33
38
32
25
38
24
35
42
34
40
35
33
26
23
36
34
25
22
30
27
27
43
24
30
24
25
27
26
21
21
31
19
24
31
35
24
27
30
19
28
35
28
32
33
34
41
26
25
26
32
26
19
37
21
45
34
27
16
31
23
19
27
24
24
38
24
25
22
16
24
32
32
24
22
31
28
23
26
22
25
18
20
26
29
22
28
35
24
20
25
33
27
25
18
16
17
19
29
20
21
26
19
24
30
26
18
21
29
31
17
18
19
17
14
20
19
20
25
23
16
19
23
16
28
13
10
18
22
20
18
22
21
26
21
26
24
17
21
22
20
23
16
19
12
21
21
14
17
17
20
20
29
21
19
24
15
18
21
18
11
9
19
24
16
23
18
18
15
30
19
24
15
20
15
22
25
13
18
19
18
12
15
14
24
21
10
16
11
10
13
19
17
19
18
20
16
15
11
22
14
27
16
15
19
21
14
13
22
23
25
26
15
13
14
21
15
16
17
15
21
16
23
10
15
16
18
18
22
15
21
23
19
18
16
21
16
13
14
15
17
17
17
19
16
14
19
18
15
10
12
24
16
15
15
19
19
13
16
11
14
18
15
20
23
14
14
12
20
9
24
16
17
11
12
11
9
18
11
8
16
14
14
7
14
9
17
19
11
19
8
15
3
18
18
12
23
12
14
11
9
17
11
19
14
12
16
22
13
16
20
10
14
19
20
14
20
18
16
19
24
27
20
20
23
28
42
53
44
62
51
69
84
85
99
102
101
123
147
149
166
173
190
177
186
162
175
138
119
100
76
58
56
59
69
64
53
78
90
99
97
126
102
124
148
142
151
142
147
137
123
82
76
48
45
37
25
25
6
10
8
10
8
9
12
9
14
11
11
12
7
5
2
11
7
7
9
6
6
6
10
8
12
10
9
8
8
9
9
6
5
9
4
6
9
7
8
9
6
7
14
7
11
6
6
8
6
6
7
6
7
10
4
8
12
12
11
5
6
7
12
10
13
7
18
9
12
8
7
7
8
7
11
6
11
9
6
9
8
7
5
4
6
4
3
9
5
8
5
12
8
3
7
7
4
10
8
12
9
15
16
23
16
13
14
25
21
16
31
13
24
28
34
23
23
25
27
34
24
24
20
13
13
10
12
11
10
6
8
7
6
5
9
9
6
5
9
6
10
6
9
9
5
2
8
6
7
6
14
3
9
7
6
5
8
6
9
10
6
7
9
3
6
7
7
4
7
5
7
10
10
9
5
12
10
11
9
7
8
10
5
8
10
9
14
7
9
5
12
10
2
16
9
9
10
7
6
10
8
11
9
10
4
7
10
10
8
15
8
5
10
12
11
16
13
23
19
16
22
18
36
22
36
25
37
18
31
40
24
28
34
21
16
20
18
24
30
27
22
19
20
18
17
19
20
21
13
15
11
8
7
8
4
8
10
2
7
6
9
7
3
6
8
6
11
5
3
6
3
5
3
5
6
9
8
9
8
7
6
11
5
9
6
5
2
4
3
7
7
12
4
9
5
2
5
7
3
4
9
6
6
6
6
8
9
4
15
6
6
9
6
3
7
7
6
3
4
6
11
5
9
10
6
10
10
5
5
6
9
8
5
8
8
7
10
5
11
7
10
11
15
15
6
5
9
8
14
4
6
10
3
6
8
7
6
6
4
7
9
6
5
6
4
3
6
2
5
4
4
9
4
7
6
9
6
6
4
5
6
6
6
3
7
8
4
5
6
12
3
8
8
4
7
10
6
7
5
9
3
4
6
6
1
3
4
7
12
6
12
7
2
8
6
8
4
4
7
4
10
1
9
5
7
3
2
7
7
4
11
8
5
4
4
8
4
10
5
8
5
8
4
3
9
6
3
0
4
5
3
7
4
3
6
6
5
5
5
4
6
7
10
4
4
3
0
4
8
6
8
12
10
6
4
8
4
5
6
13
8
7
5
6
8
6
5
6
8
10
4
4
2
8
6
4
6
12
5
5
3
4
14
8
6
10
15
6
5
4
6
2
6
8
6
10
7
6
9
3
11
8
4
8
3
10
5
5
4
5
4
10
7
5
6
3
6
4
4
6
7
8
10
3
3
7
3
9
5
6
4
4
5
8
5
5
7
11
5
6
6
9
7
7
6
4
11
7
9
3
1
8
3
3
4
10
6
6
6
5
6
3
9
2
7
5
6
3
6
5
6
3
4
8
3
5
6
6
2
5
4
2
8
7
6
6
3
6
4
8
6
7
6
10
10
10
6
6
5
5
7
8
9
5
6
5
8
5
2
3
4
3
6
5
4
6
3
9
2
4
3
8
5
9
2
4
3
6
5
5
8
7
11
4
8
9
6
6
6
8
4
10
8
7
4
6
4
7
10
12
13
7
12
5
10
9
15
9
5
11
10
14
12
10
11
12
9
14
10
12
8
9
7
3
5
4
6
4
8
7
6
9
6
7
6
7
6
3
9
5
6
3
4
3
6
12
5
5
7
3
10
8
4
1
4
4
5
5
5
6
3
7
6
4
1
4
6
5
5
7
4
5
7
5
5
5
3
2
5
7
0
2
5
6
3
6
8
4
3
7
4
6
9
7
4
12
8
9
13
11
10
8
4
17
10
9
13
11
10
13
12
7
10
21
13
13
10
9
14
7
15
9
7
8
9
7
6
9
9
6
5
8
6
2
5
7
3
4
5
2
1
7
5
3
4
9
7
2
4
6
5
5
5
7
5
13
7
6
9
6
4
6
5
7
4
4
4
4
6
11
3
7
7
12
4
6
8
3
8
3
7
2
6
5
5
6
5
5
3
4
6
3
5
4
4
6
6
3
5
2
5
10
4
3
4
7
3
6
6
8
5
4
4
6
5
0
4
3
6
6
5
5
5
2
3
5
7
8
3
0
6
8
6
2
8
6
7
3
4
7
8
6
6
2
8
2
3
8
6
6
3
5
3
3
5
6
7
8
5
3
8
7
7
7
3
4
2
8
10
5
4
3
7
6
6
6
8
7
3
5
4
6
6
4
9
4
9
6
3
5
5
2
3
7
7
3
5
9
3
8
6
9
6
5
5
5
7
7
6
5
5
5
4
3
2
4
2
2
6
8
3
2
2
4
3
7
4
2
4
9
9
4
1
4
7
5
8
3
3
9
10
5
8
13
11
12
11
9
14
6
9
6
14
12
11
13
19
10
15
10
10
13
7
15
7
4
10
9
8
8
6
8
3
8
4
4
10
6
6
6
6
5
6
6
2
5
6
4
5
9
1
4
3
6
7
5
8
5
9
6
14
9
10
9
10
10
10
14
10
6
10
7
9
4
10
7
8
7
6
6
6
8
6
8
7
6
2
5
7
3
6
8
2
2
6
7
6
2
8
7
3
3
6
2
5
2
4
7
5
10
1
12
3
3
6
5
4
9
3
6
6
5
6
6
7
6
1
6
7
8
1
2
2
11
6
2
4
2
5
4
2
11
5
6
5
5
4
5
3
5
6
3
7
8
5
7
5
8
6
8
5
5
6
7
13
11
8
6
15
7
13
7
10
8
10
15
6
10
9
2
7
13
8
5
9
6
7
3
4
6
5
3
6
3
2
4
2
3
3
4
7
4
1
4
2
2
7
6
1
2
10
4
5
4
6
1
4
7
3
3
4
2
4
6
5
7
5
8
6
4
5
5
6
4
1
7
5
6
4
4
2
5
6
4
4
2
5
5
5
5
1
3
6
8
3
5
9
4
2
6
3
4
4
2
5
1
5
7
4
5
6
10
7
6
4
7
6
3
3
11
5
8
5
3
4
3
4
4
7
5
4
3
3
2
4
5
3
1
6
5
7
8
8
3
7
2
3
3
8
7
7
7
5
7
6
8
2
7
9
5
10
7
1
8
5
7
7
3
5
6
10
4
3
6
7
7
7
7
4
7
5
4
6
6
7
8
3
6
2
1
3
5
5
3
2
4
2
4
3
5
7
6
4
7
7
4
6
1
8
4
3
5
3
5
5
2
4
6
7
3
5
10
7
5
2
3
2
7
3
4
7
4
4
3
4
6
8
3
2
3
3
2
4
4
7
5
5
4
6
3
4
3
6
4
5
5
7
1
3
7
4
4
9
3
2
3
0
4
8
2
9
3
6
6
6
4
4
4
7
5
2
10
4
3
7
6
4
4
3
5
3
6
7
4
6
6
2
1
1
8
2
2
6
5
5
1
5
5
8
8
3
4
5
4
1
1
3
4
4
2
8
4
6
8
3
9
7
6
3
2
3
3
6
3
2
4
6
6
6
4
4
11
8
3
10
4
4
8
12
10
11
8
14
12
10
8
16
14
12
4
7
6
7
7
5
3
2
3
3
3
4
0
2
3
6
2
3
1
3
0
2
0
2
2
2
6
5
5
4
5
6
6
1
3
5
3
3
7
3
4
5
6
1
4
3
3
6
3
3
3
7
4
5
0
1
3
1
2
3
4
3
3
7
4
4
1
2
2
2
3
6
10
6
4
4
2
7
8
6
4
6
7
9
12
10
15
7
7
11
6
6
14
12
10
9
15
13
11
17
13
10
5
5
8
6
8
4
3
5
0
3
1
5
1
4
6
3
3
3
4
1
5
3
2
3
7
1
8
4
6
2
10
6
4
3
4
5
1
5
8
8
2
4
3
3
3
3
6
2
2
4
6
4
2
3
2
1
4
4
1
3
3
4
2
2
5
1
4
5
7
6
1
1
1
2
4
6
4
1
4
3
3
5
3
4
9
4
3
6
0
4
2
2
0
4
3
5
6
2
5
6
0
4
4
3
3
6
4
5
0
2
5
6
4
2
2
5
3
3
1
4
2
2
0
3
3
7
0
0
1
1
6
3
5
4
4
7
1
5
3
3
3
8
3
1
2
3
1
3
0
9
1
3
3
2
1
6
1
1
1
2
4
0
2
4
1
1
4
2
4
3
2
1
5
3
4
2
1
1
5
4
2
3
2
3
2
5
0
2
0
1
2
7
9
3
2
1
4
2
1
1
0
7
3
3
2
2
5
4
5
2
5
3
0
4
3
6
5
7
6
4
9
13
6
14
13
11
14
11
15
13
13
20
20
18
15
28
17
16
12
14
25
20
9
8
6
11
10
3
5
1
4
7
4
2
3
1
4
2
4
3
3
4
1
2
6
9
3
2
0
6
3
7
3
6
6
2
2
1
3
3
2
1
4
2
4
3
2
0
3
5
6
2
4
2
4
2
2
4
0
2
1
4
4
4
4
2
6
1
1
5
4
2
1
2
5
0
2
6
2
2
3
2
1
3
1
3
1
2
2
4
1
4
3
2
3
5
4
2
3
4
2
1
3
5
3
2
5
6
5
2
5
1
1
1
0
4
7
4
5
5
4
4
2
2
2
1
3
4
0
3
3
3
0
7
7
3
2
5
4
4
0
3
2
1
5
5
3
6
2
1
7
4
6
8
9
5
9
6
3
4
10
3
6
5
6
9
5
4
5
4
0
2
4
1
3
2
4
4
3
4
5
2
6
1
3
0
3
3
5
6
3
3
5
2
5
3
1
2
5
1
2
0
3
4
5
6
2
3
2
2
1
7
3
1
3
2
7
1
5
3
6
3
1
3
4
1
0
3
4
3
4
7
1
4
3
1
1
2
9
2
1
1
1
1
1
1
2
7
5
1
2
2
1
2
3
4
2
2
3
1
4
0
0
0
2
3
4
2
6
2
1
2
3
4
1
3
2
2
3
2
1
2
3
0
4
4
3
3
5
1
3
1
5
4
6
4
3
4
6
1
3
1
3
2
2
3
4
1
3
3
3
2
5
3
4
1
2
2
3
3
3
4
5
4
0
1
1
2
3
3
3
6
5
3
3
3
7
1
2
2
3
1
2
3
2
1
1
1
4
4
2
0
6
2
4
2
6
1
6
3
2
1
0
3
3
2
5
1
3
3
5
2
0
3
2
5
0
2
1
1
1
2
3
3
1
2
1
1
2
2
3
1
5
2
2
4
1
4
2
1
3
5
4
0
6
2
2
1
4
0
3
3
3
3
3
3
1
1
5
2
10
1
7
3
3
5
6
0
2
2
2
3
5
3
4
3
3
1
0
3
3
3
4
3
2
1
2
1
2
0
2
3
1
1
3
1
1
3
6
1
4
2
2
1
0
4
0
2
2
1
4
1
1
1
0
9
0
1
1
1
2
1
3
4
5
2
3
1
6
3
3
0
2
2
2
3
2
3
5
1
3
2
6
2
2
5
3
4
1
0
2
2
1
1
1
2
3
2
2
0
1
6
3
1
2
2
1
4
4
2
1
2
0
2
2
4
2
1
1
0
1
1
3
4
2
3
2
1
0
1
3
0
1
3
1
1
2
4
3
1
1
2
4
2
2
1
3
2
3
2
5
1
1
2
2
3
1
4
3
1
2
3
3
2
5
5
3
3
6
2
2
1
1
0
6
6
6
2
2
4
0
0
3
4
1
2
1
1
2
1
0
2
5
0
2
0
5
1
1
0
1
2
0
1
1
3
1
4
1
5
4
0
2
3
0
1
0
1
1
1
1
3
2
1
4
0
1
1
2
3
3
2
2
0
2
3
3
4
1
1
5
1
1
1
2
1
2
0
0
2
2
2
2
0
3
2
2
2
2
0
2
1
1
4
1
1
1
2
3
1
3
3
1
1
3
2
0
0
2
2
0
3
1
2
2
0
2
3
2
0
3
1
1
2
5
4
1
0
3
0
3
1
1
0
0
3
4
0
0
1
2
1
0
5
2
2
2
2
2
2
1
2
3
0
2
0
1
1
0
1
1
2
0
3
1
3
1
2
2
0
3
2
4
2
4
0
0
1
4
2
2
1
3
2
1
2
1
0
2
4
2
3
2
3
2
1
1
1
1
0
1
0
0
0
0
1
2
0
1
4
0
1
2
0
1
2
1
2
1
1
0
3
3
6
3
4
4
3
5
3
6
9
12
5
2
5
9
15
5
7
7
15
11
13
6
9
13
16
18
12
11
11
10
6
6
4
2
5
0
2
1
1
1
2
2
0
0
1
0
1
1
2
0
2
2
1
1
0
1
3
0
3
1
1
3
2
0
1
0
0
0
3
3
3
1
3
1
1
0
1
1
0
1
0
3
0
0
1
2
0
0
1
1
5
0
0
2
2
2
2
2
2
2
1
0
4
1
2
3
0
3
1
1
1
0
2
1
3
0
1
2
1
0
1
0
0
4
2
1
1
2
1
1
1
2
0
2
1
1
2
1
1
3
0
1
1
4
1
1
3
6
0
2
3
0
3
0
1
1
4
0
2
3
0
1
0
2
0
1
0
3
2
0
1
0
2
1
1
0
2
2
2
3
0
2
3
0
0
1
1
4
1
1
4
2
1
1
2
3
1
2
3
1
2
2
0
2
3
2
2
1
2
1
0
1
1
1
3
1
0
0
0
0
1
1
1
1
1
2
1
1
1
0
2
0
1
0
2
0
0
1
2
1
3
0
0
0
2
2
1
0
1
3
5
2
2
1
0
1
1
5
1
0
2
3
2
1
1
2
1
0
1
0
0
1
3
0
1
1
2
3
0
0
0
0
2
0
1
1
2
0
0
0
1
1
2
4
2
0
0
0
1
4
2
0
3
1
2
1
0
0
4
2
1
1
0
0
2
1
1
1
0
0
2
2
0
3
1
2
2
1
1
0
2
0
2
1
0
0
1
0
0
2
1
2
1
6
3
4
3
1
0
2
1
2
2
2
1
1
1
0
1
4
1
0
2
3
1
1
2
5
3
2
1
2
0
1
0
2
1
1
1
3
1
1
1
2
2
2
3
1
3
0
2
3
4
2
3
1
1
4
0
2
1
3
4
3
2
0
1
1
4
1
2
3
0
2
1
2
1
2
0
4
2
1
2
1
1
3
1
1
1
4
1
0
1
2
1
1
1
1
1
1
1
2
3
1
2
0
2
3
1
2
1
1
0
0
1
2
1
3
4
1
0
2
2
1
1
1
1
1
0
2
1
1
2
1
2
3
3
4
2
2
1
1
0
3
1
1
1
0
1
1
1
1
5
3
0
1
2
2
1
5
3
5
2
2
1
1
0
1
2
1
1
1
4
0
3
1
2
1
1
0
1
0
1
3
3
1
1
2
1
0
0
0
2
3
2
3
1
0
0
1
1
4
0
1
2
1
0
0
3
1
1
0
3
5
1
1
0
1
1
2
0
2
1
0
2
2
1
1
1
5
0
0
3
3
2
2
3
1
2
1
3
2
1
3
3
1
2
1
2
1
1
3
1
2
0
1
1
2
1
2
1
0
1
1
0
2
3
0
1
5
3
4
1
2
1
3
3
3
2
3
3
1
1
1
3
2
1
1
4
2
2
0
1
3
1
2
1
3
0
1
0
3
2
2
1
3
3
1
0
3
4
0
2
1
2
1
3
2
2
2
0
2
0
0
2
1
2
2
2
4
1
2
2
2
2
0
0
0
0
1
1
4
0
1
5
1
3
1
4
4
2
1
1
1
1
0
1
2
4
0
1
2
1
1
1
2
3
1
0
1
3
0
0
4
4
2
2
0
0
4
0
2
1
0
0
1
0
2
0
2
2
3
1
0
1
0
2
2
1
0
0
1
0
3
3
2
2
0
2
3
1
3
1
0
4
1
0
3
2
1
2
2
1
2
2
0
0
1
6
1
2
1
0
3
2
0
2
1
3
3
2
3
3
0
1
1
0
5
1
1
1
1
1
3
1
1
3
2
0
0
1
3
1
4
1
0
1
0
1
1
2
2
5
1
2
1
2
0
3
1
2
2
2
2
2
0
1
2
3
2
2
3
1
1
2
2
1
1
2
3
4
2
8
2
3
5
5
7
4
5
6
9
3
10
6
9
4
5
5
13
4
7
9
5
6
5
10
2
8
6
2
6
1
1
4
4
4
2
2
3
0
3
2
3
2
2
4
4
1
1
2
1
2
1
5
3
1
0
1
2
3
3
0
2
0
2
2
4
1
1
0
2
6
1
0
4
2
1
1
2
2
3
4
0
1
3
3
4
2
0
2
6
6
1
2
1
3
3
2
1
1
2
3
2
4
1
2
0
3
1
1
1
3
1
1
1
2
4
1
2
1
1
3
4
0
0
4
3
2
1
1
4
1
0
2
3
2
2
3
1
1
4
1
2
3
2
3
1
2
4
1
2
3
1
0
2
3
3
2
4
2
4
3
2
1
3
3
2
0
2
2
1
1
0
3
1
1
4
1
0
0
1
2
2
0
1
1
1
3
2
1
4
1
0
2
4
1
1
2
3
1
1
2
2
1
1
6
4
0
5
2
3
1
2
2
3
2
1
1
1
2
3
3
3
2
3
3
3
1
4
3
1
2
3
2
1
2
1
1
0
0
2
0
0
1
0
4
1
3
3
4
1
0
4
3
0
1
3
2
2
1
2
0
$ENER_FIT:
5.9250 0.607168 -1.583600e-008
$MCA_CAL:
3
5.9250 0.607168 -1.583600e-008
$ENDRECORD:
