$SPEC_ID:
Sample title.

$MEAS_TIM:
69017.50000 84743.61000
$DATE_MEA:
05/04/2018 3:44:43 PM
$DATA:
0 16383
0
0
0
0
0
0
0
0
0
0
0
0
0
0
0
0
0
0
0
0
0
0
0
0
0
0
0
0
0
0
0
0
0
237296
238827
240462
241555
242475
243766
245623
245417
247369
248200
249759
253421
256709
255059
249804
244330
242420
239566
237718
235334
232732
230934
227485
224909
222224
219777
215964
211859
208647
205548
202278
198640
194685
191626
188472
184994
180958
177743
173551
169629
165880
163321
159788
159435
157586
156467
156561
155514
154885
156476
157341
158668
159825
161253
161838
162041
162755
163200
162905
163089
164515
163819
166516
168325
169271
170337
171310
172268
173736
179777
196237
219475
231050
253348
289800
281287
246724
237505
224105
194463
174349
170158
169126
169350
170549
172449
181995
198137
212575
209241
203083
209171
208577
193908
183586
181880
179237
176329
174810
174268
174346
174849
175365
175520
176112
175907
175625
176297
176738
176743
177672
177826
179148
178611
180179
180292
181262
181852
182386
181758
182599
184077
184786
185650
187349
187844
189112
190483
191587
193117
193804
194814
196276
197074
197988
200200
200893
201320
203673
207211
211105
230845
330285
645257
1060971
1074555
653660
320165
218490
202850
202602
202828
204622
204391
206186
207346
208318
210294
215703
252519
429633
834878
1108086
853644
439917
250247
213607
209009
210885
212721
215690
218366
224222
232124
251757
306415
378595
382340
313211
259588
245183
243584
242319
243984
244561
244709
247032
247401
248876
251481
261537
302616
366779
384304
328514
275429
257626
255588
255710
256177
257599
257286
260221
259983
261759
262439
262684
264922
264999
266330
266459
268291
269736
272078
278355
286458
289919
285247
279597
279386
278579
280382
280919
281501
282799
285607
285241
286609
287789
289367
288807
291099
289751
290353
290832
288783
287620
286454
282749
277987
273438
265314
257042
244764
232726
221461
212525
203829
197702
189915
185829
182944
183991
207930
296506
411341
409258
286576
194455
164678
159106
156783
155561
155473
154398
154417
154839
155632
156826
157692
161224
165674
170599
173746
176096
177539
175914
174496
172881
170308
166614
162329
158998
155010
151927
149201
147357
144654
142815
141815
140789
140513
139354
137459
137025
136066
135921
135022
133629
133065
132218
131530
131281
131097
130858
130329
129926
129794
130067
133255
143807
154457
152449
139959
132364
130150
129269
129313
128508
127813
127222
127238
126972
127659
127838
127271
128708
129781
130056
127815
125397
124619
124121
123704
123611
123411
123841
124061
124404
124278
124208
124421
123933
124166
124985
125427
126636
127751
128249
127912
128384
128995
128566
130170
130831
131526
132597
133322
133554
135221
135663
135908
135271
135597
134740
134345
134512
134293
134445
133837
133029
132845
131424
131308
130496
130471
129528
128261
127672
127989
134052
154590
189413
199791
171166
138819
125723
122572
122294
121471
120387
120884
119905
119773
119839
119749
119801
118872
118640
118485
118516
117984
118249
118161
118071
117002
117557
117509
117557
118054
118227
118062
117587
117526
119458
123970
145507
186672
209455
180361
139612
122234
118007
117568
117020
117314
117510
117958
117555
117430
118770
118744
120728
122802
124759
124757
124422
125363
128496
133640
138776
148836
166330
197756
293286
921735
4081569
11938903
19122116
16262146
7350626
1827165
314604
98183
76738
72336
69394
67402
66026
64746
63723
65083
66590
67641
66005
62459
60217
59602
59959
60709
60288
59400
59282
60353
59701
58204
57174
56061
56043
55655
55353
55485
55409
55738
55618
54953
54492
54525
53830
53813
53768
53709
53617
53094
52818
53746
53580
54112
53904
53822
57059
66686
76628
73592
63001
55506
53036
52574
51968
51563
51690
51234
50828
51329
50867
51014
50643
50528
50712
51268
50852
50951
50358
50610
50550
50235
50617
50755
50678
51247
51470
52546
51165
50769
50035
50361
49970
50165
50212
50210
50415
50242
49612
49681
50276
50655
50298
50786
50295
50238
50145
49975
50113
50593
53548
68008
104636
140819
131262
89483
61617
59190
70941
81430
75229
60901
53350
52461
52137
50815
50167
50290
49818
49964
50241
51405
55072
61896
67150
84457
134627
190076
176649
112806
67081
52796
50078
50225
49818
49380
49769
49855
50190
49986
50251
49735
49915
50236
50390
50382
50255
50690
50367
49818
50524
50565
50732
51010
51121
51907
51848
52618
52406
50948
49926
50070
49903
49726
49584
50196
50546
51273
50507
50150
50415
50143
49569
49862
50341
51958
53738
55472
57527
57832
58913
59641
59874
60071
61217
60921
61553
61366
59961
59363
58471
57821
57221
55942
53698
51425
50532
49584
49144
49555
49350
49601
49810
48747
49178
49564
49402
49687
49671
50226
50091
50795
52155
52853
56076
60414
60820
56592
52398
50547
50387
51010
52232
55190
55606
55494
58488
70372
99771
160170
247000
323521
337881
281495
192147
118020
76950
59808
52523
50365
49545
49593
49171
49384
48861
49183
49543
52202
58939
67154
67825
59774
52632
51185
51614
51309
49787
49389
49436
49027
49799
50176
51019
50627
49745
49490
49504
49426
49671
49078
50387
52217
53802
52447
51722
50613
50456
49825
49935
49908
50063
49523
49534
49543
50425
50290
49911
50332
49788
50223
49950
49876
50356
50431
50884
50453
50159
51286
51120
51303
51101
50606
50597
50361
51048
51815
51601
51513
51218
50696
51259
51031
51079
50621
51175
50901
52191
52271
53596
52993
52469
51641
51291
51477
51516
51002
51634
51640
51561
51788
51644
51921
51968
52758
52833
52399
52517
52176
53217
52754
53361
53413
53635
54715
55285
55082
53483
53101
52643
52786
53066
53915
53548
53731
53520
53655
53395
53787
53442
53906
54003
53936
54122
53919
53696
53652
54518
54676
55482
55039
55293
55039
56966
60799
62169
60621
56674
54726
54686
54701
54964
56224
56980
56776
55803
55297
55459
55126
55156
55215
55739
55900
55548
55831
55823
55906
55640
56508
56989
58092
58645
57864
56808
56442
56455
56370
56668
57157
60486
67432
76475
76962
68468
60774
58133
57784
58801
64093
91482
165764
254203
259640
175250
96380
64855
58707
57306
57845
57968
57560
57524
57332
58498
59054
59664
59469
59063
58348
58161
58326
58652
58584
58322
58484
58894
58984
58812
58977
58766
58881
58546
59010
59316
59407
61458
64063
65290
63423
61337
59792
59368
59748
59343
59549
60119
60105
60450
59750
60928
61588
64087
68783
73167
73016
69239
64498
61747
61264
61318
61137
62321
62278
63006
62102
62227
63207
63826
62989
63126
62635
62957
63547
66725
71497
75879
72809
66792
63569
62227
62567
62349
62309
62768
63070
62772
63203
63871
65177
66402
66691
65767
64784
65413
70181
76285
79748
74567
68171
65079
63801
63994
63444
63378
63756
63447
63514
63618
64194
63709
64455
65106
64660
64186
64490
64841
64634
64658
64595
64473
64800
65382
64894
65296
66087
66267
65590
65932
65337
65634
65700
65188
65500
66289
66580
67331
68367
69866
71527
71498
69853
67802
66610
66685
67136
67816
68032
68988
68323
68226
67733
67670
68520
68980
70202
72592
75206
75358
72776
70177
69680
69996
69998
70844
69428
68572
68626
69928
70204
71272
70830
69952
70205
69591
69438
69601
70592
70527
70766
69888
70626
70282
70351
70895
72322
73723
73575
72743
71099
72140
74470
75585
75118
72494
70364
70084
69358
69015
69721
69600
69791
69475
69070
68983
69277
70663
75225
91044
117594
131094
114765
89377
75334
72032
72014
71266
70867
71440
72835
73517
73204
71955
73287
74626
74870
74414
72793
71363
70770
70495
70295
71282
74200
78438
79798
76374
73685
72425
71529
71414
70516
70293
70988
70447
71263
71314
71370
73856
84610
110471
140351
142520
113774
86285
73953
71586
70883
71297
71566
71653
72187
73385
73711
74404
74205
75809
78798
79978
77535
74403
72724
72223
72951
73625
74917
75377
75086
73394
73907
74747
83374
104400
126981
127653
107155
88409
79911
75759
74535
73662
73293
73569
73506
74015
74480
74473
73906
73823
73299
73313
73561
73568
73584
75061
75037
75371
74883
74717
74675
74808
75474
76095
76259
76912
79390
84794
91178
94585
93432
88104
82698
78541
77793
77085
75971
76104
77976
81167
86269
87123
83504
79211
76783
75742
76503
76491
76709
76696
78255
79840
80494
78765
78025
78013
77958
77494
77795
77977
78362
78527
78535
78771
79278
79181
78830
79801
80167
80825
82603
87898
100662
117909
120651
106992
90268
81547
79629
79781
78934
79480
78985
79886
79590
79599
79546
79688
79935
79975
80808
80335
80294
83627
94279
116690
131627
123122
100769
86789
82727
81467
82458
82995
82796
81383
81097
81149
84544
91304
96055
93699
89552
87710
88187
86092
83311
81439
80448
80213
80766
81269
81375
81726
82303
83426
84231
85586
86968
88782
98082
115091
128157
122251
103708
90905
85599
83916
83492
82839
83025
83426
83359
83629
83852
83647
83710
83704
83891
84112
84224
85243
84836
86319
90028
93882
96538
93815
89455
87264
86810
86925
86391
86735
86751
88228
88242
88304
88775
88630
89546
91388
93850
94342
92428
91683
91455
90907
92257
92649
92040
93084
95430
100092
126859
224138
429439
629380
612880
397766
202769
121460
102121
99184
98914
98881
98898
99273
99273
99661
100777
101020
102393
102973
104073
106281
111044
114554
116024
114932
115529
117287
122672
124590
120957
117324
114906
115542
115721
116931
118196
119115
120073
120693
121860
123410
124365
126206
130019
132728
134112
133977
132841
134629
136478
137585
138667
139592
139855
142368
144794
147208
149237
150312
151101
150603
151589
152608
154121
156154
157072
158627
160912
162500
163600
166106
167399
168978
169211
170798
172286
175238
179431
182124
183777
184904
183652
182604
184570
186397
187665
189842
191984
195571
204848
216312
219236
214434
205417
201810
201125
203213
203253
205382
205948
207091
208637
210510
211110
213341
213893
215599
216419
217456
219414
220486
222163
224118
226950
228229
229074
229447
229577
230319
231493
232876
234220
236607
242201
248817
250338
248489
245207
244518
246451
248806
250083
249263
248855
248632
249157
248099
249679
250297
251360
251907
252773
253738
254092
255937
257253
259584
259417
260650
260276
260954
263736
264407
264245
265404
265940
267843
267630
269686
269123
270274
272343
272117
274507
275174
276117
275741
276678
278704
280109
279197
278996
279944
281027
281580
283151
283472
285045
284720
285546
287859
288092
290469
290752
290627
291747
291411
292999
294249
296768
298173
303428
320281
369077
471319
590905
655710
632458
549470
438413
354756
317756
308615
307916
308102
309775
311094
311160
311845
313063
313554
316812
318704
327876
346599
362486
359540
344581
330386
324323
323866
324816
327111
327417
328809
328715
328951
329829
329346
330681
332135
332665
334122
336103
335859
335835
336269
338492
342786
347801
351502
347806
344455
341960
340668
342236
340594
341899
341127
342623
341385
337497
334101
330692
327637
324559
320040
314872
313541
311574
305448
291472
278022
267880
262795
259428
258858
261958
263816
262593
258700
250439
242886
237740
236486
235444
234190
232739
232105
232832
232094
232847
232606
229244
226793
225334
223160
222462
221292
220639
220280
218948
218296
217962
217064
217160
217082
215516
215598
215990
218745
221830
227595
226859
219990
212988
208735
205848
206451
204577
203884
203452
202588
201992
202717
202868
206956
208729
205989
201073
197818
195657
194694
194378
193877
191755
191114
190154
189180
187702
186613
185667
184421
182151
182246
181218
180604
179698
178903
177065
176065
175005
173548
172354
171842
171729
170632
169831
168946
167053
167060
165637
165674
164504
163847
162041
161987
160426
161009
161793
160854
158143
156787
156273
156534
160237
161567
159228
155562
151897
149490
148532
148024
146918
146893
148067
148578
148175
148062
146124
143943
143507
144270
145302
146496
144918
140874
138499
136832
135882
135624
134685
133546
132198
131484
130890
130199
129471
128490
128630
128466
128284
127541
126393
127330
127522
127735
128612
128606
126968
123135
121842
120980
120198
119591
118464
119118
116973
117866
121965
134646
152849
162499
152827
132172
117661
110934
109879
108549
107624
106935
107007
106979
106180
105696
105695
104981
106017
105582
105507
105261
103785
103925
103511
102788
102417
102456
102966
103614
103555
104463
104746
104040
103902
105124
107089
109208
108598
107002
106330
115626
144433
199077
242421
230101
177107
129831
109981
105224
104616
103671
104199
105044
105424
105200
105872
107170
107462
109197
109618
108785
109389
113557
126319
148366
164131
159304
139003
123137
117318
115163
113642
113512
113478
113069
110603
108863
109135
107920
107706
107703
107621
107550
108557
108578
109032
109045
108548
107022
107292
107122
107134
106730
106441
107920
110171
113927
116780
116552
113373
109152
106991
105356
104165
104502
105467
109701
118201
125949
124425
115527
106106
102480
101091
100535
99905
98859
98340
96226
94876
93943
92733
91559
91010
90353
90758
92643
92762
92659
92429
92680
92843
92891
93788
97944
116680
199369
645133
2539684
7567901
14922829
18934092
15337360
7947227
2672260
628009
150881
77682
67750
65485
67084
73900
84149
89382
83376
70713
61001
56992
55770
55218
54327
54281
54136
53978
54949
55835
56267
58002
60854
62081
59156
55179
52558
53190
55601
56870
55616
54718
53327
52546
51376
50413
51689
54066
57411
58485
56500
51806
48716
48011
48637
51920
56216
58807
56985
51975
49257
47634
47334
48607
49466
50421
49822
48848
47201
46477
46438
46585
47500
49098
58176
101903
242104
508288
753036
741358
491270
253075
156162
142941
126519
91865
62758
49340
46024
45343
45036
44474
44135
43920
43759
43845
43874
44133
44341
44976
48114
58930
77797
92491
89232
71435
55097
46607
43774
43180
43433
43328
43256
42795
42485
42922
42792
43556
43470
42725
42579
41884
42395
41931
41748
42166
42227
42172
43158
47555
57288
71506
79460
73040
57361
47021
43126
41928
41819
42879
43903
46304
47782
46620
44715
43656
42797
42880
43596
44536
46690
48352
50943
51480
49312
46636
44329
44538
45972
46422
45057
43720
43520
46543
55388
87868
192206
440383
800408
1011324
855148
484180
199052
78449
46879
41961
41547
41443
41112
41623
41543
41332
41767
41033
41446
41996
42286
42767
43165
43343
43048
42967
42572
42220
41702
41448
41887
41861
42092
41913
41962
41885
41909
43036
44060
45736
46346
46512
45568
45215
44095
43116
43106
43397
42864
43169
42809
42005
42345
42484
44329
47007
49632
50369
48488
44798
42590
41456
40376
39853
39348
38492
38466
37970
37725
38123
38314
39410
43787
52296
60496
63171
60380
72783
132225
246550
343092
329163
220565
113112
63477
55358
67539
80863
78942
62888
46997
38728
36087
35220
34915
34866
35135
35026
34983
35495
35262
34898
34595
33603
33382
33471
33149
32791
32567
32395
32547
32398
32321
32346
31790
32128
32626
33054
34366
36417
41515
66723
183666
551825
1244160
1887878
1898803
1273500
612071
290926
208669
166289
105895
57371
35377
28848
27692
27700
27207
26696
26718
26717
26412
26415
26534
26892
27093
26744
26457
25894
25469
25157
25188
25831
25885
26428
28130
31010
32322
31432
29638
29151
29938
31608
33648
34015
31917
28150
26535
25567
24961
24085
23787
24729
26517
30771
37275
42968
41475
33908
27359
23470
22416
21934
21756
21628
21714
22428
23136
24237
25921
26693
26823
26360
25256
24294
23407
22365
21557
21329
21158
21257
21069
21464
21496
22007
22421
23312
24651
27154
29287
28872
26952
26245
29076
33702
34785
30265
24792
21766
20499
19667
19151
18914
18791
18601
18540
18304
18508
18498
18323
18710
18610
20158
22973
25633
28228
29777
30741
27438
22922
19730
17844
17417
17259
17790
19671
27951
47740
75952
92748
80190
52280
29662
19629
16993
16504
17492
18825
21320
22720
22587
20292
18448
18295
21286
28097
35746
37106
32033
24178
19704
17989
17250
17309
17374
18287
19360
20986
20995
19229
17518
16652
16250
16269
16282
16342
16473
16227
16552
17920
20189
21671
20916
18717
17093
16024
16106
16853
17426
16805
16537
16101
16615
17236
18243
19091
18875
18385
18384
17820
17390
16625
16338
16355
17694
21504
27379
31924
30191
24856
19849
16870
15758
15532
15578
15508
15646
15208
15995
16543
17154
17261
17529
18436
19121
18704
17472
16263
16174
16603
17329
16966
16039
15610
15616
15211
15282
15034
15078
15346
16097
15881
15944
15953
17218
18007
18059
16985
15742
14901
15011
15911
16541
17340
16962
16941
18846
33070
95900
278045
596538
883781
881728
592885
272627
91467
30566
17352
15149
14447
13773
13722
13777
13308
13255
13505
13754
14368
15278
16785
18794
23659
37600
67882
109134
134141
121390
78666
42402
23576
16807
14221
13552
13162
13484
14660
15099
14881
14262
13905
14618
19996
43106
115931
258725
408082
441040
322944
165018
63164
25610
16559
15138
14612
14422
15018
14942
14278
13464
12502
12195
12178
12115
12061
12104
12155
12168
12037
12152
12270
12322
12561
13311
13544
13719
13304
12858
12347
12143
12542
12275
12268
12122
12203
12374
12257
12208
12411
13615
15238
16682
15793
14080
12698
11690
11681
11677
11601
11694
11690
11792
11620
11986
11853
11829
11786
11858
12139
12053
13285
16586
29546
60464
104406
133148
118131
74781
37040
18396
12660
11741
11426
11863
12274
12473
12365
12153
11777
11734
12405
13908
16005
16959
16706
15064
13353
12463
11539
11229
11185
11149
11041
11174
11490
11593
11727
11849
11801
11529
11248
11325
11244
11253
11276
11148
11302
11276
11279
11419
11733
11817
11659
12294
14273
17740
21590
22718
22590
29229
53316
92060
119400
110496
72992
37496
18730
12565
11326
11392
11345
11570
12029
12260
12168
11950
11917
12144
12395
12330
11961
11519
11321
11140
11382
11114
11474
11204
11472
11552
11545
11648
11739
12011
12384
12558
12096
11938
11444
11397
11005
10971
11056
11129
11454
11975
13146
14724
16893
16933
14907
12964
11908
11725
12217
13421
14446
14880
14349
13356
12532
12015
12130
12891
14300
15031
14057
12781
12042
11960
12042
12353
12837
13177
12882
12056
11312
11098
11367
12894
17552
26476
36719
39269
32246
21557
14586
11791
11041
10790
10683
10560
10747
10834
10952
11181
11167
11918
13368
15484
17610
17309
15255
12729
11373
11032
11254
11128
11204
10957
10958
10932
10741
10882
10702
10738
10810
10982
11106
11791
12548
13634
14418
13480
12576
11436
11452
12149
13259
14152
13860
13163
12517
11681
11101
10905
10454
10416
10695
10724
10607
10829
10826
11055
11326
11045
11068
11221
11463
11476
11345
10779
10777
10639
10424
10457
10580
10850
11631
13204
16313
19422
19825
17541
14406
13501
13970
14483
13925
13036
12544
12676
13307
13811
13904
13219
13035
12851
12727
11980
11100
10549
10200
10177
10227
10443
10728
10491
10451
10444
10193
10275
10316
10948
11766
12538
12358
12069
11336
11782
14831
20061
24943
25392
21035
15443
12023
10440
10185
10037
10085
10112
10303
10438
11708
15476
21379
26702
27560
22775
18275
15689
15370
14349
12770
11499
10679
11448
15476
26766
48242
69443
74408
58796
34943
18979
12170
10499
10021
10055
10552
10850
11069
10716
10571
10032
9963
10005
9970
10194
10164
10467
11263
12381
13337
14125
14273
14247
12951
11589
10618
10282
10692
12213
15330
19947
23502
24059
23653
22713
20589
16765
13174
11208
10426
9954
10061
10131
10284
10197
10598
11422
13265
15590
17342
18394
19981
24412
29921
31279
25966
18456
13673
12430
13913
16771
18147
17131
15004
12270
10815
10140
10072
10228
10336
11084
11947
12874
13803
12972
12119
11287
11067
10983
10865
11448
12756
13838
14557
14056
12833
11475
10537
10342
10330
10095
9921
9936
9864
10288
10052
10132
10263
10259
10367
10612
10906
11014
11129
11139
11046
10686
10617
10317
10413
10627
10931
11110
11360
12271
13691
14967
15266
14105
12280
11139
10693
10751
10607
10824
11178
11655
11413
11149
10596
10252
10436
10887
12705
17070
22192
24923
23369
18367
13986
11646
10781
10753
10773
10991
10561
10562
10685
10622
10421
10353
10151
10139
10316
10992
12981
17914
25308
31680
32808
27629
20054
14296
11683
10736
10660
11163
11803
12135
12159
11867
11636
10988
10497
10356
10139
10202
10376
10269
10482
10428
10252
10138
10189
10102
10512
10367
10166
10344
10350
10218
10398
10147
10128
10147
10071
10055
10129
10041
9959
10032
10321
10515
10543
10688
10592
10666
10773
11474
12655
14434
17684
25410
38452
49395
50315
40055
30016
29708
36894
41704
37552
27557
18319
13220
11189
10640
10722
10421
10596
10599
10678
10472
10562
10298
10360
10725
11260
11546
11419
11389
11469
12916
15700
18540
19402
17554
14140
11937
11064
10610
10561
10369
10265
10191
10206
10285
10669
10549
10301
10433
10907
11255
11777
11961
12697
15333
20580
26429
28436
24369
17940
13253
11031
10473
10679
11168
11326
11069
11168
10554
10381
10376
10710
10523
10733
10912
11089
11474
11735
11514
10797
10734
10719
10942
11690
12551
13780
14704
14212
12983
11781
11113
11063
11872
13125
13928
13607
12654
11687
11381
11436
12506
12648
12318
11589
10808
10430
10264
10275
10395
10517
10316
10175
10323
10894
11709
13101
13860
13930
13508
12598
12391
12021
11595
11237
10860
10633
10674
10377
10315
10446
10670
10707
10428
10333
10609
10352
10314
10359
10955
11324
11973
12454
12171
11648
10987
10651
10739
10793
11190
11592
12189
13434
14482
14334
13582
12394
11923
11898
11911
11660
11598
11354
11282
11241
11192
11575
11623
11623
11568
11163
10744
10657
10634
10750
10804
10734
10975
11345
12044
12836
13272
13886
13833
13013
12098
11378
11049
10889
10837
10924
11153
11263
11072
11122
10924
10767
10639
10694
10807
10919
10971
11264
12062
14564
19871
25800
28526
25790
20044
15027
12287
11348
10911
11009
10828
10763
10834
10772
10898
11132
11259
11841
12885
14884
16577
16442
14595
12841
11766
11481
11519
11519
11886
11830
11472
11169
10996
11316
12072
12597
13118
13116
13380
15359
19819
24879
27361
24263
18994
14285
12009
11417
11562
11542
11561
11895
12933
13152
12936
12749
12849
14276
16605
17678
17026
14476
12411
11444
11114
10734
10720
10578
10852
10942
11443
11455
11233
11353
11657
12464
13117
13255
12785
11962
11849
13806
20026
31420
43711
48116
40197
27342
18024
13790
14076
14607
14356
12806
11491
10787
10552
10720
10923
11215
11076
11033
11127
11127
11778
12862
13181
12986
12063
11086
10533
10693
10661
10847
11379
11525
11683
11886
12309
12965
14150
14867
15162
14752
13223
11917
11336
10944
10616
10598
10719
10626
10685
10656
10672
10651
10537
10851
11184
11062
10850
10669
10275
10367
10576
11031
10875
11040
11058
11221
11558
12027
11847
11436
11329
10977
11367
11459
11412
11072
10887
10517
10503
10715
10998
11330
11620
11677
11830
11457
11292
11340
11152
11202
11247
11793
12951
15691
18730
20987
20694
17831
14508
12131
11098
10824
10816
11188
11452
11464
11524
11393
10906
10687
10569
10527
10913
11171
11269
11801
12000
12095
12342
12478
12368
12018
11659
11700
11088
11435
12716
17551
28391
43663
55553
54441
41760
26731
17104
13444
12212
11559
11371
10946
11052
10794
11021
11046
11249
12193
13838
16344
18967
19235
17539
15955
16267
18638
21409
23353
23137
20964
17285
14428
12523
11615
11466
11722
11802
11771
11602
11371
11179
11017
11043
10999
10935
10746
10821
10943
11041
11183
11311
11219
11381
11053
11301
11171
11318
12166
13003
13474
13541
13197
12797
12021
11884
11508
11137
11135
11219
11643
12557
14549
17525
19345
19421
17232
14671
13035
12153
11956
11897
11675
11609
11668
11665
11731
11500
11559
11405
11693
12006
12007
12097
11921
12376
12455
12359
12141
11826
11859
11647
12232
12485
12521
12155
11881
11766
11567
11474
11512
11747
11710
12111
12553
12694
12588
12054
12009
11856
11884
12153
11602
11981
11746
11814
11675
11540
11680
12071
12590
13514
14333
14476
13830
13567
13183
13426
13483
13015
12507
12348
11963
12248
12438
13036
13070
13139
12630
12393
12295
11999
11975
12010
11995
12070
12325
12934
15337
21176
31541
42201
46342
40048
28454
19075
14190
13068
14787
19389
28325
38497
43240
39102
30399
21829
16434
13775
12813
12451
12685
12647
13162
12971
12789
12904
13029
13101
13514
14805
17341
22352
28775
33234
34437
33029
30301
26011
20242
16017
13432
12449
12347
12679
12448
12296
12348
12326
12489
12478
12531
12552
12343
12207
12330
12468
12359
12294
12598
12529
12364
12605
12674
12762
12948
13161
13402
13353
13608
13619
13579
13401
13195
12841
13082
13205
13652
13646
13595
13488
13494
13508
13234
13632
14006
14668
14807
14407
14403
14014
14091
13910
14123
14251
14308
14296
14053
14284
14326
14415
14573
14450
14222
13932
13832
13865
13965
14423
14156
14465
14715
14587
14474
14381
14406
14564
14778
14558
15039
15056
14952
14897
14728
14730
14573
14895
14729
14894
15150
15689
16332
18219
21094
24204
24256
22102
19604
19730
23686
29355
32416
30935
25801
20892
17533
16073
15861
15728
16376
16349
16424
15762
15900
15974
16285
16456
16302
15740
15451
14912
15009
14970
14901
14943
14871
15767
18814
23998
30049
33319
31615
26060
21142
18085
16736
16038
15375
14913
14742
14625
14702
14652
14794
14457
14600
14696
14701
14899
14788
14849
14974
14611
14846
15079
15304
15591
15654
15480
15369
15255
15417
15184
15225
15734
16251
16886
16526
16221
16170
15666
16069
16526
17885
20022
22501
23618
23235
21034
17989
16531
15413
14987
14441
14520
14459
14582
14714
14555
14668
15005
14860
14773
14565
14411
14328
14349
14205
14374
14517
14366
14094
14236
14280
14178
14189
14514
14602
14534
14409
14535
14302
14150
13856
13799
14018
14296
14714
14477
14189
13777
13843
13920
14168
14146
13756
13342
13112
12863
12956
12955
12793
12773
12780
12545
12708
12773
13089
12956
13098
12615
12798
12545
12560
12382
12822
12801
12838
13185
13866
13965
14181
14212
14197
14180
14333
14838
15096
14893
14309
13224
12725
12617
12768
12840
12968
13277
12813
12853
12681
12427
12199
12143
12066
12224
12326
12354
12226
12947
14285
20635
35010
58062
79946
87768
74023
49513
29488
17867
13831
13298
14412
17862
21574
23270
21786
18272
15529
13920
13195
12349
11983
11862
12467
13722
15246
15996
15691
14768
13495
12745
12247
12043
11980
11982
12211
12668
13805
14046
14545
14088
14156
15257
16442
16714
15969
14146
12821
12220
12558
12757
13134
13990
14953
15761
15269
13474
12418
11449
11578
11564
11397
11254
10808
10994
11110
11252
11639
12336
13210
14455
15057
14816
13427
12226
11629
11454
11431
11457
12091
12529
12440
12075
11357
11123
11097
11262
11255
10849
10608
10170
10214
10125
10593
10719
11153
11444
11542
11318
10876
10514
10421
10207
10095
9991
10010
9832
9942
10005
9905
9988
10106
10006
9817
9994
9943
10038
9921
10142
10402
10660
10633
10726
10583
10397
10112
10032
9981
9888
10020
9758
10039
10318
10520
10692
10890
10702
10545
10419
10142
9969
9959
10301
11330
15185
25869
48559
81191
107866
110539
86471
52648
27688
15315
10761
9690
9358
9243
9300
9209
9418
9455
9657
9788
9799
10048
9875
10020
10137
10375
11764
13426
14892
15209
14636
13871
14386
15882
17365
18101
17187
15759
14272
12848
11974
11058
10675
10243
9990
9570
9462
9633
9592
9650
9679
9835
9670
9583
9685
9832
10348
10253
10376
10018
9710
9415
9429
9356
9552
9607
9875
10220
11511
14330
20088
27341
30841
29228
22836
15850
11833
10089
9149
9077
8982
8968
9318
10406
13220
19171
26972
34049
34220
27823
19898
13785
10588
9639
9206
9288
9210
9019
9284
9615
10097
10493
10594
10264
9836
9682
9498
9656
9760
10135
10424
10807
10872
10333
10176
9874
11356
16222
32666
71564
137361
205369
234423
202023
130951
66479
29200
14547
10864
10738
12196
13707
14202
13247
11653
10259
9244
9037
8802
9048
9162
9891
10573
11746
12496
12681
12383
11763
10709
10399
10506
10568
11438
13911
19115
26398
31805
31903
26421
18508
12842
10330
9367
9023
8877
8966
8893
9008
9221
9677
9690
9926
9973
9759
9574
9129
8929
8643
8621
8533
8673
8959
9370
9888
10307
10287
10173
9737
9380
8887
8544
8659
8852
9945
13006
19009
27280
33991
34331
28159
19783
13474
10195
8848
8547
8685
8708
8928
8922
9391
10224
11237
11927
11552
10752
10001
9547
9550
9254
9278
9130
8982
8621
8711
8619
8722
8769
9020
9006
8973
8861
8737
8741
8709
8870
8582
8707
8786
8757
8746
8636
8736
8705
8625
8648
8577
8631
8966
8818
8997
9206
9080
9083
9254
9353
9305
9334
9193
9237
9398
9952
9718
10057
10033
9752
9966
10493
11959
12641
12661
12245
11136
9901
9520
9452
9332
9601
9419
9845
9624
9710
9817
9747
9793
10031
10082
10364
9985
9824
9567
9566
9564
9720
9517
9698
9778
9626
9709
9700
9768
9943
10040
10234
10119
10062
9700
9787
9734
9864
9924
9942
10169
10311
10015
9854
9863
9863
10093
10373
10146
10154
10086
10023
10162
10160
10147
10612
10702
11070
11498
11665
11291
11081
10910
10802
11062
10697
10569
10653
10729
10367
10695
11043
11980
13682
17009
20765
23082
22244
18698
15011
12296
10988
10496
10648
10666
11041
11192
11532
11964
12845
14218
15177
15422
14637
13335
12320
11466
11520
11395
12057
13358
15351
17982
19737
18578
16003
13478
11625
10973
10866
11010
10973
10923
11307
11284
11383
11160
11139
11006
11206
11485
12240
12861
14355
16518
19163
21909
25076
27888
28780
26655
22096
17388
14796
15317
20235
30159
41531
48163
46364
35927
24155
16655
13470
12740
12429
12334
11858
11198
11113
10957
11110
10675
10630
10481
10276
10238
10550
10299
10539
10342
10512
10430
10350
10463
10423
10292
10698
10635
10774
10594
10270
10389
10236
10357
10214
10493
10506
10581
10652
10444
10506
10393
10799
10719
10832
10817
10521
10678
10759
11008
11659
12875
14394
15362
15381
14028
12581
11419
10754
10552
10610
10969
11126
11268
11328
10943
10595
10564
11253
13024
16159
19479
21285
20215
17469
14859
12546
11242
10747
10554
10293
10366
10046
10118
9904
9887
10088
10075
10025
10261
10173
10293
10122
10021
10092
10340
10396
10507
10392
10568
10197
9937
10119
10223
10591
10482
10667
10678
10445
10222
10014
10039
9885
9826
9817
9701
9609
9904
9922
9517
9599
9497
9472
9542
9882
10783
12181
13995
15120
15291
13979
12241
11020
10086
10537
11582
12803
13639
13701
12792
11743
11018
10708
10103
9995
9826
9530
9297
9273
9300
9297
9234
9709
9783
10254
10688
10855
10698
10400
10074
9711
9698
9491
9265
9187
9285
9358
9273
9347
9418
9189
9118
8968
9092
9073
9244
9495
9483
9510
10062
9861
9816
9449
9539
9378
9355
9333
9567
9582
10273
11035
12257
13638
14524
13685
12149
10917
9845
9679
9843
10012
10277
10320
10558
10193
9828
9501
9467
9402
9618
9372
9619
9183
9245
9558
9544
9810
9887
10290
10222
10154
10197
10037
9681
9757
9826
9812
9847
9697
9745
9591
9508
9620
9439
9648
10092
10756
11341
12230
13173
13381
12836
12245
12248
13242
14858
16578
17477
17049
15520
13452
11518
10649
9937
9632
9552
9643
9830
9790
9789
9745
9873
9624
9493
9627
9674
9750
9972
10099
10430
11097
12113
12670
12937
12187
11155
10568
9952
10024
10310
10786
11994
13010
13961
13869
13040
11622
10805
10122
9865
9624
9758
9588
9661
9426
9774
9658
9584
9724
9873
9775
9890
9843
9841
9555
9762
9578
9343
9725
10076
10094
10302
10842
10870
10464
10016
10143
9841
10099
10002
9981
9995
10649
11779
13231
14673
15110
14899
13532
12483
11321
10460
10182
10435
12117
16908
28986
53203
89300
127181
143665
127228
89506
50218
25470
14464
10654
9619
9587
9560
9613
9737
9838
9685
9509
9656
9586
9486
9398
9340
9039
9104
8954
9083
9141
8953
9056
8826
8908
9007
8967
8922
8751
8868
9015
9374
9860
10386
10699
10985
10433
9931
9551
9037
8837
8938
8688
8767
8983
9166
9158
9182
9282
9002
8771
8760
8851
9211
9420
9518
9486
9194
9210
8855
8675
8479
8591
8734
8810
8885
9273
10078
12053
15736
19059
21764
20874
17574
14005
11575
10855
11604
13018
14229
14159
13184
11407
10096
9270
8996
8697
9187
9487
10043
10490
10548
10139
9143
8849
8705
8519
8784
8777
8941
9498
11214
16009
27416
44213
61037
68732
60965
44174
27043
16062
10857
9498
9429
9524
9348
9523
9810
10667
12128
14076
15458
14858
13085
10969
9611
8750
8494
8673
8589
8540
8550
8808
9149
9528
9837
10178
10088
10461
10525
10503
10172
9603
9413
9375
9220
8912
8774
8517
8374
8302
8161
8272
8364
8729
9092
9599
10102
10558
10246
9663
8927
8797
8771
8736
8894
8924
8978
8660
8410
8469
8364
8400
8283
8288
8471
8428
8269
8611
8601
8420
8453
8714
8711
9243
9446
9635
9380
8999
8744
8374
8499
8507
8497
8459
8409
8410
8484
8719
8903
9157
9231
9248
8805
8680
8408
8338
8101
8289
8374
8297
8634
8654
9127
9618
10043
10222
10255
10039
9839
9647
9666
9661
9003
8776
8466
8608
8523
8319
8358
8264
8243
8035
8108
8101
8095
8027
8032
8393
8690
9041
9089
9213
9089
8747
8415
7963
8203
7949
8071
8217
8083
8348
8319
8412
8700
8663
8840
8824
8591
8494
8256
8158
8218
8266
8147
8042
8140
8048
8174
8429
8354
8501
8346
8345
8470
8901
9397
10144
10508
10488
10111
9216
8754
8329
8064
8037
7860
7749
7787
8003
8646
9813
11143
12251
12673
11766
10448
9491
8709
8589
8311
7974
7637
7781
7729
7963
8102
8579
8531
8393
8590
8194
7820
7765
7886
7692
7950
8851
11676
17945
28531
41393
51322
50545
40675
27079
16908
11177
8783
8475
8466
8667
8560
8494
8293
8235
7918
7759
7557
7443
7397
7412
7458
7682
7610
7743
7797
7883
7930
7932
7976
8936
12171
21608
40678
69410
97832
111278
98310
69858
41161
21433
12413
9349
8333
7924
7761
7621
7615
7504
7325
7271
7304
7246
7409
7791
8018
8079
8160
7951
7520
7318
7300
7255
7354
7369
7453
7362
7259
7168
7152
7052
7030
7168
7049
6999
6922
6952
7291
7323
7159
7161
7253
7646
8441
9407
10488
10537
10001
9010
8464
8328
8009
8037
7951
7787
7949
7775
7613
7333
7132
6920
6849
6638
6748
6962
6990
6881
6896
6903
6756
6891
7164
7315
7390
7271
7114
6930
6801
6827
6860
6902
6925
7012
7013
6792
7125
7134
7364
7697
7596
7475
7185
6827
6648
6480
6379
6532
6813
7003
7581
7814
8015
7977
7674
7430
6929
6852
6616
6819
6540
6535
6585
6645
6651
6483
6644
6547
6594
6671
6886
6996
7240
7503
7674
7685
7530
7632
7229
7016
6611
6554
6398
6357
6630
6682
6942
6776
6657
6839
6819
6852
7047
6989
6803
6861
6868
7113
7791
8557
8974
9393
9371
9448
9127
8889
8687
8412
8608
8606
8366
7930
7457
7209
6980
6797
6841
6877
6891
7093
7592
8783
10179
11153
11409
10735
9539
8269
7389
6812
6889
6823
6660
6561
6627
6638
6729
6931
7178
7406
7771
8086
8099
7907
8066
8150
7993
7852
7604
7115
7034
6818
6592
6700
6777
6700
6692
6799
6934
6917
7015
7232
6837
6964
6958
6880
6903
6961
6863
6701
6726
6773
6894
6952
6967
6946
6864
6888
6834
6834
6907
6875
6857
6926
6953
6992
6993
6987
7296
7245
7258
7084
7229
7074
7131
7174
6923
6906
6976
7134
7217
7290
7643
9011
13115
22259
39639
65020
90956
102488
91477
66222
39067
20190
11439
7992
7239
7062
7200
7630
7766
7895
7893
7776
7230
6902
6698
6832
6771
6836
6902
6894
6882
6767
6834
6951
6999
7173
7058
7353
7739
8430
9286
9518
9352
8857
8214
7568
7367
7081
7136
7108
7009
6997
6965
7071
7141
7314
7418
7343
7465
7280
7347
7059
7129
7209
7057
7132
7048
7120
7055
6906
6985
7041
6840
7036
7033
6965
6875
7004
7214
7197
7235
7547
7503
7337
7289
7469
7512
7544
7722
7509
7183
7218
7173
7139
7080
7268
7069
7152
7115
7178
7133
7252
7345
7053
7294
7206
7493
7632
8239
8519
8533
8328
7957
7741
7503
7403
7131
7294
7428
7388
7282
7316
7367
7359
7357
7082
7399
7343
7400
7510
7522
7721
8064
8234
8098
7961
7855
8009
8152
8322
8467
8524
8520
8329
8113
7799
7611
7547
7480
7555
7476
7692
7823
7814
7953
8074
8469
8900
9703
10845
11489
11687
11032
9913
9258
8681
8579
8625
8431
8055
7961
7843
7794
7522
7669
7483
7746
7765
7745
7853
7813
7871
7815
7701
7934
7723
7882
7890
7789
7516
7675
7713
8206
8283
8456
8653
8474
8580
8112
7993
7784
7668
7721
7762
7741
7707
7744
7577
7656
7698
7787
7720
7927
8165
8588
8681
9087
9239
9485
9999
9830
9673
9150
8709
8583
8335
8401
8117
7949
7804
7767
7777
7850
7814
7783
8006
8257
8325
8443
8293
8219
7931
8227
8539
8452
8641
8380
8272
7986
7988
7783
7878
7731
7851
7768
7959
8112
8099
8286
8525
8722
9058
8385
8047
8162
8042
8008
7956
7931
7916
7932
7949
8079
8006
8088
8221
8128
8158
8356
8703
9755
10657
11731
12048
11344
10191
9121
8747
8343
8136
8226
8459
8918
9721
10385
10354
10117
9322
9076
8581
8353
8571
8690
9217
9955
10417
10690
10321
9696
9007
8504
8085
8009
8153
7897
7859
7912
7743
7859
7927
7748
7934
7808
7932
7975
8180
8559
9368
10496
11102
10932
10451
9642
8979
8449
8107
8233
7937
7953
8135
8253
8471
8986
9657
10647
11541
11922
11812
10666
9933
8953
8530
8227
8084
7941
8032
8088
8133
8306
8466
8990
9534
9878
9910
9409
8930
8458
8400
8198
8239
8146
8236
8238
8303
8336
8103
8468
8234
8278
8271
8399
8358
8265
8319
8394
8219
8241
8427
8430
8652
8903
8610
8564
8653
8685
8680
8914
8555
8864
9685
10810
12424
13824
14713
14534
13240
11467
10228
9317
8995
8949
9243
9343
9358
9185
8992
8999
8648
8577
8603
8505
8142
8302
8298
8581
8589
8430
8401
8230
8170
8287
8255
8289
8459
8287
8879
9360
10514
11277
11967
11525
10675
9530
8633
8261
7845
7864
7864
8060
8256
8296
8413
8714
8938
8794
8659
8374
8097
7993
8112
8085
8095
8101
8092
7971
8221
7948
7866
8105
8087
8129
8356
8458
8572
8541
8419
8190
8209
8439
8467
9164
9774
10568
10723
10186
9700
8971
8432
8277
8063
8099
8533
8988
9394
9495
9334
8973
8491
8271
8162
8320
8394
8249
8351
8474
8441
8394
8284
8172
8234
8248
8453
8409
8429
8464
8325
8418
9165
10761
13190
15484
17149
16845
14862
12217
10317
8976
8378
8199
8096
8140
8142
8088
8160
8059
8085
7980
8046
8079
8342
8163
8441
8429
8386
8521
8875
8813
8878
9234
9249
9156
9177
8933
8708
8731
8684
8378
8276
8109
8251
8060
8195
8362
8569
8584
8423
8082
8199
8270
8393
8210
8664
8693
8555
8674
8827
8644
8534
8657
8462
8567
8479
8495
8307
8484
8512
8424
8366
8552
8516
8787
8659
8783
8914
8544
8740
8774
8629
8725
8872
8839
9086
9240
9385
9408
9226
9046
8921
9220
9309
9670
10890
13578
18086
24107
29943
31911
29057
22817
16779
12205
10101
9318
8975
8963
8894
9185
8920
9003
9032
9242
9833
10831
12756
16532
22782
30555
37724
41861
40849
35070
27879
20675
15398
12159
10547
10275
10101
10090
10134
9839
10016
9840
9641
9467
9666
9680
9477
9804
9595
9615
9618
9595
9639
9619
9758
9523
9748
9860
9849
9962
9679
9862
9781
9672
9777
9830
9800
9916
9991
9950
9943
10121
10198
10082
10059
10034
10033
10057
10504
10489
10450
10356
10306
10253
10174
10097
9906
10233
9868
10357
10317
10789
11246
11536
11498
11070
10761
10323
10141
9986
10253
10118
10390
10310
10060
10137
10193
10321
10291
10401
10203
10080
10265
10165
10022
10087
10126
10157
10132
10070
10016
9895
10116
9879
9858
9833
10034
9787
9946
10254
10042
10244
10291
10097
10189
10543
10241
10512
10935
11577
12283
13885
15574
18169
21692
25685
29843
31265
30281
26907
22088
17492
14201
12290
11097
10706
10478
10630
10521
10473
10481
10559
10682
10670
10502
10313
10452
10293
10127
10296
10380
10345
10332
10237
10329
10220
10445
10149
10262
10466
10437
10712
10751
10942
10866
10790
10750
10966
10958
11011
11240
11106
11006
10780
10716
10508
10515
10585
10525
10911
11051
10974
10935
10849
10808
10843
10934
10942
11201
11073
11002
10941
10931
10926
10707
10790
10834
10742
11087
11089
11088
11171
11188
11286
11238
11115
11084
11071
11199
11263
11364
11671
11665
11524
11647
11458
11375
11493
11386
11528
11645
11515
11595
11568
11600
11765
11725
11918
12032
12084
12398
12105
12113
12305
12315
12360
12330
12571
12545
12766
12641
12518
12593
12735
12620
12515
12798
12742
12953
12865
12793
12761
12678
12694
12690
12784
12702
12937
12936
12817
12833
12890
13178
13232
13574
14149
14408
14256
14275
13898
13959
13766
13864
13465
13462
13440
13249
13408
13425
13288
13493
13444
13635
13675
13504
13920
13641
13418
13627
13454
13230
13280
13508
13488
13667
13460
13697
13539
13489
13671
13683
13640
13715
13549
13865
13584
13610
13516
13697
13604
13796
13821
13927
13841
13777
13917
13925
13725
13631
13863
13961
13768
13936
13844
13908
13961
13925
13934
14316
14275
14376
14394
14512
14461
14486
14604
14251
14660
14075
14266
14499
14529
14452
14580
14773
14474
14886
14730
14955
14840
14996
15270
15083
15401
15064
15165
15124
15000
15117
15005
15307
15097
15436
15358
15356
15301
15408
15455
15286
15586
15846
16086
16323
16515
16596
16438
16477
16269
16338
16369
16686
17044
16786
16707
15822
15556
14884
14714
14910
14620
14690
14487
14417
14444
14466
14413
14479
14530
14614
14407
14179
14437
14250
14303
14303
14249
14260
14572
14279
14383
14434
14719
14990
15049
15231
14884
14656
14881
14544
14411
14726
14388
14784
14617
14577
14635
15128
17015
20232
26582
34844
42930
46397
43680
35324
26720
19939
16345
14736
14120
13957
14208
14042
13985
13965
13990
14150
14094
13958
14382
14045
14187
14237
14472
14864
15263
15569
15894
15448
15129
14953
14706
14446
14537
14464
14676
15186
15198
15255
15496
15119
15053
14283
14205
14098
13760
13711
13919
13883
13670
13997
13809
14221
14972
17500
23266
33934
48155
61825
68489
63612
50921
35960
23752
17631
14664
13805
13262
13306
13270
13286
13200
12944
13146
12986
12827
12573
12670
12646
12608
12516
12558
12653
12953
13006
13364
13744
13647
13666
13265
12884
12433
11923
11924
11833
11728
11378
11592
11436
11390
11379
11672
11571
12094
12521
12679
12938
12997
12760
12198
11899
11525
11616
11532
11548
11621
11763
11614
11634
11470
11288
11292
10838
10904
10922
10985
11427
11859
12829
12643
12605
12382
11590
11200
10687
10638
10501
10476
10513
10555
10916
11049
11028
10865
10728
10549
10151
10090
10182
9861
10145
9976
9918
10061
10154
10016
10208
10219
10203
10185
10319
10329
10116
9989
9943
9900
9839
9901
9739
9592
9794
9645
9600
9734
9583
9504
9656
9649
9516
9622
9345
9382
9132
9522
9626
9423
9616
9569
9532
9496
9432
9412
9398
9311
9338
9268
9244
9492
9417
9491
9721
9947
10128
9921
9848
9514
9275
9101
9127
9167
8978
8871
8878
9053
8928
8891
8964
8663
8755
8720
8804
8768
8981
9001
8950
8887
8753
8683
8666
8841
8862
9029
8859
8791
8843
8661
8632
8592
8824
8790
8940
8658
8924
8581
8778
8552
8657
8457
8449
8581
8337
8419
8151
8326
8310
8320
8295
8431
8120
8418
8288
8555
8456
8330
8569
8600
8672
8653
8620
8301
8206
8012
8149
8003
8118
8190
8177
8254
8266
8305
8280
8190
8311
8325
8221
8579
8576
10276
15118
27247
54249
101978
165458
225952
254067
234460
178882
111182
59607
29243
15270
9892
8251
7734
7713
7475
7783
7692
7828
7805
7801
7881
7692
7706
7422
7693
7682
7817
7811
7907
7740
7942
8176
8281
8824
8796
8759
8504
8161
7819
7577
7679
7526
7546
7600
7655
7594
7441
7463
7560
7548
7552
7613
7719
7712
7718
7695
7470
7622
7677
7504
7702
7904
7870
7892
7533
7672
7732
7627
7607
7556
7620
7714
7846
7709
7780
7788
7840
7691
7666
7620
7774
7790
7892
7885
7741
7576
7484
7713
7537
7596
7730
7809
7804
7707
7795
7956
7881
7868
7797
7704
7685
7677
7619
7603
7836
7747
7753
7717
7848
7904
7963
8086
8143
8461
9214
9880
11253
14451
22876
41110
72474
112243
146113
158771
143423
105315
64716
35298
18330
11022
8494
7841
7502
7654
7624
7577
7445
7289
7266
7297
7379
7281
7267
7288
7427
7326
7226
7273
7176
7355
7395
7299
7386
7626
7811
8590
9589
10694
11808
11897
11590
10553
9299
8328
7731
7721
7527
7666
7784
7899
7781
7652
7844
8236
8555
8746
9158
9297
9030
8495
8202
7817
7577
7514
7441
7278
7399
7373
7313
7585
7378
7437
7328
7355
7343
7443
7330
7549
7538
7315
7488
7326
7411
7408
7379
7332
7313
7293
7303
7330
7396
7323
7233
7192
7303
7251
7408
7333
7490
7409
7498
7495
7420
7475
7405
7369
7556
7388
7620
7602
7495
7494
7544
7552
7859
8104
7997
8132
7968
8006
7776
7358
7519
7570
7433
7679
7562
7444
7390
7525
7715
7905
7744
7848
7731
7671
7619
7715
7856
7945
7993
8214
8190
8046
7837
7675
7686
7854
7916
7854
8034
7981
8047
7811
7819
7563
7800
7518
7410
7347
7461
7223
7347
7666
7668
7508
7824
7917
8207
8183
7885
7981
7744
7852
7696
7691
7573
7620
7613
7587
7777
7629
7433
7637
7466
7484
7559
7624
7582
7554
7698
7523
7569
7675
7592
7748
7666
7715
7644
7500
7696
7585
7631
7625
7451
7641
7670
7667
7708
7802
7808
7787
7918
7847
7851
7698
7706
7694
7766
7785
7718
7842
8133
8605
9002
9839
10506
10886
10882
10289
9640
8871
8774
8194
8287
8521
8647
8972
9189
9088
8989
8744
8516
8454
8353
8962
10008
11704
13335
14214
14109
12932
11182
9695
8627
8260
8324
8485
8495
8612
8501
8342
8073
8146
8101
8267
8369
8474
8524
8736
8682
8579
8328
8055
8061
8067
8109
8063
8030
8211
8201
8208
8364
8452
8416
8386
8190
7978
8088
8198
8233
8244
8473
8296
8355
8448
8580
8586
8354
8318
8340
8254
8232
8160
8157
8301
8156
8335
8335
8351
8128
8156
8176
8188
8224
8302
8287
8369
8356
8460
8463
8391
8357
8339
8558
8433
8474
8232
8435
8692
9103
9735
10182
10913
11298
11448
11508
11266
11267
11090
11036
11715
13136
14917
16112
16156
14707
12542
10671
9417
8889
8531
8333
8515
8454
8683
8806
9155
8991
9095
9171
9070
8990
9157
9062
8890
9000
8921
8983
8812
8798
8719
8660
8570
8766
8603
8810
8635
8650
8766
8855
8973
9004
9314
9515
9984
10447
10863
11126
11130
10927
10349
9854
9410
8907
8876
8927
8699
8813
8814
8848
8868
8886
8812
8734
8830
8880
8964
8824
8886
8866
8920
8795
9016
8865
9213
9273
9124
9189
9458
9453
9550
9466
9414
8980
9029
8842
8862
8880
8989
9136
9090
9074
9171
9164
9080
8916
8997
9075
9013
8817
9111
9040
9037
9271
9342
9404
9185
9138
9355
9409
9062
8968
8865
9079
8906
8952
9080
9055
9191
9050
9053
9129
9020
9079
9145
9167
9160
9054
9153
9111
9306
9094
9296
9471
9697
9536
9537
9503
9656
9705
9646
9563
9435
9485
9704
9820
9894
9975
10102
9882
9887
9571
9667
9592
9404
9433
9257
9208
9317
9299
9127
9377
9401
9253
9149
9570
9478
9592
9840
9933
10394
10667
10647
10487
10235
9939
9656
9676
9431
9554
9478
9413
9356
9396
9243
9327
9181
9462
9193
9144
9442
9183
9156
9273
9314
9433
9094
9419
9377
9357
9259
9290
9237
9233
9262
9370
9332
9227
9316
9329
9506
9239
9493
9293
9268
9386
9510
9420
9269
9477
9399
9400
9284
9419
9442
9425
9486
9481
9416
9506
9609
9545
9524
9683
9601
9425
9525
9635
9645
9495
9795
9934
9997
10220
10056
10100
10032
10081
9889
10111
9844
9805
9895
9947
10117
10669
10978
11158
11353
11952
13380
16800
21997
28688
33395
34692
31536
25607
19350
14508
12269
10942
10409
10427
10377
10386
10356
10276
10387
10331
10623
10599
10682
10829
10885
10905
11022
10890
10756
10593
10513
10514
10608
10569
10765
10574
10438
10575
10517
10439
10524
10314
10370
10362
10240
10561
10538
10729
10489
10668
10747
10801
10652
10629
10691
10452
10610
10636
10500
10456
10455
10714
10717
10547
10449
10701
10776
10564
10750
10737
10786
10902
10741
10805
10803
10731
10534
10658
10780
10723
10424
10526
10685
10684
10615
10596
10773
10895
10929
10820
10902
10938
10889
10641
10888
10762
10800
10793
10706
10751
10746
10884
10618
10638
10609
10753
10760
10781
11049
10971
10913
11123
11475
11931
12768
14471
16628
18800
19843
19452
17940
15713
13561
12196
11298
11157
10850
11046
10933
10965
11150
11057
10940
11248
11101
10860
10930
10968
11019
11124
11296
11365
11636
11466
11507
11721
11594
11614
11555
11529
11307
11292
11370
11055
11232
11147
11215
11196
11295
11498
11611
11590
11711
11656
11627
11588
11798
12205
13393
15339
18443
21342
22713
22340
19984
17197
14456
12659
12007
11664
11476
11586
11365
11524
11403
11418
11504
11509
11549
11704
11647
11814
12067
12323
12909
13954
14940
15815
16050
15506
14464
13360
12804
12360
12234
12128
12006
12211
12138
12272
12379
12366
12658
12867
13215
13256
13573
13525
13321
13351
13458
13350
13059
13168
13169
13020
12877
12983
13452
14311
15401
16306
17137
16578
15941
15035
13913
13405
12949
12914
12938
13291
13244
13306
13265
13223
13628
13427
13523
13596
13532
13428
13742
13659
13766
13774
14191
14375
14217
14609
14608
14531
14519
14777
14873
15561
16094
16504
16646
16033
15496
15244
14481
14184
14151
13877
13946
13981
13990
13914
14046
13784
14002
13987
14125
13958
14005
13943
13972
13885
13730
14159
14218
14282
14128
14268
14190
14316
14081
14147
14219
14218
13976
14197
14151
14141
14362
14150
14242
14349
14159
14249
14303
14252
14375
14553
14227
14285
14303
14319
14412
14436
14402
14326
14540
14540
14475
14578
14353
14384
14431
14629
14399
14460
14513
14638
14854
15495
16619
19223
22767
27159
30937
32117
30618
26809
22538
18593
16712
15334
15094
14708
14511
14745
14776
14981
14725
14633
14935
14699
14768
14661
14972
14897
14783
14856
14803
15017
14956
14881
15086
15131
15015
15185
14925
15067
15302
15261
15094
15145
14735
15221
15293
15129
15333
15273
15075
15331
15232
15340
15217
15225
15303
15385
15388
15429
15275
15535
15678
15394
15864
15524
15835
15553
15658
15657
15775
15896
15761
15775
15863
15802
15644
15557
15892
16013
15696
16032
15778
15971
15994
15962
16058
16057
16073
16065
16053
15880
16242
16065
15992
16327
16298
16465
16530
16498
16559
16270
16501
16438
16550
16573
16457
16752
16330
16665
16832
16898
16811
16735
16408
16667
16791
16496
16614
16882
16795
16913
16840
16747
16774
16733
16655
16839
17058
16921
16734
16905
16890
16962
16989
16834
16887
16850
16993
16811
17462
17897
18523
21054
25675
33292
42385
50309
54635
52420
44375
34861
26745
21998
19058
18316
17767
17711
17794
17648
17684
17449
17978
19097
20821
23780
26682
29648
30383
29089
26276
22671
20076
18212
17793
17414
17432
17326
17060
17157
17107
17067
17197
17180
17226
17182
17261
17263
17448
17053
17139
17171
17148
17183
17393
16954
16763
17149
17056
17067
17217
16815
16933
16845
16777
17004
16798
16989
16843
16636
16812
16625
16944
17031
16846
16827
16740
16769
16625
16921
16867
16651
16766
16995
16659
16433
17053
16737
16571
17026
16713
16698
16810
16487
16526
16691
16590
16896
16887
16843
16800
16669
16510
16653
16756
16621
16713
16658
16399
16687
16682
16543
16723
16357
16779
16703
17019
16947
16638
16816
16739
16967
16796
17032
17110
16882
16802
17104
16960
16670
17056
16840
16648
16534
16629
16555
16662
16445
16579
16878
16694
16819
16655
16724
16548
16573
16566
16840
16925
16820
16763
16791
17120
16845
16618
16905
17210
16947
17067
16854
16840
16892
16881
16940
17098
17031
17180
17196
17457
17248
17343
17242
17184
17410
17102
17030
17214
17245
17250
17521
17708
17614
17421
17627
17604
17396
17403
17724
17500
17609
17683
17700
17493
17696
17548
18047
17844
17693
17679
17803
17757
17851
17690
17961
18003
17821
17908
18080
17809
18140
18182
18198
17969
18175
18268
18084
18285
18223
18671
18598
19038
19582
20462
21338
21905
21571
21007
20140
19632
19206
19058
19016
19001
19128
19377
19625
20691
22592
26248
34354
49377
74677
110751
154596
195940
221614
224087
199418
157335
112952
76454
50881
36526
28882
25833
24209
23533
22787
22535
22696
23001
22964
23142
23323
23046
23207
23196
23155
23055
22864
22649
22858
23079
22886
22963
22980
23025
22949
22752
23392
22862
22904
22769
23143
22807
23052
22974
22850
22832
23114
23053
23163
23160
22842
23063
23050
23080
23264
22911
23101
22841
23156
22953
23116
23133
23500
23441
23826
24154
24410
25075
25227
25097
24882
24360
24080
23798
23548
23513
23089
23215
23295
23348
23371
23275
23493
23703
23557
23320
23741
23768
23836
24017
24168
24086
24007
23926
23700
23523
23686
23804
23837
23522
23594
23777
23984
23901
23824
24243
24255
24450
24491
25253
25310
25806
25887
25951
25791
25234
24751
24417
24090
24588
24402
24324
24499
24602
24689
24772
24663
24549
24868
24408
24644
24789
24503
24696
25006
25121
25173
26195
26984
27884
28445
29256
29485
28899
28339
27686
27130
26605
26746
26449
26136
26262
26076
25997
26361
26311
26562
26869
26877
27020
27093
27005
27081
26942
27141
27276
27369
27121
27572
27769
27891
28032
27748
27921
28211
28785
28751
28724
28713
29241
29311
29417
29414
29512
29976
29796
30597
30646
32018
33744
36704
41315
47728
55037
61362
65382
64983
60227
53783
46958
41058
36765
35144
33984
33804
33532
33976
34129
35053
35351
36374
37941
39747
40225
41108
40544
39366
37738
37094
36349
36422
36437
36392
36437
36939
37064
37468
37413
37772
37905
38244
38143
38420
38457
38636
38676
39130
39488
39165
39521
40064
40338
40403
40401
40814
40692
41093
41096
41206
41416
41564
41698
42232
42523
43095
42854
42788
42559
42229
41938
41443
42038
41643
41646
42053
42260
41640
41896
41888
41847
42044
41989
42024
42641
42611
43005
42712
42880
42789
42523
42532
42655
42577
42339
42454
42352
42165
42297
42267
42886
42746
42190
42599
42943
42551
42480
42446
42318
43046
42696
42667
43024
42693
43355
43003
42829
42643
42701
43037
42798
42419
42589
42737
42878
42957
43091
42796
42452
42946
43429
42861
43239
43502
43049
43156
42999
43323
43413
43006
43383
43174
43107
43214
43172
43035
43453
43382
43555
43829
43786
43603
43883
43887
43619
43680
43024
43064
43004
43309
43407
43421
43424
43403
43488
43418
43791
43314
43971
43815
43960
43813
43615
43447
43441
43760
43037
43202
43293
42825
42903
42805
42837
42675
42155
42064
41351
41174
41067
40551
40477
40289
39557
39488
39494
39323
39402
38956
38874
38844
38813
38673
38747
39159
38834
38980
38446
38801
38703
38264
38741
38924
38494
38306
38218
38581
38574
38435
38529
38657
38392
38587
38279
38182
38716
37872
38505
38460
38080
38084
37979
38224
38242
38022
38140
37774
37949
38383
38098
38127
37663
37810
38083
38321
37456
38256
38167
38066
37763
38048
37936
37904
37562
37846
37650
37509
37353
37393
37599
37093
37555
37195
37172
37268
37251
37118
36887
36896
36837
36891
36822
36543
36505
36627
36301
36184
35901
35968
36298
35963
36389
36282
36826
37783
40219
46247
57524
78976
114809
167408
229767
291933
331833
339821
309747
251861
186031
129256
88016
63039
49921
44047
40799
39538
38286
37734
36842
36663
36601
36268
36216
35936
35460
35702
35368
34988
35196
34879
34738
34757
34943
34875
34587
34669
34219
34064
33725
33818
33481
33651
33373
33216
33164
32979
33290
33391
33310
32885
33006
32204
32397
32073
32249
31772
31466
31642
31337
30856
30631
30717
30665
30406
30239
30254
30089
29833
30028
29768
29412
29317
29765
29087
29418
28449
28479
28378
28281
28139
28265
28053
28101
27726
28031
27842
27502
27698
27227
26859
26918
26831
26352
26036
26136
25774
25743
25981
25873
25885
25561
25371
25551
25084
25385
25014
25104
25578
25264
25705
25289
25405
25210
25079
24999
24992
24912
25108
25523
25697
25649
25330
24919
24389
24266
23718
24005
24162
24189
23892
23846
23658
23627
23556
23720
23749
23598
23395
23746
23682
23938
23869
23923
24195
24117
23875
24173
23968
23701
23925
24027
23920
24059
24178
24125
24475
24540
24708
24957
24770
25246
25961
26078
26792
27067
27369
27446
27286
26811
26373
26078
26421
26231
26225
26934
27308
27671
27657
28102
27578
27925
27835
27340
27753
27953
28260
28050
28344
28313
28556
29035
28888
29223
29495
29628
29784
29633
29944
30142
29994
30493
30520
30641
30909
31161
31629
31541
31744
31890
32509
32287
32822
32932
33157
33259
33361
33994
34104
34102
34531
34875
34704
34763
35389
35778
36095
36326
36478
37062
37301
37748
37830
38617
40463
45746
60334
94556
168844
301084
492574
720069
912168
999428
938089
754580
522142
316671
174230
95305
59694
46990
42765
41632
41393
41254
41209
41252
41201
41172
41479
41302
41342
40988
41265
41610
41557
41752
41594
41847
41754
41765
42088
41756
41569
42222
41793
41899
42223
41508
41920
42012
41880
41762
42274
42245
42130
42417
42288
42749
42182
42217
42410
42224
42351
42554
42172
42440
42247
42519
42641
42345
42897
43337
44651
46331
48649
50615
52222
52076
51418
48660
46852
45231
44445
43856
43405
43068
42876
43083
42722
43132
43013
43435
43710
43532
43817
44389
44760
46070
45714
45865
44991
44728
44293
44123
43616
43342
43699
43761
43824
43322
43940
43861
44046
43774
43864
43857
43962
44200
44232
43984
44319
44169
43935
43875
44253
44239
43853
44105
44247
44587
44204
44377
43968
44049
44131
43677
44050
43764
44127
43383
43176
43516
42370
42651
43046
43518
45598
48507
52058
54931
56162
54628
51281
46657
43030
39864
38645
37773
37018
37281
36675
36474
36774
36315
37096
36808
36743
36568
36167
36402
36048
35722
35773
35774
35526
35822
35516
35928
35327
35146
35131
35477
35074
35236
34983
35318
35146
34920
35362
34773
34864
35097
34829
34450
34796
34734
35527
38805
44897
57653
79498
111165
147380
176657
187017
174446
144170
106762
75311
53177
41374
35551
33425
33039
32521
32275
31981
31982
32212
32100
31594
31500
31403
31289
31393
31226
31103
31169
31098
31276
30955
30868
30710
30718
30122
30112
29715
29956
29485
29146
29140
28943
28690
28790
28629
28355
28037
28057
28166
27473
27938
27508
26994
26806
26854
25965
26429
25504
25292
25064
24882
24752
24645
24684
24457
24032
23945
23885
23277
23364
23073
23093
23154
22792
22763
22365
21986
22018
21882
21600
21534
21523
21391
20898
20845
20779
20512
20303
20107
20076
19634
19655
19331
19300
19260
18859
18671
18668
18466
18080
18087
17763
17914
17558
17091
17108
16867
16886
16636
16205
15985
15830
15551
15578
15264
14878
14745
14643
14498
14389
14138
13996
13850
13755
13419
13240
13132
13052
12573
12519
12387
12289
12280
12243
12181
12448
12693
13229
13500
13573
13176
12672
12314
12071
11635
11871
11735
11824
11275
10754
10112
9784
9099
8900
8765
8426
8179
8239
8114
7956
7926
7712
7831
7565
7597
7372
7227
7376
7100
7255
6947
7020
6763
6815
6726
6656
6654
6588
6700
6557
6588
6558
6506
6377
6596
6417
6404
6570
6404
6147
6260
6277
6132
6190
6113
6166
5924
5990
5960
6068
6088
5989
6023
6033
5956
6037
6236
6262
6220
6171
6056
5960
5880
5905
5864
5694
5789
5820
5682
5678
5820
5925
5954
5707
5856
5894
6020
6014
5903
5842
5833
5770
5489
5566
5568
5326
5484
5431
5480
5363
5561
5705
5638
5835
5755
5712
5712
5530
5477
5220
5346
5139
5251
5233
5228
5159
5138
5103
5106
5314
5211
5215
5237
5266
5327
5299
5363
5294
5402
5400
5451
5355
5674
5626
5806
5957
6039
6366
6341
6497
7328
9021
14773
30982
71385
156505
311450
551776
847848
1131226
1303579
1290998
1095108
798685
497301
267294
125314
53908
25305
15324
11733
9638
7377
5330
3786
2787
2341
1971
1865
1825
1769
1696
1759
1891
1858
1861
1832
1689
1679
1696
1743
1808
1783
1756
1737
1623
1570
1497
1576
1748
2116
2695
3399
4290
4739
4611
4017
3278
2508
1899
1576
1437
1443
1649
1900
2032
2247
2172
2114
1887
1617
1450
1238
1208
1181
1142
1194
1121
1075
1108
1117
1104
1065
1051
1106
1152
1071
1230
1255
1346
1574
1645
1884
2010
2054
1985
1838
1656
1512
1387
1260
1219
1227
1230
1256
1355
1378
1527
1707
1753
1876
2052
2211
2293
2232
2141
2004
1781
1575
1457
1330
1311
1350
1314
1338
1425
1429
1415
1377
1287
1335
1237
1216
1232
1220
1249
1246
1308
1188
1201
1176
1236
1210
1186
1258
1213
1217
1184
1266
1288
1233
1276
1254
1260
1254
1257
1283
1232
1220
1228
1230
1246
1315
1387
1583
2080
3113
4587
6703
8744
10405
10920
10106
7884
5751
3801
2426
1821
1444
1269
1231
1283
1284
1279
1240
1280
1301
1270
1337
1192
1206
1259
1244
1246
1284
1307
1264
1282
1234
1294
1325
1322
1464
1483
1400
1365
1323
1317
1308
1342
1354
1312
1459
1633
1748
1868
1899
1904
1805
1768
1588
1415
1356
1188
1271
1274
1275
1357
1338
1300
1365
1382
1370
1378
1388
1259
1251
1196
1265
1233
1199
1208
1254
1264
1266
1238
1234
1228
1264
1196
1161
1193
1132
1190
1149
1185
1230
1177
1243
1224
1202
1162
1123
1217
1171
1189
1242
1201
1186
1237
1205
1213
1239
1205
1213
1167
1212
1218
1189
1157
1182
1131
1161
1198
1174
1139
1217
1113
1218
1199
1222
1172
1170
1169
1239
1179
1235
1174
1197
1161
1159
1194
1208
1182
1151
1180
1139
1163
1207
1202
1230
1239
1220
1237
1178
1235
1174
1193
1194
1185
1251
1206
1220
1187
1232
1161
1191
1179
1186
1252
1269
1222
1164
1198
1164
1142
1101
1149
1194
1106
1209
1121
1107
1112
1109
1105
1046
1109
1137
1049
1113
1107
1088
1117
1099
1119
1105
1071
1105
1033
1026
1076
1071
1019
1045
1033
1036
1087
1064
1057
1066
1044
1088
1078
1117
1055
1088
1079
1070
1068
989
1028
1076
1043
1128
999
1057
1011
988
993
999
999
1012
999
977
992
952
981
932
939
980
993
913
968
926
972
959
1077
1097
1082
1232
1228
1086
1108
1042
1024
942
875
904
873
880
916
895
817
896
938
920
896
901
927
861
958
968
887
919
903
906
863
870
877
849
821
821
818
867
839
844
822
831
838
814
827
772
817
862
880
1042
1078
1162
1162
1209
1126
1159
1213
1356
1646
2037
2217
2458
2296
2042
1557
1230
1009
871
830
793
734
704
741
696
735
755
789
928
1026
1275
1539
1787
1878
1934
1752
1512
1190
1009
842
780
723
765
672
719
674
728
687
645
719
686
664
695
696
729
705
721
830
824
883
847
854
755
762
686
711
661
657
696
664
668
658
605
722
719
788
759
739
766
847
797
789
763
731
730
659
654
662
616
615
647
623
601
611
580
613
628
645
642
685
676
617
606
652
634
662
678
668
649
727
665
736
830
1086
1716
2823
4476
6827
9222
11041
11711
10819
9268
7741
6934
7159
8117
8902
8837
7681
5908
3953
2470
1474
912
674
552
595
565
555
542
598
537
581
593
581
573
600
633
594
579
499
537
438
507
493
482
433
463
431
462
465
452
439
462
479
448
467
458
471
454
466
459
416
416
415
448
410
419
453
489
437
486
475
578
709
873
1059
1288
1470
1470
1451
1311
1058
903
776
568
561
460
460
440
412
434
437
456
413
427
423
463
442
400
422
424
419
418
459
468
458
530
534
707
886
1243
1629
1896
2110
2059
1819
1585
1137
874
714
601
572
542
520
508
465
465
454
492
433
449
454
445
441
423
416
433
457
435
445
440
479
443
457
493
559
515
601
559
612
547
524
495
481
485
467
467
501
458
441
474
463
471
457
456
459
451
491
516
594
616
652
623
609
625
624
567
650
709
841
1193
1430
1655
1747
1765
1720
1551
1589
1684
1942
2099
2182
2130
1782
1356
995
794
590
499
459
446
464
467
436
480
449
476
504
589
782
1194
1733
2656
3396
4153
4579
4437
3785
2644
1911
1216
799
603
474
496
440
453
490
446
477
452
459
487
430
536
572
694
911
1393
2131
2921
3560
4013
3991
3526
2747
2074
1375
1055
729
581
536
504
461
465
445
464
468
469
452
474
476
462
486
434
444
447
420
407
386
462
449
470
471
434
461
457
470
460
435
432
460
456
474
435
481
494
482
484
499
464
523
512
490
500
524
514
520
532
497
493
493
518
533
518
518
502
539
489
499
485
535
529
491
498
499
495
525
524
526
502
511
519
509
507
495
501
481
500
527
526
517
534
513
480
456
515
504
510
528
579
528
542
608
559
612
555
545
559
599
528
534
557
533
615
532
528
574
505
512
531
579
543
586
515
564
524
547
576
594
513
521
527
563
558
593
657
698
722
837
941
902
885
823
741
681
590
514
584
588
589
645
590
577
597
555
542
545
518
530
520
513
529
511
512
542
547
539
526
544
556
504
515
527
552
516
562
535
496
510
538
538
535
526
512
489
553
516
533
520
533
507
570
514
546
560
518
498
537
523
513
470
540
531
495
532
513
557
526
531
490
497
517
522
497
541
498
497
506
487
500
478
491
517
554
559
500
499
559
516
563
594
650
733
811
873
1008
1204
1136
1149
988
888
693
682
585
544
529
524
522
501
515
541
532
502
509
499
477
528
485
483
500
519
457
495
504
468
509
544
447
479
496
499
497
444
507
524
518
474
505
490
466
465
470
495
509
443
533
468
461
481
501
457
503
498
500
512
533
552
506
511
475
458
481
497
470
474
525
466
479
444
454
489
463
439
477
494
469
470
440
484
470
480
435
510
447
413
467
483
490
450
431
458
478
446
460
460
476
436
452
444
465
446
493
456
483
458
454
449
430
485
465
468
442
496
489
464
448
468
443
446
480
529
649
798
999
1267
1597
1811
1868
1603
1402
1074
829
578
497
453
383
396
414
405
430
405
392
404
389
403
419
387
404
391
426
419
425
392
383
403
389
373
364
370
373
374
360
390
377
357
404
408
383
365
347
394
339
378
388
431
445
481
563
670
821
946
1175
1208
1275
1221
1012
841
722
574
487
433
421
378
411
389
388
396
358
399
478
564
700
703
756
768
735
629
592
476
375
398
339
342
374
384
372
345
382
341
387
346
342
392
376
371
378
381
394
415
428
446
437
443
461
446
405
379
370
356
388
376
393
407
409
382
416
359
399
350
365
353
349
368
373
367
373
372
364
384
353
330
343
369
387
408
444
443
581
639
704
778
844
780
690
562
462
385
426
374
396
410
365
364
339
320
367
323
342
327
364
326
336
329
369
312
329
386
345
338
320
345
310
337
320
351
367
456
588
847
1331
2000
2803
3639
4104
4204
3718
2936
2114
1357
839
566
417
326
338
318
355
364
377
332
337
359
372
328
323
314
338
336
355
385
369
372
417
431
413
405
427
416
429
475
585
744
862
1006
1115
1117
1077
961
789
642
539
442
375
378
315
349
339
362
324
336
332
313
346
321
329
322
332
353
377
390
458
541
697
782
793
810
757
649
517
456
380
346
324
320
344
326
312
300
313
322
349
317
305
289
292
285
311
300
295
347
348
326
331
366
433
498
621
760
944
1155
1339
1393
1319
1020
772
644
482
415
327
314
301
292
292
289
333
325
283
302
314
293
310
284
276
333
330
320
330
307
331
338
344
338
338
302
281
303
312
293
285
291
281
311
262
307
316
309
345
316
353
367
336
364
367
340
341
342
399
466
602
811
1016
1199
1265
1238
1068
899
686
533
396
359
344
355
332
323
293
304
321
315
291
312
300
294
277
269
306
297
267
308
297
305
278
289
273
250
305
266
288
255
284
302
289
299
320
347
377
410
387
407
430
419
365
344
331
312
332
318
319
304
307
344
343
294
361
311
315
337
349
320
340
325
309
330
301
321
324
298
338
316
302
306
303
310
326
316
273
287
288
296
289
277
331
292
291
269
300
310
338
293
288
338
307
351
368
386
369
380
331
328
344
338
309
300
306
313
312
323
347
364
356
314
341
299
350
279
306
297
290
327
333
323
386
402
427
470
410
460
381
366
328
297
342
284
278
277
283
287
270
286
269
272
295
295
261
281
286
262
281
295
302
277
285
254
263
258
258
237
281
278
273
296
286
262
260
269
284
272
261
265
278
255
252
280
312
247
289
267
252
280
260
287
258
253
268
278
277
275
256
264
260
266
269
279
277
256
245
255
275
312
263
293
253
253
270
274
244
274
273
242
291
267
293
266
287
304
323
354
355
452
495
693
949
1318
1669
2171
2461
2451
2197
1720
1218
938
522
389
316
256
257
220
228
219
207
201
213
247
204
256
231
232
220
220
203
227
230
226
216
222
205
235
210
220
240
216
228
218
227
199
199
200
205
209
233
192
206
224
225
239
223
223
216
237
213
207
201
203
207
210
235
221
218
195
206
220
222
192
219
205
200
211
205
192
168
233
206
196
212
211
210
216
191
205
234
222
205
185
224
211
202
189
198
198
215
183
176
192
173
216
210
200
181
178
193
189
190
178
204
184
191
194
217
228
190
187
183
194
199
220
198
186
195
183
184
185
203
191
186
161
174
182
165
170
184
163
183
186
176
187
167
176
164
180
172
187
178
184
172
175
174
154
189
165
196
177
182
152
198
170
159
177
168
141
138
157
155
173
169
178
163
191
154
184
171
179
214
217
249
301
393
521
735
962
1243
1375
1571
1424
1266
1021
679
444
283
217
170
159
130
145
153
121
117
139
107
125
112
115
134
123
101
112
108
115
114
127
125
130
131
91
124
132
132
114
121
117
117
120
104
110
100
120
102
118
128
99
124
125
117
134
136
172
209
163
190
213
179
222
184
164
139
126
139
119
124
108
118
115
123
136
146
177
175
189
158
150
136
109
135
115
90
117
115
112
89
108
99
106
114
119
120
94
103
125
135
151
123
137
115
128
103
105
99
101
102
107
98
97
104
85
98
108
91
104
102
99
105
92
84
109
99
110
109
93
96
94
94
115
101
116
100
92
90
91
105
78
106
107
109
89
90
94
85
96
89
93
102
87
86
94
95
108
124
160
200
225
271
298
271
297
277
283
330
389
623
926
1394
1919
2389
2688
2754
2380
1830
1402
885
547
330
242
186
110
100
94
74
93
80
69
79
86
90
71
72
64
91
87
81
69
100
81
65
83
91
73
80
79
90
92
78
83
82
72
88
74
68
68
50
94
94
90
73
72
85
81
71
74
97
85
69
88
71
79
78
84
68
75
85
127
103
95
108
94
95
98
111
88
76
92
87
90
72
79
69
72
76
81
78
75
70
71
67
78
76
70
89
72
72
70
82
72
84
86
70
80
69
82
79
85
95
87
121
119
116
148
185
206
236
234
210
197
155
150
120
105
141
82
107
79
88
83
70
62
74
88
82
75
94
96
121
131
107
149
142
103
81
89
81
79
85
95
92
107
89
93
92
79
93
93
92
86
76
87
78
77
87
111
97
139
165
202
318
364
448
486
481
405
345
288
162
132
109
88
87
70
80
83
96
84
94
80
109
109
158
179
197
196
186
192
172
110
112
90
96
102
75
73
84
67
89
80
75
82
94
103
90
79
94
91
79
89
71
88
78
76
65
80
76
93
87
88
90
78
76
71
82
78
77
70
71
77
83
93
76
93
66
83
69
68
79
73
85
70
78
66
78
76
81
90
69
79
75
68
72
91
96
89
81
67
71
61
98
83
72
68
87
73
77
87
72
90
72
81
72
90
80
82
76
87
94
92
68
67
85
68
74
68
66
76
66
83
84
74
92
85
79
101
94
78
91
73
88
82
114
123
120
100
120
117
98
93
91
87
90
100
88
72
93
82
65
85
73
77
79
99
80
87
81
96
71
82
76
80
84
80
89
100
78
105
89
98
98
97
88
85
95
87
89
94
100
92
116
138
147
157
151
137
122
104
115
74
87
82
82
101
92
91
98
88
125
116
117
120
115
98
116
103
99
91
90
91
77
100
93
100
87
98
92
90
82
86
105
95
101
104
111
101
118
135
113
122
110
87
91
103
75
83
79
75
91
80
80
96
82
96
58
65
86
78
97
72
79
76
82
86
81
75
83
71
84
83
77
81
86
83
62
73
84
67
66
81
63
87
82
76
80
71
66
74
83
80
68
80
73
85
92
92
106
71
67
93
73
82
72
75
83
93
118
86
89
95
107
85
103
77
91
90
78
85
71
87
70
82
66
65
69
88
65
91
66
71
101
97
70
84
81
93
101
74
76
93
90
81
69
69
84
75
70
73
107
76
76
84
80
78
85
79
72
95
90
68
65
95
73
84
83
84
72
78
89
86
72
76
90
76
81
80
83
73
83
85
77
92
86
71
82
75
82
82
83
82
86
83
63
84
105
82
93
82
96
66
102
97
89
62
76
81
74
80
80
85
78
84
73
84
102
68
91
88
81
99
68
95
70
81
96
93
103
99
130
206
262
397
528
619
686
749
716
583
517
397
242
216
143
132
95
115
101
92
93
97
94
103
100
87
88
83
94
69
94
93
94
115
80
100
103
92
84
80
97
83
73
71
80
103
80
76
86
79
85
89
87
94
90
104
73
86
93
77
88
76
98
87
105
92
83
103
75
85
79
90
105
90
103
86
114
84
104
89
85
80
89
75
92
78
82
95
81
84
75
77
73
93
83
69
81
79
89
75
81
84
86
96
89
71
70
81
84
73
88
85
88
86
98
95
84
66
85
94
95
82
65
81
78
92
67
87
82
80
66
80
87
83
97
93
98
97
83
95
82
83
64
84
86
77
100
88
88
79
95
90
103
110
80
77
93
81
74
87
96
88
85
88
96
74
107
92
78
93
85
89
79
80
85
98
97
90
100
126
135
85
103
122
132
107
102
116
112
100
104
97
87
103
79
89
79
80
77
92
83
100
99
111
95
120
85
101
83
106
89
104
109
106
70
76
98
125
78
112
100
96
109
121
111
106
98
104
115
121
100
119
114
92
117
114
116
106
124
133
106
112
137
125
120
122
126
123
137
126
144
161
193
157
269
336
377
502
505
564
547
497
435
352
282
241
189
150
127
169
167
166
177
147
201
160
165
142
163
149
137
132
127
139
135
127
128
148
119
131
130
132
121
108
162
127
122
120
126
118
136
116
138
142
143
140
125
135
126
128
122
140
137
144
128
118
135
148
139
122
123
128
113
128
109
133
151
132
134
142
139
136
134
113
121
120
145
145
156
151
148
133
132
124
141
147
133
141
115
141
154
122
124
163
126
145
127
139
135
127
167
154
129
131
110
140
124
151
144
140
143
120
133
124
131
130
125
127
126
140
121
120
141
115
122
127
123
144
123
111
141
131
147
144
122
104
125
107
127
124
134
116
117
123
121
125
129
121
134
109
121
112
119
105
122
115
132
131
129
129
124
135
107
121
114
135
140
122
150
128
139
166
147
161
204
181
174
183
171
151
130
125
131
108
136
139
150
119
137
126
140
127
159
125
149
127
140
124
147
142
139
150
127
140
116
118
123
128
142
121
118
123
146
114
126
132
126
122
121
149
134
104
118
144
145
116
132
118
135
116
118
134
134
130
128
123
109
126
128
126
125
130
112
121
117
130
126
124
121
117
135
132
137
125
120
129
120
116
121
122
124
123
136
116
100
110
130
136
112
105
123
120
114
109
128
109
118
126
111
105
128
101
127
129
119
115
120
111
111
113
92
115
108
109
121
97
100
98
120
103
131
107
114
108
103
100
114
110
110
101
94
104
100
111
110
94
100
94
102
116
97
109
118
112
91
108
85
112
104
103
82
108
104
96
102
96
87
101
92
90
103
103
80
96
102
103
98
93
120
88
115
95
91
96
118
113
85
98
102
95
112
89
72
91
116
109
76
107
74
95
103
104
94
90
91
95
83
89
89
73
94
81
88
70
96
79
75
89
86
91
76
102
82
89
92
80
78
82
75
75
87
94
93
96
76
70
76
103
79
79
73
69
87
75
85
75
85
94
72
79
90
97
96
77
94
90
86
97
89
88
73
83
74
79
88
85
85
75
74
81
92
76
95
87
93
87
89
74
80
87
77
70
85
66
103
123
164
232
404
647
975
1376
1649
1932
1894
1679
1487
1048
692
440
277
155
91
89
55
72
77
60
56
63
60
70
60
57
65
74
59
61
57
66
68
63
55
57
49
59
54
64
61
49
56
57
56
58
57
60
59
56
82
56
66
67
57
53
64
57
60
61
48
44
72
52
52
51
45
58
44
57
48
47
42
53
42
47
54
48
47
64
58
45
55
52
59
44
53
42
45
50
62
48
44
36
33
38
44
51
59
44
33
56
43
40
38
46
43
47
52
58
38
44
34
43
32
38
46
40
40
30
41
51
38
31
43
47
34
41
35
48
37
43
52
59
60
76
94
71
57
74
57
41
45
48
25
38
33
37
32
38
37
43
36
27
33
35
33
29
26
36
33
33
29
32
27
34
28
32
34
30
33
29
38
42
44
49
56
67
76
83
104
129
114
125
86
95
77
50
50
31
35
35
34
32
40
37
40
32
34
32
34
27
37
38
31
33
38
32
27
31
34
41
28
31
35
39
22
23
30
27
32
33
42
38
33
33
30
28
34
36
36
26
38
34
40
31
25
29
30
41
32
43
29
29
29
37
36
33
50
67
86
142
242
383
580
834
1054
1202
1219
1193
956
734
526
321
185
105
71
41
30
20
26
28
32
33
40
32
23
29
26
26
30
29
24
24
27
29
27
32
16
19
32
38
24
31
23
22
23
20
29
24
35
23
20
28
32
22
25
30
23
33
28
20
34
43
31
23
30
17
31
26
31
36
29
29
27
23
23
24
34
21
22
30
33
49
40
44
57
47
57
81
51
52
49
37
48
28
35
38
25
24
29
36
21
22
32
25
29
22
19
24
24
26
27
35
28
21
22
23
27
20
26
23
31
32
27
24
24
27
28
25
18
32
27
21
28
29
26
27
31
32
23
32
24
23
28
32
24
35
23
31
27
24
18
35
29
28
33
30
22
22
34
25
31
22
23
33
30
28
35
23
28
27
34
24
31
30
22
19
19
32
29
24
13
29
21
14
30
25
24
24
29
33
22
16
23
24
28
20
21
23
29
28
20
31
27
25
21
28
17
26
28
29
24
17
22
25
31
32
28
23
32
25
26
21
28
29
22
19
16
22
28
18
25
30
32
27
31
17
19
23
31
26
20
25
32
25
28
27
25
28
27
19
29
28
32
28
29
30
23
27
21
27
36
24
38
19
24
29
31
17
22
29
22
31
22
15
23
21
29
33
27
32
19
27
27
22
23
19
19
26
27
25
16
22
21
25
20
26
32
26
32
18
24
23
31
37
32
42
49
28
25
24
32
30
32
12
23
27
25
19
27
25
21
19
22
25
22
34
23
38
20
22
40
36
30
39
30
34
35
41
37
42
38
24
25
26
18
34
26
27
20
24
30
28
30
28
26
24
31
20
22
36
18
23
28
28
34
35
22
31
43
35
35
27
31
28
34
24
26
30
28
30
26
24
22
21
18
24
30
27
25
22
19
21
28
31
21
30
23
23
33
25
21
19
20
31
23
31
24
26
13
34
23
21
23
23
22
25
23
16
21
26
25
23
33
25
31
23
23
26
34
22
24
24
19
22
24
33
19
22
24
22
29
18
28
31
25
28
17
23
38
23
27
33
36
43
34
37
27
24
24
19
25
23
31
26
21
21
27
27
29
24
41
30
35
27
36
41
31
21
36
32
39
29
37
32
30
29
26
16
26
28
21
34
27
26
21
25
21
24
27
16
19
25
24
22
26
25
22
25
24
28
21
30
33
21
24
29
23
24
22
27
19
20
24
25
25
20
14
29
24
24
27
30
29
33
26
25
28
31
19
28
30
34
40
29
26
24
35
22
16
17
23
25
37
18
28
19
19
19
12
30
28
23
26
25
32
33
32
42
31
52
50
43
33
37
37
27
31
17
32
14
24
24
23
35
29
29
27
26
22
30
28
20
30
23
25
19
26
31
38
26
19
33
20
37
33
29
18
23
45
30
31
32
25
26
24
24
34
29
30
26
31
40
28
28
27
16
34
25
32
20
26
20
29
26
28
28
35
29
25
24
21
24
21
38
43
28
20
21
26
32
30
32
23
28
39
32
31
20
28
24
34
20
33
25
28
32
24
21
29
34
17
32
15
23
24
40
28
27
22
17
19
22
29
26
30
32
17
23
14
19
27
29
25
19
25
16
20
28
21
31
21
32
19
23
31
29
32
26
36
25
30
24
27
26
25
27
25
32
40
28
34
36
27
36
31
23
20
28
27
28
23
23
32
25
27
26
29
23
31
29
23
22
21
20
30
18
21
22
26
19
29
37
25
27
29
25
21
23
20
22
23
31
36
25
29
20
28
23
26
29
26
26
31
34
18
19
22
22
29
32
23
27
30
21
22
20
22
29
38
20
32
34
24
37
40
21
27
37
30
21
32
33
22
31
18
28
26
34
28
32
37
27
34
24
25
33
17
28
24
30
25
32
18
21
28
22
31
29
32
33
32
22
26
29
23
26
29
26
25
30
34
30
35
28
18
33
28
28
28
23
31
33
30
23
29
22
25
29
36
27
27
30
31
29
25
24
26
23
25
26
21
14
22
25
21
25
19
18
21
22
30
18
22
23
27
17
33
24
25
29
32
24
22
24
25
27
25
26
31
26
22
26
22
33
24
25
21
24
29
24
22
23
30
30
23
21
32
21
29
22
24
28
15
18
27
21
28
30
26
33
23
21
20
31
27
18
18
24
15
22
21
23
34
21
23
26
29
28
27
22
20
25
27
19
23
25
21
23
19
24
25
17
21
21
19
32
15
20
34
17
24
29
23
25
22
22
21
20
33
16
21
17
25
18
37
18
30
19
18
27
25
21
21
26
24
31
27
29
33
23
18
21
26
20
19
22
24
25
24
20
16
20
19
14
19
26
24
26
23
24
26
29
31
25
22
28
25
29
18
25
28
18
19
34
22
30
28
27
14
26
29
25
25
21
31
40
41
64
89
108
112
170
155
183
197
194
159
136
81
75
45
37
32
26
30
26
25
29
33
22
16
16
20
19
22
27
28
18
34
24
26
32
38
35
26
28
24
28
29
21
19
23
29
26
28
31
20
24
22
18
40
34
23
32
30
24
21
32
28
27
26
25
33
27
29
20
28
19
29
16
28
19
28
32
30
20
28
27
23
20
36
21
29
29
21
27
27
26
27
31
25
23
21
21
31
33
16
26
30
26
28
21
21
22
23
23
17
31
34
26
25
24
38
21
23
23
19
20
23
14
26
20
16
31
24
22
23
23
27
23
31
24
24
25
33
23
25
23
24
26
27
24
33
27
32
30
37
33
34
36
37
44
33
41
26
25
20
24
23
19
32
22
30
28
26
33
25
25
26
23
23
27
23
27
25
17
31
29
17
33
27
17
33
29
34
24
30
28
29
36
30
31
27
32
22
22
28
17
19
20
30
35
37
26
33
25
35
35
25
35
39
26
40
31
34
26
31
35
30
23
38
26
33
39
37
30
31
39
30
31
38
37
29
28
27
43
36
34
33
46
26
26
25
35
42
38
27
33
37
41
30
44
52
48
32
38
38
36
53
40
30
37
43
42
34
20
43
35
43
34
32
37
36
43
29
33
47
34
44
37
44
30
41
29
38
34
38
38
38
38
36
51
40
36
49
41
33
48
35
31
41
32
46
23
33
32
40
28
43
25
28
23
40
43
39
35
38
36
37
31
33
35
30
42
39
38
39
47
25
29
32
39
39
41
33
42
41
39
31
30
40
36
43
34
29
33
37
35
28
43
38
30
44
33
36
35
30
34
39
37
39
26
26
28
39
35
26
34
31
33
38
33
31
33
33
45
39
30
40
37
31
33
44
30
25
35
28
36
38
27
47
37
31
30
38
27
31
32
28
35
33
34
24
36
21
40
32
35
34
35
26
37
30
38
32
38
40
25
38
28
27
36
30
26
29
28
36
34
33
35
27
32
43
30
37
41
36
17
25
38
34
27
34
34
34
25
36
31
25
32
35
27
35
46
34
24
32
33
37
36
22
35
31
30
22
27
29
47
30
35
31
34
24
41
32
41
29
36
32
16
33
36
36
25
26
25
31
30
18
24
36
26
26
27
23
34
30
24
33
36
30
22
23
22
26
26
32
26
39
35
34
32
36
29
29
31
32
28
19
20
23
26
27
21
26
32
18
21
24
28
28
22
25
25
24
19
20
24
28
20
30
23
25
26
20
21
20
38
22
23
23
19
23
23
23
30
17
29
15
17
30
17
21
25
19
23
16
20
19
21
26
21
20
13
15
20
15
20
18
14
11
22
27
21
13
15
22
18
26
27
21
24
16
16
22
18
20
20
19
16
23
16
24
28
17
16
18
21
18
21
16
23
20
17
13
26
24
23
27
21
15
10
18
22
19
19
20
18
21
15
15
29
18
20
18
16
8
25
21
22
29
23
20
21
17
16
19
21
20
15
17
18
12
15
26
15
22
16
21
18
16
19
25
24
20
12
14
16
21
21
16
19
4
19
23
14
27
21
23
16
26
16
23
22
27
16
30
24
26
17
18
11
25
21
16
18
21
30
20
11
9
9
16
17
18
16
15
21
11
21
18
23
43
61
92
156
218
237
349
389
406
408
368
272
204
130
91
43
33
22
22
20
16
22
14
15
17
18
18
17
19
19
15
16
12
8
14
20
15
12
15
13
18
11
16
14
24
20
13
18
17
15
17
14
17
13
8
5
23
20
14
30
33
18
15
22
30
15
16
23
18
19
19
10
12
21
13
19
13
19
16
16
19
12
20
26
12
19
16
14
12
19
13
21
18
18
16
17
17
20
18
18
22
13
20
14
15
18
17
25
13
15
7
19
14
15
12
13
15
15
6
19
15
23
13
21
14
20
19
11
18
13
13
11
13
18
14
16
19
14
21
8
17
10
20
13
16
24
17
15
15
16
14
17
12
9
16
16
19
17
17
15
20
20
19
18
16
15
20
17
15
17
21
13
12
21
23
27
19
20
19
16
19
11
13
22
22
20
17
19
17
19
21
24
15
11
19
17
13
17
17
16
19
22
11
34
15
18
17
18
19
24
26
26
22
21
19
20
20
21
21
27
16
16
17
16
20
18
12
11
13
18
11
21
9
18
19
11
13
9
14
22
16
16
9
22
18
20
16
20
14
10
16
23
21
16
23
17
20
15
13
17
15
19
15
9
21
15
24
18
17
13
21
13
16
22
19
12
9
16
14
16
10
13
18
16
14
12
15
16
11
18
19
19
16
12
16
12
14
18
22
12
17
13
16
19
18
15
12
14
14
20
14
16
12
19
12
24
20
18
13
18
18
23
16
18
19
19
16
21
20
23
13
18
23
19
13
23
21
18
24
17
7
20
24
19
14
19
21
19
19
19
15
14
16
19
22
16
11
14
11
15
13
18
14
14
17
13
15
16
16
20
19
21
23
13
15
21
16
14
15
15
16
15
18
17
21
11
16
20
18
12
20
14
10
13
15
10
16
19
23
12
16
23
17
18
23
19
18
21
25
23
15
14
15
17
15
22
20
15
14
15
23
15
14
27
19
16
20
17
14
16
20
22
21
14
10
23
18
10
15
21
18
12
24
24
24
14
15
25
7
17
17
18
22
20
19
23
13
16
14
16
13
32
25
15
13
12
21
25
21
15
15
10
14
24
23
17
18
22
20
17
14
17
22
13
12
21
15
12
16
13
13
17
16
8
18
17
20
20
23
20
12
16
20
13
17
12
25
18
20
20
13
17
19
14
11
16
14
7
16
16
10
27
24
21
23
13
24
18
15
21
18
13
16
15
23
11
18
21
24
24
14
12
19
23
14
17
16
12
22
19
11
11
12
26
14
14
15
19
13
16
18
17
13
24
16
20
17
17
15
16
18
22
14
16
22
20
19
19
18
16
13
20
21
18
23
20
20
19
11
15
15
23
14
12
11
15
16
10
20
12
21
20
17
11
10
16
13
20
22
17
16
17
22
15
16
12
17
15
17
15
20
20
14
15
12
27
15
22
21
16
17
21
23
18
15
12
20
28
19
17
18
18
19
20
23
14
22
12
15
18
15
17
12
15
8
21
20
26
9
17
14
12
26
14
20
22
21
17
16
19
22
19
21
16
8
10
16
12
10
18
25
20
17
21
24
22
24
20
19
27
34
33
32
37
33
33
33
23
23
21
21
16
19
17
22
14
14
18
15
16
15
11
10
14
12
14
22
22
20
14
10
15
23
21
9
9
11
17
21
18
13
17
12
19
15
22
19
22
19
15
16
11
17
14
19
12
19
17
13
14
15
9
15
21
18
17
21
20
20
10
15
17
16
18
13
19
18
20
14
24
19
18
22
20
12
25
24
18
19
22
19
23
19
18
19
11
23
13
14
20
18
15
29
15
23
19
16
18
17
16
14
21
14
19
14
19
18
19
15
26
27
22
17
23
26
15
23
26
10
21
18
23
23
17
19
15
13
16
13
13
15
20
19
12
14
24
9
21
15
11
16
13
15
18
15
16
15
15
15
14
13
19
22
15
11
8
11
13
20
22
18
19
16
21
12
16
20
26
18
16
12
9
15
17
11
13
13
13
7
19
17
13
25
7
15
4
12
10
17
8
22
12
17
17
19
16
17
12
16
13
15
13
14
13
24
20
21
16
10
16
15
20
17
14
10
15
17
23
10
12
10
16
13
16
19
22
26
27
26
30
31
32
30
34
22
20
23
19
17
19
13
14
21
17
16
9
18
15
19
20
21
13
24
17
10
25
16
20
12
18
20
12
10
20
17
10
9
20
19
13
15
9
21
12
11
13
14
26
19
11
13
19
14
14
9
20
25
15
21
20
8
16
20
18
16
16
12
13
17
17
17
17
14
16
14
15
16
15
16
17
12
20
16
13
15
14
19
19
17
13
12
15
19
12
23
17
12
14
10
17
15
12
22
20
18
20
18
13
20
17
13
15
16
16
14
18
14
23
25
32
33
27
22
25
23
24
14
16
14
19
16
20
11
12
17
10
19
14
12
13
13
21
12
10
13
17
13
13
19
12
15
13
15
7
13
19
12
16
17
14
20
14
16
12
11
17
11
10
15
18
18
16
21
23
21
15
16
13
16
18
15
14
10
20
16
15
23
19
18
22
17
20
16
25
22
14
21
14
12
16
12
18
13
20
15
15
9
20
15
16
13
13
21
14
12
14
16
10
21
16
19
20
13
23
24
9
26
17
20
27
14
17
22
17
13
14
17
22
10
18
17
17
20
24
19
17
17
23
18
20
19
15
16
16
15
11
15
7
21
13
12
13
11
18
7
12
9
11
19
15
18
11
21
12
20
11
11
18
13
17
15
19
9
14
21
17
11
11
16
15
13
15
22
16
17
25
14
16
13
17
15
20
24
12
13
14
7
15
10
16
17
14
14
17
22
20
14
10
18
20
23
15
18
20
17
13
12
14
14
13
9
23
15
17
14
16
13
14
23
19
14
6
17
9
21
12
9
21
17
16
16
12
20
13
13
7
18
17
12
16
14
22
18
15
12
12
21
21
13
11
11
13
16
11
16
11
21
16
14
10
20
12
10
12
17
8
12
14
18
19
13
19
14
7
16
9
10
16
19
8
13
14
17
11
10
10
13
11
27
13
5
16
11
17
9
12
22
13
17
12
25
7
15
17
20
15
7
23
11
15
16
8
15
12
13
17
15
16
16
15
12
15
19
16
14
11
9
13
12
15
14
10
10
19
22
18
12
17
13
13
14
16
15
11
20
16
16
19
19
18
19
16
17
14
18
33
30
22
36
38
41
38
21
29
22
19
13
17
21
17
17
21
15
17
10
13
17
11
10
14
14
15
17
7
18
18
9
11
10
16
14
10
17
15
11
18
6
16
9
21
15
16
11
15
21
15
14
15
12
26
14
$ENER_FIT:
-1.6700 0.713300 0.000000e+00
$MCA_CAL:
3
-1.6700 0.713300 0.000000e+00
$ENDRECORD:
