$SPEC_ID:
Sample title.

$MEAS_TIM:
81432.37000 100948.71000
$DATE_MEA:
04/30/2018 11:00:25 AM
$DATA:
0 16383
0
0
0
0
0
0
0
0
0
0
0
0
0
0
0
0
0
0
0
0
0
0
0
0
0
0
0
0
0
0
0
0
0
290087
293525
294238
296121
298796
299798
300848
302979
303855
307208
309401
315227
321783
319555
313412
309484
308011
305465
302918
301118
299202
297751
294754
293934
291485
290163
286249
283707
280629
276753
273203
269153
265460
261057
257224
253271
248144
241338
234925
227951
222651
215773
210572
205857
202353
199069
196673
194683
194838
194279
194606
195824
197120
197461
197871
198688
198513
198588
199560
198843
200154
202167
203927
205141
206700
208494
209078
210214
212052
220148
241141
269972
283318
311414
359036
344325
300320
290229
273806
235800
213288
207647
207196
208032
208611
212048
223727
245028
262703
255898
249433
257528
256039
237642
224006
222667
221016
216266
214162
214340
215321
215578
213837
214736
216337
215978
216026
215673
217729
217892
218451
219325
218784
220239
220774
221412
223825
223990
224253
224743
224788
226541
226909
227909
229258
231124
232956
234515
235152
236889
238005
240097
241393
243355
243547
244582
246602
247793
250656
253909
261212
283656
411451
816417
1334882
1314939
772707
376701
264548
248837
249201
250316
252138
252092
253107
254910
256382
259126
265259
310943
540983
1060635
1382154
1028847
515087
301235
261664
258366
259994
262459
265518
269795
277103
285123
312828
381766
471803
469695
380314
317051
299768
299717
299244
300818
300934
301107
302332
304306
307765
310072
322776
374915
457732
472899
401862
337008
317485
313750
315421
316990
316919
318599
320444
320708
321786
322607
325516
324751
326485
328511
329592
330159
331632
335444
343728
353889
358230
350607
343783
342752
343860
345464
345399
347841
350477
349936
352197
352657
355488
356501
356397
358288
358105
357257
357608
356211
354840
351832
348577
342931
336449
327437
315994
301830
286282
272046
261291
251983
243031
235178
228941
224935
225613
258535
373223
517194
500070
345512
234463
201889
196862
194529
193209
191193
190019
190617
190689
191437
192486
195010
198383
204176
209887
213786
216446
215818
215095
215104
211428
209041
204034
199248
193959
190131
186916
183413
181102
178309
175340
175357
173059
172830
171427
169312
168500
167834
166941
167057
164791
164170
163095
162246
162246
161426
160848
161014
160097
160687
160775
165982
178444
192144
187583
172060
163309
159951
160108
158270
158651
157714
157398
156387
156604
157513
157574
157583
158057
160394
160791
157709
154903
153707
153291
153235
152801
152219
152378
152213
153302
152982
153422
153509
153842
153203
153309
154905
155115
157629
158343
158485
157751
158957
160015
159894
161312
161720
162693
164621
165411
166969
166692
166789
166601
167228
166650
166512
165240
165320
165423
165273
163493
163162
162281
160777
161484
161273
159627
158089
157431
158476
165970
193905
236464
246454
208452
169673
154093
150967
150489
149669
149446
148326
148368
148172
147548
147658
147238
146567
146947
146448
144902
146091
146377
145377
145983
145208
145626
144666
144886
145581
146183
145589
146031
146524
146551
154629
182324
236153
258713
219590
169761
149363
144973
144349
145013
144581
145467
145551
145856
145598
146140
146529
148385
151315
153535
153559
153779
155329
159205
165906
173962
186715
207773
249732
374218
1218077
5452531
15660913
24150892
19450352
8203447
1899827
322774
116311
94626
89777
87499
84391
82901
81735
80462
81177
83233
85194
82550
78450
75698
74754
74768
76315
75736
73806
74496
75247
74300
72553
71052
69946
69726
69486
68968
68998
69595
69930
69092
68267
68236
67425
67351
66991
66454
66926
66462
66342
66307
66369
67048
67114
66582
66818
72118
83880
96091
91150
77207
68472
65680
64000
64583
64139
64085
63250
63272
63552
63541
63429
63354
62938
63606
63386
63703
63312
62675
62350
62337
62161
62491
62490
62495
63564
63625
64788
63303
62501
62085
62054
62259
61838
62404
62131
61834
61810
61895
61945
62689
62850
62859
63290
61949
61819
61956
62337
62828
63271
67195
86496
134900
177612
158828
105989
74103
73671
89254
101308
91645
74770
66378
65235
64798
63110
62277
61819
61636
62030
62329
63699
68946
76779
83251
107010
173950
238713
214153
131389
79507
64125
61822
61474
61687
61690
61187
61621
61663
61520
61788
61650
61960
62239
62502
62528
61865
61955
61417
62171
61966
62362
62694
63487
63791
63474
63978
64475
64444
63039
62146
61891
61464
61774
61854
61311
62120
63044
63100
62241
61893
61330
61084
61653
61918
64067
65850
68067
69182
70870
71501
71815
72220
73307
73655
74301
73631
72981
72319
71409
70476
70034
69313
66846
65079
63362
62141
61606
60897
61196
61401
61161
60971
61484
61236
61258
61301
61124
61593
61411
61955
62793
63246
65446
70175
75295
74988
69219
64152
62788
62164
62616
64713
68145
68597
69131
72879
88696
128460
208002
319483
410505
417608
338817
227102
137490
90674
72142
64772
61976
61747
60911
61116
60657
60621
61311
61671
64737
73934
84377
83849
72968
64527
63042
64206
62856
62256
60923
60857
60927
60862
62524
62864
62121
61400
61102
60898
60860
61011
61190
62303
65003
66349
65175
63266
62730
62101
62368
61865
61882
61461
61798
61608
60872
61945
62090
61434
62406
61768
61375
61411
61260
62547
62404
62338
62690
62385
62839
63440
63145
62062
62721
62142
62788
63294
63772
64112
63107
63657
63236
63011
62734
63169
63032
63170
63490
64138
65307
65893
65706
63848
63510
63398
63455
63263
64138
63521
63840
64009
64280
64051
64103
64709
65420
65332
64926
64591
64684
65034
65564
65822
66171
66150
67278
68522
67935
65530
65147
64844
65461
65884
65694
66384
65750
66231
65725
65576
66211
66568
66747
66759
66598
66261
66612
66358
66457
66651
66702
68206
68315
67879
68170
70613
74763
77239
73922
69620
67839
67354
67832
68100
69207
70115
69987
68364
68119
67942
67808
68149
68108
68333
68673
68773
68419
68557
68615
68907
69646
71064
71286
72087
70976
70341
70293
69945
69249
70480
70559
74764
84281
95060
94410
83180
74234
71155
70560
72208
80436
120540
219450
324902
313792
200081
110035
78027
71719
71421
71037
70723
71096
70830
71206
71976
73057
73330
73323
73054
72031
72400
72044
71419
70727
71642
71883
72143
73098
72876
73049
73313
73033
72291
72916
73337
74329
75840
79424
80749
78206
75477
73650
73646
73645
73627
74005
74119
74012
74349
74473
75074
76316
79072
86101
90589
90100
84648
78887
75674
75150
74875
76094
76456
77289
77378
77293
77211
78309
77980
78345
77748
77633
77535
78728
82765
89548
93131
89224
81665
77879
77282
76931
77028
77475
76542
77409
77712
77619
79129
80509
81762
81819
82015
80287
80685
87171
95444
98398
90907
82520
80142
78331
78167
78185
78383
78591
78035
78807
78378
78821
78860
79850
80459
79969
79400
79295
79502
79142
79760
79417
79485
80161
79545
79866
80808
81238
81835
81526
80644
80753
81381
81593
80517
81242
81844
82632
83306
84570
86724
88513
88086
85597
83446
82492
82148
82329
82860
84482
84846
84410
83712
83230
84224
84507
84772
86366
89677
93281
92722
89050
86273
86091
86452
86744
86625
85480
84661
85197
85982
87614
87353
86498
85484
85330
85767
86071
85677
86256
86358
86604
85823
86689
86748
87214
87627
89846
91091
90051
88638
88126
89414
92178
93671
91555
88621
86338
85157
85770
85854
85686
86150
86047
85581
84670
85282
85552
86535
94396
117198
150250
160843
136605
105561
91326
89672
88143
87246
86697
87739
90813
90086
89364
89121
89923
91593
91893
90585
88400
87640
87056
86478
86524
87761
92487
97060
97618
94382
90725
89338
88105
88474
86606
86587
87217
87109
87915
87344
88168
92435
107550
143484
178695
172407
133558
102093
90750
87942
87806
88126
88336
88647
89119
90286
91720
91165
91597
94177
98270
98631
94424
90897
89668
89315
89261
90703
93313
93235
91558
90475
90402
92756
106476
134087
160149
154967
127375
105830
96923
93075
91017
90438
89881
90253
90851
91194
91610
91899
90981
90103
90332
90629
90135
90676
91170
92060
93026
93148
92298
91505
91610
91888
93258
94001
94095
95625
99095
106388
113876
116544
113972
107004
100325
96691
95959
94336
93612
94028
96495
101433
107026
107315
101534
96060
94519
94415
93897
94312
94057
94772
97216
98856
98556
97226
95874
95339
95292
96072
95565
96314
96245
96470
96987
96458
97267
97179
97329
98295
99324
99113
101417
109398
128244
148377
148145
127359
107846
99577
98096
97448
98187
97763
97601
97971
98112
97848
97554
97474
98408
98652
99100
98720
99153
104850
121352
148781
163223
147430
120030
104879
101242
100526
100923
101040
101239
100269
99293
100587
105877
114498
118903
114671
108933
108112
108440
105121
101868
99648
98977
99404
99595
99341
100128
100556
101343
101670
103148
105154
107632
110999
123348
147074
160081
145480
122763
109464
104356
102896
101454
101846
101792
102402
102483
102112
101978
101986
102786
102970
103039
103196
103468
103406
103874
105822
111004
116933
117981
112942
108298
106265
106316
106069
106605
106249
106793
107622
107179
107645
107947
108640
109461
112266
114850
114306
112446
111106
110588
111470
111737
112371
112049
112995
115529
124138
166641
312972
591240
807356
719850
428978
214453
137304
122425
119662
120024
119849
119405
119216
120454
120613
121898
122424
122982
123779
125499
128802
134072
139897
139324
137910
137947
142447
149152
150018
144651
139782
137340
137873
138923
139486
142410
142187
144092
144573
145709
147645
148545
152025
155853
159629
159824
159336
159628
160205
163046
164410
165266
166159
167813
169977
173668
177196
179248
179586
180020
180226
181085
182269
184751
186335
187982
190330
191592
193875
197087
199925
199700
201668
202810
205435
207018
210894
216842
219916
220855
220928
221325
220863
223134
225018
226257
229076
232119
237851
251189
263971
264788
256881
246597
243631
245567
246886
247442
249991
251314
253853
255687
256429
258046
260481
261189
263475
264004
267028
267833
270510
271850
273999
279561
281919
281057
279568
281846
282995
283536
286923
286289
291859
298836
306864
308375
305298
302841
301251
304395
306088
307111
306909
305741
305743
305354
307319
307360
309365
309492
310970
311703
313139
315408
316542
316950
319097
321802
321713
322094
323171
325751
327734
327712
327688
329361
329918
332408
332657
333277
334150
335240
338095
338444
340997
340443
340619
342927
342953
344114
345770
345824
347839
348379
349632
350800
350831
352863
353651
354990
355844
358247
359253
359264
360915
361463
362259
363183
364613
366647
370471
379172
404819
479688
619517
761608
816405
768494
649865
511792
421259
387067
381228
381205
381782
384388
383752
386301
386865
386537
388839
390943
396372
411281
432776
450937
442039
421053
406748
400794
402197
404134
405000
407614
407380
408221
407990
407433
408576
410363
410849
413325
413543
415598
416693
416761
415345
420218
425238
429988
432249
428494
424502
421916
421282
422840
420954
421321
423154
421953
422043
417678
412729
408773
406009
400865
394776
389312
387945
384345
374193
355526
340160
329668
324115
321525
320537
323912
325937
324858
317825
306874
299216
294413
293390
290950
289518
287458
287030
288218
287978
287754
287212
283369
280628
278175
277658
274657
272952
273826
271560
270749
270430
269718
268730
268517
267428
267501
265797
268325
270976
276139
281402
279230
269897
260639
257162
255362
253232
253144
251943
251778
250310
250469
249231
252092
255146
257658
254069
247392
243076
241576
239822
239118
237813
237016
235632
234285
232429
231550
230632
228390
226776
225487
223619
224014
222694
221758
220441
217181
216893
216539
213509
213325
211685
211145
210364
209222
207699
206700
205422
204896
203459
203305
201333
199201
198785
198233
199276
198759
198059
195020
192941
192614
193866
197176
199527
195378
190422
186190
183501
182487
182096
181024
181642
182262
183472
182550
182041
179858
177350
177044
178085
179523
179567
177559
173759
169952
168252
167869
167927
166295
164837
163988
162122
161305
160330
159655
158748
158568
158991
158060
157765
156637
156817
157871
158630
159329
158433
155252
152634
150512
149182
148051
148407
147342
145892
145789
146850
153338
172416
194901
200162
182397
157658
142796
137435
134944
134106
134042
133402
132172
130848
131317
130112
130751
130296
130488
130093
130052
129626
128636
128029
127669
127502
126606
126647
127351
127883
127910
129198
129349
128565
128951
130628
132551
134704
134327
132296
132705
148533
194613
264685
305968
271250
200645
151211
132658
129458
129899
130154
129690
130165
130289
131011
130878
132757
133324
135463
136126
134900
135950
143615
162436
190689
206072
190994
165172
149514
144826
143466
141177
141011
141146
139686
136767
134934
134152
134072
133243
133105
133753
134457
134166
135482
135999
134716
134425
133375
133370
132925
132539
132947
132981
134846
138142
142525
145862
143425
138857
134713
131894
129894
129520
129794
131423
138072
149825
157132
151223
138572
129579
126433
125061
124934
123218
122354
120334
119033
116588
115617
113770
113153
111557
112322
112669
114445
114945
114845
114068
114701
115061
114188
116678
124674
157189
308528
1125514
4303931
11737684
20784016
23382394
16647259
7531990
2221453
486597
139178
91715
83863
81997
84923
95585
108763
111930
100122
83823
74481
70569
69117
68392
68098
67717
66936
67745
68754
69968
70830
73464
77362
77006
72333
67645
65148
67230
70032
70221
68593
66987
66405
64502
63443
63170
64884
68141
72057
72394
67952
63057
60113
59744
60986
65463
71007
72111
68346
62998
59495
58905
59081
60622
61944
62072
60797
59441
57664
57551
57820
58231
59042
61563
78582
155721
376751
734859
979356
857298
510140
258139
182595
173285
145805
100640
70483
58788
56806
56061
55781
55640
54499
53947
53807
53779
54298
54385
54677
55970
62538
78958
102691
116759
105730
81962
63920
56166
53750
53213
53596
53613
53503
52789
52909
53038
53619
53867
53543
52450
52098
52246
51862
51847
52277
52124
52184
52744
54201
60796
75731
93972
98112
84305
66585
56097
52420
51408
51969
52982
55467
58132
58802
57099
55238
54273
53816
53507
54342
56838
58285
61391
62922
63120
60021
56723
54766
55821
56716
56122
55052
54024
54663
59016
75269
130034
300648
667777
1110902
1256491
938260
473419
181303
77936
55624
51486
51556
50949
51149
51474
51561
51225
50968
51157
51351
52088
52748
53436
54030
53500
53234
53023
52586
52210
51479
51320
51872
51852
52020
51927
51931
51625
52616
53297
55233
56752
57324
57189
56663
55457
54324
53070
53129
53331
53229
52666
52825
51938
52195
53481
55669
59232
62431
61876
58831
54644
52202
51130
50108
49110
48872
48014
47367
47348
46957
47439
47491
50292
56453
67597
77526
76904
74879
102617
200151
351671
441882
378775
227737
113971
70519
71777
89591
102204
93082
71448
53963
46184
44148
43643
43481
43507
43240
43694
43805
43884
43708
43247
42497
41731
41248
41421
41167
40634
40300
40177
40236
40200
39990
39814
39613
39848
40204
41084
42694
46448
55269
103714
314111
899234
1834553
2474167
2192563
1295861
581224
309985
245336
183839
109352
59028
40504
35746
34691
34216
33953
34024
33631
33271
32668
32736
32973
33391
33393
32993
32661
31822
31570
31485
31826
31678
32102
33338
36130
39149
40043
38322
36053
35967
37206
39601
41923
41711
38221
34393
32238
31824
30758
30096
30313
31407
34518
40881
49149
53951
49245
39195
32162
28489
27561
27212
27007
27163
27297
27597
29154
30785
32487
33757
33529
32445
31263
29662
28615
27552
26641
26417
26063
25919
26306
26783
26493
27344
28062
29240
31327
34307
36428
35481
32766
33063
37867
43520
41663
35324
28786
25915
25163
24291
23399
23942
23199
22669
22785
22602
22732
22606
22746
23023
23725
26065
29435
32815
35642
37673
36820
32373
26768
23557
21891
21635
21444
22039
26155
40038
70619
104180
114449
89058
53534
31160
22725
20817
20751
22100
24208
27256
28786
27296
24122
22320
22973
28342
37718
46412
44657
36456
27990
23311
21722
21258
21383
21924
22988
24980
25935
25317
23107
20938
20080
19951
20304
20395
20422
20411
20391
20950
23079
25825
26838
25311
22361
20482
19911
20252
20679
20963
20881
20440
20114
20329
21542
23386
23627
23123
22656
22406
21994
20926
19819
19822
20548
22883
28793
36979
40479
36364
28645
23088
20542
19333
19048
19111
19350
18855
18972
19790
20613
20996
21251
22015
23117
23818
22883
21052
19989
19986
20959
21418
20524
19866
19319
18926
19008
18856
18250
18863
19651
20170
20031
19994
20215
21711
22550
21913
20274
19324
18512
18646
20244
21177
21319
21184
20967
25904
54685
167772
455204
883928
1156570
1006705
589516
239135
75230
28511
20161
18457
17581
17338
16875
16706
16917
16568
16686
16976
17999
19187
21441
25007
33465
56013
100453
150663
168739
135201
80631
42044
25105
19583
17442
16717
16621
17259
18345
18531
18214
17457
17243
19085
29774
73421
192374
389401
545356
518895
331834
149786
54913
25260
19630
18726
18130
18005
18045
18125
17498
16284
15435
14934
15000
15044
15152
15071
14895
14918
14930
15366
15309
15547
15916
16261
16729
16798
16296
15466
15171
15136
15448
15407
15129
15087
15169
15223
14790
14909
15895
17729
20181
20463
18855
16659
14983
14113
14170
14415
14162
14714
14720
14577
14678
14559
14779
14917
14612
14675
14959
15337
16893
23780
46375
92411
147291
165822
129997
74182
34996
19009
14910
14401
14499
15023
15560
15723
15017
14679
14704
14938
16112
18247
20400
21109
20025
17946
16187
14768
14067
13858
13977
13674
13688
13813
14174
14374
14770
14451
14333
13893
13938
13895
14032
13908
13926
13725
13904
13950
14039
14272
14356
14540
14660
15691
18824
23900
27689
27942
29329
43677
81404
131145
151390
123891
72366
35287
19259
14682
14053
13913
14217
14801
15192
14975
14830
14851
14846
15012
15312
15263
14565
14127
13899
13905
14069
13940
13869
14192
14147
14222
14280
14305
14542
14971
15735
15560
14985
14464
14177
13688
13901
13422
13621
13974
14260
14856
16736
19315
21011
20298
17540
15397
14645
14738
15698
16997
17904
18367
17253
16352
15146
14602
15106
16998
18518
18642
17168
15694
14878
14706
15055
15599
16136
16360
15604
14383
13986
13912
14276
17455
25026
38286
48040
46916
34521
22918
16052
14021
13605
13254
13030
13323
13280
13486
13508
13860
14214
15159
17194
20340
22363
20820
17377
15066
13576
13533
13745
13850
13580
13468
13415
13345
13494
13567
13378
13303
13471
13567
13911
14871
16393
17733
17578
16420
14813
13994
14021
15440
17119
17600
16979
15773
14795
14050
13689
12989
12851
13103
12965
13167
13144
13111
13474
13774
13858
13779
13873
14134
14312
14274
13792
13534
13235
12958
12547
12717
13095
13860
14860
17682
21645
24571
23926
19820
16962
16574
17516
17637
16771
15923
15474
16065
16884
17184
16669
16207
16083
15985
15693
14344
13528
12942
12421
12444
12690
13141
13150
13253
12969
12804
12809
12720
12990
13756
14748
15307
15242
14267
14060
15648
20557
27998
32077
30165
23071
17249
13734
12776
12413
12483
12654
12563
12512
13269
16008
21647
29851
34880
32865
25958
20954
19254
18767
17200
15261
13514
13440
15219
22814
41640
71237
93141
88621
60814
33759
18575
13832
12475
12562
12830
13066
13643
13469
13434
12287
12358
12229
12222
12554
12686
12591
13326
14583
15765
16785
17590
17869
17023
15469
13925
12778
12803
13657
16142
21246
26769
29859
29868
29045
27473
23917
18919
15178
13199
12582
12108
12201
12326
12571
12781
13493
14808
17561
20656
22446
23324
26878
33301
38547
37168
28448
19998
15589
15788
18821
21809
22458
20277
16956
14500
12938
12557
12550
12545
13103
14060
15678
16690
16665
15663
14505
13905
13450
13163
13601
14677
16109
17871
18204
16863
15305
13760
12960
12676
12779
12535
12472
12238
12444
12673
12719
12524
12398
12833
13054
13157
13122
13632
13610
13704
13597
13241
13038
12875
12927
12985
13650
13906
14445
15870
17893
19176
18241
16357
14495
13509
13291
12903
12937
13464
14181
14321
14084
13261
12954
12703
12969
14049
17449
23606
29621
31033
26677
19989
15656
13730
13188
13284
13509
13458
13404
13144
13214
13230
12860
12637
12411
12561
12902
14223
18002
25498
35392
41498
38674
30049
21097
15899
13291
13121
13526
14080
14518
15108
15024
14823
14163
13299
12953
12712
12744
12877
12971
13040
12814
12547
12471
12361
12860
12763
12728
12717
12645
12609
12495
12943
12884
12747
12466
12635
12395
12306
12478
12361
12450
12648
12831
12937
12841
13231
13035
12921
13724
14899
16551
19106
24608
37222
54764
64719
58075
43356
35363
39732
49420
51310
41541
28683
19402
14958
13636
12894
13006
12735
12932
13014
13118
12939
12708
12734
12887
13533
14037
14356
14267
13881
14839
17276
21189
23844
23074
19847
16280
14066
13394
13021
12905
12630
12632
12643
12721
12977
13011
12827
12867
13102
13555
14205
14743
15103
16701
21161
29265
34882
34203
27037
19217
14965
13302
13241
13609
13711
14210
13719
13099
13058
13013
12972
12966
13000
13251
13467
13829
14356
14288
13872
13506
13193
13251
13887
14733
16197
17740
18169
17295
15358
13910
13774
14046
15227
16323
16946
16122
14731
14057
14024
14747
15652
15815
14863
13678
13021
12695
12702
12667
12702
12809
12766
12789
13046
13886
15176
16802
17457
16860
16006
15566
15111
14809
14186
13397
13199
12939
12843
12835
13059
13109
12717
12959
12600
12863
12776
12699
12761
12997
13691
14426
15039
15332
14716
14059
13337
13456
13286
13587
14042
14519
15838
17398
18130
17484
16394
15002
14747
14622
14319
14430
14236
14038
13644
13762
14120
14467
14328
14475
13720
13443
13410
13167
13070
13228
13462
13460
13808
14512
15289
16150
16928
17104
16584
15577
14442
13797
13470
13371
13416
13630
13736
13739
13559
13366
13350
13382
13136
13169
13297
13492
13391
13860
16259
20552
28121
34075
34452
28818
21304
16708
14596
13592
13637
13352
13246
13425
13506
13674
13589
13669
14266
15338
17066
19715
20515
19775
17186
15041
14275
14202
14321
14656
14792
14300
13758
13595
13958
14317
15146
16075
16505
16297
17325
21107
27754
33174
33043
27695
20429
15825
14429
14091
14233
14050
14568
15186
16098
16506
15806
15779
16459
19209
21715
22066
19650
16537
14528
13655
13543
13305
12988
13129
13501
13733
13912
13955
13943
14221
14741
15839
16401
15943
15177
14491
15407
19500
30907
46882
59214
57072
42596
27101
19144
16990
17720
17993
16942
15086
13761
13227
13226
13223
13461
14109
13942
13528
13584
14208
15124
16291
16330
15576
14493
13326
13159
12976
13307
13898
14209
14412
14573
14580
15671
16742
17898
18741
18520
17428
15692
14125
13341
13308
13027
13180
13223
13543
13494
13249
13244
13100
13530
13481
13975
13318
13379
13040
13055
13118
13181
13473
13424
13662
13822
14314
14497
14516
14540
13966
13984
13730
14035
14326
14092
13639
13022
12940
13237
13472
13707
14233
14341
14100
14153
14036
14028
13719
14011
13892
14360
14983
17624
21046
25564
26416
24285
19840
15919
14013
13411
13436
13711
13971
13915
14167
14016
13644
13292
13097
13038
13158
13360
14277
14251
14658
15043
15250
15321
15213
15024
14932
14209
14034
13690
14535
17773
26799
44137
63176
71141
61308
42251
26442
18255
15468
14698
14149
13763
13437
13461
13367
13511
13930
14121
15786
18796
22071
24006
23204
20530
19555
21197
24474
28125
28968
27751
23873
19619
16312
14552
14414
14565
14678
14713
14458
13957
14189
13630
13773
13348
13399
13465
13246
13486
13427
13868
13960
14025
13760
13841
13815
13933
13916
14518
15762
16696
16757
16606
16231
15311
14630
14229
13731
13706
13778
14152
14658
16396
19434
22902
24796
23177
19599
16655
15194
15010
14451
14557
14726
14303
14347
14384
14350
14356
14182
14437
14596
14742
14725
14769
14854
15249
15284
15191
14598
14531
14483
14983
15234
15447
15042
15127
14765
14517
14265
14083
14341
14304
14552
15346
15455
15783
15387
15024
14612
14527
14564
14545
14594
14516
14328
14419
14376
14344
14542
15010
16225
17280
18065
17598
16943
16324
16499
16681
16358
15969
15421
14934
14999
15406
15740
16250
16257
15844
15643
15312
14812
14769
14933
14547
14655
14866
15326
17338
21756
31936
46063
56253
55207
42741
28829
19805
16207
16398
20410
28730
41484
52003
52751
43638
31952
22650
17978
16090
15279
15330
15337
15833
15853
15990
15849
15732
16008
16818
17423
19450
24089
31706
38763
42339
42237
39502
35266
28528
22006
17922
15786
15270
15210
15266
15010
14947
15233
15145
15308
15184
15224
15031
15248
15368
14962
15063
15000
15231
15034
15143
15452
15516
15577
15944
16299
16345
16490
16584
17130
16852
16671
16352
16126
16128
16276
16700
16895
16746
16645
16587
16403
16515
16558
16954
17419
18269
18188
17526
17176
16846
17225
17269
17668
18003
17843
17355
17405
17558
17795
17746
17533
17606
17439
17317
16961
17049
17308
17321
17617
18016
17715
17830
17974
17950
17913
17783
18031
18113
18509
18452
18540
18324
17958
18211
17938
18080
18447
18361
18728
19550
20993
24437
28139
30172
28567
25305
23832
26612
32681
38854
40056
35292
28786
23372
20703
19871
19423
19877
20298
20259
19759
19621
19721
19975
20269
20245
19633
19120
18947
18694
18128
18337
18256
18700
19025
21056
25957
33936
40791
41386
36053
28876
23792
21400
20229
19211
18518
18147
18142
18082
18024
17845
17961
18077
17994
18280
18362
18527
18624
18446
18546
18564
18740
18862
19156
19627
19206
18987
19032
19256
18844
18819
19262
19828
20391
20884
20483
20062
20011
19775
20358
21220
23297
26811
29435
29783
28085
24133
21353
20092
18807
18457
17759
18089
18055
18223
18324
18288
18683
18350
18266
18342
17864
17707
17434
17924
17665
17431
17418
17700
17372
17594
17424
17836
17853
17968
17808
17679
17821
17852
17652
17132
17051
17191
17760
17933
18224
17728
17580
17001
17265
17478
17542
17078
16529
16402
16179
15939
15903
15740
15687
15683
15857
15485
15681
15876
16251
15976
16143
15797
15481
15695
15314
15424
15804
15708
16154
16529
16887
17301
17598
17293
17535
17799
17878
18401
18554
18397
16938
16126
15717
15618
15954
16132
16334
16061
15753
15582
15667
15408
15085
15119
15072
15269
15252
15126
15282
16473
20781
32906
57263
88689
108550
102911
76076
46590
27302
18867
16252
16843
20308
24507
28151
28532
24787
20454
17822
16419
15877
14976
14675
14978
16240
17841
19300
20132
19040
17342
15878
15265
14964
14708
14633
14807
15291
16169
17196
17762
17808
17358
18137
19566
20744
20384
18530
16588
15229
15201
15571
16082
16590
17856
19070
19283
17891
15744
14622
14114
14113
14310
14135
13576
13384
13539
13785
14014
15026
15655
17280
18573
18499
17199
15788
14565
14073
14058
13950
14288
15135
15528
15198
14394
13765
13750
13846
13940
13601
13195
12748
12748
12633
12779
13205
13528
13822
14181
14024
13786
13642
12923
12679
12647
12558
12456
12447
12357
12403
12221
12251
12370
12148
12453
12132
12224
12305
12379
12469
12885
13017
12997
13225
13210
13223
12738
12445
12200
12248
12187
12144
12395
12613
12831
13085
13498
13357
13502
12929
12530
12259
12214
12270
13135
15935
24452
45013
81423
122909
142311
124083
84389
46284
23712
14751
12174
11625
11548
11555
11343
11383
11584
11710
12027
12131
12387
12246
12269
12492
12888
13760
15645
17695
18839
18369
17480
17420
18785
21059
22064
21770
20392
18370
16817
15066
13923
13074
12763
12474
11994
11942
11849
11805
11623
12020
12158
11987
11700
11855
11958
12219
12674
13018
12666
12171
11922
11537
11594
11728
11759
12078
12400
13289
15687
21027
29835
37332
38273
32130
23189
16298
12765
11616
11202
11252
11122
11306
12074
14471
20060
29106
39107
43463
39056
29262
19605
14294
12114
11393
11359
11426
11467
11515
11770
12318
12575
13349
12680
12519
12043
11699
11623
12075
12340
12720
12877
13308
13293
12828
12615
12757
16003
28544
62285
130815
221632
287003
278406
202519
112713
50923
22765
14269
13281
14273
16061
17746
17358
15475
13469
11788
11293
10828
10802
11160
11710
12583
13920
15291
15950
15825
14671
13727
12869
12788
12952
13678
15568
19909
28569
37453
41106
36360
26877
18208
13720
11501
11131
10854
11066
10980
11189
11298
11581
11800
12372
12064
12103
11820
11337
10910
10719
10603
10572
10758
10847
11265
11844
12543
12821
12749
12140
11778
11039
10796
10699
10711
11405
13908
19872
29595
39408
44087
39311
28794
19087
13797
11430
10865
10869
10932
10595
10830
11236
12010
13362
14626
14716
13854
12737
11832
11819
11604
11650
11210
11012
10903
10734
10485
10494
10884
10951
11205
10970
10821
10685
10741
10675
10611
10778
10790
10718
10735
10880
10650
10749
10664
10874
10778
10891
10754
10842
10982
11085
10870
10940
11088
11312
11365
11371
11604
11370
11148
11287
11809
12176
12328
12141
11980
12270
12676
13840
15291
15865
15594
14313
12894
12109
11579
11396
11439
11722
11789
12068
11947
11877
12034
12184
12260
12320
12634
12461
12217
11862
11906
11870
12069
12086
11950
11855
11958
11796
11965
12024
12365
12437
12566
12580
12336
12113
11954
12158
12025
12209
12335
12655
12660
12456
12439
12285
12281
12006
12489
12417
12830
12759
12485
12416
12620
12647
12677
13123
13603
14195
14377
14197
13949
13642
13378
13514
13521
13222
13337
12979
12893
12876
13007
14036
16038
19461
23786
27692
28297
25092
20381
16189
14085
13026
13003
13232
13567
13938
14146
14360
15267
16876
18460
19006
18574
16997
15468
14464
14166
14151
14310
15546
18175
21391
23760
23800
20978
17504
14999
13854
13462
13595
13553
13661
14113
14047
14177
14152
13907
13742
13847
14175
14434
15461
16701
19310
22567
25906
29777
33090
35877
34960
29686
23452
18870
17744
22049
31630
45724
58221
60079
50181
35413
23414
17741
15741
15528
15323
14680
14483
13834
13771
13542
13470
13201
13202
13080
12806
12702
12576
13016
13062
12811
13068
12816
12863
12688
13038
12986
13137
12987
13045
12802
12895
12749
12753
12805
12975
12896
13050
12945
13241
12848
13064
13038
13370
13253
13689
13266
13149
13078
13356
14055
15325
17001
18790
19426
18296
16313
14652
13327
13153
12946
13257
13849
14077
14046
13570
13253
12934
13497
15253
18244
22691
25964
26100
23088
19155
16297
14585
13394
13006
12712
12798
12902
12768
12444
12260
12426
12250
12418
12552
12688
12699
12602
12370
12501
12647
12830
13010
13044
13061
12712
12412
12448
12581
12650
13188
13184
13173
12884
12633
12540
12214
12103
11943
12024
12025
11958
12017
11990
11816
11743
11596
11840
11938
12096
12659
14174
16882
18546
19152
18150
15992
13782
12802
12620
13716
15061
16514
17077
16146
14754
13887
13077
12885
12687
12091
11866
11585
11425
11571
11586
11558
11744
11818
12323
12897
13270
13455
13194
12618
12279
11707
11420
11579
11418
11499
11416
11385
11304
11471
11388
11181
11335
11277
11329
11231
11333
11669
11727
12011
12307
12030
11813
11776
11577
11542
11410
11601
11813
12023
13112
14678
16527
17500
17253
15644
13564
12517
11950
12042
11967
12382
12893
12925
12763
12046
11981
11662
11473
11508
11714
11700
11391
11585
11648
11589
11926
12215
12484
12678
12734
12451
12055
12163
12012
12157
11976
12017
11875
12148
11914
12006
11584
11697
11803
12455
12945
13917
14822
16020
16597
16113
15424
14805
15902
17793
19747
21653
21209
19674
17431
14962
13433
12540
12095
12116
11878
11783
12056
12080
12227
12201
11892
12002
11961
11842
12096
11992
12232
12734
13342
14857
15961
16217
15290
14061
13379
12602
12651
12401
13044
13908
15561
17219
17409
16668
15019
13498
12666
12195
12042
11970
12093
11864
11810
11993
11678
11872
11829
12119
11988
12355
12165
12097
12025
12204
11931
11890
12043
12168
12122
12636
13260
13270
13082
12634
12504
12409
12455
12289
12371
12338
12985
14038
15889
17691
18878
18748
17362
15778
14181
13259
12625
12607
13989
18401
29056
53613
94741
144896
177395
170468
127550
76976
39002
20379
13956
12331
11953
12093
12022
12024
11951
12179
11993
11776
11902
11792
11808
11579
11581
11333
11371
11336
11212
11191
11156
10974
11019
10939
10945
10839
10909
11063
11151
11219
12035
12669
13246
13437
13195
12751
12084
11518
11223
10739
10754
10677
10735
11070
11290
11524
11437
11058
11012
11024
10697
11223
11436
11869
11746
11655
11271
11100
10873
10647
10544
10779
10672
10987
11122
11652
13891
17508
22385
26219
26665
23452
18446
14640
13265
13996
15818
17335
17869
16555
14683
12726
11611
11093
10932
10861
11529
12045
12805
12829
12558
11791
11070
10893
10735
10584
10761
11035
11223
12917
17483
27975
46830
69433
84103
80667
61536
39133
22716
14780
11875
11685
11783
11601
11491
12106
12644
14161
16759
18788
18732
16954
14463
12258
11124
10651
10600
10509
10447
10635
10842
11057
11638
12000
12448
12518
12814
12835
13076
12730
11935
11805
11539
11443
11151
10870
10645
10201
10118
10318
10434
10276
10473
10853
11452
12371
12681
12924
12270
11675
10828
10481
10654
10992
10859
10989
10821
10509
10475
10432
10173
10348
10179
10357
10390
10327
10446
10548
10583
10620
10540
10705
11139
11692
11909
11747
11331
10610
10634
10393
10262
10478
10445
10355
10413
10569
10607
11077
11345
11493
11328
11168
10453
10398
10336
10084
10206
10112
10163
10349
10597
11090
11517
12542
12728
12969
12187
12272
12389
12097
12127
11519
11166
10622
10454
10499
10361
10249
10347
10231
10058
9803
9767
10071
9711
9969
10367
10567
11031
11467
11314
11069
10736
10298
10103
10101
10153
9860
10053
9924
9996
10258
10371
10715
10919
10958
10941
10765
10578
10191
10007
10061
10064
9987
10005
10020
9858
10120
10200
10247
10469
10325
10457
10329
10881
11343
12248
13256
13171
12894
11755
11017
10552
10219
9856
9565
9665
9787
9887
10340
11352
13136
14859
15769
14956
13411
11962
11235
10779
10263
10084
9867
9533
9715
9701
9862
10295
10612
10648
10653
10562
9966
9577
9389
9483
9552
10629
12999
19173
31037
47271
61652
64544
54935
38457
23753
15204
11500
10479
10424
10578
10421
10727
10542
10122
10028
9743
9341
9280
9141
9357
9154
9309
9545
9578
9687
9768
9809
9873
9809
10314
13311
22251
41552
74692
112604
136713
130701
98219
60186
31730
17623
11845
10497
10098
9885
9603
9154
9417
9309
9230
8873
8863
9234
9413
9835
9983
9967
9745
9269
9151
8970
8949
9013
9157
9252
8921
9003
8841
8737
8705
8625
8857
8753
8582
8584
8622
8811
8879
8804
8931
8951
9158
10048
11418
12612
13193
12674
11513
10582
9929
10038
10087
9595
9740
9873
9573
9578
9249
8833
8595
8614
8329
8245
8261
8299
8370
8391
8479
8586
8767
8683
8883
9016
8832
8738
8841
8554
8444
8523
8683
8443
8619
8340
8540
8580
8825
9136
9273
9246
9353
8866
8395
8119
8100
8208
8250
8360
8814
9209
9762
10114
9933
9694
9093
8866
8526
8443
8368
8345
8073
8219
8179
8147
8287
8045
8141
8129
8102
8358
8672
9074
9229
9356
9329
9402
9212
8849
8611
8384
8106
8012
7992
8255
8405
8340
8413
8464
8423
8423
8653
8519
8720
8623
8516
8387
8772
9528
10081
11242
11676
11605
11641
11427
11174
10687
10550
10658
10656
10502
9937
9308
8908
8622
8450
8309
8456
8590
8699
9395
10424
11982
13547
14404
13502
12188
10453
9464
8807
8365
8318
8065
8303
8199
8235
8302
8511
8746
9120
9643
9763
9973
9954
9900
10048
10032
9898
9411
8965
8628
8483
8349
8199
8287
8266
8135
8204
8300
8603
8459
8649
8770
8527
8595
8523
8654
8403
8421
8531
8460
8419
8584
8491
8516
8515
8477
8487
8379
8348
8431
8667
8685
8379
8565
8446
8726
8959
8849
8969
8780
8699
8787
8760
8842
8740
8673
8456
8612
8575
8743
8918
9157
10358
13999
23223
41909
73152
105854
126252
120656
91753
55892
29471
15958
10358
8885
8789
8810
9196
9518
9852
9629
9506
9022
8761
8710
8570
8551
8541
8584
8364
8504
8605
8511
8496
8657
8771
9004
9140
9520
10330
11132
11687
11877
11272
10423
9812
9256
8891
8822
8786
8612
8769
8787
8666
8653
8781
9061
9139
9339
9052
8940
9148
8732
8798
8890
8974
8836
8753
8573
8632
8562
8496
8845
8530
8581
8642
8754
8790
8790
9029
9133
9251
9250
9079
9110
9069
9171
9189
9319
9204
9093
9007
8909
8696
8866
8729
8767
8928
8904
8900
8866
8842
9009
8805
8872
8738
9257
9412
10050
10467
10570
10425
10214
9638
9254
9024
8987
8912
9054
9032
9075
9118
9072
9103
9035
8914
9020
9109
9221
9049
9418
9666
9932
10040
9864
9773
9805
9755
9937
9978
10520
10453
10729
10302
10089
9605
9681
9284
9218
9183
9215
9410
9482
9572
9857
9803
10036
10649
11716
12874
14491
14659
13875
12769
11492
11058
10718
10657
10451
10197
9891
9691
9604
9373
9298
9424
9216
9374
9442
9662
9526
9620
9685
9597
9493
9419
9403
9597
9416
9573
9447
9692
9998
9929
10440
10713
10698
10469
10308
9989
9763
9664
9518
9601
9561
9556
9553
9468
9455
9435
9616
9490
9787
9994
10290
10695
11073
11680
11906
12218
12161
12118
11290
10996
10472
10354
10329
10115
9855
9907
9622
9741
9547
9587
9595
9747
10258
10347
10310
10230
10137
10055
9830
10374
10631
10767
10554
10387
9867
9852
9699
9683
9533
9719
9714
9787
9716
9832
10366
10397
10766
10801
10671
10284
9982
9889
9947
9834
9755
9842
9757
9868
9738
9645
9681
10123
10037
10075
10254
10676
11589
12923
14310
14776
14504
12995
11505
10898
10248
10021
10264
10414
10989
11546
12519
12967
12586
11969
11037
10547
10356
10628
10727
10897
11903
13028
13349
13038
12191
11223
10437
10249
10079
9915
10101
9911
9856
9955
9831
9732
9748
9627
9778
9960
9952
10006
10658
11598
12524
13465
13575
12869
12369
11072
10528
10068
9914
9968
10038
9792
10049
10301
10869
11773
13126
13888
14677
14606
13734
12244
11442
10652
10280
10019
9991
9916
9938
10200
10258
10572
10998
11636
12208
12333
11702
10954
10694
10285
10215
10021
10123
10059
10170
10209
10143
10275
10195
10249
10087
10119
10213
10090
10328
10108
10227
10304
10139
10328
10487
10557
10705
10694
10721
10925
10410
10622
10732
10720
10915
11821
12955
15211
16931
18152
18095
16924
15013
12606
11489
10871
11286
11147
11557
11529
11485
11083
11108
10727
10886
10644
10406
10347
10224
10461
10445
10539
10415
10348
10276
10251
10116
10384
10200
10269
10263
10661
11441
12728
14274
14938
14595
13280
12007
10850
10115
9922
9660
9793
10018
10012
10127
10547
10729
10759
10712
10814
10432
10194
9981
9901
9964
10055
10062
10053
9817
9876
10065
9868
10094
10120
10240
10594
10635
10525
10570
10355
10178
10182
10150
10517
10876
11868
12715
13179
12827
11954
11048
10366
10090
10174
10134
10453
11056
11527
11769
11553
11318
10581
10059
10115
10003
10227
10109
10445
10581
10608
10541
10240
10088
10150
10142
10316
10443
10501
10242
10302
10619
11145
12569
15549
18647
21286
21419
18983
15863
12755
11083
10430
10075
9944
9915
10169
9922
10000
10042
9811
9850
10043
10078
9904
10100
10361
10550
10482
10578
10699
10652
10941
11175
11389
10970
11235
10915
10895
10565
10437
10331
10236
10179
10087
10050
10189
10126
10190
10424
10381
10275
10001
10081
10299
10359
10451
10561
10763
10988
10665
10735
10603
10567
10585
10415
10356
10650
10672
10374
10454
10389
10682
10641
10608
10480
10670
10659
10640
10470
10781
10740
10768
10665
10747
10947
11069
11379
11597
11595
11464
11246
11056
11277
11315
11660
13033
15996
21283
28526
35817
39564
37172
29755
21833
15775
12641
11561
11152
11001
11202
11246
11176
11028
11180
11348
11991
12999
15098
19571
26717
35634
45105
50989
50889
44801
35468
26629
19992
15656
13555
12567
12537
12260
12365
12228
12356
12104
12184
12015
11849
11844
11926
11899
11821
12035
11942
12137
11906
11892
12044
12048
12008
11960
12300
12154
12078
12222
12066
11932
11956
12217
12077
12047
12069
12328
12232
12558
12737
12611
12243
12415
12335
12629
12613
12721
12710
12612
12798
12693
12614
12601
12432
12604
12610
12351
12872
13315
13596
14216
14225
13848
13271
12712
12677
12449
12384
12561
12381
12580
12466
12621
12559
12623
12831
12856
12826
12676
12628
12460
12443
12245
12468
12329
12633
12434
12405
12230
12065
12281
12372
12237
12162
12196
12234
12523
12488
12651
12575
12691
12804
12808
12831
12934
13305
13873
14921
16498
18701
21761
25661
30721
35439
38792
37903
34003
28188
22155
18011
15267
13932
13316
13018
12897
12801
12954
13142
13031
13228
13265
12970
12867
12706
12617
12532
12541
12666
12701
12691
12442
12638
12552
12674
12833
12654
12726
12838
13273
13334
13469
13465
13374
13430
13298
13376
13474
13785
13741
13438
13382
12910
12897
12969
12931
13035
13322
13256
13212
13198
13357
13236
13194
13329
13367
13721
13672
13420
13384
13302
13292
13264
13270
13466
13406
13324
13173
13625
13601
13666
13665
13650
13695
13916
13746
13673
13632
13737
14244
14136
14434
14094
14084
13828
14057
14073
13978
14033
14090
14177
14192
14082
14560
14362
14804
14849
14578
14751
14907
15112
14971
15177
14979
15148
15112
15306
15334
15678
15507
15703
15743
15695
15597
15696
15632
15726
15519
15359
15668
15626
15638
16037
15649
15737
15745
15576
15590
15690
15811
15753
16317
16832
16968
17493
17445
17425
16974
16844
16842
17064
16798
16900
16744
16442
16290
16312
16311
16555
16566
16719
16816
16873
17068
16991
16667
16605
16278
16486
16472
16543
16744
16469
16390
16629
16517
16462
16666
16587
16769
16757
16950
16584
16626
16960
17159
16798
16809
16837
16713
16952
16630
16833
16901
17131
16862
16962
17385
17004
17248
17043
17365
17165
17482
17683
17264
17451
17393
17646
17748
17693
17678
17953
17616
17737
17710
17862
17755
17749
17941
17768
17908
17830
18146
18053
18327
18197
18473
18560
18689
18673
18730
18903
18374
18362
18658
18864
18678
18664
18908
18811
18935
18738
18680
18815
18877
18839
19201
19333
19946
19922
20559
20401
20139
19938
20033
19615
20408
20478
20916
20850
20340
19814
19421
18600
18413
18415
18003
18090
17994
18303
18054
18086
17862
17880
17648
17658
17942
17775
17970
17625
17530
17776
17761
18007
18003
17918
18102
18058
18302
18423
18650
18923
18474
18363
18114
18105
18240
18211
18249
18429
18179
18043
18183
18526
20326
24271
31930
41991
52624
57964
54813
45249
33951
25524
20489
18516
17861
17585
17291
17383
17420
17479
17382
17283
17501
17383
17501
17746
17701
17460
17805
18378
18989
19320
19840
19668
19044
18617
18225
18248
17786
18165
18331
18378
18824
18977
19009
18409
18275
17821
17624
17281
17407
17342
17126
17232
16876
17009
17426
17523
18574
21056
27749
40108
57777
75483
85147
81134
64558
45655
31001
21979
18228
16728
16350
16450
16181
16452
16396
16336
16041
15918
16021
15740
15651
15477
15579
15594
15641
15590
15565
15960
16355
16914
17023
17074
16498
16242
15272
14833
14771
14742
14397
14469
14503
14370
14212
14035
14160
14475
14465
15094
15907
16315
16273
16158
15406
14539
14512
14259
14187
14342
14401
14278
14527
14415
14294
13870
13602
13590
13380
13557
13773
14117
14828
15292
15980
15698
15186
14564
13708
13418
13076
12958
12946
13191
13348
13781
13713
13664
13441
13076
13242
12942
12587
12502
12501
12215
12400
12471
12102
12290
12434
12454
12480
12720
12644
12393
12592
12671
12378
12282
12404
11960
12330
12105
12047
12015
11930
11939
11980
11735
11587
11727
12019
11957
11895
11695
11921
11822
11621
11763
11839
11678
11648
11983
11811
11895
11783
11508
11282
11602
11348
11581
11655
11525
11753
12007
12266
12301
12296
12138
11612
11405
11208
11352
11261
11052
11049
10935
11008
11110
11022
10927
10972
11135
11002
11065
10993
11099
11092
11007
10839
10894
10774
10999
10924
10888
10846
10807
10791
10847
10642
10818
10748
10787
10678
10794
10868
10947
10746
10778
10698
10627
10341
10383
10288
10074
10297
10300
10195
10322
10155
10341
10102
10314
10367
10251
10287
10465
10627
10775
10839
10706
10659
10446
10354
10295
10191
10252
9938
9899
9833
10224
10234
9956
10103
10223
10172
10335
10106
10270
10406
10739
12447
17308
31427
62855
120736
200048
277922
316605
296867
227438
143228
77248
37047
19136
12504
10264
9368
9562
9587
9504
9548
9556
9602
9713
9553
9819
9386
9506
9451
9679
9621
9473
9383
9730
9902
9909
10512
10753
10769
10768
10310
10008
9382
9370
9352
9263
9452
9249
9233
9478
9213
9428
9307
9301
9506
9251
9633
9446
9237
9642
9329
9481
9426
9546
9373
9564
9498
9569
9548
9542
9575
9272
9404
9545
9391
9472
9570
9672
9771
9768
9567
9620
9472
9575
9604
9672
9600
9558
9376
9585
9416
9411
9400
9472
9607
9564
9519
9780
9734
9712
9838
9735
9757
9463
9658
9468
9215
9478
9349
9529
9505
9677
9684
9787
9755
9855
9902
10778
11493
12211
13717
17382
26843
48403
86448
136292
181222
198431
180084
133211
83045
44426
23072
13602
10410
9457
9275
9451
9330
9539
9129
9053
9008
9171
9201
8934
9104
8972
8972
9024
9015
8915
9255
8966
9044
8996
9251
9415
9609
10441
11607
13003
14529
14812
14568
13424
11784
10548
9568
9188
9402
9275
9393
9540
9502
9501
9534
9999
10481
11092
11194
11382
11206
10747
10173
9746
9238
9242
9126
9003
9049
9031
9071
9101
9059
9136
9038
9158
9134
9025
9226
9142
9058
9109
8996
9061
8964
8973
9102
9053
8874
8926
8912
8982
9090
9013
8981
9029
9123
8989
9206
9363
9155
9102
9025
9292
9214
9360
9097
9306
9337
9305
9292
9423
9330
9301
9279
9362
9600
9825
9868
9851
9957
9751
9400
9250
9077
9101
9352
9118
9299
9309
9258
9403
9379
9852
9643
9674
9588
9333
9497
9599
9707
10230
10248
10137
10150
9751
9610
9752
9415
9701
9714
9837
10016
9863
9837
9697
9620
9399
9580
9233
9059
9202
9149
9118
9192
9270
9394
9326
9547
9799
9814
9943
9801
9865
9640
9651
9404
9315
9661
9294
9266
9360
9420
9278
9332
9146
9329
9189
9333
9402
9108
9395
9111
9210
9367
9395
9526
9469
9581
9562
9244
9320
9319
9447
9244
9293
9520
9347
9373
9343
9582
9369
9523
9654
9594
9621
9814
9499
9451
9410
9537
9453
9619
9671
9924
10517
11342
12191
12890
13486
13199
12450
11888
10975
10462
10638
10251
10348
10835
11014
11183
11258
11106
10739
10552
10125
10314
11094
12170
14077
16095
17346
17452
16122
13952
12016
10752
10449
10264
10477
10529
10644
10307
10256
10014
9859
9933
10056
10239
10307
10830
10688
10747
10535
10389
9978
9808
10152
9977
9805
9921
10117
10205
10269
10359
10371
10176
10324
10041
10016
9896
10125
10111
10172
10252
10331
10363
10324
10485
10459
10264
10267
10367
10154
10201
10236
10141
10252
10026
10093
10164
10374
10148
10093
10334
10131
10259
10327
10115
10288
10083
10321
10328
10300
10369
10374
10347
10275
10299
10409
10381
10911
11121
11904
12533
13267
13722
14063
14194
14203
13933
13545
13485
14397
16304
18076
20322
20012
18323
15623
13255
11828
10854
10728
10378
10478
10650
10621
10973
11145
11120
11302
11420
11190
11010
11080
11257
11086
11009
11099
11043
10752
10782
10474
10764
10850
10634
10725
10716
10754
10713
10943
10946
10981
11015
11601
11557
12168
13072
13208
13770
13709
13389
12690
12295
11740
11023
11180
10899
10688
10708
10790
10801
10788
10833
10817
10808
10882
10940
10848
10877
11057
10970
10966
10946
11422
11376
11285
11294
11286
11354
11676
11637
11831
11589
11422
11275
11112
11139
10901
10964
10880
11009
11227
11064
11116
10982
11147
10985
11230
10903
11039
10989
10901
11179
11301
11361
11397
11495
11346
11569
11421
11423
11363
11071
11183
11110
11100
10921
11172
11003
11156
11173
11263
11333
11206
11364
11380
11321
11067
11277
11265
11467
11252
11507
11619
11782
11694
11847
11780
11838
11917
11821
11951
12059
11822
11681
11922
12083
12075
12343
12291
12425
12091
11973
11825
11708
11420
11357
11459
11352
11375
11549
11499
11539
11404
11435
11526
11643
11686
11914
11968
12305
12755
13377
13365
12875
12680
12204
11843
11836
11866
11965
11686
11681
11546
11488
11542
11508
11617
11674
11412
11528
11309
11708
11473
11313
11575
11506
11552
11662
11706
11558
11576
11605
11372
11497
11440
11777
11361
11380
11497
11660
11518
11537
11327
11552
11566
11795
11393
11628
11654
11587
11545
11412
11586
11580
11626
11656
11714
11617
11713
11615
11859
12034
12029
11744
11862
11608
11703
11854
11833
11874
12353
12114
12556
12762
12630
12571
12600
12447
12226
12324
11919
12002
12181
12189
12698
13032
13454
13613
13766
14667
16636
20371
27160
35501
41474
43123
38948
31024
23751
18055
14843
13666
12860
12806
12827
12880
12781
13004
12879
12775
12721
12975
13404
13370
13704
13590
13759
13525
13262
13213
12881
13228
12896
13051
12881
12818
12919
12998
13122
12969
12948
12964
13091
12790
12916
13079
12963
12834
13046
13393
13233
13262
13249
13331
13174
13256
13024
13024
12882
13101
12766
12986
12874
13211
13126
12934
13128
13334
13238
13315
13394
13217
13103
12952
13368
13244
13240
13179
13025
13029
13239
12931
12852
13121
13172
13046
13205
13357
13171
13513
13459
13543
13319
13233
13316
13506
13075
12978
13141
13380
13172
13157
13010
13093
13466
13335
13480
13353
13392
13491
13543
13610
14074
14741
15772
17914
20597
23257
24909
24320
22211
19143
16640
14747
14022
13489
13393
13627
13527
13623
13512
13607
13764
13612
13627
13713
13800
13612
13309
13760
13821
13800
14067
14191
14237
14400
14457
14250
14214
14084
13952
13940
13919
13799
13574
13908
13946
14080
14191
13993
14168
14182
14299
14373
14219
14334
14336
14967
16537
19271
22710
26375
28326
27619
24823
21241
17695
15710
14611
14160
14054
14069
14151
14344
14159
14083
14173
14287
14326
14081
14096
14387
14786
15134
15878
17304
18517
19455
19597
19090
17589
16589
15617
15265
14996
14789
14831
14891
15006
15088
14998
15358
15442
15867
15946
16269
16747
16627
16609
16477
16278
16325
16300
16257
16054
15575
15835
16171
16694
17624
18737
20183
20659
20594
19503
18185
17321
16446
16026
15916
15817
15979
16292
16126
16486
16416
16401
16562
16541
16716
16621
16916
16920
16605
16951
17098
17470
17475
18015
17970
18028
17890
18100
17940
18504
19225
19864
20113
20485
19672
18974
18512
17843
17516
17219
17309
17490
17068
17251
17289
17314
17113
17285
17069
17181
17152
17391
17408
17253
17221
17310
17439
17562
17528
17605
17616
17597
17538
17573
17419
17600
17159
17257
17294
17488
17270
17374
17475
17539
17507
17505
17454
17434
17410
17466
17425
17440
17435
17783
17601
17672
17636
17800
17652
17942
17911
17791
17717
17753
17937
17818
17606
17830
17781
18153
17986
18411
18834
20714
23725
28716
34446
38904
40136
37816
32436
27346
23085
20231
18839
18589
18144
18145
18127
18101
18252
18352
18094
18158
18162
18310
18039
18289
18185
18288
18289
18391
18295
18448
18495
18483
18689
18209
18722
18498
18504
18398
18197
18181
19013
18587
18520
18696
18544
18740
18711
18722
18679
18874
18789
18827
18908
18953
19020
18931
19181
19092
19258
19021
19028
19357
19175
19079
19207
19300
19148
19406
19146
19496
19445
19222
19187
19723
19414
19823
19659
19633
19572
19542
19600
19677
19687
19702
19748
19728
19558
19683
19815
19944
20010
19946
19992
19889
20200
20089
19998
20165
20246
20154
20017
20271
20247
20456
20480
20241
20390
20447
20596
20318
20413
20362
20368
20380
20506
20547
20977
20686
20497
20777
20677
20694
20527
20831
20546
20650
20540
20639
20763
20725
20558
20776
20896
20748
20956
20428
20857
21312
21420
22980
26263
32512
42043
53831
63929
67747
63818
53930
41716
31868
26178
23138
22484
21796
22028
21857
21587
21606
21788
22347
23481
25876
29732
33537
36703
37801
35795
31921
27392
24562
22424
21960
21241
21313
21390
21344
21256
21262
21245
21089
21082
21146
21263
21288
21098
21210
20990
21067
20965
21177
21086
21092
21075
21092
20800
20838
20709
20898
20896
20529
20669
20805
20843
20621
20765
20768
20793
20870
20440
20423
20620
20658
20527
20519
20905
20471
20476
20546
20787
20509
20660
20174
20390
20443
20648
20568
20583
20562
20562
20453
20501
20568
20647
20543
20570
20538
20848
20547
20804
20814
20341
20464
20397
20666
20470
20309
20626
20648
20966
20634
20514
20556
20719
20658
20379
20421
20439
20499
20904
20960
20786
20969
21031
20979
20767
20732
20881
20662
20706
20594
20377
20292
20512
20582
20268
20581
20307
20427
20625
20488
20595
20657
20644
20590
20672
20480
20569
20703
20693
20560
20622
20870
21024
20817
20998
20757
20614
20897
20891
20932
20748
20976
20986
21123
21200
21150
21344
21211
21034
21055
21101
21048
21325
21308
21464
21228
21289
21832
21581
21475
21569
21225
21248
21566
21328
21320
21317
21661
21701
21504
21505
21611
21668
21660
21627
21454
21996
21876
22038
22192
21837
21651
21869
21960
22276
22250
21827
21957
22266
22153
22139
22390
22144
22631
22375
22481
22928
23356
24254
24943
26293
26578
26718
25771
24456
23841
23459
23328
23311
23200
23623
23873
23859
25403
27553
32670
43295
63522
96887
143521
198223
248984
276993
273910
239958
186109
132224
87890
58854
42694
34847
30913
29227
28283
28036
27938
28219
28103
28049
28295
28326
28435
28154
28171
28268
28394
28158
28099
28163
28471
27886
28502
28423
28706
28495
28311
28257
28041
28044
28111
27795
28010
28292
27901
28065
28416
28306
28566
28266
28440
28428
28329
28195
28069
28178
28019
28265
28369
28312
28580
28335
28326
28645
28975
29282
29801
30253
30950
30800
30640
30414
29862
29160
29231
29066
28622
28860
28450
28639
28574
28602
28437
28387
28781
28743
28922
28907
29373
29235
29643
29360
29289
28898
29212
29094
28792
29178
29172
29044
29026
29387
29365
29157
29384
29660
29435
29476
29838
30079
30605
31306
31636
31701
31772
31304
30916
30440
29849
29865
29530
29581
30021
29866
29874
30472
30013
29873
30199
30152
30224
30281
29988
30077
30312
30235
30575
31017
31874
33241
34176
35532
36201
36193
35329
34280
33971
33067
32234
32129
32017
32104
32173
31726
31698
32062
32126
32459
32318
32880
32690
32942
33118
32727
32774
33184
32930
33157
33375
32928
33342
34061
33727
33871
34445
34069
34317
34639
34655
34977
34895
35163
35424
35579
35884
36138
36637
36747
37091
38479
40913
44828
50905
58907
68326
75874
79687
78817
72361
63391
54887
48532
44125
41840
41198
40789
40788
41252
41134
41877
43025
44397
46265
48413
49568
49997
48700
47501
46032
44867
44227
44049
44333
44558
44518
44913
44963
45204
45547
45989
45968
46076
46494
46657
46605
47171
47270
47530
47488
47941
47844
48220
48940
49175
49142
49760
50025
50182
50076
49937
50612
50807
51160
51613
52127
52638
52047
52394
51857
51784
51039
51591
50930
51096
51321
51370
51279
51892
51530
51602
51730
51511
51832
51750
52189
52528
52788
53264
52634
52638
52668
52160
52017
52564
52379
52611
52895
52606
52772
52122
52112
52392
52311
52727
52295
52739
52346
52501
52459
52876
53048
52786
52732
53251
52377
52870
52332
52531
52570
53032
52876
52761
52509
52860
52864
53025
53035
52964
53068
53185
53396
53366
53392
53069
53413
52952
53077
53073
53660
53324
53780
53219
53884
53792
53152
53940
53170
54098
53896
54032
53840
54046
53983
53576
53871
54070
53971
53763
53386
53539
53214
53519
53933
53690
53457
53912
53441
54155
54131
53713
53657
53948
53578
53830
54148
53529
53652
53510
53372
52771
53270
52781
52259
52236
51911
51589
51318
50340
50227
49564
49584
49182
48978
49184
48446
48457
48926
48348
48188
48072
47887
48020
47565
47698
47829
47321
47801
47730
47694
47537
47395
47497
47911
47465
47240
47235
47286
47225
47898
47768
47436
47290
47786
47414
46961
46836
47400
47221
47433
47358
46737
47290
46953
47152
46709
46973
47281
47026
46666
47075
47056
46991
47056
46457
46851
46493
46706
47068
46979
46937
46797
46619
46622
46341
46474
46556
46292
46022
46361
45724
45635
45738
46088
45840
45627
45738
45700
45904
45117
45184
45199
45655
44863
44773
44753
44852
45181
44986
45086
44639
44731
44989
45764
46890
50589
58324
74014
103468
150865
217862
299112
371885
417451
416077
370510
294942
214553
145942
99959
73147
59843
54063
50549
48553
47427
46646
45373
45110
44705
45164
44713
44710
44359
44095
43590
43625
43464
42873
43216
43305
43160
42984
43358
42589
42415
42104
41963
41482
40965
41205
41214
41253
40653
40920
41247
40871
41219
40734
40029
39995
39943
39346
38795
38993
38391
38664
38175
38521
38341
38091
37845
37609
37560
37235
37235
36947
36750
36828
36617
36337
35841
35970
35669
35693
35577
35229
34754
34638
34819
34542
34218
34289
34382
34316
34135
33862
33744
33444
33029
32890
32904
32621
32052
32322
32220
32219
32204
31774
31455
31357
31281
31344
31220
30692
30881
30959
30899
31038
31071
31005
30996
30427
30714
30732
30754
30991
31048
31406
31791
31097
30720
29981
29867
29431
29654
29590
29371
29068
29508
28987
28911
29054
29202
29144
28692
28958
29354
28617
28947
29283
29418
29532
29409
29334
29442
29091
29851
29373
29504
29020
29653
29271
29875
29690
29573
29655
29754
30343
30531
31218
31840
32396
33216
33294
33402
33193
32321
31907
31555
31815
31835
32181
32074
32869
33311
33729
33472
33925
33738
33433
33261
33020
33359
33544
34023
33719
33932
34348
34401
34925
35148
34825
35357
35490
35597
35792
35569
36486
36596
36610
37040
36857
37363
37528
37752
38264
38597
38988
39201
39671
39691
39508
39910
40412
40922
40831
40971
41634
41396
42000
42405
42645
43074
43338
43788
44732
44873
45359
45120
46039
46853
49356
56987
77133
126855
228875
410332
665823
953329
1179364
1252882
1135725
881379
586493
344088
185865
103191
67065
55327
50974
50602
50706
50041
49924
50470
50689
50331
50305
50473
50769
50408
50447
50760
50662
51451
50878
51217
51511
51515
51641
50706
51908
51716
51798
51682
51406
51926
52016
51989
51827
51548
51745
52062
52014
51900
52457
52451
52610
52368
52605
52258
52025
52080
52485
52194
52383
52801
52257
52898
53460
53909
55671
57743
60329
63212
65537
64532
62796
59784
57801
55656
54627
53859
53322
53781
53385
53398
53484
53549
53427
53526
53993
54139
54883
55845
56330
56693
57218
56799
55964
55046
54988
54270
53985
54234
54060
54287
54459
54438
54385
54320
54763
54398
54989
54509
54725
54777
54400
54634
54949
54774
55209
54733
54622
54780
54850
54883
54947
55205
54727
55104
55073
54800
54523
54304
54540
54373
54071
53833
53311
53573
53518
52945
53730
54744
57191
61038
65549
68931
69872
67100
62688
56759
51945
49035
47457
46681
46299
45842
45981
45872
45855
45252
45873
45907
45668
45168
45176
44752
44973
44791
44133
44806
44592
44199
43835
43790
43988
44144
43867
43792
43645
43509
43742
43313
43290
43721
43115
43139
43322
43263
43128
42934
43249
43656
44722
48599
57845
75793
106032
147881
193510
225834
232980
210601
167778
122540
84750
60790
48713
43177
41117
40521
40466
39955
40385
39823
39658
39740
39550
39237
39515
39303
39401
38976
38803
38449
38744
38590
38179
38386
37711
37786
37697
37222
36922
36744
36886
36431
36089
35900
35520
35915
35455
35331
34688
34658
34784
34199
34319
34042
33536
33284
32493
32821
31963
31849
31560
31083
31020
30727
30317
30025
29999
29894
29632
29387
29041
29021
28629
28514
28123
28051
27648
27586
27685
27371
26904
26828
26675
26169
26190
25795
25758
25257
25053
24960
24839
24637
24577
24417
24049
24077
23560
23254
23387
22610
22829
22251
22384
22034
21933
21839
21320
20947
20976
20601
20279
20089
20056
19778
19515
19152
19159
18455
18417
18350
18534
17864
17623
17325
17181
16870
16638
16464
16177
16119
15781
15456
15335
15197
15060
15040
15349
15544
16075
16376
17008
16716
16230
15738
15026
14651
14609
14707
14588
14230
13719
13235
12312
11893
11224
10960
10481
10355
10363
9973
9809
9889
9747
9461
9480
9428
9185
9268
9120
8940
9049
8858
8848
8694
8687
8500
8432
8323
8185
8175
8217
8020
8100
8168
8180
7942
8075
8050
7927
7951
7737
7799
7662
7711
7430
7478
7604
7401
7528
7391
7620
7414
7358
7378
7235
7318
7570
7536
7680
7614
7753
7619
7611
7491
7386
7242
7213
7248
7141
7114
7282
7270
7209
7317
7220
7428
7356
7313
7459
7292
7269
7197
7159
6978
6747
6927
6809
6865
6753
6689
6826
6723
6840
6936
7148
7045
7104
7205
6904
6888
6929
6596
6634
6655
6385
6477
6499
6489
6515
6421
6378
6425
6459
6443
6453
6609
6563
6474
6454
6516
6531
6567
6795
6902
7086
7074
7289
7407
7518
7828
8003
8293
9207
11999
21042
45908
105936
231143
453502
779041
1161449
1494828
1655657
1569459
1273243
881617
520444
265041
119764
51692
25960
17312
14055
11486
8603
6232
4442
3385
2783
2545
2328
2352
2319
2344
2325
2343
2390
2359
2263
2256
2145
2213
2237
2244
2331
2351
2152
2101
1929
1921
1924
2235
2771
3705
4624
5577
5860
5713
4936
3764
2737
2270
1854
1787
1933
2255
2398
2674
2812
2820
2504
2299
1991
1730
1599
1510
1426
1398
1376
1455
1456
1409
1342
1387
1324
1375
1380
1470
1487
1474
1553
1708
1993
2178
2356
2533
2474
2422
2190
1901
1760
1620
1589
1515
1508
1537
1600
1584
1737
1833
2131
2236
2391
2578
2706
2847
2777
2572
2438
2092
1885
1740
1653
1639
1604
1650
1676
1707
1823
1697
1672
1592
1588
1569
1528
1468
1498
1444
1515
1498
1504
1520
1548
1476
1483
1621
1510
1514
1562
1567
1556
1587
1635
1553
1582
1550
1495
1529
1560
1555
1518
1546
1592
1499
1500
1775
2051
2878
4244
6449
9097
11924
13420
13631
11843
9102
6220
4034
2696
1918
1679
1561
1537
1529
1568
1534
1535
1578
1548
1593
1553
1552
1586
1524
1578
1510
1531
1578
1591
1563
1627
1667
1707
1808
1857
1802
1812
1682
1572
1657
1576
1560
1571
1687
1842
1952
2167
2369
2508
2378
2343
2070
1835
1730
1613
1508
1632
1612
1599
1568
1622
1728
1696
1648
1772
1689
1647
1577
1566
1467
1499
1537
1453
1489
1592
1540
1466
1652
1536
1490
1568
1435
1495
1413
1418
1485
1439
1455
1501
1486
1455
1488
1419
1460
1452
1419
1489
1426
1429
1470
1495
1511
1517
1489
1453
1464
1410
1385
1521
1434
1456
1526
1464
1375
1403
1443
1510
1351
1510
1474
1517
1408
1565
1397
1469
1510
1421
1407
1536
1483
1444
1457
1505
1442
1484
1488
1392
1485
1430
1444
1475
1522
1444
1543
1479
1443
1487
1523
1546
1443
1479
1453
1443
1388
1429
1452
1464
1544
1493
1560
1531
1575
1499
1569
1423
1483
1384
1429
1504
1406
1456
1454
1443
1364
1345
1304
1302
1447
1340
1395
1369
1375
1365
1400
1367
1313
1320
1294
1355
1337
1233
1283
1292
1413
1295
1283
1322
1330
1329
1321
1291
1294
1275
1318
1330
1321
1362
1336
1324
1357
1270
1269
1316
1235
1310
1281
1193
1222
1300
1233
1246
1185
1246
1238
1249
1197
1230
1201
1251
1291
1245
1186
1175
1185
1253
1209
1213
1254
1219
1285
1338
1501
1426
1463
1421
1322
1279
1205
1204
1141
1092
1121
1077
1151
1152
1084
1087
1131
1157
1075
1134
1101
1114
1137
1174
1077
1110
1086
1057
1022
1048
1055
1049
1045
1005
1054
1096
1066
1043
1070
1003
1024
978
1007
994
1064
1144
1197
1311
1442
1452
1513
1450
1411
1437
1531
1782
2188
2613
2887
3071
2824
2311
1839
1461
1169
1069
892
931
917
931
942
905
975
1000
1083
1129
1436
1704
2123
2316
2454
2418
2070
1741
1432
1143
975
987
866
888
860
857
913
861
742
796
885
790
821
872
899
903
960
980
1136
1025
1032
1033
1018
985
955
910
877
864
854
892
782
790
819
830
799
866
925
992
1001
954
953
1038
975
982
859
883
820
850
780
791
780
821
778
814
884
789
772
786
795
802
861
773
795
794
759
765
817
812
773
792
791
764
912
1089
1469
2446
4101
6523
9590
12372
14616
14285
12927
10486
8993
8398
9348
10620
11253
10630
8806
6490
4224
2466
1508
1058
766
728
712
757
729
719
666
713
733
729
742
761
808
741
752
682
689
666
673
604
599
611
621
647
564
593
590
544
568
557
556
622
517
538
572
525
603
551
555
560
548
546
538
536
550
567
519
592
634
781
963
1100
1449
1771
1783
1893
1819
1479
1196
1021
825
689
667
570
535
534
533
558
572
562
538
553
595
552
526
494
517
540
547
523
570
565
605
636
734
955
1247
1749
2202
2566
2661
2556
2132
1612
1366
988
792
760
672
662
609
599
597
621
545
558
568
556
549
515
498
525
522
501
540
525
587
556
555
598
603
660
718
691
761
658
712
692
597
604
580
562
554
569
570
630
583
583
557
564
562
547
595
570
629
680
707
846
776
802
721
782
735
768
792
957
1142
1505
1891
2181
2252
2196
2043
1937
1915
2058
2519
2771
2718
2565
2068
1523
1094
857
636
631
565
596
579
580
587
543
562
633
665
772
1106
1681
2466
3537
4664
5645
5828
5224
4093
2964
1964
1262
901
655
604
540
557
540
581
551
540
593
535
595
581
625
691
922
1408
2041
2979
4000
4808
5146
4819
3970
3075
2160
1449
1091
825
735
613
639
551
576
547
619
587
584
590
587
553
552
574
585
549
582
540
535
616
611
544
532
528
565
589
559
605
570
588
555
573
557
594
544
566
573
591
585
604
636
600
607
605
612
619
632
632
689
605
602
640
657
595
595
655
639
612
603
630
607
658
636
606
593
609
630
665
640
620
617
597
621
602
642
642
639
659
621
620
627
626
651
640
625
623
657
677
694
684
681
721
718
753
732
711
749
756
703
725
682
658
634
643
684
655
653
678
691
647
673
708
706
669
673
699
692
715
661
697
673
644
665
672
694
723
806
962
1025
1082
1126
1126
1078
916
849
736
715
760
632
747
773
756
719
685
747
686
709
668
678
647
634
669
670
636
649
666
628
640
653
687
638
650
631
661
668
639
667
679
648
669
677
693
658
648
598
660
633
686
686
710
635
656
671
647
646
613
693
618
616
665
611
653
628
641
682
634
640
679
626
600
645
631
623
656
656
633
669
599
598
654
624
570
640
649
645
675
670
681
691
677
707
712
810
946
1104
1213
1361
1415
1436
1370
1194
1024
878
739
734
633
656
646
649
616
603
642
631
621
647
636
628
574
621
627
613
603
625
659
631
660
635
600
636
627
593
615
600
627
634
577
621
597
644
630
657
632
641
657
566
620
653
662
624
647
608
621
619
641
638
646
647
663
661
602
653
572
556
609
584
640
583
614
612
581
603
537
645
609
639
580
587
603
652
597
601
578
569
542
576
551
566
583
600
555
534
529
539
567
532
569
576
559
539
559
577
560
621
578
551
507
534
545
576
584
599
596
577
630
607
563
584
548
575
544
611
660
820
1038
1398
1820
2113
2284
2239
1869
1511
1167
882
633
569
532
498
497
512
566
463
483
506
488
464
489
490
461
491
500
513
509
453
467
507
476
459
504
467
501
465
486
476
464
508
482
456
458
446
469
472
487
442
510
494
512
557
658
745
901
1158
1299
1566
1701
1606
1426
1205
945
813
655
551
516
513
487
447
488
470
480
525
571
637
714
833
942
978
904
888
737
599
515
497
460
474
455
436
422
455
438
466
441
452
494
441
411
451
499
411
485
500
557
567
575
551
556
554
517
513
503
442
462
466
488
452
465
472
476
466
428
436
432
439
466
468
477
458
446
428
464
450
489
458
447
467
463
445
520
572
657
732
862
1001
1042
1004
871
804
652
592
520
493
512
481
482
484
492
403
369
425
440
428
441
427
405
427
387
450
421
423
430
427
405
448
456
407
429
399
465
442
619
845
1333
1875
3055
3922
4873
5275
5040
4207
3158
2162
1320
889
598
460
386
409
418
438
437
426
437
427
427
434
406
425
422
417
464
463
486
518
519
503
556
536
527
508
529
555
662
785
973
1222
1330
1485
1396
1306
1028
841
758
604
489
511
430
478
438
414
427
376
421
397
382
405
403
401
415
423
477
486
528
663
814
908
971
1037
912
828
689
555
501
449
435
421
425
409
385
414
391
411
363
399
408
382
404
380
356
380
401
409
431
423
439
489
462
588
690
845
1095
1354
1626
1726
1710
1563
1203
917
760
534
407
364
403
369
375
407
370
409
393
397
390
365
356
408
369
377
381
370
431
422
411
437
411
383
400
428
417
408
385
394
401
396
402
365
401
353
372
422
402
386
413
421
441
389
423
424
411
440
459
517
612
850
1171
1426
1595
1619
1424
1224
1005
692
530
502
414
386
349
390
393
435
406
422
388
381
368
386
344
371
356
361
336
349
317
363
349
357
351
382
348
354
386
365
354
354
361
374
356
421
425
474
500
513
513
511
477
456
412
365
438
405
415
423
399
427
420
417
408
426
417
376
437
417
398
444
399
397
407
386
348
401
360
369
398
382
388
370
371
379
397
367
353
360
375
365
363
367
343
318
407
367
372
348
380
382
377
425
441
433
458
466
472
460
429
413
373
383
381
367
411
360
402
404
456
458
431
418
431
382
396
373
372
412
382
403
453
503
503
576
582
616
548
495
472
424
391
379
363
336
368
324
368
371
372
335
313
348
359
362
389
336
377
338
371
356
348
337
362
342
344
338
338
334
385
328
390
340
328
342
316
345
347
347
364
360
347
363
376
377
338
359
344
333
330
362
329
346
323
339
312
361
350
357
309
316
307
323
310
333
321
283
343
334
348
298
326
303
319
323
341
335
354
296
330
301
317
334
344
374
390
413
475
512
621
738
1017
1359
1913
2472
2958
3164
3006
2436
1892
1316
855
543
418
366
283
295
274
302
284
279
286
331
303
314
285
301
280
285
300
272
292
311
287
284
245
316
266
299
269
280
262
277
282
248
268
276
279
284
261
280
290
288
282
289
276
268
253
288
269
254
255
242
239
241
256
298
254
268
287
282
225
281
239
264
266
241
246
262
239
270
247
236
290
277
278
231
243
248
264
277
277
251
266
270
259
308
256
281
237
222
257
214
224
261
278
269
241
234
247
250
242
237
245
259
223
233
224
264
226
244
246
231
273
232
238
240
251
220
217
256
220
211
237
220
212
211
182
213
255
225
212
204
231
227
209
228
233
241
220
206
206
186
200
215
205
203
217
189
204
210
216
207
183
210
210
217
222
193
209
208
216
178
188
197
199
181
208
226
200
235
220
243
292
334
423
576
810
1145
1438
1781
1963
2059
1803
1507
1016
700
418
287
228
177
211
171
176
163
148
166
145
160
158
182
152
131
152
140
158
131
157
137
160
131
149
152
177
152
144
171
157
151
154
136
166
151
142
148
124
135
165
125
137
152
149
142
170
215
215
238
225
267
255
262
230
206
200
176
174
129
161
139
178
143
185
163
192
179
219
204
197
185
158
149
158
158
157
152
146
140
134
141
114
131
138
154
139
159
132
168
161
154
172
144
167
133
148
155
136
134
133
124
96
137
108
133
117
112
149
119
136
125
137
128
121
119
122
124
146
124
114
136
146
119
122
128
127
102
110
112
143
127
114
129
108
106
126
134
121
110
134
120
121
128
117
96
116
127
166
202
208
266
320
338
375
384
399
323
377
447
658
950
1473
2114
2729
3225
3368
3209
2652
1977
1323
778
504
348
193
188
140
102
97
101
110
95
98
90
93
99
91
101
93
100
111
101
92
95
101
110
116
99
96
87
86
100
97
81
95
95
80
104
102
85
88
106
115
114
89
108
100
109
113
89
97
95
86
87
98
96
96
107
100
119
125
111
109
109
128
130
121
132
123
113
127
104
111
106
120
121
102
104
109
87
94
94
77
117
81
98
105
81
75
71
108
91
94
94
87
99
96
97
99
95
105
101
104
100
121
161
162
174
222
239
288
284
275
270
223
197
155
155
160
132
116
99
126
128
95
111
103
96
117
107
108
133
132
134
176
145
135
151
131
126
116
104
103
93
95
109
121
120
108
115
115
106
103
120
114
117
114
108
92
112
111
140
174
224
303
389
514
621
644
581
443
373
248
194
109
81
101
127
93
95
119
104
76
96
135
136
183
185
212
253
269
245
198
179
130
135
103
114
85
108
101
102
105
107
104
96
114
98
110
87
81
111
116
93
106
95
107
75
96
100
93
88
115
109
87
106
115
90
81
116
99
96
103
107
91
108
111
101
111
102
104
76
99
110
97
96
111
85
84
99
96
98
99
85
93
113
93
88
103
108
122
90
110
105
92
101
105
102
96
103
118
97
78
97
96
94
95
105
100
107
93
110
88
86
122
90
80
116
114
87
88
106
95
99
98
109
96
94
105
96
107
97
126
121
103
109
132
117
130
142
159
146
125
137
124
111
100
93
108
128
109
113
90
102
93
110
101
121
108
103
105
114
107
116
106
106
103
128
107
111
112
102
107
118
132
118
120
108
103
126
116
125
135
142
139
168
160
208
203
190
151
160
144
122
131
91
126
100
105
119
109
127
129
135
158
162
150
146
139
133
127
119
118
123
101
109
108
111
120
113
106
117
123
104
120
114
113
121
131
142
160
136
159
132
159
117
156
118
111
115
121
112
97
112
101
98
84
107
111
98
89
96
95
85
103
87
102
103
99
79
88
92
117
110
93
85
108
98
91
118
113
92
108
111
96
97
109
105
99
123
97
89
94
86
90
106
98
109
96
110
95
111
92
100
98
109
102
99
101
98
109
113
94
86
98
101
88
101
96
101
83
121
86
94
107
100
101
97
107
106
94
105
105
107
88
101
115
110
97
103
100
103
99
84
86
93
98
88
87
89
93
102
102
103
77
126
109
96
81
86
92
106
100
103
101
86
103
109
113
113
112
101
96
95
103
102
114
93
88
92
108
102
113
103
112
116
112
111
108
94
101
122
98
109
106
84
109
97
95
92
120
99
102
106
113
107
95
107
103
100
92
89
90
99
94
115
112
106
119
73
104
105
88
102
106
93
104
91
110
123
126
139
207
269
311
458
537
725
868
905
953
840
691
546
421
276
202
145
130
123
116
134
124
107
109
113
114
109
118
114
117
104
124
115
106
119
112
104
121
94
120
112
93
99
98
110
119
114
96
102
117
114
110
128
122
123
109
101
112
117
109
112
103
116
115
105
102
108
110
100
118
88
109
112
101
94
104
103
112
99
122
77
114
114
114
94
95
103
108
107
97
101
122
114
104
123
96
109
116
103
111
94
113
111
102
115
116
111
100
94
100
110
101
121
101
89
101
87
112
106
118
110
97
88
98
83
98
88
90
101
118
84
115
82
99
117
104
106
110
139
116
113
97
106
92
98
108
108
106
104
96
95
89
119
92
112
77
98
107
90
113
100
96
101
124
112
108
116
117
95
113
106
116
128
89
102
106
99
107
108
125
118
151
143
136
151
141
136
140
130
136
125
131
125
125
89
104
123
103
109
115
122
87
129
114
109
133
129
108
116
96
137
129
121
135
136
114
121
136
127
131
134
123
135
119
129
150
125
150
140
131
116
130
134
124
129
120
139
146
115
129
136
149
123
128
165
148
141
138
153
133
171
165
184
184
206
299
357
476
547
691
676
681
639
535
446
351
291
213
210
173
182
209
180
202
227
241
211
223
205
193
176
181
164
165
167
138
171
156
168
154
163
166
150
156
172
172
147
162
149
140
157
178
149
178
159
164
149
166
134
158
163
148
165
153
168
173
144
159
149
159
153
172
178
157
167
180
158
187
171
149
172
178
175
175
150
186
185
186
175
176
204
175
170
153
184
173
170
174
164
170
158
170
157
142
155
147
156
184
125
146
159
141
153
162
164
155
145
177
164
168
153
156
163
175
173
189
165
144
173
173
167
171
151
170
170
162
155
165
154
156
166
152
142
159
165
138
153
163
153
162
141
146
140
142
162
156
149
155
171
146
141
150
153
161
166
167
161
177
145
157
157
152
148
145
168
146
179
170
155
150
180
177
200
210
219
230
228
220
220
178
178
181
167
163
165
178
146
162
142
155
166
156
152
161
158
168
156
173
158
144
159
155
165
164
177
178
156
162
169
166
141
165
157
156
147
139
136
164
174
146
159
157
138
181
160
157
163
151
167
134
156
151
167
167
151
144
154
149
145
148
133
141
167
159
149
158
168
162
167
175
168
162
150
145
155
152
150
153
162
156
145
160
142
170
139
132
151
142
141
138
137
134
138
183
152
142
140
146
117
145
152
147
169
149
139
166
141
150
149
115
123
156
154
134
150
153
140
134
157
140
128
147
147
150
143
148
121
130
129
115
121
119
148
149
148
143
138
130
121
129
126
119
144
125
136
159
151
147
128
142
134
129
147
142
114
126
111
108
132
141
129
110
106
126
115
131
106
115
113
114
120
103
132
112
116
111
115
130
126
127
128
140
118
114
132
123
125
132
118
119
126
108
128
101
98
107
93
116
118
126
105
116
131
140
111
117
102
107
101
108
124
114
104
108
111
113
108
112
111
103
104
106
110
108
114
106
112
103
106
113
98
109
119
104
107
77
98
94
109
100
110
106
101
93
106
108
101
95
112
105
100
98
102
119
102
104
102
97
106
110
90
99
93
85
94
99
105
114
100
102
87
96
99
90
102
122
132
174
243
434
719
1072
1527
1874
2271
2452
2250
1959
1475
1002
615
364
214
123
109
91
71
81
100
84
113
65
80
76
89
77
70
71
78
76
68
74
82
75
73
66
70
78
74
92
80
64
75
75
71
92
71
75
73
77
98
89
78
67
78
81
67
62
68
67
67
70
69
66
68
61
65
72
65
59
69
68
59
67
60
65
64
66
59
53
67
70
61
62
46
63
55
58
58
60
57
50
56
58
60
57
57
45
65
69
39
60
58
81
50
51
60
63
49
72
51
39
55
52
53
55
44
54
45
51
45
60
45
44
46
52
54
52
54
50
67
58
70
74
117
85
74
75
68
63
46
50
54
35
45
46
47
49
50
40
34
41
46
41
36
45
45
32
33
45
42
49
39
44
40
44
34
36
31
40
53
42
37
38
47
67
84
109
133
134
149
165
144
127
103
94
58
50
42
48
44
38
42
38
38
42
34
40
49
41
38
38
46
35
45
41
47
37
38
45
32
41
48
42
49
47
44
47
43
44
50
43
50
47
50
43
35
42
43
32
46
40
42
32
34
55
44
38
45
36
38
37
45
58
40
40
36
56
50
116
160
255
449
674
973
1290
1498
1561
1499
1276
1036
716
386
268
133
75
51
41
42
35
40
46
44
45
30
42
26
32
37
27
33
26
34
33
37
25
24
40
30
36
41
30
35
25
31
21
31
32
32
40
39
19
41
38
30
34
34
32
30
39
31
32
40
41
25
42
39
31
22
33
21
30
28
31
32
28
28
30
39
37
37
44
38
58
66
61
85
86
61
56
65
71
61
52
44
42
37
41
24
31
32
28
32
36
22
27
43
37
40
29
23
36
36
45
32
38
36
41
44
38
33
38
41
27
40
45
29
29
30
31
37
36
39
35
30
37
39
34
34
35
42
33
24
36
40
34
30
44
18
38
36
34
38
36
28
28
30
34
39
29
38
32
30
32
43
41
35
32
30
46
32
30
38
29
34
37
32
35
35
30
31
30
36
44
26
35
34
32
25
36
31
36
28
26
31
29
26
29
32
40
33
28
34
32
26
30
29
34
31
21
35
25
38
30
37
37
34
37
36
30
35
35
31
36
36
31
25
25
29
37
38
29
30
35
28
32
37
27
34
26
30
37
33
30
34
37
31
38
32
38
33
28
48
33
31
29
33
38
31
34
39
34
34
33
19
37
29
26
24
29
34
26
28
35
31
27
28
37
26
39
28
28
33
28
29
27
40
24
34
34
34
30
27
35
21
28
30
32
32
37
27
30
28
37
34
35
43
42
44
49
43
22
37
34
29
43
30
27
27
28
27
30
23
22
37
40
33
29
35
26
32
27
34
37
49
50
70
57
50
54
53
46
40
37
32
36
43
26
30
33
39
32
37
30
28
26
24
25
31
29
26
29
32
26
39
23
24
36
37
24
33
35
42
32
35
32
30
26
29
27
28
23
26
30
37
26
26
31
29
26
45
38
38
44
21
33
27
26
36
26
24
26
28
31
41
38
25
28
26
36
31
31
32
26
32
31
22
39
28
28
25
27
25
36
33
41
37
33
17
35
24
37
20
32
27
27
34
36
24
33
26
27
33
32
35
35
32
36
33
30
36
42
45
32
40
36
34
42
36
33
28
25
35
39
29
22
31
37
34
23
36
36
33
31
41
46
43
44
37
36
36
29
38
44
34
32
41
43
30
37
32
32
29
29
23
24
30
28
38
23
34
27
25
32
29
29
33
33
31
31
31
29
27
27
28
43
31
20
24
36
35
35
36
34
32
32
20
29
30
42
33
25
33
27
43
31
39
38
29
38
39
32
32
39
24
45
30
26
36
27
26
44
25
28
17
39
31
28
30
40
36
33
31
38
27
35
31
39
48
53
55
66
48
46
45
49
43
35
31
38
32
22
35
30
29
28
34
23
28
37
32
37
36
45
38
33
34
36
33
36
27
24
29
23
33
41
46
39
35
21
35
31
30
32
27
35
32
30
28
42
23
19
35
51
33
40
27
38
36
35
52
37
40
39
35
27
26
25
27
34
29
30
40
39
26
31
34
37
33
35
26
36
42
31
34
38
39
41
29
36
26
37
38
29
31
30
29
44
31
36
28
28
31
27
32
35
35
31
26
21
26
28
37
28
34
28
33
34
33
34
30
27
34
38
30
41
28
29
33
30
28
37
31
34
40
39
30
28
27
38
44
36
33
38
42
45
30
39
40
50
37
50
46
47
43
38
37
23
28
32
33
33
39
38
31
30
20
26
38
28
30
34
30
43
38
23
35
31
38
31
32
31
27
35
47
45
28
31
38
28
38
26
29
29
25
29
32
33
33
30
31
24
29
35
37
37
41
29
30
39
30
33
36
29
35
40
39
43
33
41
29
40
29
33
32
38
44
41
25
23
40
35
41
31
37
39
25
35
34
35
31
35
39
48
40
35
31
40
40
38
32
25
37
32
37
39
36
37
41
47
25
38
43
47
24
30
37
30
35
27
41
34
29
44
43
45
38
46
40
50
38
38
29
42
38
33
43
41
28
39
39
32
30
25
28
29
34
28
29
36
30
27
43
29
31
20
35
23
26
23
33
36
24
22
46
25
33
39
30
36
32
35
38
24
26
29
40
31
38
36
28
22
37
26
28
34
28
36
31
24
27
27
39
28
36
32
20
27
21
24
39
29
37
29
26
35
28
25
36
35
29
35
34
34
37
45
24
25
26
31
21
29
29
28
20
26
27
27
22
28
31
25
32
39
32
40
25
24
30
24
29
24
31
29
31
28
40
32
29
28
28
31
37
28
32
39
27
43
32
26
33
24
27
33
29
33
29
30
37
24
32
34
28
24
27
31
31
21
20
29
26
25
23
37
24
27
17
29
35
23
28
34
22
24
25
34
30
29
19
31
25
31
39
28
31
21
26
30
24
27
32
18
40
28
25
24
31
17
26
31
28
30
32
29
40
49
38
53
69
95
120
130
174
240
231
240
217
194
137
98
73
48
36
41
29
34
24
29
28
33
26
30
39
25
35
31
35
27
39
36
37
39
25
44
44
38
39
37
36
33
32
27
37
31
32
30
29
30
29
34
39
23
28
32
28
34
36
30
30
30
25
35
37
28
26
19
30
41
21
29
24
30
26
30
37
39
28
38
27
30
36
33
36
34
28
27
21
39
33
28
36
37
31
39
34
32
44
45
20
28
39
36
35
25
26
20
32
22
35
35
35
21
26
31
20
23
22
29
37
34
29
32
35
30
42
33
48
32
33
40
46
31
35
43
32
37
40
30
48
28
33
30
39
33
28
39
32
46
47
46
53
60
43
44
39
41
38
36
31
24
29
29
38
25
39
39
34
36
28
30
29
35
40
22
27
38
29
37
39
41
32
33
35
31
28
27
40
29
35
24
37
31
38
25
30
37
29
40
42
38
40
28
35
31
35
35
29
39
30
38
38
34
37
43
37
34
41
52
50
35
38
46
35
42
38
38
48
44
41
42
48
42
49
53
35
29
36
39
42
38
48
48
37
49
42
44
38
29
43
47
42
54
43
51
36
45
34
57
34
35
49
44
44
44
51
44
46
38
46
43
43
45
49
46
52
41
45
39
57
45
47
41
59
46
48
41
51
42
47
37
37
47
57
63
51
52
55
48
51
37
27
60
31
52
43
37
35
35
37
48
44
41
36
43
45
51
42
34
55
46
35
49
57
45
46
43
46
43
48
58
49
42
34
45
28
44
34
68
40
45
47
49
35
48
53
39
34
52
46
38
44
39
50
46
37
45
37
42
45
42
40
48
43
46
50
49
45
40
42
37
38
26
51
37
35
52
45
48
48
35
45
47
36
33
46
38
39
45
30
57
27
43
33
36
40
57
40
38
39
46
37
39
46
31
41
47
36
33
45
39
51
43
49
25
44
36
31
56
43
38
41
41
31
49
37
45
51
41
41
65
44
22
33
43
38
44
46
46
40
49
34
38
43
38
32
37
40
40
49
52
33
44
41
39
31
37
35
37
31
32
39
34
36
38
46
41
37
38
34
38
51
38
42
38
44
39
39
39
58
31
36
39
37
43
30
29
34
39
40
46
40
31
29
38
36
37
43
28
34
34
25
24
31
37
34
35
41
26
40
37
37
41
45
43
37
50
40
28
28
37
28
28
24
34
24
31
30
24
37
27
35
33
39
28
35
28
38
25
37
25
30
31
32
31
33
31
23
37
29
30
20
21
28
31
35
25
32
39
31
17
32
15
23
39
28
27
25
14
27
28
24
27
19
28
22
22
26
22
26
21
31
24
32
23
27
23
34
26
27
28
26
30
18
29
24
14
24
21
18
24
30
24
31
23
15
20
25
32
21
23
26
26
24
29
25
16
18
23
22
24
29
17
20
30
19
28
21
25
26
23
18
23
27
26
19
18
24
26
29
22
32
25
26
24
27
20
29
30
22
23
27
26
20
21
24
26
27
17
27
24
15
23
20
24
35
26
30
28
21
24
14
22
26
25
24
24
18
31
28
22
17
25
20
44
24
24
26
36
39
26
29
24
24
25
26
25
25
20
25
18
25
17
22
32
23
18
20
28
28
27
19
29
31
53
60
131
150
252
351
451
442
539
487
392
354
224
178
109
77
49
32
17
21
20
23
16
22
23
20
18
30
17
23
30
22
20
18
23
22
26
15
23
13
18
19
18
23
13
19
19
15
21
27
26
29
18
19
26
26
15
24
25
38
32
30
37
21
29
27
25
24
17
29
26
29
29
14
20
19
26
20
17
21
24
18
17
11
17
21
27
16
24
25
24
24
23
30
25
18
28
20
19
25
24
16
22
25
13
18
28
15
21
19
22
27
24
18
22
23
22
24
28
25
19
19
17
21
23
14
20
20
23
18
19
21
29
32
20
23
21
17
22
24
23
23
19
19
19
17
27
17
15
20
20
22
27
25
20
17
22
14
16
30
28
23
24
19
12
15
22
27
17
21
19
23
21
18
21
22
27
21
22
21
23
16
22
22
24
12
21
30
26
23
18
27
36
21
22
27
31
20
25
35
27
17
26
19
26
20
20
27
17
28
23
29
37
30
32
36
21
33
33
29
22
12
23
18
26
16
10
22
20
24
16
14
18
18
31
24
27
16
19
21
18
22
11
17
25
23
15
22
30
19
18
31
22
29
16
23
23
19
22
25
16
24
17
17
18
28
19
22
27
26
19
15
18
20
20
23
17
20
25
24
21
24
26
22
16
17
18
17
17
28
27
23
16
25
31
29
26
17
19
23
22
14
19
21
20
21
17
21
23
18
25
29
18
25
17
16
21
17
22
19
26
25
23
21
15
19
20
22
20
22
21
26
28
27
33
37
26
30
26
20
23
25
28
20
18
21
15
24
18
23
31
17
14
25
18
23
23
20
25
22
19
20
28
23
30
13
19
19
30
22
18
26
18
24
24
28
13
22
22
27
22
15
21
20
20
17
20
21
13
22
26
26
23
23
21
25
16
20
23
23
24
18
40
20
24
20
21
23
26
18
30
23
22
15
20
22
25
18
20
17
20
32
25
29
26
20
24
24
20
26
21
21
19
12
25
15
17
19
18
16
22
26
16
22
22
20
13
12
38
18
17
28
20
22
15
30
27
29
19
21
22
20
28
25
24
15
15
22
24
28
18
19
33
26
21
14
18
16
19
21
17
21
18
18
19
35
24
23
19
20
17
21
20
31
19
16
22
25
23
18
17
30
18
27
22
29
22
28
25
12
13
22
26
30
16
32
19
31
33
25
20
21
19
27
21
30
31
21
19
12
25
18
18
21
20
14
23
25
24
21
25
32
21
16
13
21
30
24
28
25
27
21
28
15
24
10
20
22
27
16
22
19
24
23
22
24
18
16
14
21
19
28
25
22
29
24
18
20
24
26
22
18
20
27
25
21
20
17
12
31
11
15
19
10
22
18
17
29
28
20
25
27
21
14
29
25
24
20
24
21
16
18
18
19
21
19
20
22
20
22
21
23
24
13
19
27
21
18
19
21
24
19
16
31
25
13
17
20
27
24
17
25
16
28
9
17
17
20
19
17
15
20
18
19
20
21
25
17
21
23
26
20
26
26
26
22
22
26
24
20
25
27
25
23
27
17
27
26
23
21
21
26
22
20
22
26
30
27
36
24
29
38
42
41
37
38
33
36
41
21
16
30
14
16
16
24
23
20
26
20
18
21
18
21
32
24
23
18
22
13
27
31
20
27
24
15
22
21
24
21
21
11
21
20
21
16
26
22
20
18
20
21
19
11
19
17
21
25
10
31
29
24
28
20
16
25
20
34
30
22
19
23
20
17
22
16
23
23
17
22
20
17
14
18
20
14
18
24
25
24
19
19
18
28
19
14
15
23
29
28
16
25
16
23
18
15
22
19
27
17
16
19
14
29
24
29
22
26
21
21
26
28
31
24
36
33
28
15
13
17
20
18
17
18
15
21
19
21
27
18
20
27
18
21
18
16
19
16
26
22
22
25
16
20
20
18
17
18
15
16
19
20
18
24
18
19
16
22
13
20
19
29
17
24
20
25
12
21
20
23
22
28
15
22
11
23
16
16
14
24
17
16
14
21
16
23
18
22
14
23
20
28
25
29
18
22
18
13
24
13
20
7
22
26
12
15
28
17
26
23
28
32
16
25
26
15
24
17
18
21
24
23
19
18
25
26
28
37
32
42
41
42
36
40
28
20
20
21
16
29
19
24
21
20
13
22
25
14
28
15
20
21
25
13
25
22
18
26
20
21
17
14
23
19
18
14
16
23
24
22
11
29
20
27
14
23
17
26
20
24
15
18
23
28
19
27
21
18
22
24
23
23
21
14
23
23
20
16
18
16
21
16
28
20
20
16
28
24
26
19
23
20
28
22
22
19
30
12
23
29
22
17
23
28
10
19
21
11
17
19
28
20
18
21
23
22
20
29
19
24
24
26
18
26
23
28
25
25
38
30
23
27
33
27
12
32
28
19
26
20
16
18
16
16
26
29
20
19
13
19
21
23
19
30
23
17
19
22
32
18
12
18
17
28
19
18
23
20
15
20
15
18
13
23
25
25
20
25
22
19
20
18
22
16
20
26
18
16
23
28
30
21
31
12
19
20
27
22
16
17
34
31
33
29
31
25
22
20
17
29
22
18
20
23
22
16
17
23
19
25
21
20
24
16
26
16
28
23
11
16
16
17
16
19
20
19
22
16
30
12
20
33
19
25
17
16
25
19
23
18
24
19
24
31
30
23
18
32
18
24
22
18
25
21
20
15
16
19
19
20
25
15
20
14
18
14
14
19
18
24
22
18
13
19
15
17
23
17
16
15
21
17
16
14
18
15
18
20
33
20
26
17
11
13
26
14
20
26
11
21
19
16
20
11
18
18
30
19
22
17
14
30
29
26
13
19
20
22
22
19
19
14
19
17
15
19
18
17
17
23
21
12
14
19
17
22
15
21
17
16
13
11
19
19
22
14
19
29
23
14
16
16
10
17
15
18
16
15
25
17
16
16
24
11
24
14
15
17
13
24
16
15
14
19
22
20
20
24
19
24
20
19
20
19
20
18
16
20
10
12
14
15
16
17
16
22
25
14
15
19
20
15
19
9
12
14
18
25
18
19
18
16
22
14
11
25
12
18
11
22
13
23
24
17
21
15
21
14
20
25
18
19
16
19
19
16
16
14
18
22
21
14
19
13
16
16
28
20
21
24
11
21
14
26
17
21
20
14
24
16
16
13
28
21
13
20
23
18
22
14
17
19
15
37
17
24
32
52
38
42
47
59
35
35
38
21
19
21
23
21
22
19
17
28
15
14
16
13
22
19
16
26
14
25
16
22
24
17
15
17
24
19
16
21
23
19
19
21
20
14
21
27
15
10
18
14
18
17
18
15
16
14
22
$ENER_FIT:
-1.6700 0.713300 0.000000e+00
$MCA_CAL:
3
-1.6700 0.713300 0.000000e+00
$ENDRECORD:
