$SPEC_ID:
Sample title.

$MEAS_TIM:
69571.76000 84802.61000
$DATE_MEA:
05/07/2018 3:35:32 PM
$DATA:
0 16383
0
0
0
0
0
0
0
0
0
0
0
0
0
0
0
0
0
0
0
0
0
0
0
0
0
0
0
0
0
0
0
0
0
231230
233758
234819
235365
236272
238120
239326
240211
241555
241703
243517
247340
251906
250856
244766
239140
238383
234357
232959
229771
227653
225968
224406
221742
218927
216099
212227
209049
204573
202349
198779
195861
191712
188737
185441
182088
178214
173836
170349
166266
162367
159009
156213
155426
154431
153864
152501
152489
152104
152130
153697
154591
156139
156974
157701
157673
158193
158727
159167
159143
159033
160375
162358
163746
165372
165702
166186
167861
168550
174337
190133
212653
224670
246374
282817
276018
241143
230214
218475
189647
170048
163964
165458
164938
164599
168101
176401
193130
207491
203747
197738
203853
203287
189517
178686
176381
176379
171993
170620
169408
169171
170469
170368
171478
170686
171772
172301
171658
172025
172959
172799
172596
173459
175015
174944
175461
176295
176507
177279
177581
178489
179963
180335
180983
182971
183455
183540
184625
186925
187446
188876
189960
191067
191577
192191
193598
194703
196101
197635
201962
204878
222761
317645
620149
1028032
1049220
644392
316149
212813
197754
197294
197820
199692
199341
200191
201578
201901
205050
209818
243569
412890
804372
1081701
840914
434067
245597
207795
203942
204066
206588
208790
212998
218298
225493
243617
296638
366525
371713
305020
252291
237214
234802
235876
235990
238016
238395
239102
240062
240929
244389
253196
290445
355304
373326
321556
269035
250748
247024
247893
248598
251215
250076
252044
252204
254830
255080
255447
256021
256691
259849
259698
261643
262766
265095
270973
278669
282845
277718
272885
271115
270826
273358
272750
274688
276585
277512
278288
279282
279928
280643
281738
282903
283211
282625
282741
281808
281322
278310
276253
270467
264853
258876
250760
238908
226596
216383
207139
199040
193000
187152
181678
178203
178820
202638
286648
400385
400571
282532
190333
160382
155606
153556
152153
151065
150557
150842
151316
151327
152342
154323
157590
161743
165767
169657
171794
172340
171705
169956
168675
166671
163255
158568
154882
150412
147843
145180
142116
140886
138820
138044
136859
136377
135544
134447
133071
132240
131497
131447
130750
129033
128429
128678
127973
127492
126772
126523
126113
126286
126855
129905
139068
150825
148905
136484
129040
125775
125605
125079
124663
123154
122960
123474
123709
123774
123611
123192
123973
126702
126474
124150
122154
121150
120668
119952
120091
120277
120165
120467
120870
120232
120961
120393
120796
121494
121260
121891
122992
123539
124205
124818
124144
125371
125133
126093
127297
127737
128430
129591
129483
131551
131544
131702
132075
131823
131681
131510
131091
131129
130548
129759
128992
128456
128084
127284
126979
127003
125654
124724
123480
124848
129925
149958
182397
194343
167138
135937
121748
118741
117554
117954
117149
116402
116029
115970
115874
115226
115547
115577
115044
115340
114741
114040
114103
114207
114469
114321
113452
114471
114187
113990
114313
114292
114024
114012
114900
119315
140688
180070
202712
175415
136290
117485
113847
113416
113784
113188
113094
113987
113704
113832
114485
114893
115996
118789
120421
121236
120446
122431
125061
129206
135135
143153
159063
189877
277519
857910
3824192
11368945
18524490
16024907
7374836
1864928
319749
96730
74198
69998
67511
65314
64439
63666
62934
62845
64262
66188
63589
61086
58453
58040
58661
58891
59179
58162
57486
58652
58192
56830
55297
55009
54747
53919
54013
53970
53850
54412
53880
53193
53426
52384
52750
52026
52018
52122
51809
51557
51878
52099
52467
52420
52315
52409
55953
64447
73940
72206
62000
54517
51415
51022
50809
50511
50444
49914
49814
49810
49660
49527
49820
49707
49557
49824
49668
49552
49578
49056
49391
49226
49389
49470
50053
50348
50294
50982
50061
49387
48664
49157
48638
48911
48927
49322
49028
48671
48438
48899
49046
49030
49593
49674
49459
48814
48356
48701
48789
49179
52127
65652
100255
136281
128915
88757
60840
56737
68012
78985
73293
60301
52289
50997
51043
49864
49481
48761
48964
48863
48784
50207
53558
59141
65273
81368
128320
183229
173997
111641
65796
51258
48512
48578
48525
48460
48461
48153
48505
48750
48826
48120
48558
48843
48949
48824
49093
48637
48259
48574
49067
49243
49356
49454
49839
50319
49879
50461
50643
49358
48870
48454
48335
48570
48507
48636
49141
49269
48921
49233
48724
48417
47679
48221
48628
50226
51882
53055
54318
55606
56347
56842
56959
57763
57832
58233
58543
58174
57168
56385
55827
55790
54318
53230
51618
50339
48826
48349
48059
48092
48295
48164
48177
48084
47732
47628
48494
48378
48339
48260
48380
49276
49604
51130
53949
58729
59272
54737
51273
49084
48967
48855
50684
53136
54167
54770
56412
67088
95685
153920
237640
313202
330544
277267
189293
115831
75388
58017
51085
48957
48269
48138
47856
48020
47129
47926
48125
50759
56946
65389
66325
58568
51330
49623
49904
49723
48909
47720
47687
47965
47991
49013
49006
49318
48479
47898
48151
47533
47601
48011
48585
50529
52123
51820
50259
49497
48753
48264
48730
48272
48539
48424
48218
48569
48754
48726
48712
48469
48442
48248
48190
48526
48611
48545
48905
49399
49075
49177
49661
49843
49021
49146
48526
48967
49834
50012
50457
49641
49433
49728
49274
49224
49367
49278
48954
49437
50169
50938
51429
51654
50529
50208
50315
50194
49771
49655
50099
49623
50336
50106
50096
50381
51004
50755
51719
50713
50986
50911
51608
51507
51804
52020
51773
52855
53722
53197
52254
51035
50935
51201
51399
52065
51784
51590
51868
51684
51719
51769
51524
51790
51861
51807
52078
52270
52113
51807
52247
52350
53299
53812
53394
53272
55161
58373
60800
58459
55472
53087
52833
53342
53852
54742
54961
54558
53877
53151
53421
53433
53496
53885
53820
53740
54041
54484
53997
54230
54126
54525
54976
56384
56746
56060
55299
55269
54733
54706
55526
55591
58563
64565
73830
75244
67020
59130
56396
56053
56375
61450
87547
157730
244208
253232
173209
95850
63493
56974
55785
55784
55844
55664
55863
55724
55791
56696
57382
57994
57160
57043
56867
56249
56303
56397
56579
56167
56597
56816
56937
56766
57015
57207
56888
56922
56961
57663
59609
62408
63332
61998
59294
58227
57718
57555
57408
58027
57975
58072
57724
58112
58753
59954
61852
66131
70070
69974
67237
62384
59854
59214
59147
59328
59609
60268
60353
60667
60662
61022
61332
61202
60804
60980
60756
61409
63802
69151
72776
70548
64860
61918
59979
60392
60424
60412
61011
60923
60815
61381
62177
63150
64014
64446
63271
63235
63186
67060
73839
77301
72520
65924
63053
61954
61509
61281
61176
61650
61923
61747
61477
61768
62298
62218
62384
62666
61789
62077
62148
62649
62406
62478
62808
62432
61874
62053
63277
64039
64305
64139
63211
63460
63380
63703
63166
63883
64258
64174
65391
66255
67448
69369
69786
67847
65749
64012
64521
64500
65079
65951
66476
65845
65552
65652
65492
65964
66382
68063
69827
72843
72722
70949
68317
66888
67470
68665
68234
66844
66987
67042
67211
68545
69128
68359
67409
67045
66853
67136
66912
67569
67932
68158
68199
67722
68300
68149
68871
70365
71526
71238
69540
68970
69897
71594
73554
72970
70110
67897
66754
67061
67553
67222
67324
67153
67285
66912
67028
66911
68092
72495
87871
113633
126368
112657
87286
73492
69981
69510
68721
68243
68449
70366
71041
70461
69606
70647
71289
72116
71500
70134
68496
67941
67650
67865
69270
71394
75996
77834
74467
71692
70025
69882
68793
68416
68604
68368
68150
68548
68622
68562
71060
80752
105620
135431
137971
111739
83809
72050
69286
68665
69445
69489
69776
69934
70399
71128
71576
71722
73811
76420
77645
75554
71815
70318
69820
70243
71012
72575
73844
72653
71345
70902
72263
80377
100476
122294
123985
104463
86081
77362
73696
71605
71172
70637
71417
71585
71975
71871
71746
71262
71258
71256
71332
70618
71070
71785
72389
73248
73112
72369
72650
71496
72124
73038
73655
74265
74255
76505
81581
87966
91135
90444
85144
80907
76812
74927
73642
73925
73748
75060
79220
83180
84388
80900
75814
74573
74259
73736
73972
74468
75096
76176
77473
78112
76480
75258
75211
75036
74932
74973
75663
74949
75808
75945
76161
76173
76469
76512
76728
77362
77905
79046
84302
97050
113585
117296
103616
87919
79509
77108
76321
76971
76366
77274
76909
77598
76536
77305
77328
76806
77607
78642
77897
78429
80775
91357
111935
127587
119467
98905
83973
79712
79164
79384
79649
79646
78515
77997
78350
82029
88783
93003
90388
86061
84755
84978
83205
80205
78437
77926
77917
77914
78280
78210
79131
79511
80424
80930
82537
83840
86055
94084
110623
124456
118200
100993
87785
82731
81320
80252
79440
80158
80255
80878
80624
80876
80771
80495
81471
81718
81191
81561
81856
82066
83748
86665
91367
92625
90215
86291
84094
84061
83664
84574
84033
84716
84905
85200
85265
85769
85763
86273
88628
90728
90976
89369
88052
87769
88392
88478
89092
89454
89530
91111
96173
120192
210591
407148
606564
601857
396912
201624
118017
98512
95802
95007
95311
95714
95838
96040
96631
96732
97671
98169
99072
100513
102338
106524
110163
111827
110648
109743
112904
118166
119823
117138
113182
111291
110639
111343
112839
113558
114780
115492
116209
117068
118905
119793
121703
124473
127386
129057
128535
128238
128953
131124
132552
133670
133617
134721
136265
138552
141705
143724
144205
144542
144607
145927
147019
147687
150791
151958
153121
153718
155572
158049
159382
161185
161741
162723
164478
165316
168212
173166
176101
177914
176876
177520
177352
177907
179479
181070
183111
184992
189036
197051
208651
212948
207117
199529
195285
194023
196103
196950
198246
199663
200841
201846
204113
204163
206800
207263
208773
209465
211129
211921
213315
214905
217661
220049
222214
222356
222614
222279
223050
224186
225335
226606
229136
233192
239645
243509
242180
238250
236603
239059
240821
242411
241845
241798
240931
241651
242380
242522
242913
244573
244188
245400
245729
247447
248408
249693
250444
251212
253304
252106
253408
255245
256432
257406
257626
258186
260243
260034
260430
261319
263299
263569
264026
265573
267223
267257
267136
268733
269096
269849
270367
271004
270727
272580
274193
273604
275085
276316
277616
278326
278112
281169
281448
282628
282637
282817
282371
284502
286268
286974
289185
294561
310776
355537
453072
570359
633858
618693
538439
429201
347911
309244
300016
298626
298787
300711
302281
302915
303920
303396
304168
306712
310510
318237
335026
350495
350168
335461
322122
315402
313582
316084
317373
318772
319734
319190
319644
321278
320411
322096
322114
324201
324263
326312
326103
326422
327664
329237
332383
336490
340742
337557
333201
331638
331764
331295
330969
331353
331711
331883
331262
328515
325499
321074
319239
314440
312084
306227
304975
302129
296580
284010
270336
260497
254822
251886
251379
253188
255706
254429
251584
242896
235680
233017
229631
227961
227772
226612
225501
225596
226075
226429
224257
222654
220324
218317
216673
216587
215750
213985
214133
213252
212291
211696
211350
209618
209424
209673
209605
210308
211978
216201
219989
220562
214899
207916
202684
201316
199882
198470
197878
196777
197174
196266
196431
197539
200684
202589
199838
195376
191783
189849
188972
187297
187091
186161
185556
184349
183227
182173
181220
179726
178287
177989
176202
176142
175321
174606
172112
171934
171127
168949
169136
167000
166629
166159
166125
164491
163169
162082
162254
161225
160623
159480
158752
158032
156313
156662
157059
156836
155769
153673
152375
151698
151749
154585
156553
154774
150865
147064
145210
144078
143337
142895
142579
142418
143726
144020
143144
141637
140559
139252
140055
140701
140958
140360
138055
135020
132498
132016
131540
130969
129885
128815
127316
127057
126543
125242
125433
124846
124564
124033
123989
122518
122724
123552
124143
125794
124289
122507
119684
118703
117622
116489
116217
115978
114596
113614
114526
117508
130087
147790
158194
148885
129315
115381
108039
106287
105123
105526
103748
103438
104017
103051
102680
102768
102998
102164
102566
101871
101573
101080
100902
100559
99739
99911
99682
99856
99976
100084
101149
101119
101342
100925
102168
102941
105140
105493
102882
103467
110690
138369
189935
233435
224779
174604
127765
107223
101879
100388
101504
101681
102020
101743
102392
102910
102529
103853
105658
106506
106049
105460
109831
121428
142785
158655
154722
135759
120120
113006
112026
110926
109751
109372
109942
107243
105438
104467
103841
103764
103509
103310
104205
104126
105415
105860
105481
105294
103920
103007
103214
103242
103405
104280
104156
106395
109834
112802
112595
109296
105824
103352
102177
100980
101109
101766
106252
114169
121978
121061
112023
103761
99463
98493
98103
96692
95769
95021
94262
92222
90734
89975
89322
87928
88134
88368
89097
90178
89970
89917
90154
90059
90210
90878
94797
112859
184704
584154
2311327
7017796
14159384
18368856
15229878
8070114
2768317
658137
154715
75857
65337
63278
63669
70030
80602
86956
81425
68995
59463
54827
53383
52582
52727
52298
52355
52166
52732
53877
54439
55938
58774
60142
57803
53302
50986
51581
53960
55164
53684
52055
51989
51051
49478
49387
49687
52236
55257
56825
54871
50645
47495
46819
47310
49594
54183
56379
54972
50432
46938
46414
46002
46754
48039
48764
48664
47303
45866
45065
45242
45018
45930
47176
55535
93911
223328
478185
722666
726827
492113
253755
153327
138921
123678
90493
61069
47912
44721
44139
43643
43112
42812
42412
42389
42327
42000
42685
42486
43337
46641
56717
74051
89051
86417
70456
54245
45424
42838
41666
42046
42021
41802
41761
41233
41543
42095
42136
41746
41509
41084
41005
40745
40699
40671
41174
40960
40666
41743
45732
54887
68710
77214
71019
56588
46024
41710
40381
40421
41239
42831
44836
46163
45576
44075
42588
41773
41530
41908
43206
45272
47113
49029
49615
48509
45097
43018
43081
44378
44427
43515
42489
42504
44765
53142
81773
177563
410187
758432
979518
846596
490963
205212
79451
46355
40831
40032
39882
39735
39955
39902
39780
40294
39598
39930
40693
41161
41826
41883
41744
41453
41479
41322
40790
40682
39908
40121
40575
40662
40513
40617
40542
40675
41404
42715
43829
44379
44878
44807
43768
42545
41503
41674
41386
41636
41630
41161
40519
40655
41503
42544
45183
48214
49368
47181
43979
41444
40282
39658
38447
38189
37574
37337
37023
37178
36451
36526
38061
42178
49940
58262
61121
58314
68781
123794
232645
330177
325510
221484
114981
62856
53968
65046
77165
76995
62529
45960
37444
35001
34193
34187
33974
33801
34268
34162
33835
34398
33793
33351
32827
32525
32484
32261
32075
31914
31514
31720
31765
31164
31313
31069
31072
31306
31834
33109
35390
39841
61637
166651
504875
1162299
1811017
1867967
1278843
624194
291397
204410
164022
105569
57418
35142
28208
27030
26885
26414
26260
26418
25782
25723
25267
25545
25688
26220
26151
25795
25353
24854
24578
24409
24457
24883
25474
27129
29585
31363
30920
29014
28178
28884
30299
32236
32818
30938
27978
25430
24790
23906
23426
23298
23954
25730
29541
35860
41120
40320
33757
26774
23255
21557
21159
20963
21132
21061
21338
22487
23513
24905
26021
26425
25312
24845
23871
22916
22063
21208
20537
20357
20209
20486
20858
21123
21571
21601
22418
23913
25882
28070
28301
26063
25072
28043
32936
33687
29447
24410
20696
19642
19426
19059
18102
17993
17888
17901
17712
17730
17851
17667
17993
18431
19761
22056
25076
27285
29359
29517
27112
22532
19016
17547
16678
16783
16915
18732
26301
45014
72262
89090
79609
52129
29617
19371
16408
16263
16724
17973
20460
22440
21817
19599
17620
17472
20363
26502
33828
36197
31503
24074
19392
17077
16499
16532
16651
17364
18920
19990
20076
18509
17003
15845
15533
15481
15896
15822
15920
15863
16314
17330
19048
20632
20130
18122
16308
15438
15782
16138
16564
16292
16275
15618
15796
16507
17503
18409
18335
17971
17774
17555
16817
15628
15506
15608
16833
20259
25949
30340
29090
24050
19276
16450
15242
15173
15010
15079
14992
14901
15160
15910
16439
16527
16729
17817
18597
18237
17118
15689
15581
15961
16482
16394
15784
15098
15349
14932
14499
14429
14590
14994
15431
15875
15501
15594
16466
17345
17251
16440
15584
14674
14363
15172
16348
17026
16400
16091
17740
30141
85926
252971
558455
845527
867326
600233
281306
96384
31942
17090
14618
13705
13476
13238
13107
13049
13037
12890
13371
13792
14621
15935
18253
22408
34962
62616
103341
130181
119073
80205
43054
23463
16473
14093
12975
12791
13291
13986
14527
14461
13895
13504
14299
18552
39466
105923
239577
388081
430728
324394
168541
66116
26225
16449
14495
14236
13876
13960
14134
13735
12873
12386
11756
11698
11736
11768
11776
11851
11524
11696
11571
11674
11762
12228
12465
12881
13079
12845
12561
12232
11853
11722
11994
12036
11960
11716
11925
11559
11628
12128
13082
14800
16150
15434
13613
12171
11357
11152
11141
11166
11328
11267
11185
11294
11463
11541
11396
11510
11381
11578
11820
12641
15764
27439
55671
98681
127983
116694
75754
38043
18593
12638
11204
11029
11381
11988
12156
12199
11557
11391
11551
11867
13317
15401
16371
16185
14654
13252
11861
11261
10977
10870
10898
10674
10785
11254
11240
11417
11453
11542
11109
10941
10947
10841
11057
10771
11181
11164
10702
11075
11226
11411
11233
11512
11704
13647
17041
20704
21968
21987
27707
49653
86374
115684
109652
74076
38197
18815
12233
11192
10774
11004
11297
11689
11774
11895
11512
11555
11489
11769
11808
11788
11268
10902
10770
10854
10930
11135
10985
10971
11076
11073
11157
11327
11682
11985
12172
11991
11546
10996
10861
10821
10710
10799
10699
10870
11408
12503
14348
16249
16398
14610
12583
11408
11369
11696
12770
13859
14142
13935
13031
12318
11585
11523
12573
13981
14344
13663
12276
11638
11406
11957
12096
12571
12919
12670
11772
11087
10734
10767
12228
16718
25103
34964
38120
31918
21713
14253
11606
10649
10559
10608
10167
10378
10355
10672
10773
11032
11497
12611
14748
16891
16990
15024
12374
11114
10659
10765
10953
10816
10594
10521
10527
10346
10608
10445
10261
10298
10432
10743
11178
12267
13244
13869
13444
12288
11195
10803
11647
12748
13589
13432
12788
11876
11349
10924
10513
10175
10177
10513
10413
10385
10201
10342
10686
10862
10967
10772
11004
11229
11251
10957
10690
10495
10299
10020
10213
10271
10350
11172
12515
15489
18446
19132
17038
14119
12918
13445
13884
13347
12723
12318
12484
12954
13422
13280
12772
12692
12761
12405
11825
10888
10249
9677
9806
9893
10221
10427
10310
10391
10143
9830
9732
9887
10378
11104
12070
12150
11740
10884
11355
14182
19369
23790
24769
20623
15396
11767
10375
9828
9869
9871
9852
9879
10111
11181
14745
20638
26107
27163
22760
17768
15435
14974
14148
12641
11012
10483
10949
14641
24950
44688
67022
73734
58689
35700
18909
11939
10343
9819
9894
10166
10378
10496
10366
10129
9900
9602
9755
9542
9677
10065
10107
10700
11991
12659
13311
13834
13488
12698
11372
10395
10024
10188
11527
14687
19085
22692
23577
22829
22006
20126
16447
12972
10795
10059
9624
9590
9536
9685
9845
10035
10879
12612
14846
16879
17739
19264
23527
28964
30223
25722
18322
13382
12140
13636
15975
17615
16926
14555
12165
10555
10059
9823
9987
10005
10667
11669
12480
13018
12391
11762
11060
10582
10202
10378
11039
12119
13210
14094
13896
12665
11206
10339
9841
9766
9811
9766
9634
9900
9901
9855
9770
9749
9901
10138
10027
10382
10424
10624
10763
10714
10416
10220
10161
10147
10360
10655
10906
10990
11908
13374
14635
14894
13756
12089
10793
10433
10447
10225
10398
10780
11157
11357
10565
10260
10030
10105
10455
12224
15929
21183
24228
22990
18319
13924
11409
10638
10502
10229
10577
10461
10226
10368
10204
10237
10117
9963
9737
10109
10498
12451
16972
23785
30684
32075
27119
19729
14074
11538
10323
10445
10669
11642
11815
12101
11667
11022
10667
10338
10067
9908
9958
10148
10079
9904
10167
9891
9790
9956
9884
10036
9775
9859
9802
10140
10073
9840
9947
9799
9735
9707
9540
9809
9688
9721
9882
9706
10273
10234
10352
10446
10321
10681
11221
12341
13782
16643
23788
36103
47871
49360
40082
29927
28757
35076
40280
36870
27376
18428
13089
10940
10036
10260
10044
10120
10396
10026
10215
10145
9878
10033
10402
10859
11168
11202
11203
11170
12456
14950
17978
18754
17166
13869
11561
10623
10380
10143
10210
9973
9818
9893
9961
10065
10185
10048
10236
10303
10890
11338
11696
12274
14632
19761
25288
27512
24500
18062
13030
10859
10337
10412
11025
10893
10608
10611
10291
10395
10209
10508
10303
10287
10394
10705
11085
11219
11178
10805
10407
10259
10436
11017
12303
13272
14237
14105
12697
11203
10751
10707
11731
12324
13379
13010
12099
11240
10909
11245
11970
12493
12144
11226
10365
10074
9885
9900
9939
9924
9907
10031
10164
10658
11269
12565
13383
13656
12744
12535
11819
11662
11505
10755
10630
10236
10187
9937
10193
10309
10122
10061
10034
9891
9847
10030
10117
10141
10497
10894
11585
11938
11656
11073
10516
10520
10367
10688
10728
11120
11734
12683
14185
13971
13157
12085
11325
11414
11287
11396
11106
11148
10714
10707
11034
11046
11239
11170
10828
10802
10543
10475
10387
10374
10371
10627
10939
10962
11601
12328
13054
13214
13218
12481
11595
11007
10570
10524
10508
10763
10587
10778
10790
10594
10547
10304
10300
10438
10411
10492
10678
10597
11580
14021
18772
24566
27438
25460
19732
14492
12218
10996
10501
10357
10390
10414
10429
10407
10494
10719
11078
11502
12627
14453
15560
16008
14156
12605
11313
10744
10921
11210
11370
11634
11065
10962
10631
10941
11355
12125
12800
12833
13007
14719
18767
24046
26612
24227
18547
14044
11813
11119
10997
11038
11205
11579
12261
12768
12400
12318
12110
13688
16026
17078
16527
14404
12269
11098
10773
10676
10330
10294
10408
10728
10872
11074
11113
10906
11379
11956
12492
12852
12215
11645
11383
13396
18755
29469
41757
46395
39314
27698
17997
13648
13246
13971
13825
12898
11436
10508
10354
10493
10499
10594
10733
10645
10712
10847
11461
12287
13033
12628
11677
10674
10395
10023
10149
10462
10958
11280
11213
11326
11742
12405
13517
14713
14846
14139
13120
11698
10889
10572
10199
10069
10225
10298
10476
10631
10307
10380
10360
10443
10751
10746
10738
10186
10056
10201
10266
10415
10500
10680
10572
11050
10907
11396
11424
11169
10879
10581
10638
10953
10990
10981
10823
10119
10475
10192
10531
10808
11073
11210
10992
11247
11182
10642
10720
10669
11145
11446
12587
14840
18058
20690
20282
17418
14031
11774
10836
10683
10562
10807
10953
11150
11122
10719
10556
10480
10207
10102
10336
10759
10927
11332
11559
11804
11921
11969
12026
11616
11438
11306
10880
11106
12224
16634
26530
41282
53702
53113
41497
27051
17435
13275
11766
11467
10800
10667
10497
10599
10566
10588
10786
11684
13060
15878
18282
18694
17164
15474
15726
17657
20434
22430
22840
20594
17254
14211
12155
11223
11357
11336
11289
11370
11298
11176
10888
10792
10613
10572
10499
10433
10590
10613
10554
11035
11102
11099
10950
10900
10615
10738
11147
11711
12504
13287
13119
12757
12247
11803
11374
11106
10821
10887
10836
11152
11924
13813
16479
18510
18886
16814
14370
12594
11879
11386
11327
11320
11462
11264
11074
11464
11243
11035
11320
11195
11453
11721
11695
11559
11715
12002
11752
11900
11326
10882
11360
11850
12078
12197
12127
11496
11412
11129
11098
11177
11120
11394
11584
12014
12460
12198
11873
11318
11280
11598
11453
11573
11314
11313
11493
11317
11304
11393
11623
12070
13103
13951
13895
13423
12673
13036
13055
12866
12731
12057
11882
11782
11866
12054
12361
12781
12379
12251
12181
11714
11534
11572
11485
11615
11522
11697
12858
14707
20286
29619
40701
44788
39676
28528
19061
14024
12525
13924
18431
26594
36211
42020
38563
30321
21759
15915
13327
12414
12104
12203
12333
12549
12552
12436
12396
12521
12758
13062
14087
16425
21232
27123
31589
33362
32542
30163
25574
20268
15728
13006
12069
11778
11777
11830
11968
11858
12073
11910
12111
12019
12052
11682
11932
11952
11922
11997
11906
11934
12024
12023
12149
12039
12423
12739
12569
12940
12983
12844
13386
13083
12877
12799
12633
12809
13156
13157
13290
13294
13340
12923
12821
13062
12823
13501
13760
14196
14214
13752
13550
13510
13700
13883
13886
13865
13840
13459
13698
13973
14230
13952
13889
13622
13478
13435
13404
13375
13666
13937
13994
14237
13953
14123
14353
13960
14066
14327
14320
14575
14566
14406
14605
14229
13897
13954
14104
14204
14503
14531
14809
15732
17367
20413
22890
23658
21430
19014
19380
22787
27859
31507
30164
25273
20888
17303
15721
15506
15587
15837
15957
15704
15408
15472
15483
15463
15787
15787
15321
14726
14449
14281
14427
14447
14239
14610
15324
18057
22663
28683
32677
31169
26017
20934
17714
16350
15257
14958
14519
14141
14004
13757
14117
14122
13898
13858
14306
14307
14413
14315
14364
14385
14366
14416
14867
14677
15225
15292
14891
15100
14770
14779
14766
14900
15193
15769
16235
16250
15511
15408
15267
15517
15969
17308
18786
21408
22864
22343
20495
17784
16047
15064
14603
14099
14040
14147
14105
14230
14004
14135
14368
14452
14352
14022
13790
13902
13961
13639
13924
13870
13809
13899
13570
13634
13753
13627
13881
14174
13950
14053
13897
13819
13708
13388
13336
13831
13858
14044
14107
13590
13330
13415
13465
13452
13716
13366
12801
12641
12524
12340
12354
12424
12324
12424
12180
12286
12411
12582
12680
12748
12378
12272
12087
12135
12033
12304
12359
12617
12980
12984
13419
13582
13608
13550
13565
13775
14368
14357
14349
13913
13191
12292
12332
12372
12607
12823
12578
12495
12368
12158
11969
11818
11790
11728
11533
11951
11929
11842
12363
14004
18893
32219
53779
76440
84734
73248
50064
29902
18470
13750
12591
13958
17164
20412
22277
21161
18303
15185
13450
12661
12050
11785
11295
12100
13180
14460
15288
15539
14141
13269
12422
11857
11605
11513
11823
11687
12352
12960
13890
13994
13777
13562
14638
15773
16359
15697
13926
12673
12124
12032
12128
12698
13415
14432
15116
14988
13464
12042
11301
11414
11191
11080
10713
10710
10370
10698
11061
11232
11896
12941
13636
14648
14262
13070
11884
11622
11016
11122
11144
11715
12078
12142
11703
11178
10766
10805
10771
10570
10460
10063
10084
9978
9948
10011
10392
10708
11082
11334
11242
10830
10414
9952
9804
9641
9595
9786
9646
9640
9644
9448
9645
9484
9687
9514
9499
9605
9661
9689
9960
10187
10251
10248
10265
10105
9955
9859
9659
9516
9580
9552
9696
9694
9920
10143
10536
10544
10752
10275
9886
9747
9515
9467
9894
10997
14021
23533
44456
75586
103210
108639
86883
54557
28697
15381
10690
9444
9205
9054
8945
9140
9099
9123
9424
9567
9692
9539
9561
9667
9717
10112
11201
12917
14370
14783
14149
13661
13848
15333
16875
17544
16783
15562
13917
12501
11292
10603
10235
9829
9617
9342
9259
9291
9008
9348
9344
9528
9307
9367
9170
9424
9805
10051
10058
9713
9512
9196
9128
9113
9283
9282
9548
9678
10862
13454
19053
25677
29751
29135
22710
16160
11822
9723
9011
8881
8757
8774
9194
10112
12696
17920
25523
32250
33381
27774
19574
13605
10325
9167
8766
8838
8739
9129
9130
9359
9787
10183
10247
10008
9778
9318
9267
9459
9584
9529
9882
10257
10560
10163
9818
9604
10662
14714
29318
65048
126424
193801
227150
201189
134232
69732
30526
14858
10489
10317
11733
13320
13627
13137
11659
10079
9240
8607
8565
8392
8647
9275
10133
11380
12119
12594
12167
11331
10695
10123
10177
10388
10816
13142
17752
24982
30729
31346
26419
19152
12925
9822
8861
8620
8442
8435
8678
8737
9037
9219
9291
9545
9676
9663
9073
8843
8462
8299
8465
8319
8348
8760
9073
9458
9989
9994
9816
9470
9055
8663
8420
8117
8423
9459
12408
17772
25878
32691
33717
28131
20105
13430
10155
8798
8499
8472
8324
8280
8729
9045
9810
10870
11542
11218
10542
9675
9489
9365
9285
9144
8798
8410
8548
8319
8466
8505
8684
8572
8635
8611
8697
8407
8307
8464
8376
8447
8487
8332
8358
8471
8470
8449
8592
8231
8394
8407
8449
8373
8433
8584
8674
8673
8780
8825
8967
8996
8991
8914
8902
9028
9516
9628
9659
9720
9432
9550
10195
11202
12196
12639
11807
10805
9594
9299
9192
9084
9176
9223
9257
9392
9429
9381
9574
9598
9660
9673
9783
9569
9602
9182
9404
9514
9322
9444
9459
9374
9371
9317
9476
9571
9553
9882
10064
9794
9638
9524
9449
9595
9385
9626
9794
9819
9776
9901
9699
9693
9727
9510
9898
9842
9978
9771
9906
9993
9776
10022
9756
10273
10783
11152
11215
10890
10875
10707
10573
10567
10633
10595
10247
10234
10080
10094
10509
11370
13433
16274
19728
21973
21763
18878
14727
11897
10805
10348
10245
10323
10619
10954
11239
11631
12471
13607
14647
14900
14328
12958
11825
11303
11128
11088
11395
12612
14893
17237
19043
18140
15567
12829
11239
10585
10418
10725
10710
10741
11029
11090
11028
10923
10900
10668
10980
11213
11440
12481
13622
15749
18455
21180
23707
26728
28245
26454
21993
17242
14536
14455
19143
27972
39369
47585
45623
35572
24310
16729
13306
12305
12021
11884
11513
10826
10779
10763
10544
10426
10372
10304
10038
9985
10301
10021
10112
10039
10053
10050
9947
9942
10180
10103
10313
10595
10402
10263
10103
10074
10016
10096
10123
10243
10164
10033
10158
9993
10225
10141
10395
10419
10657
10540
10547
10144
10205
10495
11118
12312
13836
14911
15225
14089
12286
11053
10129
10230
10395
10525
10931
10934
10803
10294
10178
10343
10717
12353
15262
18582
20507
19882
17277
14472
12276
11125
10367
10208
10093
9946
9999
9920
9638
9771
9723
9645
9865
9799
9954
9906
9767
9756
9794
9869
9989
10285
10306
10166
9928
9678
9647
9897
10131
10115
10287
10111
9980
9894
9688
9510
9417
9376
9406
9393
9394
9460
9456
9349
9259
9110
9086
9310
9593
10537
11814
13514
14705
14907
13489
12029
10624
9877
9979
10814
12318
13210
13232
12641
11499
10646
10357
9926
9607
9546
9159
9058
9025
9115
9031
9180
9310
9468
9895
10272
10479
10428
10093
9828
9488
9114
9044
9033
8918
8970
9201
9056
9072
9087
8887
8671
8833
8833
8706
8895
8991
9251
9432
9509
9607
9609
9253
9185
9106
9055
9133
9091
9076
9775
10457
11787
12936
13833
13341
11985
10554
9722
9395
9388
9670
9904
10198
10027
9765
9629
9162
8961
9235
9143
9102
9139
9219
8926
9154
9253
9383
9496
9950
9971
10079
9953
9589
9647
9436
9428
9280
9531
9429
9440
9256
9265
9116
9230
9337
9736
10197
10876
11979
12844
13074
12533
11762
11701
12601
14157
15935
16929
16730
15272
13219
11459
10307
9974
9514
9310
9294
9465
9386
9477
9492
9623
9220
9429
9321
9462
9455
9603
9644
9913
10672
11767
12494
12596
11997
11224
10212
9682
9795
9875
10413
11291
12783
13343
13572
12824
11661
10465
10021
9519
9283
9413
9346
9384
9515
9334
9416
9414
9301
9386
9425
9356
9446
9554
9590
9272
9202
9362
9341
9487
9623
10020
10300
10441
10128
10072
9659
9631
9628
9763
9579
9645
10132
11506
12739
14130
14766
14394
13332
12054
10873
10138
9787
10233
11618
15727
26489
48531
83373
120273
139961
127061
90632
51945
26428
14442
10375
9519
9303
9197
9339
9367
9510
9225
9279
9314
9193
9325
9013
8961
8844
8941
8752
9024
8839
8567
8701
8575
8763
8491
8574
8451
8620
8720
8644
8983
9415
10143
10370
10505
10201
9821
9321
9045
8637
8342
8332
8471
8649
8777
9020
9119
8987
8793
8463
8574
8554
8802
9059
9389
9246
8956
8862
8558
8575
8371
8523
8198
8521
8533
9017
9553
11666
14822
18561
20717
20385
17391
13920
11100
10411
11185
12278
13561
13867
12827
11040
9773
8942
8620
8687
8649
9068
9860
10068
9964
9620
9189
8387
8465
8361
8323
8429
8697
9189
10446
14976
25142
40621
57260
66327
60398
44523
27480
16111
11091
9376
9108
8978
9218
9214
9258
10304
11999
13591
14815
14607
12902
10840
9436
8466
8226
8421
8121
8114
8326
8438
8907
9203
9575
9901
9917
10061
10235
10303
9789
9496
9125
9103
8987
8637
8565
8218
8177
8112
7973
7992
8193
8411
8401
9201
9721
10059
10023
9308
8883
8421
8472
8512
8302
8571
8665
8272
8258
8204
8170
8086
8025
7818
7979
7965
8167
8416
8288
8294
8259
8357
8310
8923
9226
9261
9149
8554
8457
8241
8231
8248
8266
8106
8204
8270
8201
8349
8667
8957
8741
8986
8830
8457
8117
8018
7777
7956
8034
8114
8106
8378
8873
9312
9945
10132
9947
9800
9679
9446
9586
9214
8750
8716
8255
8117
8234
8197
8125
7931
7892
7691
7894
7800
7681
7748
8041
7957
8404
8548
8866
8846
8598
8369
8149
8004
7856
7792
7981
7893
7902
8072
7977
8038
8280
8556
8603
8522
8428
8166
8022
7972
7823
7893
7766
7649
7916
7792
8062
7911
8307
8161
8118
8216
8089
8436
9163
9605
10318
10231
9714
9082
8364
8093
7753
7845
7541
7610
7545
7775
8262
9296
10703
11872
12233
11480
10002
9280
8678
8206
8267
7889
7536
7580
7562
7653
7824
8042
8239
8377
8320
7779
7721
7536
7405
7495
7823
8312
10798
16362
26484
39402
48919
49789
40807
27845
17208
10961
8806
8093
8216
8449
8314
8374
8142
7984
7699
7620
7374
7272
7198
7164
7245
7393
7279
7519
7490
7722
7730
7644
7868
8435
11349
19673
37073
63929
92768
106913
98553
70931
42345
22759
12667
9191
8219
7712
7550
7486
7441
7335
7228
7046
6916
7117
7144
7358
7668
7820
8010
7873
7488
7059
7091
7151
7113
7094
7196
7002
6925
6842
7020
6903
6894
6760
6800
6793
6893
6775
6841
6953
6899
6876
6921
7193
7874
9057
9955
10322
9970
9091
8074
7941
7762
7790
7694
7842
7664
7602
7282
6860
6981
6635
6684
6643
6521
6541
6744
6421
6495
6490
6647
6891
6808
6916
6978
6909
7102
6721
6562
6698
6604
6562
6610
6753
6828
6702
6841
6992
6923
7401
7309
7334
6835
6484
6334
6384
6365
6440
6551
6807
7134
7382
7737
7665
7468
6967
6874
6774
6604
6429
6333
6323
6418
6366
6493
6583
6537
6514
6333
6450
6634
6832
7221
7250
7326
7569
7365
7434
6813
6653
6315
6285
6293
6156
6277
6467
6596
6652
6739
6612
6589
6609
6908
6768
6816
6665
6756
7016
7360
7985
8608
8994
9235
9170
8652
8642
8295
8364
8181
8348
8084
7698
7268
6879
6602
6433
6499
6512
6657
6719
7496
8241
9851
10790
11194
10694
9378
8147
7173
6898
6461
6449
6566
6388
6547
6549
6471
6845
6888
7227
7492
7606
7770
7801
7766
7703
7720
7827
7296
6996
6844
6412
6615
6581
6576
6476
6387
6562
6670
6703
6586
6871
6692
6762
6637
6756
6685
6627
6567
6536
6581
6691
6668
6712
6610
6665
6698
6598
6651
6588
6692
6716
6742
6706
6583
6684
6657
6868
7024
6968
6857
6765
6894
6800
6864
6773
6736
6676
6882
6773
6796
6974
7416
8380
11892
20119
36291
60707
85367
98944
91438
68075
40962
21402
11518
7865
6904
6784
6999
7099
7390
7766
7477
7315
7183
6780
6595
6645
6708
6669
6525
6694
6637
6725
6841
6650
6811
6869
6970
7300
7180
8103
8758
9068
9278
8661
7979
7455
7050
6899
6930
6875
6802
6758
6791
6809
6930
7134
7084
7193
7243
7240
6891
7052
6906
6988
6964
6997
6728
6842
6635
6663
6762
6771
6724
6929
6809
6755
6870
6870
6750
6920
7240
7195
7231
7118
7119
7339
7366
7214
7404
7128
7111
6998
7010
7002
6889
6980
6786
6918
6969
6912
6848
6882
6977
7035
6979
6956
7151
7561
7849
8198
8271
8195
7616
7500
7124
7086
7019
7022
7191
7127
7031
6952
6985
7166
7174
7175
7113
7254
7117
7258
7533
7761
7794
7729
7752
7747
7663
7523
7690
7861
8169
8395
8232
8048
7917
7685
7364
7262
7183
7312
7321
7329
7393
7556
7547
7717
7908
8323
9148
10210
11079
11282
10842
9780
9128
8678
8388
8461
8158
7851
7700
7630
7393
7357
7439
7261
7253
7447
7489
7534
7663
7663
7511
7464
7363
7442
7525
7421
7456
7634
7418
7657
7672
7816
8084
8352
8409
8072
7908
7759
7586
7527
7576
7592
7554
7277
7401
7537
7399
7364
7431
7581
7531
7774
8071
8395
8890
8959
9163
9458
9518
9316
8727
8679
8320
8071
8050
7838
7788
7738
7532
7651
7586
7613
7672
7740
7905
7990
8160
8049
7934
7874
7810
8041
8270
8225
8122
8057
7771
7607
7499
7498
7528
7562
7853
7754
7681
7900
7984
8264
8469
8434
8221
7977
7813
7837
7640
7703
7605
7644
7614
7705
7844
7827
7862
7711
7921
8079
8018
8312
9260
10399
11109
11533
11369
10175
9145
8481
8213
8024
7926
8076
8702
9137
10085
9963
9857
9079
8661
8327
8270
8184
8401
8825
9570
10061
10267
10107
9575
8807
8196
7989
7758
7490
7695
7903
7584
7730
7551
7726
7776
7703
7657
7928
7945
7793
8310
9149
10038
10636
10789
10160
9530
8738
8180
7872
7858
7860
7762
7806
7763
8079
8693
9440
10258
10977
11549
11437
10602
9835
8918
8376
8031
8140
7847
7849
7719
7907
8072
8286
8624
9076
9391
9580
9197
8595
8092
7996
7859
7947
7961
7907
7941
8069
8192
7996
7954
8050
7958
7976
7995
7950
7930
7890
8018
7884
8116
8023
8298
8377
8456
8251
8425
8242
8469
8400
8426
8323
8589
9364
10342
12040
13219
14047
14129
13149
11468
10054
9219
8668
8562
8779
8987
9036
8912
8605
8673
8645
8448
8290
8263
8120
8036
8246
8296
8343
8230
8165
8026
8110
8124
7935
8052
8063
8081
8170
8967
10163
10878
11710
11455
10285
9227
8339
8049
7812
7532
7893
7811
7858
8039
8172
8460
8463
8772
8475
8382
7972
7716
7744
7942
7899
7775
7739
7852
7660
7816
7793
7896
7957
8069
8339
8126
8280
8287
8090
8049
8000
7945
8198
8642
9555
9997
10116
9873
9139
8691
8118
7979
7824
7991
8552
8848
9179
9258
9144
8774
8421
8073
7839
7978
7992
8099
8278
8151
8338
8293
7993
7981
7940
8182
8146
8157
8075
8011
8025
8110
8824
10084
12276
14789
16701
16578
14726
12324
9910
8752
8097
7678
7719
7945
7873
7882
7717
7892
7829
7804
7758
7790
7880
7826
8100
8168
8146
8290
8392
8475
8558
8676
9047
8860
8781
8545
8607
8399
8295
8214
8036
7877
8019
8004
7791
8038
8118
7886
8232
7989
8205
7974
8122
8277
8222
8263
8374
8529
8392
8341
8372
8228
8404
8158
8152
8064
8182
8086
8262
8403
8294
8198
8509
8312
8387
8437
8584
8331
8400
8363
8343
8548
8449
8587
8826
8847
9053
8974
8967
8788
8753
8738
8719
9254
10335
12803
16855
22949
28325
30622
28731
23066
16845
12511
9934
9113
8726
8784
8792
8713
8895
8611
8913
9005
9300
10106
12077
15585
21435
28457
35574
40019
39796
35073
27498
20799
15537
12226
10488
9873
9610
9868
9739
9783
9625
9711
9434
9215
9580
9239
9242
9183
9552
9299
9444
9237
9444
9531
9461
9566
9443
9578
9596
9658
9519
9503
9371
9463
9609
9417
9672
9638
9628
9716
9718
9775
9801
9667
9653
9656
9676
9891
10038
9915
9877
9862
9870
9906
9863
9834
9591
9704
9955
10123
10264
10502
10844
11289
11078
10953
10432
10186
9892
9701
9973
9658
9898
9936
9964
9699
9868
9936
9896
10163
10133
10138
9918
9794
9860
9781
9693
9636
9744
9731
9636
9679
9712
9639
9619
9636
9707
9680
9600
9803
9726
9744
10080
10085
10023
10111
10107
10023
10264
11134
11822
13094
14729
17106
20127
24174
28119
30142
29727
26696
22172
17535
14202
11942
10947
10404
10311
10120
10105
10082
10235
10300
10567
10253
10091
10169
10274
9982
10071
9848
9996
10025
10008
9813
9913
9925
9814
9775
9936
10033
10215
10320
10525
10587
10714
10624
10633
10464
10774
10489
10636
10748
10531
10368
10388
10060
10050
10225
10320
10456
10444
10501
10368
10402
10402
10295
10611
10618
10734
10694
10540
10635
10509
10712
10401
10455
10430
10517
10521
10576
10779
10830
10811
10728
10700
10908
10845
10935
10754
11118
11160
11194
11205
11223
11134
11136
11129
11045
11044
11036
11140
11457
11194
11208
11324
11398
11546
11315
11435
11566
11630
11755
11756
11926
11755
11809
11802
11926
12198
12156
12355
12374
12221
12211
12323
12337
12214
12246
12384
12370
12369
12275
12498
12372
12352
12391
12350
12368
12498
12447
12415
12532
12599
12862
13294
13272
13636
13696
13682
13453
13184
13008
13218
13378
13030
12723
12962
13015
12886
13036
12937
12932
13100
13039
13416
13320
13102
13019
13140
13051
13011
12948
12967
12961
13004
12893
13211
13039
13092
13116
13120
13238
13175
13262
13414
13157
13286
13241
13044
13170
13085
13141
13337
13269
13411
13410
13205
13339
13440
13301
13456
13469
13578
13534
13581
13440
13564
13919
13686
13889
13856
13995
13975
13871
13852
14025
14196
13759
13878
14074
13855
13965
13890
13981
14213
13994
14242
14453
14674
14431
14530
14618
14708
14768
14620
14555
14339
14645
14758
14649
14693
14704
15026
15032
14781
15057
14725
14892
14741
15041
15237
15606
15732
15907
16305
15965
15808
15515
15806
15766
15996
16449
16330
16098
15666
15082
14624
14317
14392
14111
14012
14054
14120
14047
14087
14357
14133
13968
14094
14007
14011
13925
13954
13998
13922
13988
14146
14218
14260
13958
14157
14241
14595
14555
14677
14451
14305
14047
13941
14121
14181
14055
14306
14169
14141
14263
14856
15797
19324
24769
33303
40920
44845
42448
35605
26798
19965
16251
14385
13631
13523
13760
13597
13593
13471
13709
13442
13795
13577
13817
13711
13709
13872
13961
14088
14697
15021
15021
15048
14928
14601
14316
14070
13949
14148
14469
14606
14594
15061
14889
14749
14311
14052
13806
13733
13743
13622
13496
13477
13615
13478
13429
13724
14731
16645
21873
31242
44892
58481
66139
63783
51072
36452
24276
17424
14328
13099
13119
12923
12554
12753
12889
12765
12705
12672
12335
12249
12249
12244
12064
12264
12238
12242
12416
12562
12887
13209
13232
13347
12819
12274
11961
11538
11544
11369
11163
11496
11223
11316
11046
11165
11204
11398
11474
11884
12456
12592
12850
12419
11946
11519
11128
11245
11113
10983
11300
11246
11298
11152
11165
10949
10813
10664
10800
10678
10688
11126
11461
12258
12596
12266
11871
11281
10668
10475
10224
10410
10010
10312
10522
10642
10692
10622
10556
10410
10078
10152
9960
9739
9684
9693
9533
9670
9842
9605
9745
9816
9751
9847
9933
9941
9771
9884
9851
9565
9561
9591
9580
9527
9463
9399
9339
9460
9367
9199
9392
9336
9223
9398
9184
9140
9299
9247
9207
9405
9091
9258
9310
9220
9328
9143
9129
9014
9020
9020
9069
8949
8870
9214
9327
9574
9592
9680
9621
9657
9108
8949
8967
8867
8943
8645
8631
8672
8631
8493
8486
8547
8344
8536
8611
8737
8594
8607
8494
8483
8539
8417
8542
8430
8365
8581
8434
8435
8639
8418
8579
8488
8482
8446
8362
8451
8559
8411
8576
8580
8379
8445
8142
8117
8318
8015
8249
8028
7972
7956
8097
8106
8037
7964
8058
8130
8212
8161
8126
8210
8402
8354
8207
8244
7983
8001
7975
8010
8051
7784
7920
7862
7781
7911
7902
7980
7935
7852
8008
7938
8074
8452
9689
13523
24205
48434
91372
152381
212371
245340
232987
180907
116611
63705
31293
16012
10025
8234
7433
7411
7399
7485
7369
7478
7588
7624
7568
7292
7590
7592
7395
7628
7573
7524
7537
7578
7540
7828
8213
8311
8386
8507
8186
7758
7709
7459
7373
7222
7216
7340
7570
7405
7405
7263
7187
7326
7420
7456
7433
7380
7318
7333
7410
7309
7227
7466
7291
7538
7339
7481
7556
7543
7431
7587
7389
7352
7446
7427
7362
7646
7623
7585
7578
7452
7616
7431
7574
7577
7689
7538
7468
7332
7454
7567
7289
7470
7592
7318
7605
7587
7651
7820
7722
7688
7675
7496
7505
7319
7236
7523
7421
7417
7662
7510
7748
7560
7646
7671
7864
8250
8818
9571
10556
13440
20504
36579
65196
103515
138226
154448
141988
107601
68387
37483
19282
10925
8240
7520
7477
7310
7280
7272
7176
7166
7097
7228
7041
7119
7043
7021
7182
7092
7129
6978
7154
6968
7088
6996
7016
7143
7359
8068
9090
9987
11250
11770
11513
10385
8942
8050
7695
7426
7277
7398
7426
7450
7426
7265
7565
7770
8098
8531
8819
8889
8776
8480
7988
7697
7363
7283
7113
7112
7097
7133
7002
7078
7156
7103
7043
7250
7055
7198
7121
7178
7109
7012
7234
7051
7132
7140
7046
7079
7170
7118
7196
7074
7131
7094
7095
7015
7178
7006
7143
7079
7159
7192
7029
7188
7288
7246
7222
7232
7473
7153
7143
7354
7287
7257
7308
7472
7482
7809
7681
7728
7718
7623
7553
7367
7293
7119
7207
6986
7239
7069
7330
7365
7379
7681
7560
7378
7428
7394
7375
7427
7642
7869
7987
8008
7767
7762
7568
7518
7620
7600
7535
7596
7826
7603
7575
7582
7657
7533
7160
7421
7344
7212
7088
7353
7173
7477
7264
7628
7360
7720
7840
7856
7791
7700
7429
7376
7343
7451
7438
7421
7320
7264
7134
7325
7307
7407
7315
7198
7236
7313
7196
7279
7341
7360
7504
7465
7397
7426
7472
7475
7590
7535
7407
7314
7342
7260
7360
7456
7369
7384
7410
7729
7563
7568
7592
7681
7650
7439
7516
7469
7552
7507
7442
7557
7948
8321
8751
9834
10119
10475
10441
10012
9254
8718
8236
8148
7931
8183
8305
8614
8797
8714
8902
8538
8341
8131
8126
8561
9258
10921
12631
13591
13660
12627
11061
9544
8735
8185
8132
8106
8205
8204
8250
7991
7901
7778
7729
7980
8134
8188
8410
8334
8457
8276
8092
7809
7852
7794
7834
7800
7669
7856
7870
8034
8183
8137
8076
7968
8138
7823
7840
7867
7695
8098
8143
8014
8126
8232
8074
8112
7912
8096
7708
7962
7944
7774
7828
7971
8019
8022
8032
7984
7864
7833
8001
7829
8060
7993
7904
7896
8008
8150
8071
8112
7942
8151
8102
8049
8160
8239
8306
8210
8808
9206
9960
10346
10643
10989
11361
11008
10913
10742
10616
11157
12519
14268
15492
15575
14535
12563
10513
9330
8589
8363
8252
8173
8114
8391
8476
8663
8667
8805
8700
8763
8628
8543
8788
8784
8752
8708
8548
8446
8471
8388
8456
8542
8406
8302
8354
8389
8502
8454
8571
8448
8554
8933
9132
9528
10139
10622
10766
10831
10518
9999
9647
9356
8803
8610
8485
8517
8478
8338
8539
8496
8702
8489
8735
8377
8489
8572
8513
8605
8646
8536
8624
8783
8688
8942
8775
8817
8968
9146
9022
9131
9114
9179
8840
8769
8596
8577
8556
8714
8684
8768
8670
8829
8761
8697
8674
8748
8530
8765
8453
8725
8768
8652
8758
9054
9046
9233
9030
8861
8922
8911
8832
8735
8576
8632
8724
8760
8814
8635
8763
8925
8839
8767
8895
8814
8769
8651
8745
8590
8765
9220
8925
9274
9232
9090
9327
9183
9302
9511
9367
9372
9206
9315
9113
9288
9367
9594
9845
9607
9634
9560
9474
9304
9138
9024
9027
8805
8858
8877
8969
8921
9007
8987
8776
9046
9067
9185
9177
9310
9722
10055
10355
10441
10300
10054
9512
9452
9107
9166
9134
9238
9300
9005
9021
9116
9065
9104
8897
8950
8981
8994
9059
8944
8969
8975
8858
9211
8992
8967
9168
9077
9066
9124
9092
9092
9119
8974
8889
9090
8963
9057
9022
8986
9045
8936
9220
9034
9119
9130
9060
9046
9128
9089
9149
9188
9197
9210
9066
9127
9317
9125
9497
9231
9408
9261
8929
9134
9150
9299
9204
9287
9445
9861
9838
9892
9917
9978
9550
9773
9549
9555
9258
9423
9642
9681
10100
10397
10713
10772
11203
12504
15535
20500
26235
31297
33251
31104
25962
19452
14657
12005
10753
10041
10073
10115
10222
9997
9998
9972
10017
10036
10256
10125
10465
10635
10815
10698
10625
10446
10349
10311
10045
10232
10175
10490
10203
10147
9895
10033
10121
10140
10068
10219
10127
9945
10139
10191
10016
10249
10298
10500
10534
10387
10195
10207
10338
10166
10165
10396
10058
10116
10122
10082
10016
10153
10122
10247
10213
10281
10302
10482
10593
10417
10297
10303
10184
10310
10208
10108
10397
10262
10250
10144
10471
10327
10583
10430
10503
10581
10396
10448
10495
10449
10309
10282
10416
10323
10509
10295
10385
10202
10421
10486
10528
10269
10328
10402
10363
10648
10503
10736
10694
11045
11365
12258
13639
15589
17886
19300
19481
17880
15583
13289
12044
11104
10919
10708
10551
10678
10621
10918
10700
10841
10538
10652
10615
10754
10366
10454
10561
10699
10835
10962
11299
11239
11436
11125
11266
11209
10991
11101
10973
10936
10750
10740
10708
10900
11060
10895
10962
11176
11303
11296
11250
11295
11233
11170
11839
12846
14582
17374
20185
21653
21914
19530
17297
14425
12824
11543
11317
10923
10976
11117
11023
11072
11258
11302
11130
11428
11250
11303
11409
11400
11779
12417
13228
14225
15037
15376
14885
14343
13278
12530
12027
11734
11671
11697
11858
11694
11686
11717
11972
11890
12353
12747
13136
13133
13069
12647
12978
12985
12903
12707
12882
12598
12364
12446
12585
13001
13910
14583
15806
16195
16109
15717
14559
13643
13154
12812
12565
12602
12717
12685
12804
12930
12919
13080
13188
13260
13150
13211
13194
13264
13180
13548
13196
13567
13795
13826
14170
14241
13956
13828
14138
14614
15012
15428
15815
15898
15673
14978
14536
14158
13544
13638
13544
13354
13400
13633
13428
13419
13512
13422
13452
13386
13467
13477
13526
13607
13487
13676
13628
13641
13869
13787
13731
13706
13869
14004
13682
13712
13591
13666
13755
13750
13873
13709
13724
13864
13814
13736
13579
13803
13860
13852
13586
13552
13787
13807
13886
13781
13882
13852
14109
13985
13968
14043
14096
13789
13793
13857
14169
14132
13998
14107
14283
14296
14535
15801
18290
21284
25862
29350
31458
29925
26462
22277
18641
16244
15087
14686
14298
14297
14352
14309
14538
14344
14216
14189
14311
14221
14290
14222
14378
14171
14209
14337
14474
14756
14339
14541
14630
14332
14319
14362
14670
14496
14475
14530
14658
14640
14678
14728
14598
14800
14812
14490
14759
14786
14553
14703
14776
15065
14898
14966
14918
15176
15100
15134
15097
15146
15032
15077
14995
15342
15147
15271
15258
15271
15160
15329
15252
15377
15097
15515
15348
15296
15449
15201
15307
15573
15354
15392
15265
15546
15479
15608
15406
15457
15597
15552
15666
15620
15851
15900
15827
16155
15873
15788
16111
15955
15921
16072
16080
16113
16337
16150
16314
16370
15967
16129
15970
16244
16021
16120
15984
16189
16017
16081
16125
16196
16138
16197
16029
16174
16318
16126
16166
16329
16423
16129
16179
16369
16307
16239
16582
16596
16946
17649
19761
23872
30881
39501
47839
52543
51022
43770
34887
27071
21492
18872
17677
17206
17253
16980
17066
16888
17088
17635
18296
19881
22184
25490
28415
29978
28352
25882
22576
19864
18014
17355
16976
16688
16759
16637
16474
16512
16809
16687
16645
16610
16717
16601
16734
16623
16550
16553
16444
16620
16640
16601
16386
16356
16405
16235
16397
16399
16439
16555
16514
16237
16093
16203
16332
16383
16469
16353
16322
16310
16378
16213
16314
16108
16393
16313
16115
16379
16066
16145
16152
16397
16125
16318
16093
16146
16107
16305
16162
16061
16158
16074
16055
16043
16200
16075
16089
16326
16121
16302
15859
16155
16083
16007
16077
16129
16181
16235
15879
16261
16352
16080
16194
16348
16121
16328
16172
16058
16297
16294
16336
16426
16546
16231
16385
16456
16229
16350
16129
16230
16101
16298
16152
16183
16096
15984
15980
15924
16006
16117
16156
16056
16097
16082
16435
16243
16177
16138
16079
16161
16243
16362
16421
16531
16196
16546
16385
16475
16241
16279
16260
16369
16681
16593
16657
17005
16620
16781
16851
16571
16839
16748
16652
16885
17038
17031
16920
17156
17283
17100
16849
17272
16880
17018
16889
17167
17257
16901
16975
17091
17098
17167
17231
17137
17205
17079
17343
17304
17092
17181
17282
17199
17143
17506
17226
17357
17344
17576
17539
17520
17445
17401
17640
17557
17756
17770
17999
18569
19005
19844
20323
20894
20850
20404
19404
19126
18817
18210
18426
18437
18544
18894
18922
19709
21543
24529
31678
44766
68166
101386
142164
184995
211950
217682
198560
159633
116905
78225
52225
37036
28676
24963
23295
22651
22154
21966
22055
22220
22403
22234
22217
22427
22167
22450
22196
22157
22086
22111
22172
22201
22472
22448
22370
22444
22468
22506
22310
22186
22181
22259
22315
22379
22442
22067
22265
22257
22130
22071
22301
22201
22227
22169
22126
22674
22184
22468
22624
22417
22236
22380
22466
22407
22313
22613
22979
23373
23731
24465
24230
24132
24147
23576
23501
23010
22784
22932
22296
22707
22560
22669
22618
22575
22339
22447
22721
22778
23101
22869
23205
23405
23285
23321
22877
23177
23094
22919
22769
22836
23169
22654
22867
22856
23153
23052
23012
23449
23284
23394
23738
24291
24541
24890
24814
25050
24699
24317
24010
23741
23597
23484
23693
23399
23521
23717
23792
23827
23700
24066
23860
23479
23671
23715
23890
23820
24174
24351
24541
24995
25900
26830
27531
28301
28418
28160
27437
26416
25995
25359
25629
25113
25148
25105
25361
25320
25253
25624
25574
25611
25956
26171
26150
26001
26222
25924
26179
26237
26050
26516
26860
26553
26611
26707
26998
26823
27074
27335
27505
27659
27856
27925
28107
28171
28443
28165
28540
28743
29263
29727
30361
32114
34832
39157
45287
51779
58513
62887
62988
58955
52931
45878
40055
36336
34109
32973
32613
32650
32791
32886
33113
33879
35104
36311
37754
39155
39371
39163
38405
37259
35840
35579
35270
34993
35477
35531
36003
35918
35666
36382
36563
36679
36459
36621
36967
37234
37830
37495
38074
37955
37892
38196
38424
38852
38763
39204
39552
39427
39209
39941
39502
39796
39848
40145
40792
41195
41281
41129
41550
41299
40878
40668
40557
40156
40354
40319
40637
40263
40430
40625
40517
40372
40830
41039
40953
41469
41501
41437
41236
41478
41480
41276
41174
41227
41091
41017
41209
40797
41353
40918
40848
41255
41316
41096
41155
41010
41641
41163
41528
41598
41271
41255
42000
41568
41301
41199
41151
41395
41567
41432
41379
41316
41522
41461
41472
41256
41618
41612
41536
41211
41550
41548
41714
41928
42138
41812
42124
41833
42195
41930
42048
41893
42005
41996
42320
41741
41772
41832
42016
41479
42481
42771
42241
42533
42316
42106
42516
41930
42045
41984
42198
41975
42054
42199
42116
42071
42249
42165
42582
42162
42340
42049
42029
42443
42360
42270
42320
42027
41574
41897
41714
41815
41293
41647
41066
40964
40489
40491
40140
39223
39728
39174
38804
38650
38203
38108
37704
37932
38027
38266
37665
37757
38169
37536
37790
37587
37204
37474
37590
37118
37487
37253
37464
37426
37286
37228
37339
37470
37208
37018
37421
37190
37351
37488
37103
36939
37127
37398
36905
37035
37223
37208
36878
36889
37135
36762
36955
36724
36997
36823
36898
36721
36269
36775
36762
36981
36698
37096
36762
36801
36525
36665
36528
36546
36648
36579
36132
36391
36583
36054
36262
35875
36229
35607
36105
36095
36201
35978
35695
35861
35416
35923
35710
35217
35593
35255
35111
34915
34985
35282
34996
35117
35028
35714
36321
38865
43245
53698
72688
104498
152313
212683
273473
318024
331891
306732
254773
190634
133374
90646
64390
50706
43356
40299
38724
37632
36851
36265
35782
35205
34818
34814
34562
34601
34715
34306
34176
34025
33932
33918
33977
33735
33518
33449
33301
33399
32839
33274
32801
32510
32169
31958
31999
32317
32325
31906
32066
32200
31869
32000
31655
31217
31255
30941
30964
30615
30503
30564
29974
30143
30141
29746
30021
29446
29361
29285
29307
28717
28932
28642
28461
28320
28312
28404
27884
27774
27734
27608
27419
27469
26982
26928
27184
27008
26981
26849
26546
26422
26134
25857
25804
25699
25644
25468
25228
25414
25572
24964
25193
24812
24899
24482
24403
24563
24235
24290
24523
24414
24487
24608
24644
24138
24127
24034
24368
24088
24411
24662
24728
24613
24735
24393
23796
23487
23431
23333
23196
23242
23312
23169
23108
23005
23037
22716
22830
22740
22860
23158
22851
22663
23034
23210
23162
22858
23233
23053
23102
23232
23097
22999
23345
23476
23406
23543
23381
23359
23694
23630
24092
24434
25083
25163
26094
26323
26637
26533
26204
25891
25659
25490
25122
25216
25729
25903
25732
26376
27092
26995
26811
26826
26582
26656
26575
26733
27064
26832
27016
27206
27543
27579
27751
27933
28249
28187
28467
28552
28603
28723
29294
28790
29450
29310
29807
29759
29867
30593
30789
30966
31267
31329
31449
31719
31714
32020
32542
32475
32625
32356
33389
33431
33402
33724
34192
34541
34671
35211
35229
35908
35843
36179
36572
37079
38789
43190
54735
84236
147535
265399
441987
659611
857406
966629
933265
768771
547615
337508
188043
102411
62113
46365
41303
40141
39845
39907
40137
39716
40249
39986
39900
40117
39886
40099
39842
39971
40175
40438
40441
40175
40328
40683
40481
40278
40504
40887
40581
40548
40901
40561
40234
40936
40758
40943
40767
40631
40938
41126
40867
41232
41160
41231
41136
40843
40986
41140
40955
41008
40958
41793
41170
41557
41843
42305
42532
44534
46747
48899
50507
51038
49633
48129
46283
44368
43458
42735
42132
41819
42015
41722
42352
41693
41648
41719
42068
42030
42760
43250
43651
44177
44817
44393
44180
42908
43043
42260
42133
42297
42378
42657
42406
42357
42877
42374
42716
42739
42516
42753
42814
42958
42484
43064
43073
42847
42734
43014
43081
42762
42800
42665
42701
42951
43004
42991
42730
42934
42906
42732
42791
42558
42292
42489
41916
41687
41573
41623
41443
42008
43808
46829
49840
52714
54621
53444
50615
45753
42108
39371
37740
36638
36019
36152
35812
35730
35784
35884
35815
35831
35722
35430
35299
35203
34769
35180
35060
34916
34748
34501
34354
34523
34111
34188
34306
34360
34100
33796
34166
33979
33725
34422
34000
33711
33961
33804
33750
33712
33386
33802
34243
36654
41685
52955
72730
102133
137066
166841
181070
173006
146269
110586
77948
54594
41491
35046
32686
31840
31778
31693
31427
31182
31106
31250
30862
31150
30704
30464
30616
30510
30552
30303
30315
30215
29997
30244
30051
29978
29730
29036
29007
29128
28734
28348
28572
28112
28077
27935
27926
27250
27232
27050
27063
26663
26749
26323
26288
26029
25675
25380
25306
24938
24481
24493
24350
24178
24214
23797
23563
23492
23153
22807
23056
22635
22569
22374
22109
22118
21964
21700
21590
21467
21350
21029
20876
20605
20146
20309
20374
20011
19931
19761
19466
19279
19115
19203
18971
18648
18502
18128
18316
17595
17938
17557
17601
17429
17158
16935
16743
16572
16397
16296
15939
15937
15736
15371
15223
15206
15135
14689
14698
14489
14192
13963
13877
13531
13498
13352
12896
13067
12873
12622
12234
12155
12231
11713
11753
11824
11823
11928
12273
12482
12967
13022
13136
12721
12101
11804
11364
11441
11379
11170
11129
10531
9810
9305
8859
8568
8245
8122
8015
8068
8065
7888
7722
7601
7523
7450
7347
7250
7247
7128
6956
6981
6874
6664
6763
6605
6670
6723
6432
6405
6365
6330
6177
6347
6253
6262
6349
6354
6358
6122
6097
6063
6093
5909
6018
5894
5985
5914
5774
5875
5858
5750
5851
5710
5683
5782
5863
6006
5811
6048
6045
5994
5835
5852
5767
5702
5682
5702
5598
5570
5450
5727
5703
5584
5611
5630
5616
5732
5666
5850
5570
5663
5606
5355
5387
5416
5309
5463
5318
5184
5292
5517
5310
5547
5515
5571
5546
5765
5420
5475
5310
5235
5132
4974
5081
5086
5028
5078
5042
4838
5122
4944
4904
5036
4958
5139
5031
5069
5222
5083
5232
5135
5215
5265
5260
5481
5665
5783
5896
6034
6031
6317
6797
8220
12882
25906
59253
132456
269433
486846
770741
1054962
1247042
1270434
1109415
828677
531958
293089
140201
60799
27726
15883
11902
9760
7427
5577
3946
2856
2277
1938
1717
1731
1753
1772
1730
1728
1715
1735
1768
1675
1632
1729
1613
1744
1706
1683
1678
1544
1488
1402
1458
1579
1960
2593
3168
4045
4510
4462
4040
3266
2460
1924
1522
1438
1449
1583
1759
1959
2095
2200
2057
1911
1602
1480
1329
1215
1087
1090
1102
1086
1040
1112
983
1031
1044
1073
1066
1088
1079
1120
1161
1281
1443
1658
1750
1921
1994
1873
1830
1655
1548
1390
1214
1237
1171
1172
1209
1274
1339
1414
1532
1711
1787
1962
2134
2197
2179
2178
1979
1737
1564
1467
1262
1305
1285
1312
1268
1359
1321
1362
1394
1249
1263
1223
1137
1183
1126
1196
1225
1211
1115
1143
1155
1254
1172
1148
1104
1157
1190
1217
1265
1207
1204
1173
1230
1204
1211
1198
1283
1156
1171
1219
1135
1179
1255
1374
1502
1958
2856
4214
6234
8162
9901
10598
9881
8150
6095
3923
2580
1764
1492
1160
1187
1206
1110
1222
1239
1272
1238
1183
1177
1253
1160
1214
1202
1123
1185
1247
1232
1216
1239
1237
1304
1334
1366
1452
1311
1397
1268
1253
1259
1240
1218
1253
1342
1491
1667
1791
1902
1841
1747
1675
1513
1417
1315
1294
1229
1237
1230
1222
1243
1230
1324
1345
1351
1381
1336
1208
1220
1151
1232
1134
1198
1223
1162
1206
1186
1233
1210
1108
1130
1166
1158
1055
1135
1102
1116
1053
1148
1120
1121
1149
1133
1173
1089
1093
1142
1135
1106
1117
1150
1136
1165
1101
1146
1197
1115
1129
1114
1123
1126
1168
1187
1113
1192
1166
1022
1104
1105
1131
1160
1102
1105
1124
1094
1115
1167
1134
1152
1125
1149
1094
1181
1124
1118
1088
1147
1160
1134
1153
1130
1128
1189
1217
1124
1194
1081
1160
1178
1138
1164
1126
1149
1076
1080
1110
1135
1183
1144
1147
1105
1237
1144
1116
1122
1177
1152
1083
1078
1081
1123
1056
1061
1145
1072
1065
1089
1075
1101
1059
1098
1041
1054
1069
1021
1108
1032
1050
1091
1028
1057
1003
986
1063
1074
1047
992
1059
1012
1018
956
962
996
1028
1029
1064
1017
1043
1055
1000
1006
1038
990
995
989
1037
963
924
940
968
946
1001
1001
969
934
987
954
923
938
996
970
948
928
930
907
906
1008
920
974
1015
1037
1103
1194
1125
1118
1027
1053
936
952
884
813
924
880
872
881
869
795
830
883
881
851
874
860
839
847
854
880
863
826
874
783
793
812
847
809
820
828
823
775
804
793
770
755
800
783
778
803
897
981
1048
1102
1111
1124
1072
1146
1187
1287
1526
1892
2133
2322
2251
1983
1620
1267
1030
875
752
695
674
713
749
743
718
700
748
898
989
1124
1443
1565
1818
1843
1715
1507
1163
994
804
743
700
730
680
681
691
691
690
717
684
670
681
679
671
680
709
676
822
819
841
859
825
748
701
686
663
631
593
647
664
625
631
585
671
662
722
739
706
763
772
715
745
717
742
711
692
634
584
597
628
589
634
599
587
601
592
566
581
621
660
574
588
634
613
556
648
634
608
640
665
627
729
768
994
1502
2406
4128
6231
8630
10486
11406
10612
9279
7504
6741
6939
7731
8506
8559
7698
6075
4234
2650
1501
961
682
545
535
567
545
539
532
540
555
517
537
555
614
582
571
544
532
503
467
466
449
489
462
472
456
452
444
448
446
447
444
421
439
435
424
433
415
406
404
434
461
459
408
419
392
450
462
476
449
521
625
866
1049
1259
1365
1474
1501
1342
1113
848
724
553
524
468
465
422
415
411
394
388
404
444
383
428
406
399
420
436
395
420
447
436
443
479
555
659
824
1069
1460
1824
2050
2069
1810
1544
1202
963
683
592
528
497
469
509
439
404
427
417
414
420
428
388
388
414
378
407
420
411
425
429
427
423
458
456
498
550
584
524
570
512
497
456
463
431
470
434
427
457
411
456
406
452
421
423
404
456
508
491
507
560
625
620
606
577
543
554
595
684
814
986
1283
1522
1665
1702
1666
1505
1462
1532
1763
2050
2106
2082
1796
1400
1050
730
567
513
438
396
431
456
422
425
437
434
514
531
720
1045
1547
2253
3195
3919
4357
4317
3636
2887
1906
1281
831
604
439
471
437
423
423
456
449
430
447
409
479
459
539
648
886
1261
1875
2537
3360
3835
3860
3448
2788
2122
1462
1025
672
590
523
433
446
455
421
452
446
467
429
497
488
419
448
393
389
425
457
420
419
460
415
474
456
471
391
452
472
445
421
480
427
433
446
444
444
454
464
465
469
463
473
454
489
525
533
466
507
531
497
514
469
488
482
476
461
468
477
438
468
498
483
459
482
464
495
465
462
483
504
522
507
499
469
485
482
500
489
470
491
469
500
467
455
478
527
512
495
500
545
534
549
531
520
574
547
565
547
574
515
533
504
535
492
513
497
488
506
509
515
566
544
530
565
510
546
490
524
529
491
579
513
490
512
544
513
603
712
740
815
886
917
832
797
693
656
585
498
499
586
568
595
544
548
559
541
494
540
574
477
531
485
509
534
521
473
466
498
483
477
499
489
502
469
520
514
519
508
477
551
533
471
490
549
507
490
521
475
488
490
514
538
508
533
490
522
531
481
465
487
532
500
484
512
485
437
515
480
468
493
455
507
543
508
500
487
490
477
454
490
471
457
485
438
492
455
504
504
505
494
561
564
577
709
717
923
999
1128
1029
1080
985
884
704
609
569
536
524
461
464
503
430
503
448
464
511
492
495
485
505
492
503
436
502
446
463
497
501
506
516
501
497
433
457
481
452
473
458
442
476
492
494
470
485
460
444
485
481
499
468
432
434
482
475
485
508
473
461
472
474
448
461
465
465
440
451
445
431
421
463
474
453
453
434
452
436
472
446
442
436
443
425
458
463
451
436
414
461
481
393
458
447
417
446
415
402
433
428
418
452
432
451
406
402
463
420
405
411
424
422
438
428
428
489
481
432
470
416
437
444
433
466
468
576
658
828
1190
1489
1732
1753
1689
1400
1052
849
602
466
402
377
394
390
358
360
386
354
357
380
354
372
369
357
359
365
385
367
370
383
382
373
344
355
397
354
344
350
347
358
324
373
361
364
385
371
381
360
360
377
374
394
438
493
587
689
883
1089
1151
1308
1158
1042
812
673
518
436
418
399
358
342
339
371
352
359
362
397
497
596
665
688
741
699
690
545
460
386
343
344
325
350
373
342
322
356
334
337
372
347
350
344
359
353
356
406
398
385
407
409
450
412
434
391
363
367
373
379
393
382
368
361
342
333
336
346
375
338
310
328
364
347
350
319
352
375
364
336
345
335
368
352
396
411
406
526
577
656
722
848
740
691
555
485
434
410
348
373
364
337
364
354
318
363
313
353
288
319
336
335
317
343
300
289
303
345
331
329
311
345
304
327
325
348
386
475
775
1156
1733
2505
3331
3784
3973
3699
3044
2155
1423
907
617
394
379
311
308
359
319
345
334
297
326
341
316
292
301
301
293
348
348
368
373
385
391
412
367
400
399
419
461
564
657
826
955
1078
1127
1041
968
801
668
540
478
425
353
343
325
341
303
307
297
305
295
303
329
321
312
300
333
356
394
441
478
657
668
781
747
711
651
477
446
361
322
291
278
307
320
297
327
307
279
298
305
296
312
331
312
294
291
291
324
297
312
316
337
392
437
526
678
836
1076
1161
1321
1206
1082
809
596
475
393
343
318
293
315
263
285
296
257
272
335
294
292
292
293
301
321
283
282
291
290
293
347
283
317
322
315
263
279
289
294
255
288
288
321
295
289
325
287
295
319
318
334
335
345
304
300
336
336
343
463
592
754
914
1215
1218
1230
1048
884
720
494
403
309
324
297
294
302
298
312
355
284
288
292
264
290
291
258
253
310
275
251
262
259
296
248
288
276
283
288
302
278
251
246
292
283
315
345
365
403
406
400
404
405
365
302
301
279
299
332
284
329
272
326
325
330
327
296
314
334
339
325
321
317
248
328
312
297
288
254
253
253
270
289
276
288
277
268
249
314
276
268
278
291
292
277
251
294
289
255
316
292
282
265
261
308
341
349
338
325
349
319
276
284
282
256
281
279
310
287
307
341
317
333
334
317
315
280
299
305
259
286
345
313
362
385
429
404
424
409
389
358
343
283
275
270
256
256
265
288
261
281
277
239
278
267
254
267
271
268
289
266
285
282
286
263
237
272
248
246
266
251
272
262
273
246
257
275
272
266
251
249
244
236
267
242
294
266
257
258
264
259
275
265
254
229
249
264
250
252
268
226
246
240
221
239
242
246
239
242
236
229
249
243
257
257
260
267
249
243
255
241
230
263
277
255
260
305
321
335
324
403
477
611
809
1204
1626
2074
2304
2381
2086
1781
1396
900
603
402
299
275
245
230
214
219
219
234
214
205
194
205
221
216
207
253
200
240
199
203
199
208
211
190
204
232
201
204
200
228
181
198
209
209
198
218
210
195
220
226
200
209
212
211
186
204
190
184
196
207
200
187
182
200
202
181
202
182
183
221
214
176
206
203
211
198
182
197
199
174
209
180
206
190
177
207
184
180
193
229
220
209
188
187
197
182
175
199
171
178
184
196
164
187
182
195
197
220
185
189
200
179
189
178
207
197
198
199
183
167
195
154
189
182
179
177
180
170
151
186
200
207
151
169
155
175
162
175
210
177
155
149
189
164
164
180
168
144
167
153
143
168
154
165
180
161
166
174
139
173
153
180
151
170
178
124
147
156
154
161
143
174
154
158
139
151
161
166
182
194
230
247
334
420
630
803
1157
1301
1482
1419
1265
1006
695
479
287
211
184
121
132
118
126
122
112
128
110
118
107
117
123
104
116
121
107
102
102
109
101
111
109
112
103
121
109
119
92
104
105
106
118
102
124
105
113
88
109
122
122
120
123
122
140
138
160
158
222
187
194
171
177
162
147
112
118
124
107
98
118
95
119
129
161
171
141
148
173
142
148
146
129
130
111
101
97
94
111
96
101
87
106
122
107
99
117
102
133
104
104
139
118
116
91
89
118
100
95
89
87
116
93
87
106
84
101
88
96
84
86
93
100
94
98
110
97
111
99
81
79
89
81
92
91
81
85
87
93
87
89
75
80
85
90
74
91
83
96
83
89
89
92
87
105
100
122
150
165
177
235
262
285
299
245
287
300
384
566
870
1325
1857
2367
2545
2688
2360
1907
1384
976
598
374
250
176
121
82
88
87
74
90
82
83
80
66
80
86
82
66
73
82
69
76
70
79
59
73
85
89
67
86
77
71
81
78
82
68
83
74
67
71
87
72
68
63
85
71
82
98
74
81
79
62
90
74
84
73
62
79
86
71
87
86
91
105
86
104
105
111
74
77
82
96
80
80
85
68
81
68
73
64
78
59
81
84
75
67
73
73
58
64
62
59
76
80
76
86
63
73
105
68
95
83
95
97
110
115
153
135
186
224
213
199
169
139
128
115
94
93
88
94
85
95
74
71
85
77
75
84
62
82
89
95
111
110
131
131
107
116
76
85
73
89
82
79
76
84
81
88
80
97
103
84
80
82
84
73
83
87
85
100
107
136
179
252
362
412
508
464
431
388
263
198
130
123
89
78
78
71
63
77
71
84
99
72
115
111
140
190
187
166
189
159
121
104
73
90
81
87
72
78
79
74
85
67
58
84
65
73
71
75
55
64
81
75
80
81
72
74
59
80
76
84
70
77
75
64
68
86
72
82
87
77
80
78
71
86
87
76
83
80
76
78
91
83
66
83
78
89
87
83
87
79
72
74
77
86
85
82
92
86
79
89
70
73
85
88
78
85
77
79
83
76
81
81
77
72
88
67
75
78
70
59
69
81
62
70
66
89
75
69
79
82
90
92
80
70
73
77
75
96
78
77
89
100
85
78
111
97
111
100
114
95
105
74
70
75
74
77
70
75
94
67
75
99
73
76
58
86
80
79
112
84
86
79
83
92
82
65
73
94
101
89
85
86
83
93
94
86
87
88
96
80
123
101
129
143
144
147
155
132
112
93
97
77
99
78
88
88
82
82
78
100
113
123
98
110
93
106
76
72
89
86
90
88
89
86
85
87
76
97
94
90
97
84
80
102
89
85
111
134
115
105
134
87
115
98
83
87
83
74
72
75
75
78
75
78
77
73
46
97
61
72
70
90
81
73
71
75
80
64
76
86
70
66
92
64
66
65
73
64
79
88
84
87
83
80
74
74
85
77
87
69
89
64
84
88
71
70
69
53
88
66
66
88
77
96
67
68
94
94
74
78
84
80
81
82
90
77
68
70
71
74
76
79
77
72
71
86
69
76
92
65
81
81
73
69
87
94
83
74
65
67
80
75
85
71
75
67
71
72
79
75
76
73
74
75
68
62
83
67
83
89
73
81
91
85
76
77
60
68
92
72
72
78
69
65
66
62
64
76
71
94
76
84
79
80
74
94
93
65
91
69
78
79
87
66
74
73
80
68
77
81
78
79
68
97
70
64
83
86
78
76
79
71
83
86
84
70
72
83
86
87
90
87
86
76
69
83
86
88
125
145
218
274
352
469
595
693
722
689
655
530
403
281
215
146
114
104
87
95
76
80
81
91
88
74
73
91
65
99
78
85
86
93
77
83
73
97
86
71
72
66
75
69
89
83
71
89
76
83
95
90
79
86
94
83
86
86
84
79
71
81
78
84
76
79
72
88
83
82
101
80
94
86
66
80
78
76
80
75
91
85
86
98
79
83
70
71
81
93
85
80
74
71
82
84
65
81
77
69
84
76
90
90
77
94
101
80
87
84
82
91
81
72
89
78
87
74
87
63
85
66
70
81
92
78
75
75
70
80
80
72
73
78
75
88
93
96
94
95
102
76
79
79
79
75
78
80
92
73
79
76
86
104
82
69
73
73
88
75
77
79
82
75
79
76
66
71
76
82
80
87
73
94
68
81
74
90
91
94
97
106
118
102
118
139
111
117
101
90
108
90
98
89
116
104
68
93
84
101
96
85
89
115
83
101
74
101
83
89
101
103
98
75
97
59
129
100
90
95
102
115
98
111
110
92
80
110
91
111
106
99
92
88
105
93
101
108
111
125
105
98
106
114
109
109
124
106
106
126
112
134
132
138
189
235
300
332
429
506
549
540
543
392
349
268
246
188
138
157
142
160
151
144
141
166
149
151
151
148
148
116
107
133
139
110
124
137
110
117
135
141
113
104
135
122
142
104
138
121
128
132
136
135
119
133
141
127
114
135
126
114
130
111
138
148
113
130
126
128
141
128
147
144
121
132
109
115
115
138
126
123
145
140
137
144
120
141
118
129
134
122
145
155
146
125
131
139
119
129
132
128
123
115
125
137
126
126
138
127
114
139
128
130
121
122
151
119
123
145
134
130
125
130
151
127
122
132
133
132
132
126
124
138
115
118
129
135
128
118
148
126
136
116
124
131
141
119
107
106
127
114
125
121
100
124
117
115
125
103
111
102
114
104
114
116
107
106
109
121
137
112
125
122
125
126
113
126
109
140
134
134
159
154
188
192
181
194
154
166
151
149
102
109
108
125
107
125
129
141
147
122
122
119
133
118
117
113
122
118
107
121
113
137
125
119
132
125
103
120
119
113
135
108
126
132
127
130
113
128
123
131
130
123
100
118
114
125
137
123
110
128
131
100
123
115
104
134
111
135
145
127
115
122
119
113
122
131
136
143
117
128
134
114
127
125
103
121
112
108
124
112
111
102
144
119
132
107
127
110
109
111
102
129
121
121
122
101
109
110
129
100
122
108
86
92
101
106
101
129
103
114
118
105
108
108
112
120
107
103
115
106
100
121
119
101
120
125
98
107
101
99
104
93
90
97
88
98
100
125
86
116
108
94
96
95
107
102
95
101
82
97
102
83
105
87
85
105
89
97
81
95
96
110
95
100
89
81
101
94
96
76
97
102
96
89
96
91
127
104
84
81
96
94
89
101
98
82
85
74
75
95
94
86
86
78
89
77
87
83
85
83
90
78
79
79
78
81
77
81
90
71
77
102
81
97
85
83
74
92
78
92
79
71
93
87
66
81
89
83
86
76
73
75
73
72
81
78
84
77
71
87
89
71
72
67
74
83
64
73
83
82
95
79
69
72
63
85
72
81
111
62
81
80
66
87
91
71
79
92
66
79
80
85
79
92
117
160
215
367
559
835
1206
1569
1865
1892
1744
1460
1129
742
468
284
166
108
80
74
56
68
68
50
56
59
44
53
76
49
57
58
40
40
61
49
51
49
60
69
66
63
49
47
42
56
49
60
52
70
60
35
67
67
90
55
70
63
62
51
64
52
49
49
45
58
46
47
51
55
47
54
44
47
63
53
52
46
46
50
55
54
59
63
58
51
44
46
44
35
46
42
42
40
40
38
42
49
43
37
35
43
47
43
43
48
41
40
47
39
49
36
44
43
41
49
40
33
47
47
45
37
36
39
32
38
29
41
36
35
34
41
36
41
48
49
60
78
77
63
75
45
53
48
46
41
41
42
30
32
33
31
37
39
38
32
42
31
33
23
38
37
31
27
29
35
27
31
31
30
24
34
22
30
27
25
28
23
33
59
60
68
89
106
123
113
116
89
67
72
65
46
24
27
37
18
31
28
30
32
46
25
19
32
24
36
27
29
42
34
32
35
37
35
31
22
30
23
32
35
28
27
32
34
43
36
32
30
39
25
32
36
26
25
32
28
15
27
29
42
30
28
38
33
29
31
31
30
29
37
34
37
45
67
110
204
371
532
745
965
1147
1168
1185
1039
772
545
365
198
104
59
41
41
32
32
23
17
23
36
23
24
19
26
25
28
22
23
32
28
41
30
26
25
18
33
24
30
23
30
24
25
29
21
24
23
21
24
17
19
23
25
26
18
29
27
24
23
33
28
24
29
19
27
23
24
26
21
22
20
33
21
29
31
22
21
24
39
39
33
49
43
45
66
54
43
47
60
39
36
40
33
28
32
19
24
33
32
21
25
27
25
21
19
31
25
27
24
40
28
29
21
21
27
33
25
33
23
33
24
26
33
24
28
30
21
35
33
22
21
17
25
24
36
21
27
25
33
17
25
31
29
27
29
26
22
18
26
28
28
19
30
38
22
20
20
15
24
25
31
28
26
30
27
27
25
30
31
31
26
16
18
17
21
33
23
25
34
24
20
22
25
26
21
17
23
22
13
24
27
14
21
21
28
24
31
20
20
26
21
25
23
21
21
25
18
21
25
25
25
32
23
23
28
26
30
20
24
16
28
21
27
25
15
19
20
20
21
24
29
37
23
29
26
27
22
20
23
26
26
34
33
18
28
27
24
27
24
18
25
27
18
30
15
25
22
11
24
23
33
32
23
18
25
23
13
25
20
27
18
20
23
23
18
20
21
27
17
30
28
26
29
22
23
18
21
22
21
26
17
28
20
24
33
18
34
19
33
30
25
22
27
32
30
35
29
33
25
20
30
22
27
22
21
20
25
23
29
22
15
15
19
21
24
25
29
29
19
39
31
22
26
38
46
47
37
45
35
37
33
26
19
22
23
24
20
27
25
24
24
34
15
27
26
28
26
19
21
26
20
30
28
26
26
33
28
27
23
44
25
25
18
20
24
17
26
18
19
30
26
15
19
25
31
27
21
21
16
19
16
26
16
23
21
23
22
23
17
29
15
30
17
12
29
20
18
19
21
30
23
23
19
15
22
20
24
19
21
23
22
16
16
26
19
19
16
35
30
21
23
20
22
29
23
22
19
12
24
20
17
22
25
13
24
26
31
29
34
33
32
36
24
33
20
23
21
24
24
13
25
26
29
25
17
31
22
22
25
23
30
30
26
22
32
27
33
26
40
34
37
26
29
26
22
35
19
22
20
17
23
11
18
21
20
19
20
26
21
29
29
23
22
30
25
17
25
25
23
29
25
27
27
26
27
20
34
13
27
25
21
22
25
21
20
21
24
23
23
20
22
28
30
31
26
21
24
34
18
27
23
21
17
25
24
20
23
27
21
19
20
22
24
24
17
25
28
11
32
21
27
31
29
35
32
38
42
42
45
31
35
28
24
18
24
15
13
25
27
20
24
24
22
26
17
16
22
30
25
26
32
22
25
30
27
23
27
23
22
30
22
21
25
29
18
21
27
24
22
19
22
19
28
18
19
29
24
25
23
26
26
40
30
17
18
18
21
29
16
25
19
27
27
21
24
19
14
21
32
25
27
23
23
25
31
29
32
31
28
24
27
22
32
28
25
29
17
26
21
23
25
27
19
25
20
25
25
22
31
16
25
25
27
30
23
30
21
27
24
24
38
13
35
27
22
25
20
28
24
33
27
21
28
23
23
16
23
24
29
29
27
37
23
27
33
18
30
29
23
29
27
28
32
27
30
32
29
31
33
33
27
31
25
33
19
36
27
30
26
23
23
24
24
14
34
22
30
19
19
29
21
27
17
27
22
28
22
28
28
29
25
26
25
24
30
23
23
25
36
28
13
24
20
24
27
26
24
24
32
28
27
15
21
17
16
27
38
28
26
31
29
28
21
22
21
31
26
30
26
32
21
22
13
36
22
23
34
25
20
27
19
23
17
20
23
27
31
30
37
33
29
30
21
27
24
20
24
25
23
26
23
19
30
28
28
23
38
26
32
25
30
25
37
27
21
20
24
24
25
26
33
27
29
27
29
35
27
18
40
30
25
22
21
29
27
21
17
29
28
21
30
26
17
27
30
29
23
31
15
24
28
30
33
19
16
24
20
23
18
24
41
34
18
24
26
21
28
30
20
32
22
26
23
18
17
24
25
25
18
24
20
24
30
22
29
24
17
20
27
19
19
16
19
34
25
16
23
21
22
29
19
23
18
25
21
28
33
28
22
19
24
17
25
21
26
27
29
24
14
25
15
21
15
20
20
24
26
18
19
28
21
20
25
21
16
28
25
21
17
19
17
17
23
18
16
24
16
30
27
22
19
31
14
23
22
15
20
27
20
15
19
20
28
17
16
19
18
24
15
23
18
38
17
16
26
13
18
39
20
21
23
16
17
22
18
19
31
17
15
9
27
23
14
15
20
22
30
19
20
14
31
20
22
24
18
16
22
17
28
26
23
18
31
14
24
22
28
19
24
21
19
31
25
32
29
59
78
92
119
126
151
161
210
192
145
129
89
66
54
38
33
37
29
23
19
26
21
25
24
29
22
22
25
16
21
20
33
21
29
32
21
24
35
27
24
31
32
22
24
29
16
10
27
24
21
28
36
25
26
20
21
21
23
28
21
29
25
29
21
16
25
26
26
31
35
22
27
25
26
28
36
15
25
17
26
28
32
18
21
21
19
20
24
20
18
24
23
26
23
23
32
28
35
26
31
27
22
27
23
20
17
27
19
28
20
15
16
26
27
34
18
20
29
18
22
17
29
24
27
21
16
19
19
22
21
33
22
21
28
16
18
29
24
24
30
25
35
23
28
29
19
26
30
29
21
34
31
37
37
23
37
40
36
29
21
24
19
16
31
28
26
20
20
26
33
28
27
25
24
17
16
21
20
25
27
26
19
20
18
20
21
32
25
31
26
23
25
23
26
24
26
30
28
33
45
32
26
32
24
22
25
29
33
23
31
28
33
22
42
44
34
26
28
24
28
33
26
30
30
38
25
27
23
37
29
30
37
35
28
28
29
29
37
35
25
36
38
37
26
27
27
39
24
40
42
36
28
37
38
28
37
31
37
24
32
34
39
40
40
39
46
34
39
24
38
34
28
40
31
24
45
46
37
43
28
37
33
35
28
37
38
34
41
30
42
29
24
33
40
47
31
39
45
47
37
41
34
36
38
40
26
36
35
35
39
31
32
36
33
33
48
28
31
32
24
24
22
32
25
37
47
31
28
35
44
41
28
42
37
37
39
39
40
40
35
35
33
38
28
31
34
27
33
33
30
40
31
42
28
48
38
32
33
45
36
40
37
27
30
42
38
32
37
24
25
38
28
28
31
38
38
36
31
27
28
36
40
32
32
23
32
37
31
33
35
27
29
20
31
35
33
35
35
40
34
34
27
29
31
23
28
21
37
36
26
40
41
35
30
34
34
28
32
27
32
33
32
34
31
35
28
26
28
28
36
21
23
31
35
29
33
33
35
31
26
22
28
30
29
26
21
30
29
23
21
28
37
21
35
36
17
26
25
27
26
34
28
34
30
28
31
42
18
33
32
24
25
33
33
35
26
40
29
29
35
35
32
34
26
35
27
30
29
33
29
21
21
26
28
20
29
24
22
43
28
24
18
25
23
26
25
20
22
23
28
33
33
28
31
32
24
26
29
29
28
25
23
27
25
17
24
17
27
30
15
22
19
22
28
20
25
19
26
29
22
24
17
22
23
25
29
13
26
29
32
27
18
23
18
23
14
16
24
20
25
18
26
23
22
14
15
23
18
21
22
17
18
21
19
26
21
20
18
22
17
19
17
18
22
20
17
16
26
12
9
17
10
24
25
21
23
16
19
21
19
21
11
22
15
23
23
11
21
19
20
19
15
11
25
19
17
12
17
20
21
14
12
25
23
22
15
17
15
19
21
21
24
15
23
13
18
20
15
11
17
19
17
21
10
18
16
18
18
11
20
14
14
18
14
15
15
12
23
16
17
19
16
12
12
24
11
23
6
23
17
21
18
19
19
27
14
24
22
15
18
21
14
17
15
14
24
20
23
12
12
17
17
18
15
19
30
20
16
16
26
19
15
20
15
15
22
16
17
19
11
25
21
16
16
25
26
53
85
115
169
252
324
370
384
419
367
284
227
145
97
45
41
26
16
11
16
17
11
18
24
10
16
11
14
9
12
10
16
6
16
14
14
20
18
20
14
15
15
10
11
14
15
21
24
9
5
14
15
17
19
18
16
19
11
13
23
22
27
14
15
19
17
13
14
24
19
19
11
14
19
15
20
18
8
12
9
12
16
15
22
15
13
12
14
20
17
13
18
16
21
16
15
16
24
11
18
19
14
9
22
14
11
13
17
19
11
25
13
15
12
15
15
15
19
13
18
16
13
13
14
17
20
17
16
13
20
17
16
14
17
16
13
20
13
17
15
13
23
14
15
9
18
13
17
18
16
13
10
13
8
16
21
13
12
18
19
23
16
13
9
19
14
13
18
10
12
29
16
12
20
13
16
21
9
13
13
12
17
13
16
19
10
16
14
10
22
17
19
25
20
18
8
20
12
13
21
5
18
15
13
11
21
17
25
17
14
20
24
25
37
13
22
18
20
17
23
18
16
14
16
18
13
17
14
19
16
17
12
7
10
13
16
17
7
17
16
12
9
15
12
11
16
20
13
11
16
15
15
14
15
13
18
15
11
11
13
22
13
13
15
15
14
12
8
20
13
17
21
17
12
19
14
20
17
19
12
12
8
19
14
19
14
16
22
14
12
14
17
9
18
14
16
23
17
14
21
13
13
16
13
19
11
12
9
7
13
11
11
9
17
16
15
15
8
16
14
11
20
19
13
18
18
15
14
19
17
18
17
19
14
18
21
14
14
26
26
13
16
12
15
7
14
13
14
15
11
19
21
21
22
19
16
21
21
20
16
22
10
19
13
12
15
17
19
12
13
15
22
22
10
9
10
20
12
16
13
18
13
15
19
18
17
17
15
19
19
19
21
18
21
12
10
13
12
16
27
16
17
11
14
22
15
16
23
12
12
21
10
15
14
14
11
13
18
12
18
9
12
10
23
13
13
12
19
13
17
23
15
14
15
18
13
14
15
14
15
20
19
18
15
19
9
20
16
11
19
18
21
15
16
19
15
24
14
17
17
15
23
12
15
19
13
15
20
12
19
17
23
11
14
9
12
12
16
16
17
19
14
21
19
17
14
18
19
23
20
13
19
12
15
19
14
15
18
15
9
21
15
12
17
20
17
14
22
22
16
23
16
11
16
18
20
15
14
17
15
14
18
12
13
16
15
16
11
16
19
13
20
11
21
14
15
10
14
23
13
22
17
13
18
19
23
23
19
15
12
13
7
19
14
27
18
12
15
18
14
14
13
16
15
22
18
16
17
16
10
16
9
29
20
16
27
14
8
17
20
17
18
17
17
23
13
10
16
19
15
20
19
16
17
8
14
21
26
15
14
11
21
16
23
22
13
21
14
14
15
19
14
16
16
23
11
15
11
17
15
21
16
14
11
16
16
15
15
13
16
19
15
19
14
14
13
25
12
23
20
17
24
13
18
20
14
10
15
9
9
14
18
18
15
19
14
16
15
10
11
11
11
17
13
17
14
13
14
20
18
15
22
22
17
20
14
19
10
19
20
15
19
16
17
18
22
22
18
25
36
23
32
26
36
31
20
26
22
11
15
25
11
23
8
12
24
9
17
13
12
14
11
14
14
23
14
11
15
14
13
16
12
13
16
18
21
14
10
16
15
10
14
18
17
16
20
13
17
11
17
15
17
16
10
19
14
22
11
10
17
18
16
15
20
15
13
13
11
15
13
10
18
12
12
14
14
12
24
16
13
16
17
16
17
20
12
16
11
13
20
12
16
9
19
14
17
16
10
16
15
10
13
10
7
11
10
9
20
17
21
14
13
23
18
11
13
18
12
24
20
30
21
10
18
28
22
20
24
22
12
14
13
13
18
18
18
15
16
20
7
21
12
11
13
8
17
18
14
11
11
15
15
19
15
13
11
13
17
23
16
14
15
6
12
19
21
12
10
10
6
14
17
13
18
18
16
14
13
17
13
13
19
8
14
20
14
16
16
14
15
13
11
12
17
16
14
14
19
17
16
18
25
11
11
10
10
9
17
11
14
8
9
16
16
20
16
27
13
10
8
14
17
19
21
8
20
11
13
14
18
13
29
13
16
15
27
30
33
38
36
28
26
33
22
18
23
15
18
16
17
13
15
11
16
12
14
16
8
15
18
15
17
14
17
10
15
20
12
9
18
20
14
14
21
16
11
9
9
11
22
19
13
13
16
22
15
18
21
15
11
21
16
23
12
10
14
11
16
15
19
14
22
17
24
11
16
10
18
13
26
14
7
9
8
13
16
11
17
11
18
12
17
25
19
13
15
16
10
11
15
13
18
16
15
17
7
14
13
13
17
9
15
16
17
20
20
12
13
14
15
16
18
16
23
24
9
12
19
28
15
20
9
19
30
20
14
20
17
8
18
17
17
17
13
18
12
10
16
11
18
14
9
19
14
10
12
25
13
13
10
16
12
13
12
13
17
17
17
14
12
9
18
12
11
10
15
16
16
18
14
15
14
17
12
17
11
17
14
10
14
14
12
13
20
15
18
23
27
24
14
17
24
22
13
14
16
14
16
15
13
11
16
14
21
13
10
14
13
9
12
16
21
16
15
15
8
11
15
17
16
9
21
16
16
14
12
20
15
17
16
14
15
17
12
14
10
21
13
15
16
19
14
19
14
24
18
15
25
18
21
16
12
18
16
20
23
13
13
22
14
12
14
18
13
16
18
22
13
14
12
8
18
18
14
14
14
9
10
11
12
15
11
8
13
12
18
11
15
18
5
8
19
18
10
10
12
13
9
19
17
14
16
13
15
9
12
14
17
14
18
18
17
20
9
20
12
15
9
20
19
15
13
15
11
11
10
10
13
18
14
15
18
7
15
9
14
14
14
14
13
12
14
10
17
13
11
18
16
11
15
10
11
18
13
10
17
12
18
18
10
13
17
11
16
16
4
15
15
14
19
15
17
10
13
9
11
17
13
19
19
13
9
11
16
6
12
12
10
13
14
12
17
12
10
12
11
9
13
13
7
22
11
15
9
12
10
21
12
15
11
14
10
23
17
16
10
15
12
18
9
13
19
11
10
14
16
16
6
11
12
13
18
15
17
16
9
13
16
17
18
12
12
10
15
16
16
10
15
14
8
16
15
14
12
11
13
10
12
26
10
11
13
12
21
16
14
16
11
15
12
14
13
12
16
15
27
26
48
34
28
33
21
17
13
24
20
15
12
17
15
22
18
13
13
14
16
8
8
10
22
16
11
13
16
10
17
7
19
10
19
10
14
9
15
11
15
18
16
15
17
19
14
20
13
10
20
17
11
11
13
$ENER_FIT:
-1.6700 0.713300 0.000000e+00
$MCA_CAL:
3
-1.6700 0.713300 0.000000e+00
$ENDRECORD:
