$SPEC_ID:
Sample title.

$MEAS_TIM:
79151.96000 80710.05000
$DATE_MEA:
08/05/2015 4:27:22 PM
$DATA:
0 16383
0
0
0
13
13
12
40
91
217
445
678
2318
42724
85796
86824
82382
77960
76057
78863
83980
78095
65955
59623
56738
55765
54608
51771
49405
47870
46525
45278
43691
42847
42155
41223
39832
38992
38353
37789
37080
36914
36131
36147
35369
34452
33668
33333
33289
32732
32297
31877
31218
31196
30689
30410
30416
29731
29575
29456
29299
28807
28832
28353
28318
28321
28079
27691
27513
27361
26962
27075
27147
26771
26868
26717
26777
26443
26385
26321
26347
26418
26371
26543
26381
26923
26514
26917
26701
27137
27113
27863
28102
28928
29797
30951
30272
30161
30357
30931
31534
31632
32189
32806
33621
33955
34614
35408
35649
36462
36847
37864
38360
38962
39350
40921
41248
42251
42093
41364
42109
43309
43926
44212
44951
45832
48613
53877
55961
54672
62077
74165
69874
59162
61641
67000
60732
51127
47870
47942
48111
47781
48057
48225
48355
50076
51527
55424
57292
55169
53154
57272
61057
57170
52151
50430
51524
50971
50226
49279
48410
48490
49117
48724
48546
48458
48558
48740
48707
48425
48758
48769
48991
48582
48688
49073
48796
48810
48210
48414
48818
49115
49035
48692
48554
48768
48764
48439
48427
48916
48644
48661
48079
48239
47859
47582
47577
47658
47596
47586
47085
47065
47172
46970
46922
46907
46543
46603
46540
46542
46267
46058
46270
45776
45766
45311
45486
45592
45189
45055
45137
45054
44553
44454
44213
44488
43991
44264
43674
43666
43735
43591
43399
43122
43332
43321
43043
42891
42712
43970
45451
45150
43314
42512
42403
42126
41884
42299
41903
41778
41440
41590
41201
41040
41063
40961
41241
40517
40643
40707
40699
40529
40770
40588
40440
40264
40349
40320
40257
39964
39624
39936
39803
39838
39724
39743
39497
39540
39628
39284
39153
38927
39068
38699
38925
40451
41363
40623
39343
38431
37946
37989
37891
37923
37837
37695
37605
37773
37942
38109
37874
37334
37293
36940
37041
36996
36686
36999
36719
36795
36984
36932
36642
36018
36214
35734
35942
35813
35771
35471
35441
35251
35142
34901
34750
34655
34509
34113
33932
33928
33750
33827
33871
33596
33298
33675
34109
34683
35397
35732
33888
32998
33073
32078
31684
31975
32007
31938
31853
31545
31911
31522
31072
30978
30883
30780
30696
30686
30629
30434
30651
30740
30938
30313
30108
29718
29515
29658
29661
29368
29208
29195
28816
28824
28936
28889
29043
28628
28362
28085
28286
28165
28423
28253
27987
28153
28022
28022
28009
28212
28389
28546
28233
28436
28320
27984
27972
28125
27676
27755
27523
27358
27329
27149
27058
27330
26925
26826
26785
26503
26543
26379
26457
26160
25921
25769
25846
26144
25668
25888
25488
25677
25994
25870
26081
26196
26291
26557
26779
27215
27481
27543
27298
27240
27104
26727
26360
26057
25794
25398
24875
24268
23586
23550
23134
22855
22441
22303
22209
21802
21851
21501
21356
21304
21208
21312
21164
20765
20872
20842
21066
20586
20649
20258
20254
20277
20032
20029
19885
19768
19366
19499
19408
19176
19266
19193
18990
19131
18927
18908
18768
18835
18877
18642
18463
18566
18412
18340
18213
18163
18085
18216
18008
17813
17746
17765
17567
17718
17726
17418
17304
17389
17407
17441
17339
17383
17345
17003
16790
16978
16869
16716
17000
16693
16546
16507
16360
16438
16528
16228
16330
16237
16247
16177
16228
15891
16016
16026
16005
16032
15844
16084
16163
16153
15617
15786
15580
15417
15694
15544
15217
15517
15338
15402
14996
15418
15231
15193
15122
15118
15379
15281
15322
15475
15081
15052
14975
14943
14780
14668
14998
14572
14562
14770
15211
15326
15408
15010
14590
14371
14367
14328
14391
14425
14144
14105
14136
13923
14098
13738
14256
13696
13884
13812
13927
13535
13649
13700
13443
13484
13655
13526
13552
13542
13338
13482
13386
13533
13418
13174
13136
13251
13278
13185
12923
13036
13112
12895
12945
13010
12828
12970
12960
12859
12841
12676
13018
12618
12656
12882
12622
12949
12644
12728
12647
12728
12735
12698
12438
12486
12516
12430
12486
12389
12366
12356
12365
12399
12603
12332
12332
12324
12505
12367
12418
12417
12623
12663
12603
12587
12771
12709
12887
12782
13043
12973
13115
13136
13368
13280
13258
13482
13475
13344
13419
13130
13320
13309
13134
13405
13191
13387
13320
13369
13372
13001
13109
13011
12816
12918
12828
13076
12937
12765
12755
12700
12783
12557
12325
12558
12446
12481
12241
12001
12217
11892
12123
12073
11938
12004
11867
11951
11860
11985
11785
11812
11741
11519
11728
11793
11350
11438
11511
11339
11593
11271
11248
11295
11311
10984
11182
11131
11055
10852
10940
10951
10959
10895
11047
10767
10684
10778
10527
10602
10750
10739
10774
10818
10984
10737
10795
10793
11049
10951
10802
10579
10600
10806
10897
10678
10760
10688
10645
10688
10620
10622
10473
10441
10481
10612
10513
10543
10523
10549
10472
10339
10388
10626
10666
10391
10406
10493
10461
10312
10405
10395
10550
10577
10486
10609
10292
10431
10347
10338
10449
10351
10292
10409
10369
10270
10199
10384
10433
10737
11646
12849
14492
15328
16023
16152
16350
16601
16416
16167
16585
16435
16394
16305
16462
15964
16074
15910
15841
15753
15588
15206
14726
13823
12483
11064
9995
9507
9398
9337
9363
9090
9371
9229
9109
9069
9181
9146
9463
9292
9109
9054
9018
8947
8959
8906
8952
8769
9111
9268
9206
9236
8996
8816
9083
9113
8886
9038
9013
8900
9198
9261
9962
11328
14905
21746
33498
47102
56580
57100
47612
34026
22620
15322
11727
10079
9662
10055
10597
10646
9907
9066
9010
9002
8932
8606
8599
8695
8688
8715
8378
8298
8369
8352
8538
8437
8432
8394
8421
8433
8326
8215
8485
8520
8549
8434
8394
8312
8364
8473
8331
8485
8337
8336
8358
8538
8438
8359
8338
8404
8252
8306
8316
8392
8094
8335
8261
8318
8173
8253
8090
8243
8493
8274
8280
8148
8477
8127
8245
8420
8188
8329
8363
8358
8409
8406
8412
8451
8411
8357
8246
8087
8223
8133
8316
8547
8328
8328
8314
8277
8340
8415
8211
8382
8397
8428
8271
8490
8415
8424
8376
8356
8273
8204
8325
8249
8299
8409
8382
8160
8387
8170
8266
8176
8158
8186
8138
8463
9109
10432
11409
10971
9206
8494
8169
8096
8066
8283
8159
8118
8172
8162
7948
8151
7989
8077
8000
8022
8323
9266
10480
11199
10483
9445
8887
8785
8837
8731
8746
8669
8780
8653
8673
8554
8571
8538
8539
8481
8526
8448
8830
8739
8878
8462
8430
8468
8398
8309
8466
8190
8521
8454
8173
8389
8061
8330
8176
8068
8222
8237
8170
8012
8208
8203
8282
8183
8083
7981
8128
7886
7948
7990
8162
8133
8165
8068
8031
7900
8027
8027
7956
7950
8195
7933
7988
7910
7905
8058
7994
8079
7914
7962
8020
7928
8043
7750
7912
7965
8011
8008
7936
8072
7949
8039
8052
8070
8055
7878
8018
7962
7815
7998
7807
7756
7901
7736
7785
7771
7678
8132
8535
9361
9561
8678
8112
7997
7848
7839
7747
7765
7934
7997
7918
8047
7854
8121
8585
9046
8590
8068
7779
7915
7907
7765
7779
7757
7870
7752
7734
7817
7647
7815
7811
7730
7881
7803
7727
7828
7899
7911
7852
7697
7752
7783
7747
7835
7847
7778
7707
7742
7635
7884
7735
7725
7601
7638
7838
7868
7782
7791
7854
8035
8219
8131
8315
8163
8234
8183
8156
8209
8050
7936
8205
8088
7908
8082
7978
8030
7967
8160
7995
8037
8007
7985
7934
7975
7781
7729
7973
8142
7961
7976
8018
7823
7752
7800
7810
7824
7786
7863
7788
7617
7722
7805
7904
7766
7699
7623
7701
7665
7699
7665
7906
7533
7613
7796
7645
7683
7737
7800
7672
7816
7835
7567
7673
7622
7764
7676
7731
7599
7613
7687
7542
7677
7740
7671
7782
7584
7566
7686
7695
7687
7469
7536
7689
7804
7578
7655
7584
7546
7692
7581
7607
7520
7485
7682
7742
7635
7758
7710
7668
7576
7615
7607
7450
7619
7537
7546
7701
7524
7570
7606
7640
7564
7548
7408
7574
7638
7850
7609
7577
7480
7511
7484
7431
7471
7402
7530
7447
7740
7926
8685
10221
10908
10223
8786
7849
7608
7497
7385
7624
7563
7509
7488
7411
7611
7634
7581
7537
7644
7585
7528
7547
7355
7529
7466
7625
7639
7598
8027
8003
7936
8374
8356
8330
7964
7623
7687
7505
7490
7594
7460
7427
7423
7383
7322
7446
7406
7472
7474
7598
7491
7403
7659
7542
7468
7516
7518
7635
7555
7386
7583
7594
7525
7401
7474
7605
7420
7462
7408
7540
7551
7376
7397
7410
7495
7553
7485
7267
7452
7568
7435
7629
7481
7553
7554
7363
7301
7456
7357
7601
7595
7562
7600
7396
7585
7677
7567
7428
7458
7458
7543
7403
7623
7587
7542
7682
7418
7488
7593
7680
7713
7657
7687
7765
7636
7684
7587
7593
7600
7630
7754
7750
7795
7773
7712
7816
7570
7808
7918
8774
9458
8893
8111
7825
7639
7473
7595
7668
7578
7447
7539
7509
7528
7552
7595
7685
7422
7430
7519
7458
7537
7586
7298
7482
7597
7540
7632
7518
7475
7519
7540
7411
7459
7443
7762
8084
8301
8007
7894
7938
8202
8196
7819
7404
7431
7419
7538
7405
7314
7311
7445
7691
7580
7532
7353
7517
7424
7443
7507
7500
7487
7445
7395
7405
7333
7516
7505
7485
7467
7254
7364
7367
7460
7392
7418
7551
7457
7433
7534
7411
7336
7721
7425
7527
7677
7586
7561
7487
7409
7406
7408
7393
7535
7386
7237
7422
7477
7355
7260
7566
7430
7245
7372
7609
7544
7415
7446
7450
7465
7487
7478
7434
7546
7490
7454
7353
7435
7286
7330
7483
7608
7457
7366
7715
7584
7437
7362
7457
7427
7515
7426
7305
7475
7322
7294
7393
7182
7394
7321
7225
7253
7358
7313
7462
7313
7421
7374
7333
7461
7485
7365
7461
7439
7480
7379
7291
7375
7352
7546
7581
7621
7518
7393
7543
7395
7325
7438
7258
7328
7335
7408
7445
7369
7467
7465
7390
7231
7551
7342
7428
7517
7336
7403
7312
7478
7530
7378
7388
7566
7426
7438
7472
7456
7478
7501
7596
7412
7399
7209
7436
7301
7400
7339
7386
7422
7474
7394
7386
7414
7487
7341
7289
7449
7355
7265
7318
7401
7393
7541
7557
7368
7539
7433
7393
7388
7473
7347
7725
8024
8141
8172
7627
7518
7287
7358
7296
7325
7454
7544
7465
7405
7409
7311
7379
7520
7466
7445
7493
7329
7394
7429
7470
7318
7372
7379
7464
7346
7608
7406
7434
7366
7284
7654
7382
7567
7400
7454
7504
7493
7326
7432
7494
7597
7239
7536
7484
7550
7549
7507
7615
7472
7620
7676
7447
7408
7371
7379
7428
7487
7544
7593
7470
7448
7633
7477
7224
7578
7335
7563
7522
7491
7459
7396
7563
7455
7323
7495
7471
7594
7444
7471
7382
7333
7464
7545
7503
7499
7410
7479
7424
7406
7393
7731
7711
7598
7716
7499
7556
7543
7530
7469
7656
7481
7616
7542
7476
7384
7489
7423
7492
7438
7372
7510
7567
7524
7413
7561
7412
7401
7536
7525
7974
8106
7868
7644
7346
7449
7565
7416
7358
7449
7475
7599
7478
7452
7472
7551
7506
7559
7526
7521
7419
7542
7457
7503
7570
7416
7563
7504
7258
7440
7370
7528
7561
7488
7468
7357
7386
7382
7478
7486
7420
7386
7564
7466
7525
7354
7482
7575
7393
7468
7612
7798
7870
7971
7732
7786
7514
7443
7645
7584
7567
7566
7498
7364
7499
7526
7642
7574
7412
7497
7378
7703
7324
7384
7568
7586
7558
7578
7587
7528
7435
7606
7539
7460
7415
7508
7520
7340
7460
7536
7398
7317
7451
7375
7613
7548
7543
7554
7587
7482
7473
7678
7434
7519
7636
7647
7476
7431
7455
7603
7475
7561
7473
7638
7658
7614
7661
7310
7416
7496
7436
7435
7572
7402
7456
7608
7399
7676
7532
7451
7546
7404
7607
7457
7491
7490
7486
7550
7509
7410
7616
7621
7467
7621
7500
7553
7518
7427
7513
7569
7551
7545
7405
7663
7822
7687
7536
7525
7502
7638
7363
7571
7583
7537
7551
7590
7464
7538
7644
7629
7731
7903
7858
7941
7794
7547
7562
7687
7599
7595
8029
8237
8524
8590
8307
7564
7546
7466
7578
7585
7515
7609
7594
7648
7490
7709
7724
7591
7698
7710
7578
7675
7659
7546
7638
7637
7723
7602
7639
7433
7522
7500
7502
7536
7648
7654
7748
7884
8250
8092
8017
7777
7596
7591
7467
7543
7426
7426
7708
7775
7635
7726
7691
7724
7625
7669
7578
7689
7813
8406
11934
23830
46275
66112
63689
41489
21383
11856
9588
9147
8827
8801
8728
8482
8662
8726
8573
8493
8523
8424
8494
8483
8613
8452
8473
8443
8577
8648
8507
8532
8622
8373
8422
8441
8478
8559
8534
8340
8540
8422
8607
8369
8592
8482
8583
8527
8381
8621
8520
8583
8554
8388
8472
8566
8577
8388
8497
8429
8264
8503
8487
8472
8442
8494
8440
8403
8299
8468
8530
8484
8359
8487
8503
8462
8536
8588
8493
8572
8604
8534
8821
8584
8691
8583
8589
8512
8528
8568
8610
8413
8552
8359
8649
8618
8665
8477
8513
8614
8515
8644
8519
8720
9425
10911
12663
13505
11959
10108
9179
8767
8481
8477
8414
8573
8576
8629
8584
8712
8703
8660
8567
8564
8589
8685
8636
8625
8620
8595
8598
8676
8575
8621
8842
8662
8593
8691
8577
8652
8719
8563
8542
8637
8613
8665
8510
8682
8682
8653
8649
8505
8745
8799
8506
8675
8847
8727
8793
8888
8866
8720
8613
8731
8598
8714
8479
8626
8866
8752
8617
8633
8648
8512
8640
8888
8688
8629
8678
8656
8827
8691
8608
8659
8868
8889
9113
8918
8849
8672
8685
8741
8572
8632
8750
8648
8818
8611
8735
8785
8572
8590
8541
8690
8676
8837
8708
8628
9038
8812
8833
8883
8730
8761
8796
8885
8715
8862
8651
8893
8794
8723
8758
8962
9160
8885
8947
8924
8899
8769
8912
8741
8922
8988
8857
8811
8986
8939
8885
8719
8899
8813
8945
8770
8955
8856
8750
8937
8856
8884
8817
8885
8878
8819
9012
8908
8870
8845
8911
9145
8778
8855
9013
8891
8907
8903
9125
8872
8921
8996
8782
8899
9037
9049
8920
8972
9026
9014
9087
9085
8908
9086
8965
8884
8989
9014
8978
8977
8896
9081
9178
9171
9307
9319
9132
9263
9277
9192
9200
9006
9181
9027
9105
9135
9284
9213
9311
9238
9196
9317
9168
9289
8946
9186
9201
9245
9358
9353
9605
9556
9574
9374
9119
9429
9312
9289
9233
9062
9359
9224
9175
9183
9388
9166
9289
9456
9277
9416
9235
9185
9277
9320
9309
9361
9077
9259
9295
9297
9399
9255
9248
9563
9272
9328
9374
9470
9310
9444
9406
9257
9324
9337
9473
9328
9214
9292
9389
9433
9322
9338
9254
9493
9369
9258
9417
9324
9566
9273
9518
9495
9406
9378
9345
9431
9403
9427
9295
9321
9472
9377
9537
9450
9438
9447
9497
9240
9441
9410
9481
9439
9478
9455
9437
9464
9484
9197
9471
9475
9433
9628
9633
9471
9505
9746
9460
9418
9662
9519
9682
9383
9481
9586
9510
9737
9563
9361
9878
9579
9714
9616
9443
9519
9498
9917
9418
9676
9527
9604
9649
9566
9726
9801
9682
9660
9799
9724
9925
9912
9741
9575
9713
9726
9612
9779
9695
9683
9859
9854
9825
9783
9774
9638
9656
9731
9774
9837
9934
9800
9781
9852
9865
9585
9999
9845
9964
10070
9869
9814
9812
9870
9742
9850
9692
9820
9962
9922
9874
10092
10053
9855
9990
9961
10008
9860
9809
9770
9940
9845
9770
9962
9948
9809
10037
9961
10023
10088
9986
9976
10088
10027
9994
10087
10149
10059
10115
10089
9980
10201
10308
10155
10075
10183
10074
10370
10177
9913
10049
10155
10177
10070
10265
10098
10109
10128
10190
10265
10257
10296
10235
10114
10053
10289
10268
10311
10493
10346
10139
10317
10259
10311
10400
10050
10343
10225
10236
10056
10371
10310
10445
10173
10346
10430
10226
10288
10208
10452
10557
10502
10306
10450
10273
10357
10354
10291
10430
10199
10302
10302
10298
10257
10152
10207
10272
10285
10262
10211
10154
10082
10260
9956
10091
10011
10056
10126
10120
10287
9982
10269
10231
10184
10268
10125
10254
10114
10197
10075
9992
10007
9914
10186
10221
10183
10136
10209
10268
10134
10098
9914
10194
10151
10008
9950
10300
9960
10308
10139
10214
10006
9862
10235
10039
10194
10215
10054
10286
10166
10069
10123
10131
9992
9997
10058
10255
10161
10083
10151
10088
10158
10214
10111
10187
10226
10039
10267
10187
10131
10039
10163
10176
10224
10123
10229
9926
10231
10112
10187
10144
10285
10320
10048
10188
10162
10299
10266
10277
10518
10420
10203
10367
10144
10202
10194
10074
10262
10038
10239
10240
10450
10186
10549
10285
10443
10272
10372
10259
10615
10638
10786
10367
10254
10512
10437
10385
10433
10406
10323
10497
10443
10366
10220
10484
10413
10612
10453
10314
10558
10281
10210
10474
10375
10407
10371
10459
10321
10488
10541
10617
10997
12019
13160
13874
13608
12264
11347
10882
10505
10597
10468
10450
10618
10622
10486
10638
10687
10563
10739
10592
10648
10394
10540
10585
10625
10468
10687
10709
10545
10459
10485
10667
10631
10610
10542
10569
10650
10641
10855
10792
10593
10856
10782
10683
10862
10829
10642
10676
10927
10628
10763
10777
10736
10765
10767
10875
10831
10764
10664
10875
10715
10850
10973
10817
10853
11009
11079
10729
10899
10816
11051
11026
11104
10857
10951
11069
11277
11686
12184
11787
11496
11371
11257
11361
11211
11215
11067
11096
11055
11111
10998
11162
11006
11003
11037
11051
11278
11245
11174
10981
11205
11014
11148
11283
11093
11047
11113
11150
11326
11347
11246
11240
11339
11047
11223
11254
11402
11381
11198
11258
11386
11395
11562
11488
11606
11670
11789
12247
12835
14275
17444
24918
37980
55123
71292
78641
73088
58801
41277
26966
19019
15212
13622
12801
12503
12322
12006
12017
12047
12156
12004
12277
11951
12112
12273
12078
12274
12514
12250
12030
12191
12216
11982
12158
12085
12227
12163
12141
12092
12315
12085
12344
12160
12024
12113
12201
12286
12270
12299
12212
12145
12334
12300
12088
12301
12527
12243
12112
12355
12274
12426
12374
12392
12398
12431
12513
12378
12431
12558
12511
12709
12441
12423
12583
12567
12426
12829
12405
12623
12460
12491
12866
12653
12634
12584
12499
12603
12749
12549
12678
12504
12650
12625
12557
12704
12805
12762
12809
12902
12988
12916
12859
12745
12784
12885
12938
12731
12643
13044
12884
13046
13044
12897
13203
13250
13754
14735
15079
14390
13759
13288
13124
13220
13053
13019
13076
13233
13015
13258
13240
13172
13102
13424
13258
13178
13399
13341
13383
13121
13442
13227
13162
13237
13373
13376
13488
13424
13476
13192
13391
13230
13556
13415
13399
13651
13752
13683
13392
13820
13425
13664
13759
13574
13514
13833
13740
13565
13911
13803
13994
14008
14206
13771
13610
13905
13946
13637
13997
13828
13948
13769
13804
13869
13997
13913
14119
13850
13815
13827
14024
14063
14079
14196
14197
14300
14253
14169
14109
14237
14183
14158
14473
14318
14247
14311
14531
14324
14333
14212
14567
14399
14248
14533
14634
14740
14540
14409
14629
14597
14620
14796
14717
14582
14755
14789
15069
15058
14851
14738
14662
14789
14990
14969
14923
14993
14961
14786
15016
15039
14892
15166
14982
15178
15236
15114
15260
15232
15128
15185
15156
15283
15326
15149
15387
15273
15342
15478
15230
15620
15361
15366
15479
15544
15440
15727
15494
15552
15731
15629
15882
15657
15973
15515
15917
15796
15865
16001
16021
15923
15851
16122
16184
15867
16134
16014
15941
16217
16332
16364
16277
16154
17103
17380
18223
18641
18831
18109
17061
16869
16563
16732
16489
16599
16566
16504
16696
16549
16830
16753
16665
16755
16979
16904
16908
17019
17116
17041
17127
17278
17103
17264
17115
17165
17044
17318
17196
17236
17261
17459
17427
17285
17581
17299
17380
17598
17628
17341
17940
17582
17647
17814
17821
17852
17751
17566
17840
17682
18017
17983
18127
17887
18074
18045
17761
18309
18360
18295
18367
18276
18341
18163
18298
18241
18480
18458
18629
18555
18825
18692
18617
18779
18745
18679
18729
18900
18721
18738
19028
18835
19321
19262
18969
19018
19286
19228
19404
19378
19327
19606
19903
20007
20305
20159
20007
19710
19786
19351
19679
19679
19526
19743
19771
19972
20191
20201
20223
20651
20471
20222
20096
20118
20199
20315
20336
19762
20275
20286
20485
20508
20948
20903
20687
20563
20495
20599
21004
20658
20953
20823
20804
21138
20921
20936
20777
21026
20735
21019
21062
21304
21258
20975
21158
21250
20992
20942
21311
21255
21275
21115
21420
21288
21258
21255
21479
21323
20990
21123
21028
21260
21271
21507
21174
21099
20820
21098
20918
20999
20842
20671
20384
20460
20164
20104
19988
19335
19353
18607
18192
18133
17268
17048
16687
16351
16262
16296
15835
16217
16087
15585
15387
15145
14917
14849
14623
14731
14529
14625
14217
14359
14217
14291
14284
13958
14247
14202
13962
13920
13861
13898
13753
13771
13488
13671
13504
13615
13636
13669
13531
13389
13319
13148
13276
13041
12796
12981
13056
13056
13025
12975
13069
12814
12896
12734
12643
12599
12439
12615
12548
12533
12711
12249
12370
12410
12331
12188
12186
12157
12361
12032
11847
12099
12004
11977
11962
11889
11817
11830
11654
11719
11770
11636
11601
11851
11567
11273
11405
11411
11351
11292
11217
11021
11016
11040
10803
11046
10798
10706
10938
10712
10544
10667
10512
10520
10493
10420
10403
10286
10379
10083
9981
9923
10178
10041
9923
9896
9874
9692
9854
9607
9509
9540
9709
9374
9434
9311
9221
9168
9267
9033
9280
9225
9014
9056
8850
8741
8622
8679
8460
8323
8378
8284
8327
7972
8187
8037
7833
8048
7880
7544
7739
7578
7490
7430
7560
7309
7222
7338
7225
7134
7134
6984
7035
7002
7021
6643
6688
6683
6434
6470
6395
6369
6295
6271
6211
6152
6161
5976
5887
5835
5845
5783
5616
5707
5546
5664
5488
5351
5329
5416
5266
5227
5107
5154
5162
5109
4990
4907
4946
4719
4948
4731
4583
4551
4400
4464
4252
4313
4322
4344
4256
4332
4153
4022
4113
3985
4025
3990
3958
3791
3814
3786
3803
3637
3668
3635
3705
3651
3614
3509
3421
3445
3519
3397
3392
3222
3273
3239
3300
3282
3191
3159
3156
3176
3096
3077
3103
3080
3054
3088
3038
3043
3014
2973
2980
2891
2923
2831
2858
2877
2913
2923
2888
2886
2815
2898
2833
2822
2826
2818
2727
2765
2809
2805
2729
2684
2643
2708
2636
2621
2709
2616
2618
2597
2599
2726
2675
2630
2476
2632
2631
2457
2539
2497
2539
2524
2528
2475
2531
2507
2433
2477
2515
2455
2428
2491
2499
2432
2402
2381
2395
2341
2309
2326
2437
2327
2497
2515
2540
2477
2321
2306
2260
2135
2288
2268
2181
2195
2201
2148
2121
2151
2160
2091
2207
2184
2095
2114
2168
2102
2038
2069
2002
2012
1969
1949
2010
2087
2004
2023
2030
2048
1980
2066
1930
2039
1931
1934
1976
2026
2080
2008
1992
2054
2113
2048
2120
2114
2070
2091
2209
2286
2249
2381
2600
3217
5896
15929
51590
157024
388721
746846
1072394
1132846
872622
488116
196996
58424
12942
2473
772
664
606
611
610
556
560
509
488
493
505
461
461
467
452
435
443
438
467
478
459
453
450
423
444
466
452
444
442
434
473
414
454
425
410
409
406
374
405
405
400
439
414
397
411
426
451
441
436
426
499
433
409
390
372
432
446
412
435
405
404
377
420
419
414
397
422
383
438
386
391
410
442
443
453
406
428
431
436
411
370
369
430
427
396
391
444
447
429
462
452
460
465
499
449
415
392
407
394
377
382
398
392
445
486
510
505
467
426
387
432
422
378
398
405
395
392
393
394
385
439
386
375
387
392
408
381
364
417
396
376
396
386
376
426
373
441
387
402
419
416
411
440
365
434
380
394
361
399
410
381
392
403
426
416
467
411
383
377
405
357
390
442
430
395
409
417
385
389
416
415
399
391
399
405
383
396
321
346
369
380
415
346
394
412
374
359
374
395
427
365
383
364
403
386
379
390
371
401
372
376
394
393
387
377
347
392
398
421
399
399
363
402
382
354
390
355
339
344
359
336
324
373
377
378
345
350
361
406
345
397
382
407
398
402
362
376
372
347
357
378
396
382
365
372
376
360
383
351
446
363
376
406
400
418
417
371
392
377
391
366
386
376
347
360
365
388
415
410
386
397
419
363
422
358
358
352
382
396
384
404
339
382
348
375
361
360
362
347
349
348
348
366
395
359
366
361
374
364
370
394
379
388
324
389
362
375
361
351
339
350
363
412
385
378
346
374
378
339
395
404
395
422
368
336
375
385
361
368
364
354
377
349
399
348
380
420
366
350
450
444
484
462
450
395
399
342
364
370
377
360
384
368
384
381
329
381
353
391
334
399
369
351
355
367
385
354
362
416
403
371
419
409
345
354
363
368
328
362
357
326
383
362
369
347
342
337
376
339
344
367
355
341
332
332
334
319
350
368
380
430
380
389
349
378
416
394
377
384
390
355
380
331
344
370
337
384
367
341
344
331
322
324
316
321
357
337
383
359
364
351
348
349
316
341
370
319
324
343
373
347
383
336
370
358
336
331
319
336
371
375
370
309
329
332
346
333
344
360
351
362
363
369
353
393
389
343
328
331
383
348
412
403
447
458
450
372
363
361
330
347
320
362
373
368
383
391
435
497
639
792
896
757
654
490
419
373
387
343
335
355
367
360
396
417
433
439
424
411
362
338
335
367
322
342
345
348
341
385
349
347
344
362
381
356
350
389
320
342
368
335
378
370
421
423
368
373
350
366
303
338
355
318
313
341
321
353
340
364
328
349
342
328
351
342
323
349
360
327
360
330
350
356
358
350
364
376
356
342
360
350
367
352
329
308
327
316
375
360
338
366
345
323
368
359
325
346
366
380
347
379
354
360
381
366
329
338
333
362
317
329
304
317
345
341
367
402
401
411
400
387
367
352
345
343
318
352
327
326
322
322
314
321
338
327
367
341
356
370
285
329
342
371
345
365
346
330
300
316
335
363
358
337
363
322
380
381
407
425
439
395
396
293
331
340
301
344
310
296
345
329
307
348
338
348
326
329
310
343
322
318
371
328
331
323
329
298
302
325
359
307
331
284
324
314
317
369
354
317
369
331
358
341
328
327
345
345
301
319
303
291
329
300
324
329
334
323
287
312
311
322
339
338
336
355
419
432
511
518
487
432
385
347
344
338
404
533
590
583
634
515
435
319
380
311
329
342
326
324
315
357
334
313
314
342
339
383
317
323
367
315
338
344
369
320
342
342
304
346
317
305
333
322
333
345
317
325
364
305
303
330
318
327
325
318
270
326
349
346
330
355
347
289
335
296
323
336
316
316
321
268
322
354
337
305
322
334
315
303
305
309
334
310
324
351
349
302
312
351
303
336
313
316
310
327
315
326
298
306
342
329
343
335
319
330
295
310
329
376
342
297
333
329
310
347
330
321
344
323
300
299
321
323
332
270
318
348
356
327
328
346
347
319
352
309
279
311
335
299
325
329
308
319
311
306
328
315
299
318
291
299
315
294
332
314
308
330
309
320
375
340
348
409
399
358
379
370
315
366
306
316
311
328
310
326
311
307
297
298
310
313
335
313
315
328
332
314
334
310
344
334
334
327
328
319
350
315
311
302
314
311
290
337
319
295
297
300
305
313
312
311
309
321
315
323
295
300
301
298
294
304
336
323
319
333
321
302
271
272
273
296
309
267
311
314
305
329
347
320
325
308
323
310
294
280
308
295
309
305
314
300
318
305
323
333
377
357
368
360
314
328
304
299
336
335
302
311
321
313
296
315
306
297
341
375
363
380
334
305
255
319
298
308
337
328
361
376
387
425
390
464
402
445
383
378
378
308
319
323
325
326
312
324
314
302
344
315
305
340
304
317
287
309
319
302
324
315
332
300
267
273
276
287
298
309
272
285
311
323
289
315
315
314
312
286
271
287
295
321
286
287
308
319
302
310
397
380
378
364
334
313
309
300
297
293
312
315
292
293
291
300
331
282
304
343
290
283
324
316
289
279
269
331
319
276
272
332
286
298
276
275
287
284
304
272
295
300
272
290
285
289
300
306
284
285
275
270
305
334
314
277
312
301
303
277
249
298
303
258
279
282
301
316
292
299
314
289
305
276
290
262
275
283
297
303
289
297
330
325
292
275
284
289
294
294
307
308
291
291
297
296
281
313
318
286
321
306
312
315
317
296
308
316
296
312
317
312
292
327
338
291
310
289
292
270
295
254
276
282
300
297
303
274
321
268
300
274
321
290
300
300
279
293
261
298
299
333
276
298
305
307
278
269
285
270
325
311
313
324
354
300
305
323
317
318
374
423
423
434
409
357
314
328
266
296
302
270
288
320
281
283
300
327
288
294
281
280
296
307
301
293
316
299
362
321
305
301
306
321
274
306
295
281
308
287
319
274
263
273
288
301
277
280
301
273
291
268
273
274
275
281
303
277
285
296
339
311
311
250
284
295
264
266
256
298
292
296
295
319
291
279
277
268
275
272
293
273
275
249
300
263
299
283
270
305
297
361
360
392
372
384
336
336
303
293
293
346
367
408
395
397
369
386
352
293
321
294
289
304
255
295
287
267
296
297
288
275
289
328
329
389
442
435
382
326
281
278
300
291
259
277
276
252
265
273
242
255
261
265
287
269
271
283
253
265
283
284
307
297
308
338
349
348
297
306
358
351
312
329
307
316
285
293
263
270
263
328
314
339
331
291
258
287
277
258
266
317
294
243
284
236
273
267
293
290
231
236
296
284
319
300
311
318
259
277
264
289
291
276
258
296
297
287
311
262
233
258
267
255
293
277
263
276
287
311
298
280
287
299
265
243
276
268
245
272
293
259
249
249
286
279
285
298
303
253
270
282
287
277
265
247
251
251
269
253
263
260
233
294
308
286
291
305
362
321
289
297
293
275
265
278
280
264
254
219
253
252
246
253
262
262
256
282
236
273
292
270
264
251
264
268
251
284
284
259
254
263
287
257
270
283
270
259
232
288
297
287
285
267
277
284
281
290
273
252
266
300
279
271
265
238
271
280
239
275
264
267
265
299
276
277
264
275
281
280
266
254
253
293
252
273
257
269
255
263
286
303
279
278
306
343
383
426
475
494
494
473
462
373
349
363
413
483
569
652
620
598
526
440
358
299
288
270
259
281
262
281
284
269
257
252
255
306
286
293
279
279
323
330
255
247
275
239
281
268
259
262
254
278
275
273
272
268
292
274
282
276
303
272
261
245
272
252
267
263
297
253
282
280
271
279
258
288
239
256
268
285
268
282
273
286
272
282
251
259
263
274
259
266
247
272
302
313
322
283
283
293
267
274
288
273
265
301
269
279
273
272
268
264
251
259
276
238
268
238
244
253
245
276
261
247
232
283
275
285
302
296
294
273
257
276
270
249
273
267
251
258
236
226
275
293
273
259
278
273
284
289
238
245
283
239
270
273
275
276
265
246
250
259
271
280
271
302
294
298
294
290
328
286
285
283
263
311
334
297
291
331
267
299
290
302
299
287
261
288
261
274
250
253
253
264
272
279
273
237
262
249
260
275
249
248
241
274
272
251
262
258
247
263
281
296
300
302
297
283
299
270
271
265
258
239
267
269
270
270
266
285
286
299
285
288
339
297
289
275
275
246
260
273
239
260
242
251
273
246
267
287
242
246
247
235
265
275
257
250
256
289
289
265
252
273
259
244
258
215
301
248
271
256
257
277
255
268
261
300
304
249
243
240
257
281
264
263
278
289
262
257
277
274
262
281
297
249
275
275
308
277
305
250
285
281
278
290
257
298
276
280
269
272
246
289
261
277
295
239
245
260
255
276
273
267
285
288
277
271
244
222
259
241
251
263
284
266
242
271
277
273
258
269
286
255
258
249
273
260
286
255
251
266
240
253
282
280
264
274
258
257
249
230
234
264
259
259
218
260
279
290
278
247
248
264
285
253
267
243
288
265
222
291
241
281
232
240
274
247
277
265
264
237
265
268
249
282
276
270
250
280
264
261
272
300
308
282
292
295
337
285
282
279
282
270
271
312
289
239
297
297
268
314
342
286
282
281
243
262
283
248
259
257
286
261
267
233
261
264
260
253
237
258
235
272
254
228
253
267
246
250
255
250
277
249
253
254
290
257
288
270
308
253
269
234
253
234
230
266
229
245
237
258
238
252
223
231
237
206
248
261
249
245
263
296
269
239
290
255
274
259
248
259
247
239
231
217
230
237
236
229
236
243
268
224
273
292
314
313
330
295
273
263
263
234
247
224
229
234
233
235
246
246
251
247
216
240
250
237
227
225
217
238
234
242
255
243
227
232
224
288
294
385
440
533
563
524
459
370
317
281
237
264
225
224
211
236
215
232
224
260
222
255
252
224
219
231
233
248
221
254
272
218
252
232
274
223
266
254
228
230
220
215
209
218
220
246
218
238
253
214
233
234
230
252
250
234
233
220
248
235
244
250
237
234
234
230
226
238
243
222
253
237
242
259
241
311
398
527
672
791
738
566
479
359
274
267
231
238
252
266
258
303
249
253
226
240
235
239
205
250
283
273
271
293
232
255
243
217
223
216
221
221
212
190
213
211
189
201
186
207
225
210
210
223
226
227
209
234
230
240
245
199
209
201
232
215
192
237
197
225
196
246
212
238
242
229
206
189
197
195
207
247
224
213
207
209
207
193
213
207
195
207
217
188
206
212
252
266
248
281
238
235
221
261
257
259
271
300
256
249
242
234
195
225
238
197
209
180
228
202
215
212
221
238
228
198
241
215
210
209
191
198
181
187
184
212
200
201
238
259
220
227
239
225
188
204
214
197
199
195
182
195
200
237
206
190
203
208
225
248
229
242
235
248
221
260
231
202
224
201
197
215
191
230
203
190
216
207
221
216
209
223
196
226
230
190
182
176
182
201
181
220
196
205
187
251
189
204
211
192
208
192
185
210
218
191
200
243
222
241
208
206
195
198
210
198
197
214
208
219
195
187
215
219
214
206
218
197
205
210
226
221
208
214
175
207
216
221
214
197
218
217
192
216
222
187
178
231
240
297
458
656
941
1026
965
836
636
456
364
412
561
834
1229
1459
1475
1346
1020
618
408
290
245
223
225
209
219
179
208
182
201
202
204
192
212
197
194
209
195
180
202
204
207
224
204
198
210
220
207
208
215
182
214
215
232
222
234
221
210
206
215
247
215
191
221
204
214
192
202
196
191
190
177
194
201
191
205
203
187
209
242
204
227
213
214
198
194
170
186
209
198
196
193
178
194
199
204
198
209
206
185
211
194
192
207
206
204
198
200
169
199
191
205
191
216
200
215
201
201
194
213
211
224
207
239
226
223
191
240
195
219
187
218
224
231
201
186
166
186
215
208
200
186
207
184
213
192
223
168
189
190
184
208
212
190
192
193
170
195
172
190
222
177
184
212
194
187
173
208
181
201
206
218
205
212
219
197
209
212
177
189
191
185
195
209
191
173
175
188
199
204
202
195
203
219
203
191
189
217
203
188
202
176
213
184
182
175
202
166
193
193
188
206
186
207
211
195
195
180
193
199
213
194
188
198
199
207
190
212
211
193
193
224
168
193
191
185
180
160
192
206
189
192
215
216
196
206
220
195
229
227
222
217
218
196
193
201
205
171
196
196
222
180
201
207
189
216
181
195
177
189
164
204
194
227
192
170
184
185
182
200
212
171
179
193
202
172
181
208
204
221
238
244
250
260
195
206
214
213
214
223
228
240
225
237
255
217
195
182
228
177
192
191
160
183
190
199
196
176
204
193
162
173
184
216
192
197
178
157
207
175
182
192
213
214
240
220
213
229
196
186
196
169
201
206
185
199
180
189
205
209
215
234
194
184
194
178
175
186
172
169
211
165
185
208
202
193
200
187
203
225
235
185
177
211
181
162
198
169
187
218
216
173
180
213
194
209
191
189
193
190
194
207
206
196
197
209
198
188
225
194
182
199
208
237
255
288
281
239
229
220
216
254
336
449
659
793
900
795
662
489
342
247
219
202
227
210
211
218
237
218
206
178
189
221
219
198
215
189
179
194
199
213
218
202
186
191
202
229
206
199
191
196
203
211
196
175
211
205
230
222
189
182
216
200
201
192
216
175
185
202
214
205
196
211
237
203
197
207
220
213
226
227
246
220
221
248
251
227
211
230
192
205
190
191
216
175
190
223
204
178
223
197
200
195
189
212
224
219
218
203
227
201
200
224
190
192
198
192
189
189
190
222
205
188
179
210
206
213
213
214
199
222
218
212
231
256
267
310
388
409
495
466
495
447
338
292
264
228
230
239
231
197
214
204
171
206
218
205
170
208
188
215
216
224
207
224
234
198
218
193
208
208
194
195
198
205
189
197
199
214
208
205
214
198
211
196
184
198
206
187
201
203
197
210
211
160
195
179
203
219
203
214
196
208
210
218
221
196
197
205
216
206
186
198
181
188
199
203
227
227
217
233
222
242
204
221
193
208
195
169
199
181
234
191
205
235
202
208
204
232
190
190
171
184
195
199
229
212
197
209
214
210
206
201
193
186
180
183
188
181
213
215
206
188
209
169
200
194
190
229
201
200
189
181
178
142
201
207
232
199
213
211
218
203
203
182
193
216
225
217
190
223
174
202
175
209
207
224
196
194
187
231
202
226
218
203
208
197
239
225
222
183
221
224
201
220
219
216
235
241
213
242
210
189
221
202
199
221
197
208
210
207
208
224
217
191
204
198
215
195
196
198
198
193
213
214
196
172
212
196
182
189
187
179
212
210
198
181
187
192
212
196
210
202
210
217
287
246
309
303
270
270
258
250
218
220
198
210
187
213
210
219
232
209
207
215
175
194
184
218
209
191
193
212
210
209
221
233
223
197
210
210
193
183
210
182
205
230
207
222
200
203
200
202
175
193
189
207
215
216
208
194
194
193
209
202
185
192
207
230
205
233
218
228
199
241
210
229
205
211
210
191
205
195
234
197
205
211
226
215
219
221
197
192
192
177
194
217
225
194
196
202
220
204
206
195
185
214
200
206
198
218
199
181
204
235
208
213
238
243
247
229
230
206
204
195
199
225
202
192
233
219
214
199
192
178
206
208
220
216
208
190
208
208
218
229
231
246
253
296
282
281
246
256
234
226
214
252
228
222
234
211
236
214
185
206
202
186
231
211
198
217
246
221
240
240
247
257
249
262
235
215
200
220
233
202
215
216
211
210
210
208
243
261
302
339
422
485
528
547
548
444
386
325
264
259
221
234
217
238
214
228
231
215
246
231
243
251
266
282
297
275
282
228
208
241
222
195
207
224
183
219
201
205
213
188
213
213
227
212
227
248
250
309
352
412
422
403
404
377
358
344
256
266
234
215
202
205
206
221
192
208
195
218
204
188
212
196
190
200
200
195
205
192
205
228
204
215
168
222
188
179
224
204
216
207
219
228
215
200
206
199
192
199
183
197
199
197
207
194
201
207
182
196
207
198
185
211
199
213
187
193
183
179
214
203
197
193
199
213
178
193
196
187
177
200
221
187
234
190
186
174
218
192
218
210
195
196
189
196
209
179
189
201
205
203
197
184
195
190
195
209
177
200
182
207
200
188
198
165
177
195
209
193
187
211
186
192
198
190
199
195
175
193
190
191
205
182
207
183
190
180
222
218
232
213
227
281
216
218
254
230
257
241
197
195
183
176
195
195
180
193
185
175
204
189
176
203
191
172
213
181
200
172
191
190
186
167
199
191
175
197
202
208
175
207
185
192
223
192
205
171
186
164
181
205
205
195
211
207
190
189
230
219
185
203
203
173
174
190
175
183
203
213
197
192
193
185
218
170
195
168
195
198
227
210
218
198
192
198
210
218
159
184
188
193
200
178
217
189
182
179
211
192
233
240
252
244
245
187
230
204
193
189
195
210
202
200
202
190
167
191
221
228
268
244
314
417
479
660
848
1036
1178
1149
1154
932
688
507
366
303
234
208
218
222
223
222
208
212
244
198
227
243
206
210
237
181
210
218
193
193
211
212
184
200
182
218
206
190
217
206
203
194
208
179
218
222
193
207
194
225
203
212
200
190
213
205
211
177
203
208
197
218
190
193
201
183
211
213
195
199
196
192
190
184
208
219
192
196
198
215
170
188
199
195
199
206
211
200
196
213
221
178
238
209
218
197
182
184
171
186
175
184
193
190
193
228
200
191
205
225
222
190
213
204
195
215
195
193
219
218
251
249
290
390
511
618
790
953
932
888
682
676
520
504
353
311
290
253
223
198
197
170
191
203
191
202
212
233
251
222
226
231
234
215
181
197
208
195
189
205
193
198
207
195
193
210
233
216
174
192
202
212
220
214
200
227
268
261
296
327
340
318
312
273
250
216
222
209
189
185
215
221
195
226
213
218
179
196
221
208
161
177
194
220
217
249
237
249
293
267
235
253
252
236
195
206
201
199
208
209
191
206
204
222
209
206
186
218
224
210
196
216
217
204
211
209
227
220
199
184
209
213
190
203
181
178
214
190
211
229
224
233
177
206
203
201
221
210
193
233
199
191
197
219
204
225
203
208
202
214
242
211
206
187
211
221
195
205
200
193
181
221
161
202
221
211
205
182
203
189
205
184
205
202
194
185
208
195
194
187
226
191
204
176
203
206
210
180
195
218
188
211
175
229
195
212
216
225
209
235
216
206
219
194
196
179
195
197
171
202
199
196
200
206
204
193
192
200
219
188
180
201
209
215
199
198
196
207
196
198
213
190
210
204
174
191
205
182
202
202
201
198
182
192
194
212
188
196
202
213
216
204
202
203
200
217
179
220
210
225
225
224
201
218
212
234
189
196
190
202
194
204
182
209
183
203
205
191
215
226
206
217
208
210
236
219
200
202
182
187
192
183
210
196
203
183
189
190
179
219
168
236
208
188
211
190
201
232
244
214
204
236
262
206
238
231
224
229
200
210
182
192
202
197
196
166
199
176
185
220
196
171
174
199
232
198
160
197
190
178
187
189
201
161
216
167
185
181
190
189
173
215
170
172
189
174
179
169
165
162
163
173
186
176
174
206
191
183
177
214
190
195
177
179
188
194
189
183
189
180
212
226
235
215
216
232
239
236
194
186
188
181
194
196
181
186
192
206
189
219
239
274
244
258
242
230
218
237
187
183
175
173
163
184
193
179
178
201
261
276
334
392
484
614
644
629
746
579
564
478
396
312
251
230
201
175
208
191
178
204
205
218
204
192
223
183
193
192
192
179
168
190
191
164
161
184
186
212
174
172
191
187
161
195
221
203
262
248
308
333
418
435
479
473
470
483
419
398
352
293
247
196
208
182
179
178
210
163
156
174
179
187
165
163
171
169
184
179
184
171
146
180
179
192
162
157
183
184
190
175
169
153
194
209
163
214
187
167
165
173
161
149
162
151
165
179
137
149
172
158
207
182
161
174
169
161
158
182
161
165
168
152
170
162
150
165
176
145
169
176
198
179
162
175
159
181
177
175
150
138
167
156
169
171
185
160
135
176
176
160
163
154
158
141
191
168
160
150
162
152
145
170
130
166
167
148
151
168
156
148
151
150
138
150
146
150
129
156
156
167
164
150
136
155
147
167
169
143
162
183
211
202
184
197
171
168
143
165
173
160
148
148
155
153
159
169
162
173
151
163
162
161
165
146
178
136
154
147
161
158
171
144
140
172
140
148
173
153
144
174
148
169
143
136
131
175
148
165
179
184
203
187
186
168
199
185
157
188
172
180
171
163
164
149
153
128
144
167
145
145
182
151
164
159
158
146
138
169
134
156
128
139
142
161
125
161
138
155
155
149
117
146
171
144
159
143
160
117
156
129
142
168
154
150
152
168
145
163
198
173
180
207
169
157
162
159
172
168
151
185
200
197
223
346
457
689
1095
1598
1858
2035
1934
1523
1062
626
430
236
210
166
149
144
149
125
142
131
150
145
151
141
137
129
128
147
118
141
152
144
155
161
151
135
133
142
143
170
139
145
147
168
153
124
138
167
150
147
136
123
143
139
134
137
145
145
144
147
153
172
152
165
159
174
148
151
123
123
136
144
136
158
125
139
153
136
170
161
157
160
150
158
177
180
184
186
205
204
195
206
176
209
179
170
163
172
169
172
156
140
139
165
158
165
144
155
155
141
156
160
139
137
152
148
137
156
160
156
187
176
145
171
166
167
175
171
195
202
314
360
415
487
498
496
460
371
297
257
231
168
148
160
152
119
139
142
166
179
185
190
165
216
189
183
181
144
127
165
162
145
135
135
148
161
143
158
171
174
165
146
134
161
158
163
175
177
224
221
281
316
334
346
341
289
242
216
184
167
150
137
140
124
127
141
139
147
130
121
129
161
140
109
165
136
114
132
155
148
173
144
181
158
162
163
159
147
134
161
138
121
152
143
126
147
132
128
134
147
149
128
124
124
132
124
127
146
111
128
122
142
149
159
156
180
181
175
169
166
143
136
122
126
122
145
124
144
142
119
130
133
126
132
135
124
123
121
120
124
131
119
134
145
142
153
136
141
123
149
133
116
132
112
129
128
121
128
134
113
134
136
149
113
139
136
131
123
124
100
116
106
127
123
102
132
114
135
117
132
118
146
128
109
139
127
114
139
109
144
144
129
130
136
142
109
126
111
125
134
123
122
119
124
107
135
113
136
106
100
150
136
123
125
121
113
153
86
107
113
125
103
114
115
122
122
118
107
120
119
106
115
116
108
94
128
126
119
103
118
120
122
117
118
127
121
120
106
120
108
131
121
114
121
130
125
130
142
134
139
127
105
117
98
111
132
111
121
133
128
118
133
125
143
120
121
134
130
130
129
122
134
105
110
120
109
104
112
103
101
102
85
118
110
110
127
121
129
111
102
115
119
102
114
115
129
107
111
121
87
141
125
109
117
98
117
113
116
108
98
86
100
122
101
120
112
113
99
100
112
133
103
128
118
121
97
106
128
117
104
106
124
99
141
92
96
101
109
97
104
116
115
93
118
104
102
93
101
129
107
97
124
110
100
91
118
101
123
129
146
136
128
122
120
107
116
119
115
132
108
112
114
107
107
106
102
105
110
113
74
100
94
121
114
99
116
119
121
106
87
90
110
106
93
106
119
97
128
116
134
167
181
221
356
477
648
748
872
912
813
737
551
418
306
208
143
120
96
121
119
119
126
127
142
118
138
136
131
108
99
101
116
99
88
101
111
103
103
95
122
91
96
118
112
116
137
144
142
153
169
200
297
349
520
537
633
670
653
695
630
508
414
353
280
217
199
165
135
112
99
111
123
118
111
102
101
105
108
96
98
109
107
96
115
127
121
92
82
99
92
107
103
84
96
105
98
92
94
91
101
118
93
89
85
108
118
114
116
85
107
86
95
98
93
85
109
89
97
100
91
99
101
96
90
104
98
96
85
102
95
93
103
101
95
87
86
107
95
98
99
109
79
100
109
103
124
105
111
105
103
99
101
104
88
103
97
93
114
103
110
107
99
95
99
93
92
116
103
102
96
102
106
87
88
98
85
88
88
88
87
102
78
104
98
102
113
87
112
106
100
121
141
140
156
137
159
126
134
111
111
85
80
92
79
111
83
94
129
104
105
102
73
93
113
95
89
98
110
116
100
116
117
137
149
116
127
115
111
90
86
86
87
86
106
81
89
94
107
111
104
134
125
147
162
153
173
138
127
117
106
95
80
107
85
85
87
88
109
92
93
97
89
90
119
109
118
107
85
80
95
81
86
91
105
100
92
89
84
98
95
86
68
75
80
97
101
77
79
82
88
76
84
65
80
85
65
91
79
93
80
74
92
80
93
87
79
93
92
81
82
79
87
100
98
102
81
81
78
94
76
85
89
88
72
97
90
94
89
84
88
89
96
85
70
74
103
75
85
78
83
84
89
82
93
101
62
90
81
85
70
71
86
69
77
81
84
70
83
61
72
81
90
81
87
82
82
77
80
83
95
90
85
78
79
84
84
97
98
92
89
88
68
76
82
83
83
85
76
64
78
87
65
84
63
68
66
79
90
96
91
110
118
106
153
140
168
166
190
195
172
163
144
120
107
87
91
77
86
90
84
85
81
83
119
83
90
89
112
87
73
86
73
63
73
91
68
80
81
106
97
87
94
93
113
150
154
188
309
406
434
581
657
552
476
344
236
155
110
96
89
92
76
79
81
82
88
85
99
109
107
84
91
85
81
76
88
80
80
70
75
83
84
74
68
74
70
78
86
86
94
73
71
92
115
139
198
255
287
326
374
352
293
218
151
121
95
85
75
80
68
73
81
72
78
57
88
96
72
84
73
67
71
88
94
109
105
119
97
109
89
115
97
86
109
94
106
110
88
85
101
92
86
82
72
93
95
82
93
87
92
77
88
106
87
98
99
87
105
111
119
141
174
158
162
142
106
118
122
95
106
98
81
61
72
102
85
82
82
72
66
69
84
73
91
85
74
84
77
90
82
93
101
88
93
90
85
93
80
84
73
87
89
94
72
85
90
69
75
67
84
82
77
68
79
73
77
82
79
72
93
74
75
85
91
78
86
76
74
70
73
76
71
66
85
66
76
72
79
78
71
83
72
74
82
56
76
71
70
63
68
87
76
93
62
68
59
78
88
79
74
81
72
76
75
75
84
71
60
66
74
61
76
86
65
68
90
63
67
83
61
74
75
64
67
79
54
78
71
74
63
76
70
65
78
76
72
60
90
77
70
82
68
73
64
73
102
81
86
75
91
71
84
99
85
103
80
89
63
82
86
107
116
116
127
108
102
77
88
75
61
67
74
69
68
59
77
63
65
72
71
69
88
65
65
67
76
78
66
79
74
80
66
84
95
87
93
111
91
91
77
75
75
69
82
67
66
66
86
79
74
55
55
64
66
83
60
71
91
98
83
86
87
75
67
58
84
72
59
60
57
70
73
70
45
72
63
78
73
78
72
64
67
73
80
68
85
62
86
64
79
85
72
83
95
88
104
105
106
83
83
92
84
78
80
66
65
78
70
78
80
73
68
60
69
83
98
68
67
78
68
72
85
70
71
78
78
64
67
63
59
71
59
80
64
80
69
75
65
72
62
71
75
72
65
60
66
55
64
77
78
73
61
81
67
63
75
88
64
63
69
66
69
56
67
55
81
84
63
82
67
51
66
53
65
67
76
63
68
65
64
71
57
63
69
77
65
77
86
95
108
125
166
200
252
282
333
376
386
318
316
264
239
198
150
116
105
100
77
56
65
70
68
77
75
65
64
58
54
70
68
74
62
69
69
66
63
65
77
82
63
74
60
77
75
73
74
62
72
70
64
62
64
64
60
67
61
58
65
63
92
70
56
60
55
64
78
83
72
69
65
74
78
63
72
75
68
62
71
49
56
65
63
57
58
73
76
70
71
67
73
61
63
61
55
52
46
72
73
78
68
78
53
83
76
78
66
72
86
70
70
79
71
71
62
60
57
61
74
64
57
61
68
82
70
65
65
68
60
62
69
56
57
61
61
66
58
60
64
67
52
47
74
62
76
71
75
67
69
79
74
76
58
58
78
69
82
81
81
88
74
87
73
69
77
80
92
83
109
151
147
130
130
125
104
92
71
69
67
75
77
54
75
73
58
97
89
119
124
135
170
137
134
115
92
69
74
66
58
50
59
54
61
70
69
71
61
52
60
71
56
69
59
64
78
78
62
68
74
75
57
66
64
47
75
59
74
62
73
52
81
66
58
64
79
49
54
55
59
52
56
63
55
53
74
65
73
72
63
49
63
76
57
65
60
60
63
57
64
53
53
51
56
62
65
64
77
68
72
58
53
68
65
68
57
63
59
69
79
69
70
71
72
71
77
65
49
64
74
59
72
74
61
58
53
53
57
54
64
66
52
49
64
59
54
71
61
73
78
62
76
69
58
65
73
68
66
55
69
80
69
72
61
51
50
57
67
53
45
70
78
64
70
55
63
62
68
53
53
71
58
75
56
45
51
66
75
75
97
91
119
122
154
169
173
164
159
119
105
95
81
69
55
44
63
71
55
44
54
60
65
49
71
55
59
63
53
66
70
60
77
67
82
62
81
68
79
61
52
72
63
72
62
52
51
44
61
67
79
79
61
48
55
63
61
79
53
53
60
64
48
53
47
56
72
56
67
66
65
54
65
52
61
53
60
63
68
47
59
58
57
69
71
62
49
55
52
72
59
57
58
64
63
57
58
67
61
57
54
60
70
72
62
62
84
57
69
59
68
58
61
52
56
62
67
58
72
64
77
87
66
94
106
90
100
101
84
68
56
72
67
52
45
52
51
60
49
58
68
55
58
60
65
62
76
71
69
66
57
57
53
72
77
86
97
111
133
127
144
155
135
143
133
94
89
68
83
81
78
65
79
60
59
71
57
64
64
44
59
47
67
69
63
55
63
63
48
62
49
53
51
80
54
75
59
63
60
71
52
70
57
57
53
61
60
76
64
65
48
50
55
55
57
69
50
54
45
42
50
55
58
59
58
55
53
46
51
62
45
68
55
57
49
56
64
65
58
50
61
48
49
64
68
68
58
47
55
58
47
60
56
45
58
43
40
59
51
65
59
68
45
55
58
65
44
46
36
59
53
49
56
47
50
53
63
54
56
54
44
54
62
44
55
50
40
61
61
47
53
51
60
59
53
59
53
48
45
54
50
52
56
63
55
51
52
65
71
62
68
70
46
66
56
39
52
63
49
53
58
62
50
51
63
52
39
63
40
64
38
52
42
57
53
39
42
52
61
53
73
70
44
48
42
58
60
64
69
57
63
59
57
64
65
67
55
59
52
50
43
57
58
47
47
44
55
48
50
54
45
47
50
45
50
45
50
42
45
57
46
61
59
50
58
42
56
49
47
56
57
57
60
52
58
55
58
49
61
55
57
54
55
67
66
80
75
87
65
65
63
67
49
57
44
52
51
42
48
47
55
72
49
44
49
56
58
49
47
48
59
60
64
64
71
76
93
112
123
151
156
135
149
108
134
85
76
66
49
57
38
49
53
49
51
54
45
40
54
40
59
48
53
59
50
39
52
57
47
60
38
44
47
53
69
48
57
50
48
58
46
39
50
48
56
54
45
55
52
45
51
56
40
66
48
59
44
68
60
51
53
60
62
50
71
64
74
67
83
126
126
162
212
296
300
369
346
379
348
279
214
183
136
108
71
57
62
37
48
44
59
53
59
34
43
61
69
45
43
38
46
43
33
43
58
58
64
49
39
60
66
48
49
71
63
59
76
60
62
70
48
56
33
69
44
71
42
50
56
57
43
56
42
58
53
43
47
46
51
65
55
42
46
49
50
62
59
40
36
58
38
51
56
51
56
45
45
60
40
47
49
43
41
53
55
45
58
49
48
54
48
53
55
64
61
60
62
53
50
58
55
44
46
50
51
40
47
43
66
40
58
50
72
69
79
65
72
63
52
71
46
46
50
53
47
38
55
52
43
49
48
49
40
62
33
47
52
58
37
51
49
34
47
46
43
46
60
50
50
60
64
57
49
66
81
84
102
100
132
104
110
121
97
75
86
67
50
56
41
53
56
50
44
46
62
39
37
46
58
47
45
51
32
64
46
51
51
57
55
36
45
58
48
44
61
55
51
56
57
41
52
36
51
46
52
50
46
59
41
54
51
41
49
56
37
57
47
52
53
45
40
45
43
42
61
35
42
46
49
36
45
50
43
53
41
39
50
53
50
43
72
57
48
51
68
40
52
45
50
42
60
58
37
44
43
41
52
43
42
42
65
54
47
47
46
44
52
63
42
52
44
51
55
52
47
70
72
69
51
53
46
41
47
38
46
46
45
45
53
46
46
49
57
49
54
56
57
53
45
65
68
49
47
48
52
62
61
47
43
48
57
31
57
46
55
50
43
45
57
31
47
44
45
57
50
38
37
51
49
49
45
48
44
47
48
40
44
45
48
47
41
44
44
45
50
40
46
47
48
50
64
55
52
47
40
36
49
51
45
57
36
44
49
45
55
45
67
53
59
55
58
53
61
62
48
60
52
59
38
49
63
38
28
44
51
44
62
48
43
40
40
32
32
47
55
53
55
43
54
47
55
53
46
51
37
44
38
34
42
63
29
44
59
45
43
35
42
49
55
42
40
55
50
41
42
50
55
46
55
50
47
44
45
47
45
53
54
48
35
55
43
47
55
50
43
46
49
56
54
47
46
66
67
48
58
51
61
57
58
62
64
90
90
98
81
66
47
57
58
56
59
51
67
85
95
133
134
156
138
122
121
88
92
65
58
76
51
45
61
59
54
70
77
69
72
91
102
100
122
127
122
152
139
142
95
93
85
71
73
70
70
69
52
52
53
43
32
37
51
46
39
51
56
39
43
48
50
59
40
49
52
59
55
37
55
52
59
56
60
46
54
46
39
71
52
57
53
52
44
55
51
59
42
35
42
42
61
46
53
50
47
62
46
33
51
51
52
48
50
43
49
45
46
50
44
58
37
54
47
50
44
50
53
56
55
40
59
57
32
49
55
47
35
33
59
33
45
48
51
44
49
47
53
48
48
57
41
58
39
50
35
44
47
43
44
48
52
58
36
51
40
44
39
49
55
51
55
59
70
81
81
88
105
97
103
95
81
72
57
66
43
49
48
51
48
55
54
62
54
50
47
60
43
42
53
51
60
53
50
44
62
48
47
50
41
38
46
42
47
37
52
49
40
46
42
41
46
55
54
59
68
57
57
54
41
73
70
55
76
75
53
70
61
51
77
47
54
49
56
48
45
40
52
63
53
42
60
56
82
67
59
53
52
53
63
61
45
59
55
41
36
42
41
49
48
46
49
63
56
61
48
53
51
56
43
50
55
51
60
59
64
92
96
91
98
92
84
89
87
68
63
33
46
51
38
43
48
47
44
46
54
41
45
56
60
59
40
47
65
67
82
95
94
154
166
180
194
178
187
170
150
124
108
103
67
55
50
50
59
64
55
57
29
48
50
52
46
45
45
60
48
46
49
40
58
45
44
45
38
42
49
59
53
63
37
50
41
41
53
43
53
49
46
51
61
47
63
51
50
45
54
40
45
64
42
42
54
49
37
46
41
54
36
43
54
31
34
41
58
41
51
50
41
44
46
57
54
61
45
44
47
62
54
56
48
43
44
44
46
43
46
55
46
56
60
42
38
69
53
35
49
47
63
46
43
39
38
48
43
66
63
66
50
59
52
63
57
48
48
43
38
47
47
36
43
51
53
40
46
45
49
53
45
43
49
40
59
40
42
51
48
44
45
51
51
35
33
55
36
49
43
34
33
24
38
48
37
53
47
40
41
53
44
53
46
41
46
49
47
45
52
42
43
51
59
54
48
58
45
50
46
54
44
50
66
65
58
64
85
88
70
86
73
74
72
55
57
57
49
45
39
58
40
51
38
48
65
54
51
50
54
49
56
61
44
50
41
51
47
48
47
36
49
51
45
50
47
48
52
54
51
53
55
45
46
53
43
54
41
47
51
56
62
51
45
45
41
56
45
44
44
42
46
49
34
37
47
50
55
55
60
62
43
49
38
50
46
42
38
59
53
40
44
47
46
44
55
48
55
48
47
51
35
35
41
58
52
50
49
42
47
43
46
47
46
47
39
39
37
38
42
45
39
47
46
37
35
37
45
29
45
53
51
53
51
45
59
51
43
45
53
36
44
50
42
45
50
39
43
51
50
48
30
46
56
68
35
46
51
38
42
41
39
46
47
54
53
43
44
45
51
56
49
44
46
35
53
61
54
49
46
30
57
46
46
46
38
54
34
36
54
33
58
38
40
47
42
39
35
40
36
42
40
44
47
42
46
44
42
44
45
44
37
32
50
34
41
43
43
44
40
49
27
42
46
29
44
30
41
36
38
36
20
41
46
41
45
36
54
31
37
45
29
46
36
30
38
40
55
44
43
43
40
39
38
37
30
31
38
34
50
46
37
45
45
52
54
58
48
48
45
63
45
49
35
44
55
39
33
46
29
32
37
45
36
42
37
42
32
48
37
41
41
37
33
33
36
34
34
48
35
31
47
38
30
38
44
41
42
33
33
38
33
32
30
23
39
30
31
35
49
40
45
44
31
39
32
42
44
34
39
36
32
27
40
35
40
45
49
43
31
38
42
39
33
28
29
36
33
45
48
36
39
41
34
31
35
39
34
38
32
51
30
37
38
46
43
61
79
104
114
163
175
177
178
141
149
107
100
82
70
51
46
40
38
49
44
26
44
44
62
67
54
85
102
123
141
147
164
157
132
104
101
75
67
55
45
40
28
27
32
25
37
39
38
28
36
24
41
32
40
48
34
32
41
36
37
41
44
41
35
33
34
32
32
37
41
37
34
40
50
41
45
40
37
38
22
39
29
44
34
32
43
32
43
31
34
49
29
28
40
28
31
32
31
31
36
30
39
43
32
27
35
30
40
43
44
38
56
35
45
35
41
30
31
38
35
46
26
35
37
36
31
32
35
26
39
37
22
32
33
43
39
30
35
37
37
29
31
25
42
28
30
26
23
27
38
34
33
31
43
40
42
50
58
71
81
110
114
95
140
118
96
63
64
39
41
39
37
32
29
31
37
35
23
30
21
37
19
24
26
27
36
30
34
28
26
28
31
31
35
42
24
35
35
35
26
28
34
27
24
31
41
34
26
38
37
39
45
42
49
44
47
58
52
58
44
36
51
42
46
35
40
35
29
28
29
39
42
41
33
36
56
48
46
53
70
49
47
53
46
32
35
31
30
27
27
29
34
34
33
32
30
41
31
34
36
44
45
27
30
31
34
38
45
44
51
60
67
86
82
74
71
67
57
45
60
43
35
29
37
42
48
55
42
75
59
62
55
57
56
30
43
39
35
41
56
61
69
104
122
144
162
151
165
138
126
123
80
59
51
36
32
31
31
25
36
33
37
28
32
25
34
41
27
25
25
27
34
24
31
36
27
23
28
32
36
31
24
34
26
37
32
24
41
32
35
32
33
22
28
24
31
27
37
38
22
32
22
39
40
26
25
25
24
22
32
30
27
31
31
30
25
30
29
34
34
32
29
26
31
28
23
30
30
14
24
32
31
35
29
29
36
32
33
34
30
29
25
38
29
26
25
26
26
31
32
37
31
22
24
32
42
29
28
37
43
46
52
57
50
55
34
36
32
37
40
30
28
32
23
28
26
24
35
33
28
31
26
29
22
32
40
30
20
27
33
24
20
36
28
27
33
30
19
28
24
30
37
26
17
26
30
41
29
29
23
30
26
29
29
24
31
22
22
37
27
27
45
42
35
25
30
27
38
26
28
30
32
38
39
28
29
41
48
53
73
68
67
62
44
37
28
36
27
13
24
24
27
26
16
32
20
29
30
26
30
23
32
37
36
25
30
33
24
23
22
22
24
25
30
32
25
31
19
16
26
29
13
22
29
30
24
20
16
24
31
25
30
26
21
28
28
25
28
37
27
19
36
28
23
21
21
20
25
34
22
20
22
35
31
27
23
34
33
23
21
30
22
28
30
28
27
28
32
21
26
31
27
28
29
20
20
25
13
20
25
28
23
32
24
31
25
25
15
22
27
24
12
25
27
20
17
21
26
25
21
23
27
25
21
26
34
27
24
27
33
27
28
27
29
13
21
13
20
20
20
19
35
8
21
19
23
32
27
21
31
20
26
20
27
19
24
20
11
26
26
18
15
25
20
32
21
21
14
26
21
28
26
19
24
23
19
22
23
16
21
26
30
19
16
21
16
19
13
20
13
15
9
27
18
20
25
16
26
18
20
20
23
23
13
19
30
24
23
23
25
20
18
25
13
18
27
18
15
10
19
17
27
17
25
16
17
16
19
20
21
15
17
20
26
35
16
19
23
26
27
26
16
22
15
18
25
15
16
18
25
14
18
14
16
15
17
17
22
26
13
19
14
18
13
14
16
12
19
24
15
9
15
20
21
14
17
19
25
15
13
18
23
18
18
20
14
20
15
17
17
20
17
14
15
7
12
23
16
19
19
27
17
19
17
19
21
14
19
21
20
21
14
17
12
20
14
13
17
18
13
22
13
15
14
14
14
26
16
16
18
13
19
20
17
26
14
18
14
17
14
16
16
12
9
24
28
13
20
22
12
25
18
25
26
23
35
37
46
40
82
102
119
152
147
122
110
108
86
55
38
28
25
15
20
19
16
21
19
25
20
22
31
51
73
88
85
136
132
120
117
88
59
50
26
6
12
19
12
12
22
19
19
11
11
18
15
13
20
16
15
26
20
15
18
20
14
18
19
13
17
12
10
14
12
21
11
26
17
20
11
12
6
14
6
12
15
15
14
13
12
13
6
15
16
15
12
15
8
13
12
14
12
17
11
13
15
20
17
9
21
11
16
13
12
17
22
17
28
33
14
18
23
14
16
17
18
14
13
10
22
11
14
11
10
15
13
14
10
8
12
12
9
13
14
10
18
14
14
7
13
12
12
12
9
18
12
15
11
22
6
22
15
26
26
37
60
66
92
86
96
82
87
50
36
30
28
20
11
14
8
17
13
12
13
5
10
8
16
10
10
12
13
20
13
14
8
16
11
10
12
7
14
11
11
15
11
8
12
19
14
14
13
8
11
7
11
8
14
21
8
11
14
12
11
10
11
12
15
9
18
15
16
10
7
18
16
9
12
17
13
19
33
22
34
26
32
31
26
17
19
18
12
9
11
7
12
11
15
13
16
8
8
17
10
17
7
10
11
14
18
11
14
9
8
23
20
22
25
32
30
44
26
33
28
21
17
18
24
19
27
40
52
60
60
61
62
68
53
50
42
36
27
20
14
12
12
17
9
18
10
17
12
15
15
14
12
9
13
9
7
7
8
9
14
15
16
12
12
13
14
15
11
20
3
18
9
14
11
11
14
10
9
8
15
6
17
11
7
11
16
17
5
17
9
10
18
12
11
9
9
10
10
10
9
10
8
12
14
10
8
15
17
13
10
12
7
23
11
15
17
11
11
8
12
13
16
10
16
8
12
10
13
14
19
20
21
17
17
21
22
13
20
19
21
12
16
13
9
11
11
10
17
13
12
15
8
6
12
10
7
6
7
8
15
10
10
16
14
13
19
14
13
11
8
11
19
17
23
15
18
16
13
14
11
9
4
12
9
6
8
8
6
12
19
6
9
10
11
12
14
9
18
5
11
14
20
19
10
12
10
15
14
5
11
11
12
8
9
10
9
15
8
11
14
11
12
16
25
15
15
18
20
8
14
10
15
4
14
5
11
8
11
9
5
17
7
8
11
13
17
16
11
15
14
17
17
11
12
11
16
12
13
4
16
13
14
13
17
22
20
12
20
17
12
11
10
9
15
14
12
9
9
15
13
10
8
11
15
12
16
6
12
14
10
15
12
12
9
10
9
11
3
11
12
11
12
10
9
14
7
10
7
19
5
7
14
10
16
13
16
12
12
10
13
14
8
10
19
16
16
12
16
17
11
12
19
14
14
12
12
7
8
13
15
13
15
12
10
15
11
19
15
14
14
5
16
15
19
10
12
17
4
8
10
11
9
7
10
17
12
11
15
24
9
12
18
12
10
15
11
18
15
9
18
10
12
11
17
14
14
15
13
8
11
11
13
13
13
7
12
7
12
14
12
15
15
20
12
14
19
13
18
12
10
11
13
10
16
13
9
12
13
14
15
9
15
11
7
8
12
10
13
13
12
13
13
11
12
10
20
13
10
13
14
15
12
11
14
4
13
9
10
7
9
8
11
14
8
7
10
9
13
10
17
5
17
13
11
15
9
12
11
9
15
10
17
7
13
19
19
10
18
20
18
17
18
13
22
23
13
22
9
8
10
19
20
9
8
8
8
12
7
10
7
7
10
12
15
11
19
9
17
9
9
6
11
13
11
9
12
12
15
16
11
13
16
13
9
13
7
12
10
20
10
11
9
9
12
17
10
9
12
11
19
14
20
9
10
15
6
8
9
10
17
12
9
12
15
7
9
9
12
11
12
11
13
10
10
4
21
11
10
11
9
15
13
13
15
14
19
18
17
21
19
15
24
23
15
16
19
12
22
17
10
11
9
13
10
15
11
7
6
9
10
16
10
8
9
4
5
13
17
6
12
12
16
13
13
17
14
11
19
9
8
10
6
5
8
16
18
10
8
6
16
7
9
12
15
9
11
10
10
8
5
8
14
10
8
12
12
14
8
14
15
7
13
11
8
13
14
14
15
14
18
13
12
8
10
10
10
10
11
11
8
10
11
11
17
9
12
6
13
7
16
12
13
9
13
14
9
8
10
12
7
5
9
4
13
17
12
7
7
3
13
12
12
8
6
13
13
11
17
10
7
10
6
8
10
10
10
10
7
8
9
11
5
4
12
7
13
3
4
9
9
14
11
10
10
10
16
10
11
8
20
13
12
12
7
6
9
9
5
7
8
6
10
8
10
13
12
8
10
7
8
5
6
13
10
10
6
6
4
6
9
10
3
5
10
10
14
7
10
12
16
7
9
13
8
5
7
8
11
12
6
11
14
9
6
16
11
12
9
11
9
4
7
4
8
9
7
15
9
16
9
12
7
16
9
13
6
7
12
7
11
10
12
6
9
13
14
8
18
27
12
15
20
16
12
11
12
12
7
16
11
6
9
7
12
12
9
12
7
8
5
15
14
12
14
17
8
7
13
12
8
5
4
8
7
4
6
9
10
8
6
8
10
13
5
14
10
9
12
6
20
15
24
32
30
32
41
41
53
40
46
46
40
32
26
11
12
17
13
10
9
8
6
12
6
12
5
10
12
9
9
14
13
9
9
13
10
8
7
8
9
3
10
10
8
12
11
12
9
11
11
12
13
14
7
12
7
6
6
15
8
5
10
7
9
9
8
17
6
11
9
10
8
7
13
12
14
16
8
9
9
14
7
10
10
6
6
6
5
9
15
14
8
9
9
8
8
7
13
7
10
11
10
7
9
9
13
8
13
9
22
19
19
14
24
19
18
10
15
14
14
6
11
8
3
9
9
8
5
11
6
6
10
12
13
13
10
14
9
12
11
5
11
10
7
7
7
11
8
10
8
6
8
10
9
5
10
15
8
5
8
10
8
12
2
12
5
9
8
8
8
9
8
14
13
3
7
6
17
5
2
9
8
6
11
7
12
8
10
5
8
7
12
10
6
10
8
8
9
9
8
18
4
4
6
9
12
6
12
7
9
12
10
10
13
13
5
12
12
14
13
3
7
9
8
13
5
9
8
10
9
7
8
15
4
9
9
10
3
12
6
8
7
6
8
8
8
13
3
8
6
10
11
10
9
8
10
12
9
6
7
8
9
11
7
8
12
10
14
8
4
4
7
14
5
10
10
11
10
6
9
4
9
8
11
3
6
8
7
11
10
7
8
12
6
16
14
2
16
11
15
15
14
15
15
13
11
11
25
15
11
8
9
10
11
8
11
13
6
9
8
6
7
10
15
10
13
6
7
6
11
10
10
6
6
10
8
8
6
11
9
12
12
6
15
7
8
12
3
11
9
12
7
8
6
9
8
5
15
11
3
9
7
8
11
9
8
9
8
9
16
10
8
15
7
5
11
18
13
6
13
16
12
13
12
12
14
16
13
13
5
9
16
8
9
6
8
8
9
9
11
10
4
8
7
4
3
6
11
4
11
5
6
5
11
6
6
9
6
5
6
4
10
7
3
4
14
8
6
10
8
7
7
7
6
6
6
8
9
13
12
8
9
9
7
9
1
5
6
3
10
5
10
13
19
14
12
9
5
9
10
8
14
9
10
8
2
10
7
11
7
9
3
8
12
7
5
6
8
11
9
6
8
6
12
7
6
7
8
7
7
10
8
5
7
3
11
5
7
10
10
11
9
4
5
8
12
5
7
3
6
7
4
7
8
12
6
13
13
8
6
8
6
6
7
9
11
4
8
7
11
7
2
19
8
11
5
5
8
6
8
7
9
9
8
12
8
13
9
2
12
12
11
20
13
24
29
24
37
28
30
16
22
21
12
8
8
11
11
6
7
11
10
11
6
8
4
7
10
8
5
16
2
10
4
8
15
5
10
7
9
5
9
5
12
8
7
4
4
8
3
12
9
8
7
13
9
8
5
6
10
11
9
13
3
7
9
12
6
5
10
5
4
5
10
3
6
7
6
11
6
9
13
7
6
9
9
7
5
4
8
6
13
13
5
5
7
6
12
3
10
14
6
8
6
10
8
4
4
9
8
7
8
6
11
4
4
8
6
8
10
7
7
12
6
10
7
5
5
12
9
8
7
7
5
4
3
9
10
5
6
10
5
9
7
7
8
9
3
8
8
8
6
8
2
6
6
9
8
11
7
3
8
0
17
8
11
5
11
5
6
10
9
4
6
8
8
8
7
10
7
5
8
6
6
4
8
1
6
10
5
4
3
9
4
9
8
9
4
6
8
6
8
6
9
5
5
7
9
5
3
11
10
4
4
5
7
6
5
6
8
7
5
7
8
5
2
3
10
10
8
6
9
8
5
8
6
4
6
11
5
7
7
5
8
7
4
7
7
7
9
8
20
11
24
17
18
25
26
20
20
7
10
10
6
7
9
10
4
6
6
7
3
7
6
8
7
11
7
10
3
5
7
5
4
5
4
4
7
6
5
5
7
4
7
7
3
4
4
9
2
10
9
4
6
3
7
9
2
6
6
8
6
5
6
4
8
5
5
4
12
7
6
9
5
10
6
8
6
4
9
8
7
6
6
7
13
9
9
6
6
10
6
5
9
7
3
11
3
8
9
11
5
1
5
8
3
4
7
6
7
9
7
7
4
5
8
9
7
8
12
3
11
4
4
7
6
7
6
6
5
1
3
12
5
7
7
5
10
11
5
5
6
9
3
6
6
8
5
5
3
5
6
13
9
6
6
8
6
11
8
6
7
3
6
5
6
13
16
13
13
17
7
12
14
8
14
14
10
5
7
9
4
13
4
14
6
3
6
9
11
10
9
7
9
9
9
4
5
8
8
5
10
9
6
5
2
7
4
5
4
6
6
7
5
5
5
2
7
8
4
5
5
9
10
8
8
9
10
4
2
7
9
2
5
5
7
11
4
4
5
5
3
4
7
6
7
7
7
5
8
9
3
5
2
8
5
9
5
4
3
10
5
5
8
7
5
0
6
7
6
5
7
4
7
3
4
11
6
6
8
5
6
10
6
8
10
7
8
9
4
4
3
3
10
8
9
7
4
5
9
4
4
6
5
8
4
4
5
5
5
5
5
7
13
4
9
7
6
7
8
8
4
3
7
5
3
5
8
1
3
4
4
6
4
7
7
5
8
7
6
7
2
7
4
8
5
6
2
7
5
6
6
7
7
9
8
6
8
12
10
12
15
10
15
13
12
8
10
8
3
10
1
7
9
9
0
7
9
5
5
10
7
5
10
7
6
8
7
7
4
4
3
5
3
6
9
8
3
8
4
5
3
6
5
8
2
10
6
5
6
6
4
9
5
6
7
5
6
6
4
7
7
3
5
5
9
5
1
4
5
7
5
6
5
5
4
10
7
9
5
8
3
5
4
8
6
9
5
7
3
4
4
3
5
7
7
6
7
4
8
6
8
6
5
6
1
8
6
8
2
7
2
6
3
7
3
3
6
12
8
0
7
3
7
10
2
8
6
5
5
10
6
9
4
6
8
5
9
3
5
5
3
3
1
3
6
5
5
9
6
9
6
9
10
11
4
7
3
3
5
6
4
4
4
5
4
5
5
4
6
1
7
4
4
6
6
3
5
2
7
10
5
11
4
5
6
3
4
6
5
6
8
6
3
6
2
6
9
3
7
8
7
2
6
3
5
3
7
7
5
4
7
4
4
7
6
6
8
7
7
7
10
5
9
4
4
5
8
8
8
4
7
6
7
8
5
6
4
6
2
10
5
5
2
4
5
7
9
3
11
12
11
29
19
16
11
13
19
14
14
11
9
10
6
4
3
5
2
2
5
7
6
5
3
5
1
8
5
5
8
4
3
2
7
9
7
6
4
5
5
6
3
4
4
6
2
9
10
4
6
11
6
6
3
6
5
4
5
4
8
3
8
4
6
3
4
4
4
5
4
10
3
7
6
6
5
7
10
2
4
4
7
6
8
5
6
5
5
9
6
6
3
6
8
4
5
4
6
8
7
10
8
12
6
4
6
9
7
5
6
4
6
8
4
2
5
5
2
7
3
5
5
3
5
7
5
8
2
6
7
6
4
7
6
7
8
5
5
5
9
4
2
7
7
5
7
2
7
8
4
8
10
6
4
4
5
9
6
5
7
7
7
8
10
6
8
5
4
4
5
8
4
4
4
8
4
5
5
8
10
4
3
4
7
7
5
5
4
3
2
6
12
2
7
4
9
4
7
3
5
4
6
7
5
5
6
5
1
5
8
4
3
7
3
5
4
8
2
4
8
6
5
3
4
8
5
10
5
7
5
5
5
8
5
4
5
7
5
5
8
4
4
10
6
8
6
10
13
7
12
14
18
13
13
11
18
11
8
12
9
9
8
4
6
3
6
8
2
7
5
6
4
3
7
10
4
5
6
3
4
1
3
11
4
3
2
8
4
2
11
4
5
2
4
8
1
6
2
8
9
4
4
4
10
10
5
12
10
3
8
7
7
3
5
8
7
8
5
6
6
9
7
5
4
3
5
5
5
7
14
3
7
3
5
7
7
6
5
7
4
4
4
3
2
2
6
3
6
3
8
3
4
5
9
5
8
8
8
10
7
5
4
4
4
8
5
2
6
7
7
6
4
7
7
3
4
9
5
5
6
2
6
8
7
7
3
14
5
4
5
5
5
5
8
0
5
4
6
3
8
4
9
2
5
8
5
6
6
6
9
3
10
3
7
3
8
7
6
8
7
11
9
8
7
6
4
4
5
4
6
7
6
2
9
8
7
6
3
7
6
7
8
10
6
5
8
7
4
5
9
5
8
6
8
5
4
6
7
7
7
7
7
5
9
8
4
9
5
5
5
6
7
7
8
4
6
6
5
5
2
4
4
3
4
5
8
5
5
4
7
5
13
8
2
7
5
5
5
9
5
6
6
4
3
9
10
8
7
7
4
5
9
3
6
8
4
6
7
7
9
6
5
9
5
3
1
6
4
10
7
3
6
13
7
7
7
6
3
8
4
2
9
5
4
5
1
3
6
4
6
6
6
1
7
8
3
8
1
4
2
8
7
5
2
7
4
3
5
6
2
4
9
6
7
3
7
4
5
9
4
7
5
8
5
9
7
6
4
2
4
7
7
7
6
6
9
6
4
3
5
4
7
6
4
4
5
7
7
8
5
5
4
7
8
7
13
5
4
7
8
6
3
8
1
3
8
6
12
3
3
5
7
4
5
3
7
7
10
7
7
8
10
5
5
7
4
8
8
13
4
4
8
5
8
7
11
10
8
7
11
9
4
12
9
7
6
6
4
3
8
3
4
9
6
11
8
6
6
4
6
4
5
11
2
10
10
10
6
4
0
2
5
4
2
5
6
6
9
8
7
5
6
7
11
6
8
4
4
4
10
6
5
9
7
6
4
5
5
1
7
2
7
5
7
8
6
5
11
9
1
5
2
11
6
7
5
2
3
5
7
4
7
4
7
8
5
5
12
6
4
2
9
6
5
7
8
9
6
12
15
8
8
9
7
10
9
8
8
4
6
8
4
8
4
12
5
6
6
5
6
9
2
10
4
5
7
6
5
9
9
6
6
8
6
8
9
6
6
8
1
6
6
3
4
4
5
5
14
4
5
4
7
5
11
8
12
4
6
12
8
3
5
6
5
4
6
4
4
8
5
3
5
10
7
4
9
7
7
4
12
8
4
7
6
8
8
8
7
6
9
6
9
5
2
6
4
5
6
3
6
5
8
6
3
7
5
7
8
6
7
4
6
6
7
6
6
1
6
4
7
5
4
8
10
9
7
7
8
8
7
6
9
9
2
11
7
5
7
5
8
8
8
8
3
2
7
3
6
6
6
15
7
8
7
7
7
9
6
4
7
9
5
7
9
6
9
5
10
7
11
3
8
7
3
8
6
8
8
5
7
6
8
6
5
5
4
9
11
4
6
8
6
7
4
4
11
12
12
8
8
8
6
7
7
6
5
4
8
8
6
5
9
5
8
6
4
8
6
8
8
5
3
7
0
5
4
11
3
7
8
2
14
9
4
4
6
7
6
9
4
4
5
11
5
10
10
8
6
7
7
7
8
7
6
4
3
4
9
6
12
8
2
6
4
8
10
6
9
5
7
9
9
4
4
6
7
6
9
5
3
4
6
12
9
7
6
8
$ENER_FIT:
-3.0450 0.596535 0.000000e+000
$MCA_CAL:
3
-3.0450 0.596535 0.000000e+000
$ENDRECORD:
