$SPEC_ID:
None

$MEAS_TIM:
73102.18000 87574.12000
$DATE_MEA:
07/03/2018 2:57:10 PM
$DATA:
0 16383
0
0
0
0
0
0
0
0
0
0
0
0
0
0
0
0
0
0
0
0
0
0
0
0
0
0
0
0
0
0
0
0
0
46364
88753
133233
169661
195183
211472
226614
237635
252514
272090
299678
328460
341832
331229
304383
278147
259538
250595
247770
247918
249549
251882
256355
261170
270644
284399
306402
338525
370652
388360
378421
345931
311103
289686
282179
283645
291161
298987
301144
295159
286064
278495
275582
277901
278909
277072
275447
273161
272309
273232
275494
277444
278049
281620
284644
285378
287581
290633
292441
293538
296557
297461
299849
300452
297440
296382
295052
297899
302478
310769
323141
341563
366530
392892
416573
430078
437377
441124
441635
438777
435185
419452
387569
350360
322593
309083
310105
316201
323385
331947
342802
355801
368012
373880
372942
366046
351137
329243
311813
297714
288110
284695
282490
280789
282058
281142
281333
282201
282399
283530
283705
283599
285694
287122
289402
290500
293192
293044
294201
294748
293812
292722
292681
292325
291262
291684
292690
293197
292175
293986
293766
295251
295736
296580
298356
301172
309493
322561
347476
379635
401465
399978
376230
346941
323690
311911
305393
302600
299841
299121
297529
298302
297899
299420
299910
300083
300736
303481
307199
312524
316820
320016
318793
319475
320323
321930
320457
313672
308717
307255
304563
304562
304904
303963
305403
305755
306185
308136
307279
306939
306506
307208
307678
307491
307260
307520
308901
309041
308204
311060
311037
311891
313401
314011
314632
315813
316028
317692
319990
323653
328085
333290
337701
343743
346850
350626
350841
352113
352201
352783
351598
353015
354394
356757
357048
357654
356161
356123
358615
364540
378728
408225
458011
521890
564166
557001
503472
439746
393897
368512
354910
349684
346978
345326
345411
343786
345142
344076
343870
343867
343812
345425
347444
350551
355293
367755
385858
404826
418107
413445
394737
375247
357920
350558
346225
344709
346642
345937
344190
344860
343559
343260
344391
346276
349069
349393
354172
355299
355248
355657
357060
358647
361489
364810
366241
368839
368653
368802
368653
367499
366624
365540
363306
362401
361307
363244
364584
367596
374266
380806
390800
401642
408997
408417
401601
395200
389570
388600
387856
388188
387198
390293
391308
392919
395428
396710
397374
400709
403262
404907
405853
407711
408580
409395
409107
408784
406610
405977
403884
403187
402055
401363
401918
401346
401353
403176
404664
404883
404908
403336
400448
397976
397698
397241
397973
397159
399074
399791
399750
401428
402403
402585
404232
405102
405098
406283
408793
410786
411326
414978
416048
417887
418122
421450
423491
426424
430124
435693
439524
441309
439792
437596
434471
434327
433506
434876
435899
437601
437830
438635
439544
440677
440907
440549
440242
442093
443549
444844
447953
449435
449340
448532
448387
449694
451642
452447
452124
450658
449861
447414
447421
447076
446434
445884
444628
442176
440881
438388
434895
430702
426085
420948
415488
409049
401965
396192
388986
382356
375532
370254
364448
357417
350366
345142
338891
333639
327856
324455
319082
315426
313571
311000
307439
306297
306103
304061
303597
302454
299093
296156
293852
293959
294573
298875
309513
327107
351551
367301
362535
341189
315445
296837
284753
281570
284478
290448
304466
319257
328980
321935
304483
283870
267556
257644
252784
251020
251124
253176
259908
274687
305791
358982
417757
454528
438390
382150
319083
272414
248744
237386
234290
233570
230176
228699
225140
223398
221437
221423
222716
222866
227730
235705
245526
251859
251146
241365
229321
219758
214079
211412
210711
208631
208554
207808
206563
206883
205983
205393
204385
203889
204327
203265
203851
203959
204635
203889
202520
202473
200730
201164
199301
199603
198865
198379
198327
198846
197957
198565
197267
197407
195413
196978
196552
195884
195793
196146
196732
196811
197809
202203
204031
205421
203926
201430
199136
197683
196578
195557
194964
196225
196191
196871
197976
201641
205422
211008
212753
211640
206542
200711
197133
194703
194844
193069
192709
193274
193427
192152
192487
192168
192084
191494
190795
190626
190613
190535
190295
189330
190665
190273
191139
189578
189897
188814
189728
190644
191164
193235
197925
206048
212982
217421
219640
223580
230002
234413
230739
219663
206230
196035
190683
188102
187457
186512
187229
186865
186949
187251
187426
186878
187032
186740
186599
186706
187253
188227
190656
192358
192900
192893
192958
192855
191294
191555
193545
194039
194556
195134
196600
198953
201941
206341
217404
237258
273490
346703
486837
743167
1146722
1682784
2275938
2824017
3249863
3537273
3714311
3808081
3853372
3871044
3873886
3869831
3855036
3827263
3782293
3708219
3579151
3380154
3069065
2640540
2100452
1524369
1003048
611799
371311
243471
187223
164726
156938
153750
151481
151212
150999
150531
150812
150400
150657
150770
150110
151413
153210
153443
154764
153746
152841
152866
152742
154699
156848
160809
167092
175208
191990
221737
269960
333553
399947
449634
464242
436913
383705
328531
307593
340694
435368
561038
639460
610836
492244
354488
249031
191719
163953
153105
148760
146363
144762
144643
143512
143854
143917
144832
143839
144097
143485
143984
144578
144531
145275
144831
144695
143573
143284
143101
143319
143363
144365
144532
144593
143642
143433
143149
142070
141976
141779
141454
142008
142724
142831
144742
145399
144887
144478
143505
142473
142707
142761
143099
143020
143998
144327
144558
144890
145565
145990
146222
145297
144306
143209
143344
143579
143756
143585
143206
143716
144352
144068
145864
148128
150253
151152
151788
148709
147260
145664
143860
144470
143948
144463
144376
143353
143282
143856
143852
144243
144683
145047
146189
147898
150254
152168
152094
151371
148477
146568
144802
144923
144851
145121
144532
144826
144160
145317
146096
147956
151385
154041
153943
152237
148313
145271
143312
142963
142477
142553
142327
142317
141630
142303
142827
143729
145734
145492
145178
144277
143922
142765
142163
141670
141154
141222
141249
141170
141879
140926
141241
141809
141802
141297
141144
140898
140859
140625
140910
140589
140657
140262
140061
141064
141995
142582
141797
142323
142177
142276
143063
144790
146510
146727
145250
144694
143492
141554
141980
141882
143174
142012
140889
139960
139942
138777
138975
138079
138905
139711
139895
140538
141393
141046
139295
138487
137614
137155
137222
137824
136820
136280
134841
133822
134122
134184
133745
134369
133777
133512
134149
133908
134407
133959
133828
134316
133475
133729
133068
133379
132846
133466
133751
133000
133217
134433
133812
134095
135020
134359
135090
134717
135196
135562
134824
133977
133722
132696
131811
131743
132958
132986
132013
132683
132358
132573
132243
131141
132872
133398
134300
136905
141435
150333
164251
183021
198424
199875
187007
167144
151405
140738
137433
135425
134155
132802
132297
131395
131401
130740
131925
132326
133065
132848
132736
133199
134115
134589
134650
134371
133216
132730
131686
131595
132509
132538
131634
131114
130295
130262
129252
129752
129529
129174
127968
128458
128166
128628
128241
128129
128170
128565
127611
128681
128842
129854
129764
130418
129884
129813
128534
128497
129034
128772
128812
129681
130540
132341
132873
134939
134620
134622
132575
130847
130211
129528
129793
129829
129899
130019
128717
128723
128660
128553
129494
131102
131503
130633
131400
133066
132905
133095
131812
131995
132448
133397
134982
136657
136527
134984
132767
130856
129569
129422
129715
130071
129603
130074
129364
130197
130937
133082
136691
144984
156700
170255
181048
179054
167874
153402
142361
135966
133892
133167
133162
133253
133242
134299
135930
139156
141020
142712
143452
144942
153491
173201
212130
269770
340260
403728
452339
468573
444757
378422
292730
217938
170474
144464
133938
130661
128322
128636
127095
127098
126622
126804
126447
126415
126293
126437
126481
126209
126116
126161
126634
126520
126939
127078
127897
129422
130649
134567
137811
139576
138865
136775
133682
131876
130095
130438
129317
129337
128797
128390
129016
127951
129484
128923
128700
128646
129523
129409
129091
129670
129085
129286
130128
130462
131133
133364
136214
139457
141868
140936
137955
134993
133441
134058
137534
145862
161909
195440
261005
372108
510205
614682
622993
527632
387818
267703
192910
157970
145201
141096
139850
137584
133419
130524
129074
128270
128190
128384
128341
128487
128247
127225
126943
127051
127322
128325
128970
129716
130358
129798
130571
130804
132292
133659
135323
136640
135597
136150
135742
136192
137470
139615
139902
139696
137990
134693
133211
131639
131359
131051
130484
129254
129082
128923
128692
128740
128423
127969
128039
127382
128054
127934
127903
127973
128339
129089
128914
129967
129825
129590
129854
130431
131708
132233
132172
132015
132723
136601
143134
154662
167423
175763
173596
164899
152314
141476
135253
132989
131676
130827
130903
130421
130700
131468
131821
130940
130964
130798
130216
130483
129853
130702
132081
132874
133638
134044
134294
134990
134360
134645
134239
136198
137974
139096
138686
137708
134817
132995
131269
131188
130345
130669
130964
130835
132813
133009
132977
133597
133025
132949
131155
131286
131623
133582
136231
139524
140502
140647
139115
138226
139351
142288
146785
152279
159552
166606
169209
166910
157940
149044
140360
135805
133419
133348
132447
132238
132483
132385
132449
132672
132085
133210
132066
132862
132381
132356
133305
136055
138326
143644
148103
150546
150257
145436
139676
134376
131487
131412
131183
131763
132759
132371
131475
131289
129822
128573
128656
128298
130257
132044
135765
139607
141863
142165
140484
137316
137132
138727
145135
155353
163261
165798
160015
149158
139762
134571
130946
130862
130314
129833
129804
129581
128740
129457
129212
129310
128992
128593
129256
129619
130698
132627
133572
134021
132418
131396
130658
130900
130315
131308
131747
132192
132128
129890
129872
129744
129653
130378
130781
132280
134411
139116
143590
148255
149072
147031
141987
137307
137153
140414
144442
147428
146510
143738
138612
135352
133093
131411
130581
130067
129415
129856
129534
128269
128818
127694
128000
127918
127004
128057
128943
129277
129311
130766
130281
129630
129465
129194
128500
129614
129804
129943
130050
129636
130416
129480
128546
129118
128581
128047
128736
128316
128339
128693
127970
127772
127842
126571
126645
127264
126453
126797
126798
126618
126580
126108
126528
125905
126820
126963
126917
127257
127582
128663
129262
130530
131524
131463
131147
129540
129067
128387
127665
128005
128210
128791
129760
129869
131313
130654
129239
128709
128171
128078
127732
128513
128164
128580
128071
128484
127298
127293
127472
127804
128246
129425
128478
129209
129573
128752
128919
128013
128488
128283
127896
128143
128873
130301
131569
133470
134111
134100
133567
132798
132652
132425
132474
132495
132484
132341
131337
131768
133367
137430
141937
145358
145221
142155
138100
133184
130124
130486
128587
128550
128570
128951
131211
131947
134106
136090
138315
140627
140272
138837
136429
133673
132718
131408
131594
131742
132325
132755
133022
132660
133747
136545
141772
147332
153127
153118
149290
142319
137900
134823
133551
132437
131155
131460
132199
132133
132601
133206
134396
133604
133736
131879
131136
129526
130380
130599
129513
129837
128779
128770
129137
129708
129722
131178
132732
134367
135235
135402
134658
134331
135577
137374
140800
144190
148565
154429
166431
190536
234614
302054
386502
454208
470208
421106
331007
245429
186175
155894
143247
139362
137335
137183
135587
134114
133039
132617
131337
130566
130295
131006
131670
131586
131687
132866
133079
133788
135750
138893
142526
147078
152996
156955
159294
157002
150689
143581
136775
133093
131015
130636
131955
133400
133709
134017
136178
138457
144672
156770
181694
230289
313364
426562
533011
577962
531178
423611
307673
225420
177419
156802
148160
144724
143712
142978
143352
143548
142683
142932
142945
142960
144091
144025
144125
144604
143971
145546
145630
146088
146168
146713
145754
146515
146063
145321
146298
146123
147281
147827
148084
147068
146610
146664
147192
148144
147972
147371
147345
146335
145388
144769
144415
145730
146765
146078
147019
146420
145881
145379
145635
145415
146887
147731
146574
145957
146846
146898
147897
148529
149091
149020
148113
148446
147745
148095
147521
146706
146713
147700
148030
148062
150785
153784
160137
171978
192058
219196
246165
264309
262855
241899
213279
187791
170868
162650
160270
160287
160829
160088
158718
157830
157456
159697
164162
169411
170840
169574
163307
157676
154780
153151
152852
152204
151710
152041
150712
150969
151909
154300
154506
154810
153126
151590
149392
149392
148698
148802
149044
149300
149294
149147
149606
150437
149956
150836
149524
148955
150082
148958
148840
150265
150494
151452
150472
153137
152246
152742
153354
153474
153015
152832
151863
151206
151323
150368
151040
150235
150793
150717
151822
151868
151159
150512
150588
151145
150826
152024
152460
152634
153554
154488
155108
156556
156706
157869
158744
158744
160681
162465
165330
167578
168578
165965
162273
158468
155555
154077
152670
152820
154101
153348
152519
152896
152773
152723
152546
154152
154325
154773
156697
157910
159402
160898
159884
158446
156721
156417
155502
155264
155906
155034
156035
155663
155549
154730
155913
156030
156208
155981
157698
158340
161034
163229
165920
167503
166876
164620
161644
158600
158184
158287
157957
158857
160300
160133
160588
160949
161750
162678
162686
162919
163266
164092
165062
166670
167178
166059
163330
162487
162407
162485
164382
169245
176573
190046
207299
223297
231805
223985
208411
189118
174558
166967
163082
161272
160720
161579
162044
161844
161144
161852
161135
161020
162133
161122
162116
161282
161312
161895
161653
161896
161430
162641
161809
162297
162361
162544
162919
163994
164932
166476
170838
174415
179994
182969
182583
178230
173112
169333
167079
165757
165048
164180
163993
164498
163742
163749
164015
164269
164730
163670
164592
164826
164379
164758
164292
166213
165014
165804
164974
165784
165933
164917
166564
166426
167449
166541
168387
168692
170338
170388
171894
170589
170070
170249
171855
172495
173015
173310
174107
172422
171320
170189
170077
169335
169372
170531
171188
171898
172226
173077
173133
172760
172102
171508
172207
172091
172170
172161
172012
171339
170813
171070
170734
170564
170258
170723
170831
171898
171716
173121
172753
173138
173430
172784
172485
172245
173277
171862
172691
174249
175970
177355
180412
181808
180839
179259
176658
175715
174649
174718
174391
173817
174692
175479
175999
176401
176104
175707
176035
176642
176118
175824
176958
176196
177041
177232
178272
177598
178837
177952
178432
177462
178852
177892
178836
178382
179714
180754
182431
183484
183181
182580
182100
180981
180167
180231
179025
179557
179744
179715
181107
180080
181213
181206
180793
181587
183469
182762
182705
183946
182253
183145
182733
183883
184083
184813
184719
184462
184555
183363
183031
182784
182814
183927
184767
186640
189891
191520
194161
194373
192883
191462
189300
187405
186914
186221
186348
185360
185642
185359
184960
185048
185615
185787
186201
184960
185631
185706
185035
185695
185475
184899
184287
183963
183597
184248
185009
183127
184168
183718
183340
183976
183697
184008
183452
184732
183285
183978
184298
183995
182793
183290
182254
182667
182045
181466
180690
180858
181870
180611
181006
180754
181415
181459
180633
181038
181359
180776
181283
181458
181186
182796
184015
184060
183615
182703
182216
180773
180681
180742
180442
180195
180669
180113
180052
180456
180609
181818
182441
183740
184984
186894
187661
189824
189642
188570
189984
190217
189791
188832
187843
185729
183856
182950
182194
182251
182716
182751
184724
186197
190699
198185
207011
215138
216831
211343
203241
194394
188564
184942
182653
182154
182639
183237
183424
185945
190002
198530
208540
219890
226759
226011
218207
206321
195962
189206
187090
187304
187380
189118
191424
193864
199676
204826
209148
209520
205456
199860
194761
191402
190788
190016
189324
187584
186592
186003
184331
184202
184486
184274
184697
185731
185664
185778
185901
186704
187849
189461
190913
190465
190870
190178
188710
188501
187532
188083
187746
188645
189375
190676
191871
189879
189780
188072
188167
187680
187179
187559
188435
189306
189330
190043
190678
189611
189008
189026
188259
188865
189289
189553
188474
189600
188667
188228
189067
189530
189447
190504
189420
190116
191120
191032
192635
192728
193279
193732
193629
195112
195653
196120
197135
198974
200306
200561
200019
199200
198302
197404
196779
197216
196734
195084
195822
195835
195336
195777
194995
194758
194921
194240
196469
196072
195196
196469
197539
199295
202287
203816
206892
207595
206768
204355
202358
201012
199635
199657
201261
202047
203490
205943
210697
218009
230221
255849
299718
375982
493510
649690
816392
937981
974564
904485
757295
585029
436587
333882
272704
240755
225850
218253
215859
215391
216511
220779
224275
232858
244066
254114
260636
257638
248422
236464
226197
222092
219589
219569
220379
218689
217519
215518
215472
214584
214018
214906
214429
214649
213944
214227
214773
215158
215046
216137
217386
218027
218626
217745
218085
216782
216478
216025
217049
216027
216797
216992
216405
217802
218369
218202
217800
218807
218460
218657
219551
220489
219971
222052
222763
223441
223924
225208
225441
224176
222845
222895
222181
222247
221483
222045
222387
222640
224244
223985
224467
226040
227128
231802
238604
254130
282654
338063
431493
565759
715296
809748
800288
692939
537439
403756
310445
264042
242440
234069
232547
232923
233873
233632
234884
234426
233885
232231
232869
231548
232311
233093
233013
232705
232727
234067
232506
232885
233583
233744
233885
234888
235005
234346
234875
234922
234669
234867
235420
236834
237550
237072
236973
236501
237990
237980
238193
238410
238766
239364
238513
239340
238589
239499
239917
239142
240793
241009
240911
241601
241759
242325
242572
242703
243334
243924
244888
245006
246973
247185
247957
248187
248735
248922
248816
246881
246736
248775
248540
248914
249083
249980
251311
251350
250802
252273
252232
253467
255396
255187
255630
255350
254975
255289
255651
255244
255309
257026
257641
258079
258551
259222
259303
258149
259482
259093
260434
261217
262688
263718
264407
264871
265395
265155
265181
265216
264449
265143
265281
267435
268021
270888
270158
271540
273453
276299
278566
279643
278391
277331
276443
274889
274467
273957
273345
272565
274902
274941
274234
276154
275679
276712
278003
278404
280331
281575
284645
287281
291585
295473
297981
297223
292555
291575
288685
286897
286761
287675
286282
288088
289389
288543
289659
290410
291679
290964
292946
293615
294551
293714
294361
293551
295668
296080
296825
296517
297048
298515
298883
299729
301744
303050
303984
304333
305404
307066
305669
306117
305969
306233
307255
307388
308103
309167
309163
309730
310149
311278
312020
312814
313506
313646
315193
314137
316396
317426
317950
320180
322688
324777
326098
326487
326182
325805
326104
324239
325067
326545
327271
327801
329812
332394
333225
334134
335958
336752
337594
338710
340568
344306
346883
348366
349388
348384
345892
346451
346407
352482
364231
383856
414711
455133
489323
506215
492677
458468
418835
390253
374298
369541
375801
391043
411965
438129
456932
458304
441323
417353
393878
377801
371379
369365
369108
369126
369900
369825
370261
368870
368461
369531
369104
369951
370786
371663
371762
373879
373637
373483
373594
374960
374736
376301
376615
377640
377164
379875
380287
381396
382184
382152
380367
379174
377119
375364
374034
371875
369684
366825
364324
358733
354414
348064
341546
335142
327023
320641
313239
306733
301181
295442
293273
289415
286983
284470
281866
277738
275461
272925
269513
267023
267201
264030
263506
263681
262910
262243
262005
260831
258370
257931
255053
253934
252686
252236
250725
251170
250086
249255
247988
247601
246687
246388
247103
246337
244938
243134
240671
238748
237746
237179
236088
235289
233436
233732
232285
231599
232009
232001
232075
232718
231503
231469
228926
226911
224884
224961
224711
225225
223997
224382
221832
220310
216999
215356
213444
212720
212489
211429
209365
208691
207966
206278
205003
202446
201615
201152
199216
197178
196822
195671
194283
193969
191812
191067
190163
189150
188148
186594
184982
184387
183288
183534
182530
182294
181024
180519
179079
176736
175631
174538
172532
172289
172601
172281
172543
171976
171839
170513
168560
164824
163527
160468
158559
156645
155633
154081
152994
152071
150749
149213
147455
145902
144446
142608
142523
142367
142114
142554
143876
147256
150399
152931
153113
149332
143501
137459
132143
129228
126083
125027
123949
122661
121334
119993
119359
118135
116974
116267
116072
116184
117296
118706
120694
122254
120408
118936
114961
110907
107348
105551
103420
102442
101301
100053
98546
97755
96603
95752
94690
93968
92320
91614
90720
90147
89182
88326
87628
87753
87266
87723
88392
89853
89068
88729
87327
85709
82713
81666
80571
80129
79533
79243
80034
80881
83070
85456
85937
84825
82336
79598
76534
74525
73799
72063
72215
72228
72079
71712
71078
70931
71126
70461
70847
70924
71408
70872
71420
71521
71866
72580
73296
72865
71429
70217
68655
67615
67260
66661
66973
67000
66972
68121
67450
67773
67945
67481
67200
67183
66663
66632
66939
67297
66249
66037
65650
64889
64069
63279
63376
63496
63177
63895
64121
64678
64975
64309
63942
63858
63018
62695
63219
62258
62452
62343
62022
61365
61300
60718
60578
60465
60528
60234
59983
60183
60211
59903
60750
62026
63053
64892
65904
66104
64704
63841
62060
60600
60036
59567
59130
59491
59888
59887
59790
59736
59914
60319
60784
61599
62636
64391
66126
68952
73139
78896
92577
124027
195175
343563
638833
1208891
2276808
4129594
6895058
10170095
12842194
13628988
12077809
8931054
5549074
2949159
1381223
594661
253190
117470
67639
49801
43347
40238
38789
37605
37428
36686
36209
34989
34471
33524
33199
33353
33433
33486
33282
32726
32515
32061
31842
31423
31247
30867
30698
29472
29184
28259
27914
27859
27743
27994
28764
29247
29929
30121
29302
29419
28360
27586
26638
26767
26646
26142
26030
25961
25806
26041
25762
25977
25971
25700
25959
25833
26721
27596
29085
30760
32278
32967
31782
30087
27581
25816
24672
24555
24559
24563
24887
26206
27697
30951
35064
39083
41292
41405
37370
32924
29207
26380
24935
24672
25300
26445
26362
26495
25784
25048
23954
23260
22989
22542
22544
22391
22333
22247
22257
22574
22642
22160
22369
22072
21989
21982
22203
22012
21924
22368
22464
22982
24164
25497
27288
29302
30488
30622
30018
28423
26913
25038
23819
22826
22458
21594
21508
21738
21715
21528
21903
21833
22024
22402
22826
23259
23623
23331
23424
22874
22916
22486
22208
22377
22281
22134
21961
21836
22295
22440
22248
22358
22088
21829
22111
21650
21998
21500
21698
21828
21798
22203
22358
22879
24045
25410
27098
27566
27367
26732
25983
25293
25046
25450
25913
25955
25390
24797
23749
23383
22687
22446
22082
21929
21975
21709
21762
22085
22035
22176
22158
21958
22372
22450
22684
22603
22706
22668
22599
22093
22112
21964
21868
22656
24101
26463
31303
40674
55822
80439
110643
138967
153182
144635
118691
85689
57906
39834
29774
25635
23166
22399
22264
21940
21748
22138
22096
22273
22178
22159
21992
22065
22177
22259
21743
21546
21645
21283
21043
20987
21002
20921
21250
21142
21445
21415
21574
21778
21711
21958
22316
22040
21798
21537
21432
21162
21439
21394
21538
21861
22140
22879
23493
24606
25419
27098
28892
30291
30280
29627
28336
26347
24701
23932
23452
23765
23958
24290
23719
23411
22864
22632
22553
22230
22304
21792
21530
21288
21270
21275
21239
21256
21355
21292
21484
21372
21817
21729
22211
22750
23535
23661
23991
23867
23532
23427
23634
24292
25441
25844
26458
26383
25623
25001
23899
23103
22611
21473
21427
21275
21264
21115
21428
21622
21800
21365
21706
21733
21734
21951
22362
22612
23248
23892
24271
25419
26673
27903
28216
27922
26578
24826
23523
22357
21535
20841
21191
21293
21102
21010
21300
21439
21089
21188
21424
21418
21710
22228
22149
22742
22461
23017
23577
24385
25808
28393
30505
31365
31186
29548
26859
25165
23907
23019
22535
21809
22065
21836
21368
21431
21411
21117
21422
21487
21398
21872
22279
22235
22238
22245
22113
21748
21735
21779
21575
21813
21504
21351
21507
21586
22272
23032
23999
25739
26884
27753
27671
27606
27222
27268
27512
27581
27729
27096
26760
26155
25562
25266
25128
24501
24250
23805
22673
22230
21322
21513
21564
21204
21491
22176
22706
22936
23396
23919
23577
23315
23168
22249
22085
21510
21857
21864
22109
22252
22609
22558
22817
22844
23162
23242
23410
24016
24415
24141
23725
23445
22497
22344
21341
21472
21519
21526
21087
21010
21259
20691
21173
21234
21413
21519
21412
21784
21581
21671
22027
21876
22528
23047
22825
22898
22463
22078
21591
21893
22501
23017
23992
25324
27427
28796
29118
28494
26687
24630
23213
22199
21733
21565
21020
21082
21145
21681
22677
23658
26034
29368
32820
35457
36209
34304
30674
27481
24870
22672
21949
21207
20714
20972
20702
20637
20849
20980
20937
20937
21209
21387
21399
21601
22148
21550
21623
21570
21509
21092
21403
21108
21277
21264
21244
21302
21207
21162
21183
21210
21026
21364
21309
21468
21695
21548
22237
23059
23699
24566
25253
25668
25721
26016
25239
24360
23293
22626
21651
20689
20787
20681
20334
20206
20389
20466
20299
20241
20560
20310
20405
20835
21068
20872
20938
20614
20531
20669
20368
20435
20562
20591
21306
21426
21500
21431
21401
21200
20781
20733
20986
20991
20933
21617
21863
22020
21815
22242
21902
21769
21715
22287
23367
24419
25355
25356
24495
23741
22768
22140
22502
22836
22891
22924
22227
21606
21097
21117
21404
22022
23264
25200
27644
29865
30820
30214
28403
25957
23980
23157
22513
23027
23285
23413
23094
22534
21732
21567
21129
20818
20606
20690
20454
21006
20419
21071
21343
21606
22145
23187
23979
24605
25753
26187
26113
26335
26353
26245
26036
25867
25795
25754
25389
25152
25093
25674
25874
26966
28931
31123
32466
33296
32069
29868
27257
24665
22890
21643
21009
20543
20507
20543
20912
21514
22569
24250
25598
26540
26749
25108
23912
22269
21479
20887
21046
21345
21513
21661
21186
20677
20717
20464
20613
20984
21465
21484
21593
21152
20870
20727
20446
20441
20360
20154
20570
20491
20385
20135
19586
19447
19434
19459
19303
19398
19311
20020
21006
22521
24751
27926
31936
35415
37812
37170
34445
30309
26790
23765
22023
20606
19825
19144
19152
19122
18950
18701
18879
18891
18763
19153
19005
19221
19395
19358
19450
19313
18854
19039
18719
18714
18742
18823
18673
18695
18750
19072
19067
18861
19324
19712
19805
20018
19792
19676
19525
19213
18858
18920
18685
19125
18841
18850
18838
18858
19179
19095
19152
19404
19365
19250
19214
19426
19951
20164
20645
21302
21861
22550
22824
23263
23200
22348
21507
21107
20774
20049
19835
19416
19835
19432
19815
20168
20495
20950
20515
20413
19905
19324
18930
18850
18540
18747
19458
20535
22510
24938
27992
30714
31861
30929
28520
25092
22173
20106
19527
19339
19591
19552
19455
19641
19744
20102
20582
20703
20835
21502
21139
21301
20875
20708
20041
19638
19060
19030
19195
18790
19098
19315
20037
21114
23129
23497
23660
22859
21139
19674
18716
18125
17631
17710
17706
18237
18306
18907
18771
18822
19071
19551
19554
20125
20957
22251
23785
26746
31671
38292
45333
49866
50279
46336
39993
33832
28918
24901
23000
20949
20281
20212
20202
20557
20400
20782
20646
20771
20832
20899
20584
19692
19343
18502
17853
18009
17652
17829
17916
17854
18355
18394
18319
18519
18285
17924
18025
17672
17581
17745
17480
18217
18382
18376
18850
19085
19768
19475
19299
18834
18381
18005
17641
18025
17996
18199
18060
18042
17833
17622
17257
17194
17004
16794
16882
16810
16734
16573
16592
16653
17031
17069
16920
17241
17104
17586
17761
17835
18117
18030
18111
18111
18578
18200
18411
18347
18637
18995
20376
21860
24301
29436
36660
45464
54479
59562
57647
50323
40598
30779
23846
19869
18149
17458
17092
17070
17264
17199
17227
17456
17147
17502
17480
17273
17428
17538
17128
16994
16915
16805
16941
17360
17611
18473
19184
20514
22029
23380
24376
24862
24764
25349
26785
30889
36801
43182
47386
47505
42930
36323
28870
23362
20040
18144
17457
17154
17189
16995
17386
17177
17910
17967
18422
19173
20305
21365
22326
23095
22885
21975
20791
19039
17944
17160
17066
16969
16900
16595
16459
16432
16561
16655
16752
17214
17299
17562
17499
17489
17500
17868
18194
18579
19171
20147
21049
21330
20362
19614
18840
17839
17798
18174
18593
19532
19567
19286
18927
17946
17282
16990
16672
16569
16250
16243
16571
16288
16606
16683
16946
17145
17595
17894
19205
20082
21175
21273
20637
19897
18643
18089
17752
17374
17366
17415
17354
17739
18214
19223
20787
22696
24469
26187
26907
26753
26485
26190
27597
31188
36914
41674
43821
42156
37058
30266
24322
20166
17878
16862
16350
16152
16181
16076
15854
15605
15871
15781
15998
16326
16251
16404
16848
16831
17294
17458
17446
17299
17286
17384
17413
17964
17806
18050
17740
18328
19449
21369
24773
28823
32293
34817
34160
31050
26679
22732
19281
17816
16811
16566
16470
16150
16260
16437
16426
16257
16100
15976
16090
16170
16093
16755
16613
17179
17817
18299
18669
18847
18627
18334
17449
16889
16557
16262
16555
16587
16709
16656
16885
16579
16482
16486
16237
15874
15938
15572
15973
16117
15947
15977
15920
16038
16102
16406
16322
16768
17417
17891
18282
18610
18718
18588
18113
17458
16666
16437
16003
16059
16997
17251
18181
18748
19223
19345
19469
19437
20099
20644
20162
19588
18354
17476
16848
15801
15831
15499
15764
15593
15581
15739
15529
15838
15757
15986
16125
16036
15998
15887
15711
15560
15466
15464
15147
15539
15653
15560
15530
15889
15613
15418
15276
15416
15724
15461
15510
15341
15607
15528
15427
15361
15428
15235
15478
15515
16040
15957
16200
15913
15887
15549
15538
15438
15281
15309
15130
15121
15139
15445
15433
15153
15604
15561
15738
15625
15877
16241
16723
17006
17706
18360
18876
18999
19299
20046
20723
21855
23257
23872
23338
22552
20631
18935
17350
16645
16063
15624
15401
15166
15387
15811
15756
16037
16856
17439
18008
18370
18100
17860
17235
16168
15971
15527
15293
15345
15435
15544
15808
16134
16587
17410
17775
17604
17398
16930
16589
16173
16134
15777
15905
15459
15340
15681
15760
15650
15576
15421
15675
15813
16192
16137
16153
16371
16540
16554
16947
16934
17479
18608
21095
25827
33611
44273
57017
67404
71991
68698
57233
43960
32507
25011
20558
18523
16778
16159
15996
15463
15230
15230
14996
15000
14935
14873
15071
15410
15897
16158
17229
18087
18544
19289
18715
18118
17362
16763
16077
15731
15289
15324
15123
15112
15187
15253
15336
15326
15634
15847
16008
15579
15802
15551
15353
15140
15063
15083
15155
14820
14847
14878
15038
15085
15479
15854
16469
16649
17382
18003
18843
19823
20635
21074
20762
20067
18719
17787
16394
15894
15458
15325
14964
15040
15119
15149
15319
15413
15449
15735
15449
15674
15420
15684
15448
15256
15036
14960
15080
14767
14868
14855
15001
15190
15677
15800
16115
16196
16335
15985
15898
15362
15232
15155
15074
14946
15026
15168
15123
15738
15903
16436
17311
17657
18334
18017
17331
16349
15900
15416
14983
15157
15118
15477
15757
15958
16088
16132
16101
16525
16488
16527
16269
16286
15663
15098
14833
14672
14309
14162
14160
14036
14449
14368
14299
14444
14715
14843
14780
14959
15203
15433
16277
16804
17804
18238
18314
17946
17188
16862
16658
16624
16739
16929
16661
16519
16079
15832
15692
15664
15763
15855
16070
15983
16058
16431
16021
16110
15968
15781
15593
15449
14953
14942
15054
15361
15365
15911
16081
15694
15806
15257
14630
14297
14231
14469
14714
15174
15565
15942
16533
16998
17638
18810
20407
22554
24705
25947
26046
23992
21804
19390
17602
17106
16618
16434
16014
15652
14866
14461
14193
14129
14165
13880
14312
14209
14577
14776
14848
14740
14573
14606
14506
14482
14564
14796
15353
15554
15973
15669
15677
15403
15306
15474
15776
16035
16467
16157
15788
15093
14596
14484
14109
14339
14682
14627
14511
14765
14850
15146
15621
15957
16086
16458
16969
17482
18050
19277
19779
19734
18947
17370
16362
15303
14983
14645
14637
14541
14394
14352
13896
14224
14224
14378
14759
14724
15138
15520
16054
16843
17134
17239
16484
15789
15245
14868
15169
15625
16675
18068
19407
20420
20026
19153
17683
16071
14937
14066
14144
13944
13689
13913
13655
13767
13348
13560
13477
13552
13467
13979
13715
13823
13922
14055
14078
14019
13730
13795
13748
13599
13528
13437
13489
13609
14003
14827
16523
18754
22301
26409
30071
32221
32061
28488
24504
20744
17711
16240
15079
14833
14351
13948
13611
13485
13599
13327
13253
13465
13016
13142
13125
13176
13261
13289
13545
13098
13256
13431
13693
14289
14810
15179
15223
14833
14912
14118
13617
13352
13190
12864
12840
12743
12675
12822
12745
12954
13055
13393
13499
14187
14354
15062
15117
15156
15351
15363
15388
14894
14804
14231
13982
13603
13448
13195
13303
13102
12897
13096
13106
12941
12922
12961
12599
12632
13011
12814
13020
12776
12721
12765
12922
12750
12743
12702
12759
12903
12929
13127
13092
13309
13639
13997
14516
15237
15981
16253
16622
16355
16864
18182
20938
26082
33271
41506
48016
50502
47696
40790
32165
24540
19011
16373
14898
14374
14056
14003
13647
13473
13270
13056
13000
13162
12980
12978
13047
13087
12833
12925
12842
13058
13871
14262
15359
16256
16965
17821
17771
17245
16521
15478
14435
13975
13690
13866
13466
13307
13289
13341
13220
13009
13129
13006
12859
12715
12730
12444
12130
12233
12118
12154
12113
12512
12387
12575
12974
12978
13034
12759
13004
13149
13391
13931
14877
16251
18339
20653
22738
24716
25601
24678
22358
19642
16766
15048
13951
13586
13763
13659
14318
14605
14515
14284
13724
14028
13646
13523
13638
13350
13201
13065
12713
12247
12158
12178
12610
12513
12483
12535
12415
12527
12457
12595
12450
12444
12594
12457
12877
13319
14168
15043
15958
17273
17866
17644
17127
16099
15105
14236
13672
13292
12795
12801
12513
12570
12677
12519
12666
13235
13123
13523
13315
13521
13512
13240
13219
13125
12935
12486
12262
12081
11739
11844
11958
11862
11896
11903
11959
12069
12314
12108
12345
12299
12456
12223
12076
12114
12101
12022
12015
12073
12506
12870
13349
13761
14492
14919
14907
14684
14162
13353
12988
12849
12725
12703
13014
13118
13557
13819
14037
13654
13515
12643
12575
12476
12918
13144
14228
15728
17062
18256
19120
18994
19371
20607
23903
29222
35760
42328
45851
44646
39899
31763
24431
19117
15482
13644
12617
12381
11924
12008
12049
12117
12054
11864
12083
12109
12059
12046
11818
11860
11690
11954
11862
12003
12290
12701
13126
13441
14538
15732
16488
17165
17403
17273
16763
15968
15745
15033
14875
14205
13734
13129
12660
12361
11947
11987
11841
12183
12413
12840
13671
14686
15937
16518
16844
16477
15444
14187
13326
12440
12065
12023
11938
11877
12014
12102
12327
12420
12524
12635
12600
12521
12576
12602
12210
12125
12106
11920
11905
12108
12154
12768
13092
12922
13631
14266
15317
16513
17510
18289
18051
17291
16365
15012
13807
12699
12461
12201
11814
11864
11804
11951
11693
11909
11898
11976
11954
11672
11956
11926
12028
11924
11893
11982
11829
11738
11992
11747
11760
11932
11962
11896
11933
12311
12537
12785
12927
13127
13072
12933
12930
12624
12188
11881
11913
11593
11784
11585
11581
11890
12152
12665
13339
13868
14700
15044
15132
15046
14375
14141
13431
12926
12543
12306
11908
11849
11535
11674
11596
11699
11671
11813
11568
11432
11652
11713
11578
11544
11422
11693
11755
11866
11914
11994
11826
11755
11733
11864
11596
11525
11413
11525
11405
11581
11676
11861
12189
12728
13474
14529
15549
16577
16911
17229
16967
16738
16700
16038
15560
14573
13423
12853
12061
11663
11646
11615
11425
11612
11694
11670
11545
11554
11744
11679
11702
11674
11806
11886
12349
12535
12629
12699
13202
13615
14444
15840
17692
19739
21775
23351
23195
22158
20080
18546
17180
16567
16262
16394
16098
15097
14496
13660
12600
12610
12148
12252
12141
12199
12239
12299
12112
12527
12565
12716
12599
12471
12462
12198
12097
11934
12293
12561
12967
14044
15341
16798
17947
18398
18280
17056
15880
14508
13735
13353
13365
13280
13033
12776
12540
12079
12125
12232
11912
11942
12061
12027
12077
11959
12182
12003
12385
12509
12753
12957
13012
13028
12942
12928
12838
12335
12333
12439
12560
12314
12413
12569
12402
12876
12607
12644
12647
12735
12740
13149
13694
14579
15699
16967
17715
17860
17032
16193
15283
14904
14697
14849
15701
16290
17174
18466
19612
21729
23766
25418
26708
26226
23737
21033
18223
16346
14976
14780
14451
14700
14476
14378
14083
14056
13980
13892
14164
14151
13851
13834
13124
12826
12625
12307
12459
12477
12474
12467
12740
12936
12937
12883
12706
12749
12672
12929
12906
12925
13091
13022
13264
13428
13636
13925
14191
14425
14550
15311
15540
15781
15539
15284
14912
14497
14458
14129
13761
13407
13163
12992
12684
12747
12651
12579
12584
12518
12432
12540
12710
12614
12636
12464
12647
12543
12977
13064
13572
14138
14916
15664
16445
16636
16318
15765
14671
13837
13308
12992
12562
12506
12483
12351
12541
12357
12437
12478
12582
12587
12855
12955
13660
13630
14380
14478
14931
14961
14920
14562
14435
14430
14408
13964
13773
13290
12912
12907
12514
12666
12617
12868
12814
13295
13258
13673
14142
14519
14397
14613
14904
14761
14457
14146
13770
13250
12867
12500
12715
12708
12870
13015
13080
13159
13328
13588
13603
13452
13256
13035
12778
12625
12630
12156
12366
12239
12306
12347
12337
12790
12592
12443
12551
12672
12448
12746
12589
12665
12355
12603
12200
12211
12189
12249
12085
12276
12012
12017
12107
12293
12458
12665
13197
13502
14107
14604
14746
14391
14015
13539
12976
12905
12869
12996
12990
12760
13052
12914
12684
12569
12407
12309
12434
12296
12212
12414
12467
12498
12606
12796
12829
12612
12953
13042
13032
12965
12921
12799
12676
12756
12935
13124
13548
14237
14602
15331
15095
15462
14706
14182
13521
13043
12807
12575
12229
12395
12213
12306
12383
12216
12343
12309
12258
12059
12182
12160
12221
12513
12236
12426
12155
12082
12291
12286
12508
12456
12567
12983
12966
13050
13056
12898
13044
12937
13285
13337
13732
13999
13966
13558
13273
12781
12472
12151
12067
12105
12149
12180
12135
12372
12140
12246
12516
12389
12662
13023
13387
13776
13732
14118
14332
15011
16216
18576
21541
24629
27490
28741
27703
24954
21299
18459
16397
14619
13965
13416
13226
12966
12761
12781
12716
12564
12773
12787
13071
13274
13448
14017
14279
14300
14032
13944
13261
13064
12617
12306
12398
12074
12302
12048
12371
12344
12396
12367
12368
12403
12651
12567
12459
12801
12719
12716
12736
12731
12572
12679
12570
12332
12527
12473
12441
12450
12529
12519
12509
12877
12867
13399
13963
14739
15339
15920
16290
16033
15480
14957
14172
13678
13172
12678
12349
12404
12405
12385
12221
12476
12381
12308
12412
12295
12544
12363
12540
12498
12435
12413
12530
12532
12469
12702
12847
12617
12830
12577
12459
12552
12413
12500
12717
12351
12568
12078
12209
12204
12378
12301
12197
12514
12908
13329
14339
15453
17309
19604
21897
23755
24449
23588
21848
20453
18707
18125
17993
17609
17161
16505
15592
14748
13744
13052
12757
12501
12337
12066
12031
12331
12007
12062
12063
12083
12108
12324
12106
12364
12087
12287
12389
12333
12419
12483
12606
12824
12867
13177
13456
13854
14007
14172
14091
13509
13068
12916
12721
12614
12804
13169
13480
13848
14891
16153
18377
21117
24148
26958
27408
26220
23786
19990
16944
14705
13247
12474
11989
11793
11676
11518
11956
11586
11525
11864
11989
12192
12689
13033
13648
13756
14059
13749
13662
13388
13109
12809
12594
12353
12463
12213
12199
11881
11757
11511
11615
11675
11227
11565
11545
11276
11374
11361
11468
11762
11682
11588
11784
11978
12368
12843
13307
14110
14405
14320
14045
13785
13131
12479
12142
11881
11570
11493
11559
11432
11465
11320
11360
11202
11230
11319
11412
11368
11380
11300
11094
11247
11128
11261
11282
11052
11506
11310
11461
11405
11490
11324
11047
11502
11045
11212
11186
11056
11029
11113
10966
10840
11084
11012
11108
11057
10939
11014
11047
10829
10883
10931
10798
10894
10798
10545
10664
10925
10898
10757
10849
10968
10898
11215
11053
11163
11002
11195
11275
11139
10944
11234
11042
11226
11538
11738
12444
13114
14308
15693
16991
18445
19506
19933
19602
18316
16686
15398
14094
13179
12398
12083
11698
11549
11089
11204
11345
11134
11381
11271
11614
11605
11656
11475
11625
11835
11840
12101
12358
12288
12483
12310
12391
12055
11874
11699
11557
11311
11116
11247
11368
11569
11958
12031
12485
12647
13252
13986
14022
14370
14359
14440
14875
15558
16616
18815
22410
26125
29911
31776
31160
27772
23580
19877
16832
15226
14888
15508
15776
16113
16362
15211
14732
13489
13018
12406
12322
12177
12420
12775
12904
12895
13122
13171
13224
13954
14580
14805
16087
17457
19121
20960
22796
23228
23304
22200
20756
19102
18499
18431
19569
21032
23427
26075
28905
31244
34472
37091
38842
39202
37967
34521
29939
25728
22009
19835
18540
18361
18039
17535
17304
17308
17582
18408
19299
19681
19328
18280
16698
15238
13988
13114
12632
12313
12518
12232
12392
12591
12638
12564
12928
12805
12894
13022
13163
13273
13348
13400
13544
13574
13405
13851
13810
14316
14926
15720
16379
16926
17188
16745
15923
15099
14082
13356
12903
12590
12419
12364
12282
12324
12499
12579
12498
12554
12382
12520
12563
12477
12410
12585
12385
12595
12504
12564
12388
12539
12687
12495
12399
12560
12490
12561
12565
13052
13282
13285
13403
13439
12945
12494
12741
12328
12350
12401
12650
12657
12672
13065
13538
14395
15242
16117
17335
17779
17742
17207
16699
15436
14523
13848
13344
13015
12404
12336
12454
12459
12458
12448
12454
12314
12566
12513
12666
12902
13219
13407
13326
13409
13179
12840
12900
12701
12614
12687
12549
12474
12720
13038
13376
13537
13952
13844
14002
14014
13852
13355
13139
12791
13062
12675
12829
12393
12491
12769
12642
12846
13268
13368
13611
13515
13398
13059
12912
12785
12493
12503
12411
12518
12420
12561
12552
12595
12553
12632
12881
12813
13072
13177
13399
13434
13555
13168
13225
12859
12874
12406
12332
12397
12441
12169
12245
12316
12163
12280
12637
12508
12624
12887
12859
12820
12657
12492
12314
12395
12257
12537
12559
12782
12742
12648
12909
13105
13536
13276
13349
13144
13052
12983
12773
12681
12861
12770
12933
13348
13393
13188
13383
13378
12929
12854
12688
12707
12516
12530
12392
12240
12363
12433
12214
12336
12384
12189
12112
12188
12237
12087
12297
12409
12297
12646
13066
13303
13539
13923
14553
14663
14506
14417
14195
14131
13914
14538
14570
15027
15323
15143
14640
14378
13928
13076
12670
12590
12712
12459
12493
12377
12510
12676
12572
12724
12949
13299
13721
14056
14377
14502
14316
13861
13721
12856
12588
12550
12295
12235
12356
12243
12310
12055
12197
12077
12224
12336
12174
12103
12315
12179
12449
12504
12704
12994
13452
13617
14596
15468
16500
17370
17786
17270
16254
15400
14394
13330
12852
12765
12712
12373
12534
12507
12717
12735
12859
12805
12880
12970
13429
13380
13267
13523
13433
13173
13026
12830
12677
12527
12722
12740
12651
12391
12708
12721
12845
13118
13532
14010
15173
16951
18580
20673
22539
23398
23366
22622
21463
19792
17829
16631
14874
13782
12960
12801
12495
12473
12263
12197
12154
12379
12156
12140
12263
12199
12201
12307
12103
12259
12669
12363
12582
12452
12595
12422
12702
12536
12216
12090
12112
11954
11734
11694
11738
11709
11638
11673
11819
12074
11901
12074
12187
12553
12824
13307
13803
14633
14912
15609
16478
17332
18598
20306
22063
23104
23417
21919
20277
18165
15895
14375
13444
12628
12157
11880
11721
11449
11573
11487
11501
11524
11825
11480
11425
11558
11572
11892
11625
11847
12088
12164
12421
12747
13230
13691
14392
14815
14897
15446
15088
14742
14126
13335
13107
12841
12710
12705
12718
12625
12513
12126
11638
11548
11556
11329
11319
11400
11224
11047
11109
10905
10636
10764
10692
10730
10402
10522
10673
10659
10563
10547
10712
10700
10872
11368
11786
12058
12535
12642
12541
12460
12100
11931
11712
11197
11199
10858
10788
10680
10520
10251
10243
10156
10145
10288
10249
10394
10017
10255
10291
10165
10111
9943
10251
10261
10442
10864
11399
11922
12639
13138
13525
13571
12977
11991
11416
10784
10664
10362
10234
10046
9936
9854
9814
9695
9468
9623
9462
9566
9384
9573
9378
9569
9536
9590
9614
9834
9963
9875
10130
10045
9938
9758
9499
9410
9459
9297
9275
9473
9367
9314
9353
9530
9427
9280
9469
9332
9288
9283
9198
9354
9406
9352
9200
9073
9297
9054
9213
8998
8994
9065
9115
8951
8650
9005
8920
9131
8935
9108
9074
9145
9103
9201
9124
9403
9392
9766
10498
11507
13283
15276
18348
21792
24806
26475
26643
24685
21110
17194
13915
11917
10482
9705
9468
9382
9459
9532
9818
10260
10795
10843
11319
11008
10846
10493
9907
9623
9515
9436
9265
9178
9116
8904
9021
9129
8937
9192
9280
9378
9572
9977
10619
11753
12916
14313
15423
16343
16569
17007
16856
17267
17355
17886
18144
19240
21082
24672
29473
36095
42351
46718
48060
45577
39692
32503
25367
19464
15176
12697
11088
10269
10071
9925
9652
9687
9668
9708
9598
9667
9689
9841
9775
9937
9875
10205
10240
10421
10859
11835
13376
16074
19168
23377
27803
31126
32200
30795
26826
22163
18003
14771
12864
12472
13656
15611
19632
25938
34206
45249
54744
62714
64259
59855
50330
38987
28917
20785
15988
13072
11491
10438
9876
9671
9488
9261
9222
9371
9043
9260
9125
9213
9318
9362
9317
9554
9487
9579
9705
9721
9775
9537
9880
9846
9650
9619
9442
9267
9276
9229
9051
9437
9699
9853
10576
11323
12810
14714
16636
18645
19571
19629
18595
16402
14071
12450
11202
10290
9631
9582
9519
9692
9627
9907
9920
10147
10199
10248
10284
10788
11397
12269
13425
14255
14447
14177
13598
12748
11670
10683
10406
10021
10060
10491
10679
11115
11423
11445
11568
11409
11063
10487
10257
9965
9817
9680
9714
9855
9771
9992
10148
10437
10736
10959
11208
11147
11204
11339
11473
11763
11929
11640
11241
10613
10207
9939
10011
9613
9536
9442
9289
9438
9328
9136
9152
9173
9261
9203
9103
9070
9195
9155
9424
9319
9384
9568
9802
10010
10285
10658
11242
11973
12421
13108
13505
13806
13332
12855
12174
11666
11046
10922
10303
10129
10013
9565
9509
9340
9256
9457
9061
9428
9271
9347
9168
9387
9509
9468
9806
9828
9906
10169
10326
10136
10474
10418
10596
10867
11111
11451
11532
11688
11913
11724
11440
11502
11446
10949
11116
11200
11256
11236
10885
10741
10267
10367
10602
11364
12066
13472
16121
18853
21668
23988
24740
23481
21044
17876
14906
12950
11802
10963
10553
10273
10037
9970
10080
10216
9993
10292
10368
10520
10680
10818
11033
11217
11428
11482
11584
11228
11288
11160
10652
10436
10067
10218
9900
9958
9887
9763
9779
9720
9841
9771
9838
9821
9941
9855
9742
9980
9952
9905
10073
10088
10147
9971
9990
10000
10158
10395
10561
11062
11459
12262
13152
13957
14605
15205
15153
14229
13062
12051
11263
11085
10492
10476
10531
10543
10331
10419
10320
10249
10208
10084
10153
10246
10405
10301
10590
10513
10668
10797
10468
10114
10300
10078
10156
9922
10104
9888
9874
9842
9936
9813
9954
10053
9957
10044
9947
10184
10319
10111
10206
10257
10119
10124
10083
10144
10085
10282
10267
10368
10403
10684
10527
10782
10544
10575
10468
10256
10155
10171
10075
9982
10112
9977
10087
10006
10169
9988
9924
9740
9914
9884
9780
9895
9983
10038
9969
9946
9934
9864
9864
9768
9919
10046
10228
10548
10930
11493
12232
13379
14401
15779
17253
17598
17490
16777
15299
13824
12529
11316
10529
10002
9900
9929
9387
9582
9522
9699
9576
9639
9527
9680
9814
9868
9878
10002
9960
9946
10091
10073
9947
9841
9791
9608
9547
9473
9469
9535
9442
9411
9541
9526
9389
9523
9672
9578
9823
9766
9874
9952
9964
10138
10205
10077
10167
10018
10375
10063
10148
10304
10593
10850
10846
11149
10792
10759
10300
9854
9734
9637
9228
9227
9125
9309
9352
9344
9554
9417
9206
9099
9247
9254
9216
9289
9432
9711
9691
10034
10546
11147
12125
13441
14513
15559
16385
15685
14837
13244
12008
10644
10042
9462
9114
9059
8906
8708
8680
8648
8811
8702
8727
8596
8576
8662
8691
8576
8626
8608
8712
8704
8571
8579
8610
8658
8861
8837
9242
9547
10200
10663
11230
12095
12784
13335
13631
13932
13178
12678
11983
11321
10770
10257
9738
9592
8992
8803
8523
8341
8327
8181
8150
8310
8174
8257
8084
8201
8052
8180
8149
8138
8112
8188
8152
8076
8147
8033
8073
8131
8120
8158
8281
8106
8090
8090
8102
7982
8060
8036
8084
8060
8050
8001
8021
7967
8028
7846
7945
7813
7955
8026
7845
7931
7825
8004
7894
7835
7904
8011
7993
7913
7829
7988
7744
7812
7775
8030
8145
8088
7971
8114
7903
7971
7995
8212
8248
8608
8934
9163
9265
9530
9340
9176
8919
8489
8247
8009
8071
7694
7717
7773
7597
7599
7700
7988
7910
7933
8050
8072
8106
8274
8283
8495
8338
8553
8892
9028
9084
9531
9546
9404
9211
9349
9028
8611
8304
8235
8020
8062
7985
8006
8361
8399
8924
9050
9464
9862
10247
10203
10298
10138
10351
10351
10475
10456
10073
9953
9532
9348
8832
8826
8599
8671
8771
9082
9693
10253
11283
12886
14745
16928
18388
19819
19818
19029
17713
15791
13983
12782
13189
14945
18472
24667
33366
45263
58179
69741
76397
75562
68229
55125
40825
27681
19141
13524
10367
9044
8339
7947
8008
7824
7783
7634
7697
7923
7655
7665
7553
7728
7682
7604
7621
7451
7458
7436
7673
7591
7551
7736
7843
7745
7885
7782
7697
7586
7789
7607
7620
7670
7569
7677
7744
7472
7714
7641
7552
7545
7574
7453
7540
7340
7425
7439
7322
7354
7440
7408
7381
7341
7395
7411
7408
7385
7377
7228
7336
7388
7308
7420
7329
7394
7403
7476
7374
7326
7171
7329
7046
6982
7444
7258
7217
7208
7219
7161
7173
7151
7336
7343
7198
7206
6861
7226
7199
7046
7091
7174
7276
7198
7280
7339
7171
7407
7237
7183
7194
7070
7046
6948
7019
7193
7628
7838
8351
9344
10735
12281
13722
15740
16688
16893
16160
15012
13168
11080
10066
8905
8687
8461
8774
9457
10241
10804
11029
11181
10750
9825
8844
8371
7732
7489
7308
7167
7129
7074
7293
7225
7429
7484
7631
8074
8426
9225
9872
10495
11326
11436
11098
10630
9661
8746
8034
7449
7091
7232
7189
7079
7092
7122
7157
7013
6903
6995
6788
6821
6991
6900
7028
6903
7048
6870
6857
7016
7049
7016
7029
7064
7034
7041
7196
7320
7423
7904
8295
8597
8931
9239
9008
8788
8251
7734
7490
7062
7060
6850
6841
6897
7032
7093
7056
7323
7320
7405
7842
7791
8031
8092
8096
8077
8010
7951
8170
8262
9000
9860
10254
10979
11246
11253
11240
10463
10063
9718
9421
9658
9684
9452
9851
9629
9863
10201
11271
12775
15361
19352
24410
29454
34371
38046
39624
38539
35039
30143
24882
20197
16765
14543
13190
12059
11204
10649
9750
9087
8428
7923
7748
7719
7605
7352
7689
7631
7627
7618
7673
7477
7646
7590
7595
7575
7669
7480
7330
7447
7247
7474
7575
7346
7370
7260
7349
7442
7517
7435
7386
7533
7599
7606
7645
7751
7693
7582
7603
7497
7674
7436
7673
7498
7511
7446
7410
7587
7418
7391
7477
7263
7473
7538
7587
7562
7724
7526
7702
7732
7706
7725
7611
7561
7583
7637
7630
7676
7452
7488
7472
7653
7603
7560
7484
7504
7334
7465
7306
7410
7362
7367
7271
7296
7342
7428
7325
7369
7585
7658
7458
7600
7581
7838
7546
7590
7636
7587
7567
7509
7438
7562
7462
7504
7771
8032
7805
8011
8348
8493
8306
8362
8263
8322
8177
7872
8174
7872
8130
8066
8328
8176
8185
7934
7801
7724
7708
7682
7917
8039
8108
8288
8156
8024
7849
7895
7684
8020
8230
8698
9006
9664
10298
11526
13049
15330
17302
19188
19709
19428
17574
15143
12629
10517
9051
8175
7744
7626
7525
7267
7500
7603
7678
7548
7861
7893
7934
8091
8131
8216
8093
8300
8240
8388
8293
8760
8849
9042
9344
9557
9627
9716
9443
8921
8609
7993
7928
7826
7785
7825
7692
7575
7558
7675
7694
7934
7774
7945
8440
8366
8200
8234
8261
8059
8095
8239
8144
8312
8038
7900
7767
7722
7527
7431
7550
7496
7589
7631
7613
7786
7849
7655
7765
7621
7345
7589
7111
7274
7328
7341
7244
7321
7534
7451
7464
7444
7489
7567
7300
7464
7348
7410
7536
7338
7343
7503
7439
7429
7337
7307
7283
7146
7147
7002
7068
7119
7001
7061
6968
6982
6970
7214
7318
7078
7093
7182
7296
7384
7385
7697
8040
8338
8595
8870
9391
9105
9040
8938
8988
9126
8911
9019
9122
9115
8947
8834
8472
8166
8022
7608
7471
7380
7281
7093
6875
7017
6958
7013
6990
6870
7050
7026
7095
6992
7175
7205
7256
7149
7152
7189
7089
7123
7317
7264
7182
7203
7230
7205
7125
7319
7143
7256
7230
7089
7036
7130
7192
7127
7024
7032
7069
6921
6991
6983
6990
7012
7101
7028
7039
6937
7222
7060
7073
7299
7119
7046
7058
7073
7035
6999
7137
7122
7138
7323
6984
7287
7238
7465
7643
7927
8359
8999
9368
9610
9658
9637
9017
8723
8068
7681
7188
6995
6786
6828
6768
6592
6860
6769
6809
6736
6775
6912
6909
6806
7224
7089
7263
7288
7452
7558
7706
7537
7251
7358
6879
6953
6760
6651
6669
6735
6701
6797
6807
6944
7152
7280
7695
8162
8777
9269
10102
10416
10436
10858
10829
10842
11106
11089
11208
10801
10603
10026
9296
8456
8039
7836
7718
7600
8145
8863
9687
11596
13484
16069
18877
19811
20383
19430
16842
14341
11507
9337
8137
7131
6955
6782
6941
7037
7050
7180
6976
6912
6866
6707
6476
6439
6334
6454
6295
6393
6310
6315
6047
6105
6163
6152
6117
6155
6201
6198
5982
5981
5987
6206
6075
6117
6057
6129
6080
6074
6294
6576
6972
7171
7783
7926
7863
7854
7532
7226
6732
6277
6257
5927
6037
6064
5808
5891
5965
5728
5845
5928
5669
5740
5767
5874
5861
5848
5805
5918
5886
5830
5998
6003
6015
5883
6088
5853
5775
5846
5774
5515
5658
5777
5567
5555
5691
5635
5635
5634
5637
5735
5665
5529
5586
5642
5568
5700
5643
5530
5749
5752
5657
5616
5647
5585
5612
5389
5436
5471
5409
5324
5425
5414
5308
5417
5388
5504
5434
5334
5424
5492
5584
5487
5776
6157
6722
7527
9001
11012
13368
15627
17869
18877
18930
17150
14672
11769
9289
7647
6411
5843
5415
5200
5150
5194
5175
5183
5044
5180
5216
5245
5307
5397
5319
5355
5282
5387
5477
5290
5378
5293
5379
5325
5314
5388
5415
5433
5578
5693
5712
5821
5654
5658
5525
5421
5355
5249
5383
5250
5283
5237
5191
5193
5024
5104
5163
5113
5083
5194
5139
5177
5382
5139
5327
5373
5282
5197
5358
5205
5110
5215
5263
5164
4906
5077
5199
5137
5173
5144
5170
5252
5160
5182
5109
5141
5216
5283
5282
5383
5413
5462
5358
5592
5815
5911
6245
6324
6650
6840
6807
6594
6180
6055
5650
5477
5397
5220
5177
5133
5227
5153
5436
5542
5962
6146
6863
7547
8280
8659
9402
9563
9358
9965
10783
12981
16022
21120
27432
34863
43062
49983
54281
54988
51144
43899
34808
26491
20155
16165
13923
12741
12177
11281
10146
8999
7799
6885
6120
5707
5477
5295
5303
5095
5141
5153
5106
5223
5260
5245
5293
5267
5324
5341
5289
5220
5194
5222
5063
5245
5064
5130
5108
5072
5089
5129
5100
5135
5266
5112
5321
5066
5183
5241
5156
5075
5179
5248
5210
5186
5296
5253
5257
5315
5275
5342
5151
5242
5194
5263
5067
5192
5299
5371
5467
5506
5514
5314
5341
5423
5275
5246
5213
5200
5162
5040
5076
4899
4997
5074
5122
5181
5167
5350
5542
5314
5545
5424
5462
5456
5352
5338
5214
5032
5141
5265
5197
5195
5126
5004
5026
5034
4941
5006
4972
5070
4976
5086
5067
5167
5315
5605
5723
6017
6342
6541
6547
6708
6347
6307
5878
5776
5441
5330
5152
5098
4995
5085
5038
4988
4855
5019
4863
5053
5092
4970
5017
5230
5090
5096
5067
4914
4810
5084
5040
5072
5029
4931
5045
5042
5013
5095
4966
5015
5017
5131
4956
4920
5060
4918
5063
5145
5109
5237
5189
5268
5171
5326
5293
5463
5631
5921
5990
6154
6003
5771
5747
5702
5561
5668
5877
6188
6724
7307
8192
8797
9373
9656
9523
9045
8404
7661
7184
6718
6714
7019
7318
7404
7507
7534
7095
6703
6205
5808
5504
5389
5276
5272
5344
5563
5632
5854
6066
6024
6198
5969
5760
5660
5608
5238
5308
5272
5435
5508
5553
5537
5615
5645
5461
5585
5349
5391
5213
5255
5233
5248
5042
5178
5181
5021
5088
5201
5127
5134
5133
5126
5172
5066
5166
5156
5263
5012
5166
5111
5041
5082
5037
5054
5075
5044
5055
5120
4929
5029
5093
4993
5037
5047
5081
5120
5045
5100
5237
5333
5414
5750
5955
6502
7005
7455
7678
7907
7983
7692
7552
7449
7566
7724
7900
7979
7902
7815
7302
6740
6434
5945
5697
5480
5226
5162
5102
5114
5108
5176
5058
5073
5086
5182
5010
5063
5357
5263
5315
5416
5176
5405
5180
5112
5250
5351
5240
5232
5396
5189
5240
5291
5383
5176
5238
5439
5289
5394
5388
5341
5270
5279
5336
5094
5284
5279
5275
5075
5144
5057
5205
5110
5227
5165
5153
5231
5065
5056
5101
5198
5119
5019
5086
5028
5127
5132
5086
5137
5274
5523
5809
6307
6673
7532
8227
8691
8960
8900
8577
8017
7172
6463
5865
5598
5453
5422
5491
5984
6569
7459
8494
9758
11096
12010
12561
12055
11028
9615
8468
7228
6306
5863
5655
5498
5386
5429
5354
5297
5330
5407
5410
5370
5361
5423
5315
5263
5251
5279
5255
5388
5253
5449
5577
5932
6302
6725
7782
8193
9493
10241
10875
11096
10875
10060
8904
8093
7208
6616
6291
5950
5732
5417
5431
5424
5476
5355
5258
5376
5271
5287
5325
5116
5033
5356
5339
5392
5517
5563
5655
5995
6152
6327
6237
6096
6038
5740
5625
5640
5463
5286
5387
5386
5347
5401
5403
5293
5279
5289
5282
5188
5273
5080
5231
5186
5090
5062
5170
5254
5313
5214
5360
5619
5834
6067
6505
6998
7707
7949
8253
8282
8055
7513
7139
6417
6050
5731
5358
5427
5100
5215
5152
4981
5049
5216
5041
5157
5231
5111
5223
5186
5347
5303
5366
5456
5437
5501
5534
5599
5445
5589
5452
5273
5308
5181
5231
5139
5152
5185
5130
5072
5138
5166
5084
5177
4953
5095
5044
5096
5152
5184
5153
5254
5318
5216
5224
5140
5095
4934
5160
5024
4981
4840
4992
4964
4990
4972
4917
5012
4916
4990
4950
4854
4919
4937
4799
4994
4816
4866
4947
4829
4779
4742
4855
4863
4719
4834
4817
4861
4743
4691
4765
4850
4786
4824
4813
4754
4773
4839
4777
4859
4875
4943
4812
4988
4982
4992
5128
5013
5190
5035
5125
4969
4826
4905
4920
5037
4896
4944
5135
5187
5258
5266
5350
5426
5389
5386
5291
5101
4945
4885
4774
4819
4842
4803
4742
4798
4693
4726
4705
4764
4774
4844
4844
4791
4868
4774
4865
4971
4917
4929
4932
4932
4803
4834
4705
4893
4909
4769
4777
4766
4754
4732
4851
4814
4742
4855
4872
4852
4872
4881
4852
4913
4907
4931
4975
4867
4862
4835
4801
4776
4797
4703
4781
4711
4663
4799
4816
4751
4950
5179
5560
5878
6790
7957
9360
11489
14043
15719
16591
16441
15256
13399
11177
9625
8099
7887
8075
9227
10903
13364
15911
18607
21099
22214
22324
22085
21558
21639
20718
20294
19238
18554
17687
17036
15760
14461
12974
11092
9366
7821
6781
6080
5780
5703
5414
5425
5439
5439
5555
5502
5667
5618
5749
5889
5756
5701
5683
5752
5626
5581
5555
5585
5509
5603
5539
5501
5572
5554
5602
5514
5497
5438
5492
5423
5455
5495
5508
5404
5610
5540
5636
5474
5607
5616
5840
5855
5778
5802
5818
5843
5940
5907
6163
6415
6861
6962
7153
7127
7073
6608
6453
6176
6228
5786
5837
5693
5649
5639
5705
5454
5564
5696
5619
5809
5966
6002
6250
6536
6693
6699
6702
6454
6315
6035
5845
5826
5743
5766
5751
6009
6219
6751
7345
8317
9967
11985
13944
16389
17952
18362
17669
15807
13342
10885
9220
7932
7466
7174
7080
6834
7207
7022
7000
6856
6488
6252
6253
6273
6115
6106
6101
6100
6033
6129
5891
6134
6004
5964
6141
6087
6148
6079
6142
6173
6017
6182
6111
6129
6040
5986
6124
6102
6189
6272
6158
6197
6373
6227
6132
6135
6122
6053
6012
6075
5940
6103
6262
6435
6192
6399
6560
6848
7006
7223
7343
7491
7485
7344
7004
6910
6625
6589
6774
6964
7571
8222
9136
10251
10945
11849
11769
11540
10850
10151
9438
9495
10003
11053
12524
13862
15423
16055
16026
15214
13651
11665
9912
8521
7743
6930
6765
6878
6829
7107
7315
7259
7106
7073
6908
6909
6746
6488
6678
6725
6814
6899
7147
7178
7348
7190
7162
7238
7013
6997
6742
6587
6326
6312
6243
6247
6187
6245
6299
6180
6331
6333
6209
6259
6318
6233
6170
6136
6186
6278
6307
6179
6133
5988
6082
6192
6095
6208
6258
6063
6185
6337
6096
6171
6288
6197
6169
6200
6192
6221
6185
6244
6212
6233
6227
6215
6113
6220
6256
6245
6227
6246
6191
6128
6121
6232
6232
6246
6166
6209
6061
6089
6078
6105
6201
6266
6192
6182
6157
6265
6139
6158
6269
6145
6222
6129
6235
6256
6311
6096
6157
6218
6073
6132
6248
6051
6227
6202
6397
6219
6240
6154
6286
6253
6409
6195
6343
6355
6521
6380
6284
6376
6327
6468
6149
6324
6234
6216
6330
6333
6330
6129
6229
6307
6465
6366
6486
6329
6317
6280
6323
6355
6331
6245
6294
6267
6213
6328
6279
6163
6268
6348
6450
6405
6349
6240
6172
6339
6344
6340
6400
6476
6516
6431
6600
6683
6987
7197
7705
8223
9387
10958
12649
14943
17272
19066
20157
20307
19385
17511
15236
12515
10536
8996
8002
7235
6981
6763
6708
6816
6671
6710
6489
6804
6589
6639
6675
6596
6587
6444
6467
6547
6565
6586
6582
6600
6482
6458
6563
6588
6503
6547
6575
6611
6598
6514
6669
6651
6688
6544
6685
6641
6544
6762
6761
6704
6835
6752
6629
6553
6601
6623
6551
6752
6571
6553
6620
6650
6570
6642
6601
6669
6779
6723
6777
6800
6878
6769
6633
6586
6749
6594
6672
6610
6515
6641
6748
6590
6537
6535
6548
6339
6223
6509
6347
6399
6438
6328
6315
6381
6431
6367
6414
6605
6686
6985
7457
7954
8617
9149
9745
9953
9876
9476
8979
8179
7497
6833
6702
6339
6280
6123
6386
6162
6192
6226
6073
6177
6219
6251
6100
6156
6287
6349
6209
6277
6218
6181
6434
6191
6319
6214
6317
6332
6080
6187
6118
5988
6201
6013
6014
6064
6096
6058
5844
5961
5909
5806
6003
5927
5844
5984
5769
5801
5944
5901
5750
5883
5869
5791
5976
5750
5668
5845
5859
5654
5826
5716
5877
5710
5702
5828
5619
5704
5603
5846
5799
5668
5756
5737
5807
5609
5668
5608
5642
5533
5580
5613
5542
5534
5570
5610
5578
5590
5537
5477
5508
5511
5670
5529
5492
5422
5347
5290
5310
5430
5431
5441
5459
5357
5575
5455
5581
5611
5463
5543
5449
5395
5367
5377
5441
5420
5303
5315
5328
5222
5194
5204
5264
5207
5228
5148
5279
5223
5316
5254
5127
5208
5228
5290
5184
5138
5188
5335
5157
5200
5200
5159
5378
5183
5174
5258
5149
5086
5193
4999
5158
5096
4892
5046
5106
5134
5236
5032
5192
5021
5005
5053
5091
4917
4955
4990
5085
4930
4941
5026
5124
4768
4959
4963
4913
4818
5017
5042
5013
4933
4997
5049
5190
5294
5560
5920
6669
7692
9025
11310
13911
17496
21086
24609
27534
28418
27603
24824
21364
17249
13417
10628
8274
7106
6630
6526
6697
7414
8427
10332
12714
15426
18623
22024
24562
25634
25062
23269
20142
16398
13196
10284
8268
6876
6206
5632
5486
5432
5149
5110
5213
5168
5207
5187
5118
5232
5135
5223
5244
5239
5240
5094
5258
5077
5159
5156
5264
5129
5151
5168
5131
5080
5230
5276
5073
4990
5094
5087
5175
5140
5029
5066
5086
4969
5102
5015
4870
4933
5020
4992
5046
5076
5007
4979
5149
5541
5592
5777
6232
6717
7178
7631
7997
7799
7559
7214
6583
6171
5823
5551
5304
5079
4963
4877
4831
4761
4825
4886
4811
5042
5077
5337
5547
5869
5996
6105
6079
6050
5749
5558
5298
5069
5222
5175
5444
5720
6346
7323
8464
10332
12856
16131
20337
24368
27563
29395
29227
26908
23473
19285
15120
11524
9118
7328
6203
5677
5317
5080
5103
4999
5060
4908
4824
5035
4851
4805
4913
4910
4826
4866
4929
4862
4810
4938
4726
4709
4946
4938
4765
4794
4900
4848
4832
4805
4979
4829
4964
4882
5090
4994
5025
4922
4967
4987
4923
4825
4946
4841
4788
4689
4750
4763
4929
4661
5003
4977
5079
5137
5131
5168
5218
5193
5147
4943
4832
4922
4742
4694
4694
4679
4687
4680
4774
4707
4737
4917
4946
5073
5324
5813
6596
7425
8795
10702
13284
15670
18251
20136
20937
20054
18399
15759
13109
10548
8657
7303
6703
6341
6366
6399
6643
6712
6752
6537
6145
5945
5636
5367
5184
5195
5162
5351
5359
5710
5779
5787
5679
5755
5574
5315
5180
5124
4895
4834
4778
4703
4702
4681
4717
4667
4733
4591
4586
4632
4658
4717
4662
4560
4563
4615
4618
4455
4527
4668
4601
4617
4498
4552
4610
4517
4413
4406
4484
4560
4560
4448
4413
4491
4498
4499
4587
4444
4359
4515
4400
4531
4471
4451
4448
4504
4472
4498
4519
4597
4608
4509
4472
4519
4641
4513
4618
4586
4615
4505
4558
4493
4582
4503
4563
4586
4534
4546
4674
4573
4630
4617
4505
4477
4599
4546
4559
4507
4526
4494
4522
4506
4633
4551
4551
4545
4628
4503
4618
4589
4591
4471
4493
4483
4651
4447
4573
4595
4632
4541
4615
4629
4531
4517
4498
4481
4433
4499
4638
4316
4541
4489
4377
4415
4503
4332
4534
4373
4437
4330
4442
4467
4412
4515
4414
4264
4348
4354
4332
4249
4201
4361
4375
4413
4189
4344
4422
4341
4298
4406
4481
4569
4691
4765
5229
5939
6686
8113
9676
11834
14351
16564
18645
19610
18611
17068
14473
11408
8853
7042
5473
4832
4406
4191
4161
4074
4060
4033
4049
4074
3973
4077
3931
4033
4132
4120
4028
4013
4078
4035
3917
3960
3912
3932
3997
3944
3952
3927
3984
3927
3892
3859
3848
3906
3898
3967
3832
3936
3917
3866
4063
3990
4016
3899
4017
4130
4033
3918
4048
4007
3801
3927
3722
3831
3789
3763
3754
3732
3746
3844
3693
3861
3706
3757
3773
3810
3642
3544
3633
3655
3629
3464
3498
3600
3626
3623
3492
3471
3436
3421
3518
3495
3434
3573
3436
3309
3323
3365
3268
3192
3293
3195
3247
3270
3186
3331
3242
3225
3134
3210
3192
3101
3224
2977
3145
3026
3103
3179
3215
3212
3047
3093
3054
3116
3105
3035
2962
3107
3169
2917
2955
3062
3024
2958
3025
2904
2823
2874
2884
2862
2775
2794
2806
2828
2765
2852
2824
2782
2704
2678
2653
2766
2717
2604
2692
2683
2690
2659
2569
2604
2500
2513
2563
2599
2506
2607
2579
2585
2431
2364
2424
2429
2539
2492
2396
2389
2394
2465
2340
2481
2387
2291
2338
2296
2287
2316
2202
2233
2214
2218
2299
2204
2232
2309
2270
2236
2229
2360
2609
2811
2968
3253
3471
3592
3660
3613
3418
2961
2708
2445
2234
2199
2052
2057
1971
1982
2030
1968
1947
1964
2006
1995
1960
1932
1950
1908
1895
1919
1856
1887
2031
1838
1875
1808
1916
1869
1852
1830
1884
1827
1815
1760
1783
1837
1837
1770
1761
1758
1788
1731
1821
1765
1775
1751
1678
1733
1736
1626
1666
1755
1711
1647
1698
1692
1630
1623
1683
1721
1624
1671
1589
1669
1600
1580
1570
1552
1507
1613
1541
1555
1546
1563
1668
1689
1676
1730
1796
1885
1936
2075
2104
2086
2045
1963
1966
1922
2114
2367
2853
3609
4906
6593
9283
12655
16273
20260
23714
25733
25669
23528
19831
14994
10541
7262
4709
3179
2507
2407
2462
3108
4177
5563
7576
10298
13619
17001
20523
22237
22571
20966
18107
13989
10189
6829
4281
2872
1923
1448
1213
1094
1090
1054
1016
1042
1059
955
1055
1049
1047
1078
1056
1057
1119
1105
1087
1071
1019
1010
984
1023
938
934
974
932
916
959
924
914
954
928
941
861
921
938
953
940
896
980
871
914
881
847
943
905
933
1014
1129
1137
1421
1726
2100
2431
2963
3307
3597
3841
3699
3358
2724
2178
1744
1420
1061
957
869
805
827
817
789
790
823
810
787
768
778
768
801
807
854
820
776
785
828
882
1009
1115
1269
1534
1876
2642
3796
5265
7395
10427
13904
17941
21808
24542
25165
24287
20800
16595
12278
8037
5140
3101
1901
1241
899
795
690
701
662
673
645
717
663
692
686
696
708
678
705
700
689
720
677
664
709
698
662
688
671
686
657
732
658
670
691
688
694
703
662
658
705
664
649
634
676
667
651
690
696
709
784
757
867
890
921
1107
1162
1147
1157
1018
1038
886
805
748
696
651
654
698
627
646
671
729
707
742
788
846
925
1140
1471
1887
2678
3649
4850
6457
8190
9966
11180
11611
11426
9809
8078
6167
4302
3144
2379
2274
2214
2382
2612
2795
2765
2710
2333
2026
1588
1298
986
837
700
680
567
613
610
629
615
636
620
650
567
573
564
629
621
640
599
595
645
587
616
639
624
653
662
675
625
659
613
598
595
612
623
583
564
610
565
604
648
594
602
562
632
582
601
592
603
593
584
582
595
627
571
606
625
649
594
565
621
587
558
598
574
595
555
587
612
637
624
671
665
730
721
783
793
829
810
842
832
832
927
925
965
972
901
850
846
725
717
641
605
640
601
577
617
619
623
631
574
599
596
634
655
645
615
631
593
598
599
610
601
591
598
641
606
595
584
599
631
582
591
628
655
631
585
650
615
619
638
590
611
613
639
610
584
605
600
604
609
586
597
574
594
581
612
607
616
641
638
621
597
682
666
641
660
656
652
652
605
595
596
539
575
586
572
549
530
560
568
568
581
577
581
588
628
554
555
548
545
610
572
584
597
537
569
595
573
603
618
591
570
598
558
584
539
538
527
520
543
552
546
531
536
534
557
548
573
560
553
524
566
561
605
686
678
733
827
839
875
873
876
801
734
735
685
620
569
582
541
532
563
560
530
569
549
583
551
547
547
577
530
547
619
548
572
535
549
544
535
526
512
508
518
503
520
537
516
538
559
539
512
542
504
520
531
516
526
546
514
531
520
526
500
517
540
517
542
485
501
484
511
511
529
471
514
496
526
541
531
521
554
486
479
493
511
508
531
514
513
545
509
485
561
551
533
549
580
539
515
540
486
511
556
533
459
554
529
512
502
521
517
494
489
481
483
479
503
497
525
502
521
479
505
439
502
522
483
470
480
478
492
476
512
496
536
503
499
499
506
475
500
508
544
541
535
564
564
617
687
748
970
1120
1398
1758
2175
2774
3315
3586
3794
3774
3562
3066
2526
1888
1432
1052
832
671
645
561
595
528
536
518
498
524
551
534
546
550
524
502
520
517
551
524
526
526
521
539
499
554
561
518
521
516
527
524
507
476
518
516
555
531
545
558
505
543
535
518
592
554
520
576
559
560
540
562
570
527
565
548
523
572
567
522
529
488
543
552
528
588
570
537
617
633
700
717
850
920
1086
1282
1416
1582
1691
1746
1684
1506
1292
1147
1021
801
675
651
559
543
577
554
541
584
547
558
522
516
501
570
552
551
552
550
523
501
496
534
525
544
546
551
542
492
536
525
509
545
533
515
521
571
556
566
561
528
562
528
536
518
532
547
527
562
523
527
522
592
593
629
645
658
654
676
651
602
577
550
504
553
511
569
508
487
549
500
500
523
487
532
481
492
522
486
553
492
539
460
498
506
497
546
509
483
521
539
504
514
489
534
497
528
476
498
513
525
514
504
486
527
477
495
484
551
552
520
478
497
461
527
484
495
531
513
512
519
503
475
503
484
452
502
496
488
526
476
509
473
477
504
463
453
494
493
480
506
508
475
505
494
499
511
510
543
503
509
480
478
508
501
491
472
472
483
491
511
469
484
493
493
443
523
485
475
533
460
503
480
442
462
495
482
469
452
506
550
479
535
513
486
514
474
513
500
573
577
594
697
868
1018
1162
1393
1571
1749
1804
1703
1522
1345
1053
970
753
613
562
537
554
504
526
530
513
548
512
517
495
483
548
504
554
516
553
497
469
526
529
553
552
517
564
523
535
564
538
532
518
633
591
634
695
725
765
861
904
906
983
930
837
769
763
709
658
620
575
554
553
514
516
525
530
519
531
556
514
531
519
510
519
498
539
522
531
568
557
532
556
564
574
574
564
523
510
534
549
530
557
503
490
534
499
471
557
478
545
481
516
464
507
513
471
524
444
526
490
489
489
507
497
519
463
509
445
505
524
486
495
481
486
501
551
538
599
539
601
617
625
711
683
757
769
813
779
908
911
1014
1089
1146
1104
1000
956
824
720
679
611
553
516
544
519
504
489
531
514
529
480
475
505
470
502
481
495
458
486
468
503
476
481
455
515
491
476
447
478
466
524
466
454
483
479
477
492
501
457
491
473
462
492
442
510
429
494
464
443
443
437
433
431
413
454
440
436
454
450
444
434
455
473
430
427
441
444
425
435
453
439
462
420
429
418
484
451
422
417
479
444
421
405
418
394
398
404
384
443
437
429
409
422
447
410
419
431
393
415
425
453
434
422
423
406
398
420
423
412
420
376
417
404
418
399
395
368
421
396
391
436
421
471
463
459
588
571
638
649
688
708
666
620
577
496
481
439
404
440
386
380
413
408
421
394
388
360
441
400
458
400
425
402
438
402
432
345
387
374
385
405
387
383
376
369
421
348
421
398
374
346
388
392
357
400
342
324
372
363
386
353
355
376
373
387
343
357
320
381
359
377
356
353
343
350
359
326
362
351
355
338
333
358
405
353
374
332
365
373
327
363
366
357
379
420
364
418
416
399
389
383
386
388
373
353
370
343
353
337
342
371
340
369
395
352
365
358
355
341
379
350
333
335
356
342
337
347
338
347
345
336
364
366
336
346
380
358
375
375
329
323
352
379
382
385
416
408
418
517
524
678
775
1010
1263
1730
2090
2567
2964
3087
3349
3144
2796
2331
1640
1243
871
602
494
442
375
334
327
377
333
368
334
328
349
335
333
319
341
344
310
310
322
331
347
332
345
344
311
348
329
347
319
348
378
347
329
346
342
335
350
330
351
343
306
347
295
330
315
304
337
331
344
347
302
341
348
268
322
304
291
319
351
306
285
302
304
294
307
326
342
371
369
415
517
564
662
785
947
1103
1239
1395
1439
1389
1221
1070
945
747
579
422
363
324
321
339
263
315
250
290
297
311
263
279
303
275
280
285
284
286
289
289
256
267
293
312
263
265
292
275
279
243
272
259
260
242
277
273
272
289
262
278
247
277
264
270
270
263
265
265
264
258
260
276
257
254
265
267
226
260
257
265
281
260
280
275
262
258
267
283
288
299
243
241
276
248
279
243
259
258
273
273
267
256
238
242
240
260
253
268
261
240
263
221
260
246
242
256
266
230
208
231
253
214
268
286
263
245
275
253
243
288
271
258
248
228
240
262
228
234
245
259
236
228
282
251
234
221
205
240
258
236
211
209
225
201
225
251
227
217
242
230
235
192
215
226
236
231
229
232
207
247
221
246
215
229
226
221
233
235
210
210
210
236
233
220
209
222
239
221
250
238
228
203
203
215
237
200
230
232
206
247
229
204
237
246
256
294
320
358
466
535
710
907
1256
1571
1954
2289
2665
2783
2749
2601
2244
1785
1408
1076
737
584
445
362
320
306
285
268
240
263
252
266
254
262
232
236
230
217
251
284
232
254
266
253
268
244
237
247
280
252
240
267
263
227
235
238
260
250
251
234
289
242
259
272
238
244
233
240
236
254
262
255
260
279
257
243
245
234
257
268
240
217
262
244
236
254
247
244
286
241
247
275
274
243
254
272
273
290
251
247
259
253
249
240
244
237
274
254
255
230
231
234
240
254
278
272
232
237
236
260
229
256
231
220
249
243
262
214
219
230
254
268
253
234
243
235
245
243
267
217
217
229
264
275
313
320
393
420
500
638
608
676
782
701
696
614
523
446
407
303
267
292
244
232
227
194
256
214
238
235
234
222
263
238
264
237
214
220
238
210
225
235
259
245
246
242
220
248
202
205
228
225
226
216
220
231
246
221
243
237
236
234
240
257
227
245
256
251
257
215
209
233
222
217
234
221
223
216
244
236
232
205
243
222
240
240
225
201
209
217
193
199
230
231
202
216
182
195
196
196
210
218
233
206
239
232
241
225
241
182
258
212
240
221
223
221
206
221
233
214
221
231
220
210
248
231
242
224
226
237
221
223
208
224
232
219
269
206
236
223
229
216
198
229
227
227
228
248
233
211
260
227
233
249
210
242
190
247
224
238
240
240
231
246
228
237
253
250
234
268
262
280
275
273
282
244
245
207
213
223
210
201
249
223
206
227
209
208
207
202
223
226
229
261
210
217
232
241
203
204
210
217
218
230
226
236
232
206
202
212
212
210
225
219
215
229
199
207
208
185
201
244
230
216
203
212
209
219
218
233
229
214
213
216
210
216
223
219
259
237
220
248
218
222
226
217
226
197
214
191
204
183
218
215
206
200
211
207
200
205
217
215
185
195
203
211
188
201
190
190
190
210
187
151
183
212
199
192
193
174
198
178
200
205
211
184
213
225
209
205
199
186
202
199
201
207
187
190
207
192
200
190
201
219
180
182
179
217
197
187
188
163
205
189
187
204
184
177
207
183
190
164
198
147
205
196
178
194
184
172
208
161
196
190
165
188
172
175
193
176
176
184
187
184
190
175
200
183
170
180
167
172
208
168
189
181
175
157
142
164
177
152
166
155
154
157
152
153
153
166
185
157
168
170
147
176
215
219
226
270
262
280
292
285
287
260
225
197
184
146
157
135
153
178
140
135
122
131
164
131
110
161
139
139
139
131
118
119
145
150
133
149
134
112
126
127
136
145
157
141
126
135
136
114
150
131
154
100
123
124
117
151
152
124
115
117
124
143
100
130
114
133
129
115
131
120
131
132
130
123
114
114
127
129
133
113
119
141
125
125
155
136
138
126
106
120
109
107
114
122
129
98
109
121
94
88
116
103
107
115
109
116
105
114
117
121
118
93
97
96
108
112
110
91
112
121
140
137
144
140
136
144
108
126
118
118
106
89
134
91
107
107
99
116
107
97
111
110
95
113
107
100
116
120
119
115
100
107
92
92
98
90
104
110
101
106
118
119
121
91
79
114
111
99
95
111
114
99
100
69
98
97
105
109
97
101
107
115
108
102
110
95
119
122
105
119
102
98
97
109
95
107
122
95
95
116
132
117
164
205
267
317
436
580
766
1024
1369
1711
1943
2194
2139
2134
1828
1532
1147
792
539
345
237
163
122
123
99
96
99
85
73
80
90
98
89
84
91
88
96
91
81
80
86
87
115
91
91
103
89
84
84
77
78
106
97
99
97
109
120
85
93
82
104
115
91
92
103
101
92
93
110
107
83
113
110
97
122
118
105
113
101
93
89
112
93
100
91
84
87
82
101
99
101
99
107
115
96
120
114
137
92
112
107
94
77
87
79
85
88
108
108
95
76
86
85
63
86
71
83
88
86
79
82
89
85
85
98
95
91
93
83
82
79
95
86
106
82
103
97
84
103
94
89
90
77
84
85
77
97
89
100
92
87
96
76
82
91
90
111
67
86
87
90
87
89
87
89
84
92
95
98
113
92
105
93
92
104
79
97
95
78
78
81
88
85
86
80
81
84
77
109
81
78
73
104
85
90
89
98
91
98
75
94
105
97
111
113
128
115
134
111
104
98
96
100
94
80
83
87
80
99
87
82
72
114
91
86
85
85
68
89
84
93
90
80
89
108
75
92
99
84
81
75
83
94
78
74
68
78
82
84
77
99
95
95
84
81
88
76
94
92
86
78
84
77
88
69
86
86
80
95
71
83
79
77
96
97
91
81
93
84
78
90
73
75
87
97
87
80
81
94
79
94
101
88
77
90
92
98
120
92
125
93
91
98
93
99
79
88
94
96
95
88
86
87
78
98
77
87
102
90
90
94
83
93
80
96
86
75
92
110
90
88
75
88
83
84
105
96
92
106
99
87
108
114
105
123
116
102
90
102
86
80
93
95
81
97
77
80
97
89
88
94
97
72
70
98
82
87
97
97
100
85
95
79
92
95
88
91
80
79
75
89
86
77
89
97
91
74
89
84
93
77
86
94
90
85
94
94
74
95
75
72
85
97
72
83
78
86
75
91
71
88
109
107
94
105
95
103
87
103
97
91
102
79
64
91
93
87
77
102
92
88
110
78
91
98
94
90
121
105
90
87
84
77
92
77
89
72
82
83
84
91
82
103
99
96
103
84
97
88
77
78
81
94
85
97
87
92
75
87
77
98
97
99
86
103
87
87
92
94
87
85
82
70
95
99
110
110
102
87
118
106
90
100
84
91
99
92
81
89
104
70
84
83
88
76
75
85
94
102
90
83
96
83
84
88
82
90
76
84
95
93
88
75
78
76
95
84
96
85
69
68
90
87
103
98
75
68
85
68
92
87
94
85
76
66
90
93
80
78
82
89
75
91
96
93
85
103
93
95
85
91
86
80
89
94
89
86
87
81
81
90
99
76
98
86
80
87
81
67
83
99
78
73
80
92
78
77
76
57
91
84
67
72
81
79
78
77
88
88
95
87
78
72
74
86
93
90
82
83
82
82
59
72
92
69
78
80
81
74
82
61
72
80
65
74
59
81
71
80
72
79
87
95
96
75
77
73
77
94
70
70
85
76
56
73
82
64
79
69
74
90
77
81
74
76
87
72
75
93
69
98
90
64
88
58
81
64
74
65
80
88
84
81
88
68
75
85
73
83
72
75
71
77
82
68
69
83
67
84
73
81
81
66
71
82
70
84
63
70
76
76
65
66
73
84
68
84
69
79
72
74
74
78
82
86
88
88
98
101
155
161
192
240
332
387
452
581
616
643
627
587
511
377
286
220
189
145
118
94
112
99
96
99
95
106
111
115
94
101
85
105
78
97
84
114
110
112
110
87
108
96
108
105
96
96
109
110
100
102
97
93
113
108
115
124
98
112
118
106
99
92
108
112
102
103
109
113
123
122
112
127
115
127
129
116
134
136
110
98
115
106
116
115
98
109
126
105
117
110
132
120
125
106
116
105
113
119
106
120
91
91
96
86
90
97
76
97
102
98
87
95
92
119
104
102
94
116
93
102
106
108
82
101
84
94
104
97
95
101
98
98
102
96
87
78
97
88
109
99
93
84
95
111
103
93
90
88
107
103
102
106
94
108
102
107
129
95
81
122
102
112
113
121
118
102
90
112
103
110
118
100
107
92
92
104
92
87
93
102
97
96
111
80
99
98
93
105
107
107
96
104
92
105
105
94
101
102
127
113
119
116
114
103
128
119
109
111
111
109
111
109
92
91
89
85
106
106
109
84
113
104
79
101
95
86
86
92
97
91
82
95
91
84
86
97
105
108
96
100
90
106
104
95
114
97
90
104
87
109
89
84
100
109
79
105
100
111
107
97
82
91
111
90
91
97
97
100
113
95
85
118
104
94
100
106
102
116
101
106
87
99
102
93
84
99
98
99
121
97
104
104
102
121
95
105
110
106
106
123
92
112
87
119
109
88
114
99
104
111
98
94
108
103
99
108
92
101
107
97
100
100
100
103
102
99
99
90
101
98
111
96
103
117
110
79
96
116
106
110
106
100
113
120
112
106
115
106
89
121
83
83
98
79
102
95
110
93
101
107
93
104
80
98
109
95
79
99
101
84
93
103
105
109
86
90
87
96
87
92
89
96
91
114
115
101
95
85
98
94
119
98
76
89
104
94
90
107
96
88
111
141
123
107
78
112
112
104
121
114
132
104
125
121
133
120
129
121
122
129
128
106
98
96
90
96
93
109
98
110
85
98
103
109
88
120
126
89
95
109
89
81
111
98
103
102
96
101
86
98
116
105
99
87
120
81
116
99
98
120
113
99
113
94
121
105
95
114
111
109
94
109
96
95
111
102
107
101
88
93
120
106
114
111
107
90
100
95
103
104
92
97
82
93
81
89
99
94
88
96
102
75
79
100
86
99
79
98
99
100
87
80
93
88
95
74
94
86
94
94
89
80
75
77
80
68
94
81
78
79
110
64
82
92
78
87
85
95
84
71
77
77
59
84
79
61
91
88
89
76
113
97
94
73
76
71
89
71
69
76
65
73
75
78
73
71
67
64
87
79
81
80
56
62
99
77
96
73
67
76
76
78
69
69
76
88
86
74
66
60
65
57
84
69
68
69
79
72
68
72
66
79
72
72
61
71
73
78
66
67
70
64
82
63
58
64
65
58
53
67
74
56
66
64
67
68
66
72
70
57
55
63
63
54
60
73
60
58
61
53
50
58
51
51
67
54
79
58
68
69
60
65
61
55
48
50
63
74
67
71
58
55
75
56
67
64
59
56
54
69
62
69
54
58
75
75
56
77
62
62
51
65
58
70
74
58
73
54
67
59
51
59
66
60
61
60
72
69
58
53
58
78
64
62
58
57
60
51
57
52
76
64
84
107
111
145
168
244
318
410
525
671
887
996
1127
1189
1264
1170
970
895
696
546
372
280
166
148
108
100
89
79
77
74
68
91
101
70
94
75
79
70
70
77
83
81
67
74
83
66
66
79
80
55
84
76
83
65
74
53
93
84
72
64
71
79
77
73
76
72
78
64
79
78
77
58
73
65
79
89
72
67
72
78
70
80
61
71
77
88
51
77
72
72
72
64
67
81
77
53
69
71
58
76
70
80
65
54
89
56
69
70
61
66
63
71
59
72
57
80
77
65
72
68
71
96
71
78
66
65
61
80
71
69
74
62
78
61
61
86
62
85
69
86
66
67
75
78
65
66
76
64
89
48
75
62
78
76
72
61
80
75
68
75
62
72
77
83
53
63
78
76
63
78
51
83
57
58
63
89
75
63
72
71
69
66
64
65
59
68
60
61
72
68
65
62
60
70
63
62
71
74
78
66
53
68
64
77
83
63
51
69
60
67
67
66
66
62
67
61
63
54
68
70
59
56
46
76
54
53
62
66
65
68
62
65
48
67
61
77
78
55
60
66
53
67
69
52
68
62
53
54
65
47
58
59
70
73
62
60
55
65
60
68
64
52
64
69
49
70
55
59
69
61
61
66
54
59
73
53
81
71
61
51
56
52
63
68
64
53
55
66
63
56
64
58
73
54
64
53
59
49
54
62
74
56
65
55
62
71
68
60
68
59
51
67
64
63
73
67
66
76
58
69
63
51
51
65
61
55
60
52
57
61
42
64
58
54
63
61
62
69
49
55
65
52
80
63
68
51
65
52
63
57
69
77
78
57
48
61
53
71
60
59
56
53
65
65
62
64
57
50
60
54
61
66
55
49
38
55
72
54
58
56
65
48
62
59
52
49
63
50
56
67
64
54
62
53
56
53
40
57
61
49
61
64
59
61
49
53
62
59
55
54
46
68
41
60
51
58
70
72
74
60
78
60
54
75
41
57
49
48
58
57
46
60
48
68
52
40
56
41
57
53
54
56
48
53
48
48
67
53
53
47
40
51
47
50
44
58
47
42
41
40
54
59
39
51
58
48
38
43
39
37
60
52
41
51
34
48
49
34
52
43
49
50
47
47
39
36
40
45
41
41
40
47
43
27
45
45
52
44
42
45
45
51
35
47
47
36
37
54
40
34
34
43
34
36
37
34
40
34
39
34
24
38
25
28
35
34
26
38
30
42
32
27
35
25
34
34
36
34
33
24
35
23
30
27
25
33
24
27
29
21
28
25
32
36
32
24
26
29
22
29
32
32
29
25
29
31
23
31
18
21
30
21
21
24
20
26
19
25
11
21
26
22
32
22
19
21
18
24
23
13
19
23
19
20
20
19
18
20
19
20
19
18
14
20
14
12
18
16
16
20
19
16
20
20
16
19
15
17
20
16
9
20
16
20
19
10
17
16
22
15
13
15
18
17
21
15
18
17
23
21
20
19
17
18
15
8
18
12
16
13
6
19
13
16
10
13
11
15
12
13
16
12
12
13
14
16
13
17
14
15
13
10
21
16
13
22
11
11
12
16
15
15
14
17
20
18
28
11
20
19
14
22
6
18
22
14
21
15
11
19
18
12
12
16
12
9
14
15
14
18
12
11
9
19
21
22
38
32
41
70
88
141
192
231
296
364
500
646
728
802
798
803
729
637
490
358
226
161
88
36
21
16
16
10
7
8
9
9
11
9
10
7
4
4
10
6
12
6
5
8
9
14
11
10
12
13
13
4
8
11
8
15
7
7
9
14
12
11
7
11
5
11
12
8
5
5
10
10
6
5
6
6
12
9
4
6
7
10
9
8
7
6
15
11
9
17
8
10
6
7
5
11
8
6
3
12
9
11
6
8
10
7
7
6
6
11
5
5
10
9
9
12
11
15
11
18
19
20
12
8
8
7
11
7
11
6
3
8
11
12
10
14
9
5
6
5
8
11
7
9
4
12
5
9
5
7
14
10
5
8
14
2
4
10
7
10
10
10
8
10
3
12
13
9
9
11
9
5
9
7
6
10
6
11
14
7
5
5
4
4
14
10
7
9
8
9
9
6
9
4
4
7
4
8
5
6
5
4
6
3
6
7
7
6
10
9
6
7
6
12
8
11
6
7
10
9
13
6
6
9
8
13
12
6
11
9
9
10
9
12
4
7
9
3
7
6
6
11
5
7
7
7
9
15
11
15
11
13
10
14
11
6
8
9
15
7
9
8
6
11
9
14
9
13
9
14
6
8
7
7
9
3
2
3
8
6
9
5
8
2
7
8
10
8
10
2
5
5
9
4
7
4
9
9
7
10
7
12
13
11
8
4
11
11
3
14
3
6
10
9
9
9
12
7
9
10
4
11
12
6
10
5
7
5
8
9
5
4
6
4
10
8
9
5
12
7
9
5
4
6
10
10
9
8
11
10
4
9
3
6
10
7
5
8
11
8
6
6
9
12
9
8
12
7
8
10
5
10
11
7
5
7
11
2
5
16
6
11
7
11
6
3
9
7
5
9
5
10
6
9
9
5
8
5
10
9
4
3
6
6
6
10
8
6
8
8
5
10
6
8
8
7
10
8
8
6
8
4
6
8
10
5
7
7
7
11
10
8
6
9
7
12
7
5
7
4
8
10
7
11
5
2
6
7
6
8
6
6
4
8
3
7
9
10
2
5
12
10
10
9
9
10
8
7
8
11
7
8
10
7
10
11
6
10
6
10
10
15
6
9
2
7
5
9
4
6
7
4
7
8
11
2
9
5
12
5
7
9
3
5
6
8
8
4
5
9
5
2
5
6
9
5
9
7
6
10
7
6
10
3
4
7
2
7
3
6
5
8
13
3
7
5
9
10
2
7
5
10
7
7
2
3
3
11
5
9
5
4
6
9
9
7
2
7
6
3
9
8
7
8
5
11
8
14
10
6
5
5
7
4
4
9
3
7
4
5
6
7
5
6
6
8
3
5
4
8
4
4
3
7
9
4
7
8
11
9
5
8
7
7
7
9
7
5
4
5
11
5
5
5
3
8
7
8
4
6
6
7
5
9
9
6
5
3
5
3
9
9
3
9
5
3
11
10
5
5
4
6
4
5
6
6
9
7
6
6
7
5
7
5
6
6
6
7
7
9
5
7
6
5
5
7
4
8
4
9
7
5
3
6
4
9
5
8
11
12
8
8
1
6
7
3
4
6
9
6
10
4
4
5
5
6
10
4
7
8
5
4
6
3
8
6
10
6
10
11
5
13
6
6
8
6
6
5
7
2
5
8
7
5
1
12
2
8
9
2
6
7
5
8
8
7
6
2
8
5
6
5
3
6
6
9
4
5
4
9
12
8
8
3
10
3
6
3
7
9
3
8
5
5
7
5
5
11
5
5
9
7
4
9
8
7
3
5
6
8
10
4
8
10
3
11
3
2
3
5
6
7
7
7
2
9
7
5
4
5
9
7
6
8
2
10
6
3
5
4
5
5
10
9
3
7
6
7
1
5
7
3
6
5
8
7
5
9
6
7
9
8
10
10
8
4
13
3
10
13
9
10
7
7
8
4
5
8
7
7
9
4
8
5
6
5
3
5
8
2
3
7
4
5
9
7
3
3
8
9
6
9
8
2
7
10
4
5
7
8
6
12
7
6
8
7
4
12
5
4
2
5
4
5
7
7
1
3
7
7
5
9
6
5
6
11
5
4
4
5
1
5
6
4
5
6
10
5
7
4
3
4
2
3
4
9
5
4
4
10
2
3
4
9
6
9
4
5
7
4
4
4
8
3
9
5
3
6
3
8
7
9
4
1
7
4
6
4
7
8
5
3
10
2
4
7
7
7
6
5
6
7
7
6
8
7
6
6
6
5
9
10
10
16
10
4
8
8
3
6
3
4
7
11
5
3
3
4
7
6
7
1
3
11
5
4
5
5
4
5
4
6
5
6
4
2
7
5
4
3
7
8
6
5
4
11
4
5
10
4
6
6
4
6
4
3
8
2
4
5
6
4
5
5
4
9
7
7
8
4
3
6
2
7
7
4
2
5
5
6
7
3
9
8
2
8
5
2
4
4
4
2
6
7
1
5
6
7
5
3
2
3
2
6
9
7
2
4
6
5
7
3
5
4
5
9
4
7
2
6
5
2
2
3
0
6
2
4
2
6
3
7
5
3
2
4
7
6
10
6
6
6
5
5
3
9
5
5
7
3
3
4
4
5
8
3
3
3
6
8
2
5
4
7
7
8
3
5
7
6
3
5
3
8
6
7
4
4
9
4
8
9
5
4
5
5
1
6
2
4
5
6
6
5
4
5
4
3
7
2
0
6
4
2
3
6
5
3
1
7
2
7
10
6
6
3
4
7
6
6
5
5
8
7
$ENER_FIT:
-1.4150 0.712946 0.000000e+000
$MCA_CAL:
3
-1.4150 0.712946 0.000000e+000
$ENDRECORD:
