$SPEC_ID:
Sample title.

$MEAS_TIM:
66598.62000 78137.41000
$DATE_MEA:
07/08/2016 5:36:42 PM
$DATA:
0 16383
0
0
0
0
0
0
0
0
1
0
0
0
0
0
1
25
151
236
284
289
260
277
322
331
331
336
327
293
321
354
355
319
350
274
261
268
263
287
252
283
270
250
343
355
431
401
342
301
309
318
301
315
290
328
294
311
312
368
336
373
423
544
644
555
412
282
285
281
315
311
367
356
315
317
268
289
283
294
279
273
288
293
217536
219755
221415
224862
226414
226583
227713
227599
229677
229626
229784
231826
232203
233706
234634
234552
234805
236275
236549
237155
241472
249904
262184
279442
325290
358595
335537
350005
386888
353673
340758
400401
383945
289028
234498
224945
227216
234016
242480
243742
244984
266140
291000
293587
301305
311607
294912
265940
239379
217915
209529
205868
205339
204781
202534
201138
199406
200175
198124
196852
195763
194259
192902
191250
191710
190258
191610
190438
188275
189047
187737
183148
179049
177392
176275
173832
172352
170155
167052
165872
164196
161549
160282
159158
157111
154378
152215
150984
154967
188741
269908
306656
235185
162763
142219
140441
135376
132049
128350
127018
125204
123624
121424
120337
119882
118092
116629
115031
114358
117977
126544
132432
126334
114793
110172
109448
108319
104148
101915
102037
101009
98433
97493
96000
96170
97032
97371
95360
93974
91412
91474
91296
91250
89754
88946
88448
88395
88560
87090
86085
86431
86588
86647
87032
85912
85669
85198
84803
86783
88487
90676
95282
107402
124522
132539
121815
109110
103641
101869
100981
100669
100123
100962
101431
102886
100407
98356
97436
96940
95488
96642
98463
124647
237297
402124
396986
227694
123651
99813
95726
91642
90390
89241
90042
88919
88165
87845
87492
88034
88127
87574
87502
87081
87411
87760
88534
96503
124013
168536
171454
126946
93416
84891
84083
84895
85317
85966
84936
83857
83202
82519
82286
81728
82404
82262
84105
86641
87391
86098
84252
84650
85048
85690
86018
85658
86286
85000
83445
83148
83475
83027
82358
81551
81881
82335
82707
83811
86067
89316
93716
102963
124483
138318
124572
104434
96593
94248
94435
94009
94232
94108
93622
94432
94873
94963
94898
95361
96257
96520
97091
97999
99156
99263
100131
99233
98252
97638
97362
96463
95579
95341
94820
94363
93224
93377
94685
98013
104151
102991
97027
91470
90592
90682
90444
91285
90391
90984
90364
90735
91206
90065
90490
89859
89848
90619
90809
90685
90987
92425
92954
93416
93310
93381
94017
93388
92576
97153
106155
112052
106560
97632
93735
94160
94380
94387
95085
96421
96180
96503
97476
98016
99837
99506
99973
99129
99815
101198
106386
113161
114869
109713
107842
110365
114253
117817
119370
118813
118947
120331
122096
125024
127310
130024
132812
135828
137578
139569
141188
142658
142504
142704
142859
140317
138215
135933
132749
130314
126356
124847
122864
119635
115513
111136
107964
104960
101770
100493
98829
97072
95748
94095
93087
92155
91136
90752
91368
90495
89531
88443
88260
87443
87660
87909
87774
93091
122829
185675
214560
164434
108592
89134
87535
87132
88236
90634
96429
122056
168385
178860
134806
95719
83792
82630
82885
82620
81746
81144
82062
83072
85034
109736
210668
366127
382326
233263
114857
81621
77330
77608
79974
84348
86226
81936
77477
74615
75210
75347
75373
75761
76907
80210
95291
121867
128939
105351
81899
74504
73652
73343
73878
74328
73760
73441
73415
72152
72119
72672
72393
71936
72163
71670
71678
72039
72297
72000
70883
70508
70331
71089
71399
71164
70418
69681
70427
70660
70453
69806
70345
69707
69935
69527
69204
69628
69692
69330
69449
69066
70174
69811
71222
71965
70829
71852
71438
71150
70531
70192
70387
71772
70552
70441
70425
71040
75116
87372
97965
92307
77801
71086
69543
69608
69625
68708
68927
68664
68324
68520
68912
67743
67793
68074
67496
66725
66944
66847
66638
66920
66561
67447
66748
65789
65691
66211
65755
65624
65209
65404
67420
76679
92581
98278
86483
80712
101647
128271
118248
86325
68189
63645
63375
63844
63327
63063
63129
63630
64257
64445
63922
63458
62680
62337
62578
63058
63250
64215
64712
65096
65646
64559
64632
65223
65680
66920
68291
69710
69375
69105
70135
72269
73915
76682
78058
79334
82629
89195
120725
262234
667173
1349543
2075154
2615650
2931752
3084296
3156130
3187953
3197493
3192675
3188474
3183615
3173501
3164677
3148837
3113066
3045173
2911509
2665548
2243379
1612748
902382
358835
106603
39595
29609
28612
28375
28174
28732
28484
28019
28243
28374
28368
28509
29170
29672
29731
29328
29541
29989
29768
29064
29173
29582
29850
30670
33893
39021
40276
36556
35642
44586
66220
99410
139670
166508
158755
120957
78049
49898
42255
80075
266011
614528
762105
494185
176919
55728
33776
29656
28651
29294
28362
26689
25924
25469
25493
25618
26629
27836
27468
25953
25290
25289
27046
28885
29475
28028
26316
25419
25038
25212
25647
26413
27754
29073
27872
25624
25030
24623
24516
24693
24560
24343
24237
24861
24818
25035
25241
25199
24975
24550
24912
24802
25025
25520
26178
27076
28236
29451
29305
31027
30819
27967
25815
25214
24907
25465
25718
25876
25111
25543
25599
25620
25623
26591
29637
34811
36460
32284
27878
26011
25627
25242
25629
25414
25661
25662
25691
25747
25821
25782
25857
26343
29693
43741
68215
81373
66282
43253
31268
27356
26792
26746
26662
26602
26848
26714
26838
27051
27227
27341
28467
30497
30208
28954
26945
26459
26263
26077
26189
26081
26095
25987
26215
26163
26212
27291
29734
30503
28754
26543
25844
25686
25086
25245
25222
25405
25777
25952
25866
25507
25398
25559
26414
26563
26530
25728
25325
25155
24836
24751
24763
24680
24959
25253
26817
27442
27148
26988
26419
26225
26673
28433
32521
35040
32475
28464
26403
26950
27781
29182
30012
29472
28172
27282
27008
26810
26586
26621
26629
26365
27543
29897
32107
30463
28013
25694
25705
26580
28310
28745
27371
25635
24977
25739
30709
40815
47627
41817
30939
25755
24930
25399
26245
27088
27880
27191
26556
29581
37950
42103
36665
28724
25450
24618
24321
24643
25285
25622
26043
25960
25732
25852
26969
28124
27559
25885
24161
23821
23868
24577
24904
26001
26059
25199
24395
24223
24417
24401
24387
24475
25150
26105
26723
28373
41860
80383
120129
112044
66595
35158
26515
26543
28792
29275
27983
26385
25371
24601
24338
24182
24909
26286
26915
26601
25772
26420
28044
28489
27153
25398
24634
24143
24548
25839
28024
28201
26421
24544
24053
23605
24099
24568
24274
23671
23314
23371
23117
23488
23614
23667
23863
23248
23555
23915
24834
25641
25943
25347
24210
23913
24377
24272
24179
23551
23211
24190
26009
26642
28870
31471
32826
29492
25133
23787
24032
24556
25511
26229
26002
24697
23591
23629
23528
23825
24434
25396
25891
26696
27067
27786
28907
28575
26176
24552
25072
25568
25514
23966
23269
23256
23507
23640
24294
24723
24910
24830
24569
24201
23750
23735
23768
24622
26873
33595
53686
86967
99983
72914
41069
27199
24399
25680
27586
29524
28340
26381
25398
26358
31543
39293
40384
34462
29083
26526
26184
34992
80581
186329
284721
313231
361512
418246
328866
155971
55243
28350
24043
22521
22560
22813
23169
22855
22688
22460
22129
22107
21815
22031
21979
21716
22076
22136
22145
21860
21912
22181
22082
22124
22129
22687
25176
31742
38748
38440
31417
26044
24473
24391
24535
24584
24554
24105
23086
23129
23873
24769
24678
24027
24726
25800
26371
25830
25169
23483
23515
24005
24349
24148
23803
23943
25080
26417
25851
24765
23995
24861
24926
24721
24602
24937
26434
38135
113830
351549
670394
724519
437460
157367
47063
25404
23093
25408
29583
30702
27084
23615
21841
21768
21888
22627
23413
24569
23851
22377
21468
21376
21150
21350
21688
23057
24861
25274
24092
22736
22585
24787
27785
29455
27650
25092
24242
23843
24468
26680
30297
33904
34945
31823
26182
23198
23665
25684
25958
24486
22323
21914
21886
22978
23490
22726
21818
21311
21285
21343
21522
21618
21652
21770
22232
22201
22204
22322
21905
22065
23265
24232
24043
22961
21820
21862
21856
25939
40245
66484
85405
76339
49332
30145
23878
23513
24265
24299
23573
22934
22575
23217
23792
25004
24360
23509
22654
22293
22357
22785
23261
24059
24777
26415
27632
27219
25661
25833
25939
25279
25465
29709
34242
33021
28026
24609
22934
22282
22188
22347
22176
22048
21720
21835
22246
22695
23452
23810
23578
22800
22103
22529
23600
27369
32237
34262
30689
25494
23817
23486
24786
26417
29718
41114
61498
72318
59141
39107
28117
24972
24564
24438
24627
24651
24624
24568
25454
25923
26080
25819
25385
25763
24843
24795
24722
25831
26908
28906
35486
46551
52237
44477
32102
25099
23035
22591
23051
22944
24023
24247
24933
24680
23919
22445
22095
22003
22241
22709
24522
29231
37995
42780
37266
29016
24268
23084
23193
25099
31760
39959
41682
35115
27057
23404
23267
24460
24759
24311
24160
23512
23552
23422
23763
23995
24015
22848
23318
22718
23393
25912
29339
30450
27825
24671
23624
23594
23735
25412
27637
27660
25568
24005
23663
23754
23550
23768
24662
25597
25060
24093
24597
26224
26971
26114
24062
23082
23391
27268
37164
48028
47568
37723
29767
27789
27237
25255
24056
24116
24632
24884
23867
23390
23609
23393
23171
23214
23215
23148
23259
24106
25460
26526
26735
25930
25043
24171
23861
24229
24995
26336
26202
25812
25411
25801
25983
25562
25413
25707
25704
25112
25208
25051
24509
23842
24087
23530
23540
23514
23304
23372
24972
27852
30859
30026
26851
24733
23420
23538
23882
24002
23782
23847
24674
26755
28340
28541
27423
26426
24917
24059
23404
23521
23499
23694
24241
24435
24553
23999
23741
23303
23741
23905
24226
24366
24946
24743
25055
24547
24214
23446
23487
23494
23752
24343
25444
25849
25830
24824
24178
23996
24284
24158
24276
23936
24342
24627
25749
27936
31357
31168
27848
25412
24448
24140
24322
23909
24166
23944
23616
23226
24347
29029
37990
47672
45861
35719
27452
25086
24580
24120
23632
23153
23569
24122
26114
28333
29236
29935
32814
37936
38193
33523
28583
26811
25837
25615
24624
24549
25144
25393
25077
25000
25494
27159
33374
45789
57544
54903
40856
29342
26173
27366
28482
27803
25626
24819
24886
24935
25828
27848
30268
30517
28592
25848
25375
25283
25717
25598
25891
26156
26927
25960
25211
25181
25554
26285
28432
31140
32405
30748
27808
26195
26768
30451
36373
40603
37588
32352
33988
48647
79748
158558
321770
480816
448048
256130
97752
37906
26771
26687
29247
32802
33594
30587
26970
25393
25343
25100
24931
24695
25521
25311
25690
26052
27562
28412
27467
26222
27480
32336
37327
41775
50155
60711
63846
53786
38793
28841
24650
23610
23543
23802
24511
25198
25584
25134
25338
26257
26859
26500
25424
27062
34836
49986
61548
57886
42340
30282
25803
25027
25028
24968
25003
25345
25830
25734
25679
25406
25230
25006
25498
25345
25232
25646
25483
25873
25764
26242
26903
27644
28711
27962
27334
27088
27024
26451
26917
28135
30395
30310
28272
26729
26033
27131
29070
30731
30844
28326
26700
25960
25877
25825
26384
27281
28789
29323
28411
26840
26479
25838
26827
27713
27712
27587
26665
26424
27048
28747
30946
30093
28396
27325
27986
28518
27713
27616
27346
27435
27019
27433
27518
27281
27379
27692
31338
43674
72771
120673
170539
177961
129929
73727
43616
32522
29132
28253
27576
27085
26767
27023
27760
27382
29713
37452
51017
58361
51109
38019
29952
27446
28298
29216
29535
29475
28156
28064
27581
28128
28453
28617
27999
27427
26237
26196
26301
26350
26311
26232
26470
26310
26924
27668
29630
30589
30383
28377
27665
27115
27081
26718
26772
27071
27709
29324
29733
29828
30308
30103
29595
28386
28162
28241
28570
29608
31786
33326
31952
29595
28256
28425
28129
27898
27590
27247
27409
27689
27095
27194
27503
27995
28531
28586
29071
30651
33797
35568
34266
31625
32762
40010
48291
49098
41435
33042
29320
28632
28583
28187
28532
27989
27888
28123
27860
27893
27774
28031
27703
27710
27860
27797
28830
29452
29907
29929
29398
28988
28915
28854
28999
29250
28996
29374
29348
28920
28465
28550
29211
29411
29214
28733
28606
29230
31372
35431
38632
37149
33294
30469
29329
28726
29008
29152
29935
29781
29596
30498
31308
32704
34242
33980
32687
32196
33952
36996
38434
36916
33801
31274
30457
29801
30249
30626
31617
34494
46999
78982
116751
120968
87945
51645
35062
30365
30298
31457
33854
35378
35235
33063
31853
30985
31056
31092
31032
30321
30467
30214
30069
30086
30192
30403
30568
30894
30706
30446
30579
30697
30526
30570
31052
31301
31952
32061
32567
34639
35141
33711
32125
31861
32590
32655
32025
31086
30877
31049
31033
31133
31502
30756
31461
31009
31295
31354
31545
31784
31543
31638
31524
31973
31944
31503
31795
31287
31512
30837
31512
31876
32090
32451
33765
35766
36586
35202
33501
32898
33998
35348
35650
34640
33935
33202
32202
31852
31699
31734
31977
33014
33577
34255
33753
33535
33521
33829
33653
33455
32942
33410
34674
35295
35502
33952
33231
32765
32748
32542
32814
32930
32364
33121
33029
33783
33469
33374
33114
32953
33023
33311
33091
32438
32477
32867
33683
35716
40024
44188
43209
38743
35303
33491
33173
33344
33044
33544
34235
34825
35559
35079
34524
34483
33875
34090
33570
34028
34363
34477
34594
34534
35173
35859
36253
36162
35521
34727
34451
34409
34492
35227
35865
37072
38256
39574
40474
39482
37464
35728
35283
35043
34700
34660
34953
35176
35192
35257
35359
35293
35500
35935
36684
36721
36459
35754
35679
35655
36146
36595
37569
38300
38650
38052
36808
35851
35116
35219
35595
35516
35527
35664
36287
36910
37471
37215
36981
37250
37563
37597
37298
37109
36467
35869
36206
36302
36277
36565
36489
36573
36429
36652
37055
37468
37223
37751
37698
38414
37781
37850
36738
36906
36691
36800
36699
36780
37250
37499
37288
36982
37342
37880
38430
39133
38800
38267
37591
37473
37680
37561
37715
37706
37753
37512
37612
37348
37842
37821
37602
38037
37691
37655
37503
37023
37829
37712
38406
39537
42207
42921
42022
39810
38467
37892
38591
37739
38154
38151
38094
37854
37787
37982
38309
38692
38835
39831
42633
46248
48411
47147
43352
41303
41080
41430
40815
39567
38797
39077
38746
38931
38619
38644
38505
38962
39351
40088
43253
53244
72150
86171
81407
62900
47708
40566
39711
40018
40312
40168
39471
39353
39635
39524
41230
49466
68111
91177
99125
84166
61387
46814
41311
40691
41270
43575
45533
44819
43246
41352
42719
43813
44831
43761
41925
41586
43919
46632
47399
45781
43477
42808
42239
42840
49754
67672
88635
95084
80292
58951
46764
42798
41403
41748
43790
46755
48084
46248
43561
42859
42852
41998
42423
42334
42235
43669
46021
47676
47781
44689
42315
41154
41580
41221
41184
41661
42599
43313
43800
44957
44503
43881
42237
42116
41672
41426
42197
42427
42559
42764
42433
42204
42322
42175
42540
41796
42381
42917
44036
44102
43477
43423
44116
44930
45631
45298
45639
49530
56855
63259
62844
56537
51946
49897
49352
47492
46577
46096
45232
45290
44985
44631
44202
43397
43616
43400
43701
43842
44330
44305
44474
44113
44018
46142
50268
56186
57916
54148
49301
46092
44156
44853
45392
45693
46097
46764
46983
47015
46220
47193
48382
53086
64312
91108
143721
214071
273029
284865
241877
171254
108519
72737
56118
50922
49148
48423
48298
47665
48427
49228
50894
52656
57169
71298
94194
109511
100200
75850
57744
50815
50537
52388
54357
54493
52898
49785
48483
47701
47787
47514
47884
47822
48054
48179
48474
47982
48039
47934
48546
50569
52268
51458
50412
49011
48056
48329
47852
47449
47770
47856
48225
47997
48282
47919
47850
47909
47652
48060
48221
48460
48388
48608
48932
49593
50424
51599
52887
51905
50298
48955
48172
48267
48293
48247
47911
48369
48492
48129
48244
48340
48273
48544
48667
49375
48989
49420
52196
62771
92030
135774
159647
140078
97087
65211
53243
50025
49399
49669
50349
51357
52332
53326
54190
54132
52486
50182
49928
49245
49842
50808
51993
52537
51219
50982
50462
49769
49404
49498
49511
49817
50050
50260
49132
49596
49662
49634
50089
50728
51081
51574
51077
50164
50466
50732
50982
50763
50379
50235
50886
49938
50342
50320
50257
50771
50306
50697
50532
50676
50087
50083
50175
49840
50290
50809
50843
51225
51283
52023
54150
55100
54906
53314
51961
50982
50840
51013
50976
51145
51833
52097
52730
52526
51791
51741
51677
51860
52132
52511
52883
53791
54211
54401
53673
52832
51685
51499
51986
53370
53495
53294
52530
52659
52022
52358
53016
53332
53552
54197
54513
55806
56385
56384
54682
53264
53161
52878
53218
52289
53047
52515
53370
53216
53618
54405
55448
55927
55340
54092
53544
53112
52862
53064
52620
52206
52478
52931
52844
52852
52764
53127
52773
52775
53448
54057
55043
60098
70888
86550
95312
89911
74194
61872
55910
54271
54314
54154
53832
53773
53793
54066
54257
54006
53828
54067
54835
55392
55546
55204
54148
54362
53917
53916
53699
53657
53831
53589
53375
53355
53879
54324
53664
53762
53757
53702
53667
53625
53829
53054
53063
53891
53991
53772
53570
53663
54383
54144
54320
53924
53499
53300
53223
54018
53309
53048
53264
53501
53537
54430
55683
55424
55535
55360
54735
54380
54467
54227
54263
54231
55065
56135
58617
59173
58266
56712
55932
55836
57949
62750
68729
72393
69626
63431
59351
57148
56970
57733
58523
66169
93740
157772
236544
268373
219404
140021
85962
65609
61123
62472
65577
75737
104940
154765
195309
188282
141025
95130
72758
67268
68618
71896
74526
75010
74317
74425
75037
74288
74554
75585
77211
78466
80196
81494
83205
84395
86388
88282
89851
91348
93437
96194
98174
100326
102540
106087
108940
110681
112843
115735
117054
119367
120892
123352
125603
127143
127871
127392
127060
125513
123023
120101
116128
111096
106509
101769
97758
93284
90642
90022
91060
90700
88181
84538
81283
79432
77098
74404
72551
71718
71109
71604
72131
71176
70938
70649
69204
68415
68118
67007
66248
66083
65579
65646
66210
66680
66387
65393
64453
63931
64665
66855
68277
68233
65248
62879
62286
61698
61686
61660
61420
60732
60931
60541
60401
60173
60624
61440
63817
65231
65999
63858
60802
58958
58771
59115
60574
62489
63023
62414
61268
59836
59012
58328
58165
58435
58773
59316
59654
58295
57897
57085
56989
57313
56703
57083
56797
57167
56966
56766
57112
56957
57122
57291
57684
57627
57871
57438
57488
57707
57838
58401
59786
61471
61450
60558
59348
58600
59528
60023
59875
59735
61537
63238
65644
67686
68209
66493
64403
61360
59369
58844
58689
58874
59308
60226
60584
60820
60679
60004
59457
59797
60175
59917
59967
60234
60709
62577
66653
72717
81964
86367
82234
72775
65239
62248
60862
60954
61543
60781
61491
61314
61333
61676
61872
61896
62730
62612
61681
61625
62271
63213
63421
64362
63600
63323
62538
61824
61325
60717
60688
60114
59036
59314
59096
58867
58718
58443
57830
57366
57188
56830
56252
55683
55302
55071
54600
54707
55239
55907
57387
58372
58829
57742
55266
53319
51901
51216
50970
50686
50031
49821
50261
50887
51770
52036
51223
49541
48171
47727
47522
47298
47260
46727
46760
46163
45783
45573
45591
45830
45770
45941
46132
46335
46150
45722
45705
46878
48476
49325
49649
47760
45234
43467
42537
42908
42456
42421
43162
42991
42829
42739
42040
42462
42829
42576
42987
42251
41737
41736
41572
41649
41151
40972
40616
40528
39786
39896
39427
39779
40801
41345
42354
41972
41212
39963
38958
39588
39419
40015
39964
38453
38435
38297
38071
37618
37212
36761
36765
36670
36957
37351
37709
37040
36736
36301
36348
36246
36752
37246
37553
38610
37975
36918
36232
36079
36105
36010
36092
36019
35923
36050
36049
36212
36124
36507
36892
37900
39953
42207
43090
43964
45211
48629
52149
51824
50658
55801
111679
447556
1864530
5776153
12318623
17778964
17315248
11341343
4991050
1476749
298017
47423
12102
8934
9477
10140
10696
10514
9474
8634
8423
9515
10197
9445
8035
7244
7087
7913
8202
8083
7633
7088
6824
6496
6574
6559
7064
7660
7988
7438
6642
6036
5689
5798
5747
5884
6105
6578
7336
8020
7847
7167
6317
5829
5705
5843
6205
6633
6408
6100
5844
5850
6138
6560
6777
6444
6182
5941
5875
5705
5829
5971
6535
7346
7532
6889
6143
5661
5300
5171
5259
5258
5011
5154
5180
5650
6005
7014
7939
8300
7124
6044
5312
4895
4965
5219
6085
7643
8983
9326
8483
7115
5947
5375
5084
4982
4783
4790
4812
4605
4592
4515
4719
4587
4657
4610
4801
4947
4861
4868
4884
4877
4767
4781
4993
5662
7493
9855
12212
12948
12326
10655
9193
7449
6286
5400
4940
4980
4599
4602
4430
4711
4766
4648
4866
5011
5422
6159
6554
6788
6475
5643
5034
4961
5149
5274
5156
4849
4682
4756
4791
4859
4854
4901
5071
5071
5015
4901
4939
4805
4853
4932
5000
4823
4713
4917
5647
7131
8915
10076
9574
7941
6467
5623
5521
5623
6007
5977
5584
5276
5052
5037
4839
4858
4621
4447
4734
4865
4878
4803
5016
5076
5052
5002
5019
5373
5597
6155
6367
6011
5555
5079
4758
4835
4802
4738
4826
5045
5137
6590
13410
36321
85155
144750
173894
144786
84272
36095
13499
7060
5473
5226
5382
5210
4921
4691
4936
5268
5066
4998
4825
4721
4758
5017
5411
5526
5206
5042
4849
4636
4444
4330
4286
4286
4555
4755
4872
4945
4705
4840
4910
4986
5044
5078
4953
4697
4377
4495
4452
4537
4678
4670
4723
4705
4761
5473
6459
8205
9746
10177
9141
7417
6125
5378
5093
5500
6111
7063
7579
7733
7254
6525
6111
6528
6626
6803
6641
6243
5551
5053
4780
4622
4606
4736
4791
4872
4734
4527
4459
4475
4424
4388
4352
4591
4438
4656
4763
4830
5056
5039
5146
4874
4893
5177
5168
5132
4669
4450
4242
4421
4526
4633
4738
4588
4839
4831
4801
4623
4621
4587
4578
4708
4796
4978
5154
5607
6680
8730
10976
12972
13136
11580
8660
6187
5019
4599
4367
4341
4290
4274
4181
4328
4336
4268
4481
4472
4402
4410
4438
4719
4772
4948
4848
4638
4703
5794
8464
12871
16181
16540
13120
9422
6704
5889
5839
5854
5540
5153
4749
4582
4482
4527
4465
4395
4214
4393
4427
4655
4804
4853
4830
4776
4825
4713
4877
4608
4567
4465
4358
4388
4494
4645
4807
4883
5240
5602
6081
6760
7668
10113
12796
13978
12133
8910
6254
5139
4849
5512
6515
7850
8402
8549
8292
8048
6975
5778
4961
4619
4496
4384
4508
4811
5476
6510
7065
6996
6148
5560
4941
4839
4563
4632
4666
4965
5236
5534
5957
5888
5248
4865
4624
4728
5110
5147
5425
5289
5056
4891
4527
4508
4607
4721
4909
4797
4368
4217
4114
4184
4237
4563
4647
4691
4860
4824
4678
4604
4549
4371
4550
4480
4321
4317
4345
4498
4741
5038
5269
5314
5390
5759
6041
6034
5627
5031
4626
4546
4562
4746
4720
4437
4367
4189
4184
4211
4354
4484
5056
6148
6858
7315
6526
5974
5602
5223
4888
4676
4463
4278
4202
4244
4332
4431
4525
4577
4593
4444
4596
4825
5119
4979
4820
4653
4510
4452
4659
4926
5032
5057
5070
4797
4796
4751
4857
4820
4734
4808
4906
4956
4776
4585
4546
5208
6202
7978
8458
8060
6697
5589
5287
5104
4776
4383
4424
4299
4382
4347
4431
4487
4406
4332
4439
4321
4388
4379
4483
4535
4730
4698
4606
4433
4103
4008
4041
3995
4045
4296
4793
5364
5831
6115
5525
5059
4350
4279
4408
4701
4939
5163
5224
5028
4856
4660
4436
4362
4247
4188
4384
4408
4599
4713
4722
4683
4626
4483
5166
6205
7375
7561
6569
5491
4575
4150
3989
4140
4649
5489
7741
11758
15826
16698
13810
9463
6592
5304
5033
5704
6763
7925
7818
6868
5636
4800
4574
4379
4404
4348
4279
4303
4392
4533
4523
4860
5187
5848
6567
7370
8669
9505
10027
9734
9390
9025
8533
8448
8383
8473
8292
8279
7927
7825
7385
7275
7349
7446
7633
7478
7234
6560
5854
5061
4660
4324
4193
4205
4170
4278
4365
4309
5019
6530
9154
11906
12558
10593
7634
5370
4512
4327
4666
5047
5051
4782
4487
4139
4085
4031
3922
4050
4320
4824
5228
5078
4870
4648
4577
4437
4607
5130
5189
5041
4986
4627
4303
4220
4122
3973
3785
3680
3898
4115
4339
4859
5891
8334
13543
20541
25660
24762
18890
11755
7478
5608
4854
4446
4078
3930
3818
3811
3681
3725
3767
3710
3871
4062
4072
4114
4153
4182
4002
3904
3871
3867
4011
3975
3928
3911
3833
3858
3831
3764
3702
3932
4075
4539
5018
5331
5028
4708
4242
3939
3759
3757
3969
4086
4158
4032
4041
3835
3840
3829
3906
3881
3749
3979
4004
4296
4775
5196
5700
5929
6361
6604
7476
8268
8295
7244
5786
4926
4583
4646
4810
5014
4813
4719
5014
5775
6946
7361
6907
5845
4952
4604
4372
4242
4109
4028
3935
3870
4190
4732
5439
6246
6526
6195
5304
4511
4145
3798
3813
3752
3923
4169
4633
5253
6046
6741
6685
6295
6469
6584
6500
6732
6513
5775
4958
4511
4747
4796
4866
4472
4213
4086
4884
6667
9455
11119
10915
8519
5919
4211
3665
3518
3506
3520
3539
3541
3701
3785
3874
3854
3932
3995
3942
4287
4302
4535
4836
7033
12406
23421
36318
43523
38696
27364
17710
12519
10038
8300
6448
5137
5125
5727
6430
6609
6554
6194
5813
6336
7087
7242
6587
5268
4359
3756
3566
3686
3633
3757
3780
4107
4228
4339
4091
3858
3725
3618
3355
3477
3669
3809
4083
4341
4205
4355
4959
5968
6601
6428
5379
4410
3813
3596
3599
3546
3736
3674
3779
3597
3516
3545
3406
3373
3301
3349
3320
3408
3330
3172
3251
3307
3386
3328
3335
3490
3531
3751
3882
3966
3817
4008
4000
4018
4066
3826
3706
3716
3858
4042
4087
4412
5840
10728
22037
39556
54705
55629
41894
23954
11112
5457
3846
3453
3403
3448
3621
3582
3593
3515
3438
3405
3592
3783
4070
4044
3928
3632
3474
3294
3359
3428
3519
3650
3591
3770
3920
4819
5721
6135
6015
5172
4585
4022
4409
5113
6825
8515
8854
7631
5696
4426
3855
3619
3696
3883
3941
3976
3861
3806
4060
4263
4501
4587
4965
5672
7049
9112
10689
10685
9107
6667
4796
4021
3726
3688
3683
3644
3695
3570
3515
3458
3318
3303
3626
3540
3523
3535
3511
3361
3515
3572
4018
4972
6793
8317
8875
7827
5947
4328
3702
3813
4338
5585
6814
7412
6904
5678
4460
3882
3594
3475
3355
3408
3297
3387
3574
3719
3728
3940
4144
4574
5542
6919
8911
10378
10386
8601
6330
4627
4045
4045
4195
4241
4040
3772
3598
3951
4431
5262
6019
6839
7186
7146
6327
5348
4473
4059
4675
5933
7532
8093
7102
5735
4283
3457
3281
3353
3351
3303
3315
3165
3049
2992
3040
2997
3144
3153
3259
3341
3388
3485
3609
3726
3991
4295
4157
4312
4433
4949
5077
4860
4526
3961
3527
3895
5351
9025
15720
23511
26409
23184
15708
8970
5572
3994
3619
3567
3617
3519
3524
3752
3821
3927
3660
3456
3377
3508
3697
3675
3590
3325
3282
3143
3151
3269
3181
3327
3254
3264
3298
3478
3592
3775
3794
3749
3835
4066
3850
3886
3468
3279
3245
3204
3357
3439
3610
3521
3568
3573
3514
3532
3657
3742
4080
4638
5481
6331
6738
6572
5465
4955
4349
3897
3406
3149
3020
2985
3149
3370
3773
4219
4505
5207
6472
8186
8888
8166
6296
4543
3646
3231
3222
3193
3175
3125
3111
3098
3126
3152
3103
3108
3238
3159
3175
3054
3115
3004
3196
3292
3303
3314
3403
3498
3605
3460
3193
3075
3024
2946
2981
2976
3051
2897
2963
2978
3009
2880
2889
2832
2845
2962
3048
3213
3434
3424
3328
3260
3255
3238
3164
2938
3011
2913
2874
2935
2899
3116
3312
3412
3472
3291
3203
3212
3472
3718
4248
4889
5622
5748
5238
4751
4417
4608
4991
5311
5236
4845
4301
3544
3225
3146
3002
2920
2843
2795
2844
2869
3066
3278
3886
4636
5714
6424
6331
5533
4419
3406
3001
2928
2922
2855
2812
2750
2852
2950
3028
3174
3172
3290
3223
3431
3525
3508
3431
3226
3185
3212
3288
3353
3155
2989
2956
2889
3008
3071
3228
3212
3368
3416
3368
3476
3435
3282
3135
3127
3302
4802
9507
21446
42100
65059
73990
62392
40619
19985
9025
5222
4585
4611
4145
3519
3029
2747
2709
2566
2797
2762
2907
2654
2812
2769
2684
2726
2793
2883
3215
3699
4203
4412
4153
3746
3352
2973
2878
2972
3019
3057
3033
2879
2904
3037
3377
3930
3871
3587
3363
2907
2820
2774
2771
2834
2729
2641
2555
2703
2604
2829
2842
3231
3516
3575
3666
3806
4521
5826
7478
8634
8579
7175
5536
4070
3545
3244
3171
3064
2865
2728
2679
2758
2603
2715
2850
2883
2818
2937
2900
2949
2990
2958
3006
3148
3013
3027
3026
2907
2946
3132
3471
3915
4584
4834
4460
3935
3513
3258
3181
3214
3235
3210
3101
3018
3062
2993
3079
3112
3472
3659
3881
3685
3431
3078
2916
2771
2694
2773
3019
2999
3149
3229
3078
3042
3080
3244
3752
3832
4094
3653
3422
2943
2773
2582
2520
2527
2446
2533
2593
2701
2903
3020
3084
3036
2835
2822
2948
3377
4170
5373
6565
7228
6742
5325
4067
3316
3072
2889
2846
2865
2756
2722
2784
2789
2775
3100
2923
2858
2871
2913
2879
3104
3272
3507
3646
3737
3522
3307
2987
2915
3103
3522
3948
4381
4477
4240
3630
3021
2644
2472
2471
2552
2499
2624
2823
2826
3006
3198
3465
4920
8282
12921
16683
16998
13938
8986
5778
4480
4692
5513
5635
5169
3926
3127
2640
2573
2582
2523
2563
2520
2483
2450
2605
2630
2743
2799
3049
3228
3127
3083
3035
2889
3050
2911
2820
2696
2627
2636
3047
3740
4780
5293
5111
4329
3521
2845
2635
2654
2736
2967
3037
3070
2934
2760
2680
2637
2701
2824
2768
3129
3766
5473
7617
9710
9758
8081
5644
3843
3004
2775
2734
2796
2767
2691
2536
2409
2408
2410
2461
2666
2723
2774
3551
4713
6070
7273
6873
5728
4174
3326
2849
2913
3297
4462
6498
8848
10914
10254
7983
5472
3669
2914
2668
2578
2618
2685
2679
2693
2584
2529
2521
2525
2616
2613
2702
2903
2952
3030
3129
3203
3094
3148
3207
3132
3043
2995
2831
2570
2503
2526
2376
2505
2716
3230
4147
5341
5672
5229
4445
3420
3003
2961
3033
3111
2914
2670
2527
2494
2490
2667
2784
2976
2870
2726
2449
2470
2430
2572
2544
2428
2511
2431
2479
2822
3346
4236
5076
5506
5556
4874
3793
3051
2642
2532
2369
2273
2244
2252
2245
2273
2286
2441
2693
3169
3542
3878
3920
4061
4001
4116
4006
3791
3472
3293
3110
3133
3065
2895
2587
2451
2397
2598
2715
2788
2693
2530
2457
2237
2346
2440
2471
2689
2664
2550
2420
2360
2443
2378
2434
2276
2382
2407
2640
2623
2643
2977
3998
6137
9229
11766
12082
10144
6927
4376
3612
5448
10865
22341
36927
47502
46271
34543
19946
9586
4449
2952
2787
3070
3545
3586
3264
2997
2778
2603
2601
2521
2521
2612
2565
2620
2609
2556
2492
2527
2651
2926
3329
3652
4347
5091
5830
5944
4866
3853
3000
2747
3165
3258
3565
3435
3041
2715
2474
2371
2237
2421
2357
2183
2197
2173
2144
2147
2134
2038
2137
2117
2282
2619
2883
3102
3052
2809
2857
2814
3066
3496
3971
4689
5302
5813
6049
5703
5229
4636
3741
2911
2434
2273
2161
2219
2433
3042
3782
4558
4848
4248
3556
3021
2946
3432
3875
4005
3704
2941
2503
2381
2378
2606
2808
2744
2700
2724
2578
2514
2402
2300
2164
2238
2229
2144
2072
2248
2230
2339
2368
2644
2744
2684
2554
2530
2484
2565
2562
2709
2749
2536
2532
2393
2344
2425
2679
3161
3553
3801
3601
3120
2583
2163
1965
1995
1936
1905
1825
1883
1974
2023
2108
2199
2253
2178
2187
2154
2268
2446
2531
2613
2599
2389
2256
2072
2151
2028
2009
2037
2173
2339
2747
3710
4672
5452
5475
4890
4023
3358
2939
2641
2368
2277
2067
2064
2049
2063
2090
2085
2077
2096
2039
2057
2292
2962
5021
9006
13683
17109
16763
13003
8427
5891
7400
14002
26169
38852
45372
40583
27821
15217
7159
3617
2620
2377
2234
2138
1899
1879
1931
2065
2202
2418
2610
2473
2347
2144
2046
1998
2145
2138
2130
2067
2088
1972
2082
2170
2482
3016
3491
3800
3813
3363
2857
2503
2102
2044
1965
1832
1947
1856
1803
1825
1884
1868
1981
2034
2015
2366
3144
4719
6681
8185
7922
6294
4407
2857
2312
2104
2086
1918
1920
1879
1961
2110
2296
2439
2537
2615
2813
2864
2836
2687
2227
2079
1960
2019
2119
2153
2278
2343
2237
2197
2056
2199
2202
2508
2780
3378
3494
3414
2966
2501
2200
2024
1989
2014
1936
1983
1953
2062
1952
2011
2111
2043
1991
1995
2048
2024
2024
2054
1997
1950
1899
1835
1865
1817
1939
1846
1867
2022
2195
2539
2837
3241
3348
3389
3283
3106
2795
2494
2231
2026
1905
1898
1798
1855
1834
1884
2049
2121
2137
2297
2433
2456
2545
2775
2968
3084
2826
2417
2201
1983
1956
1801
1974
1962
2023
1970
1939
1963
1948
1941
1905
1839
1818
1831
1768
1814
1915
2053
2121
2252
2112
2054
2064
1943
1757
1798
1776
1791
1678
1717
1842
1879
2116
2683
3861
5270
6595
6997
6210
5520
5253
5642
6068
5539
4575
3379
2420
2178
1995
1911
1914
1811
1918
1911
1890
1905
1936
1806
1952
1901
2012
2030
2069
2197
2649
2974
3071
2776
2306
2135
2048
2246
2523
3009
3245
3496
3257
2886
2854
3319
4551
6015
7233
7052
5815
4284
3112
2351
2062
2102
2184
2167
2157
2171
2120
2280
2456
2531
2477
2303
2078
2016
1948
1887
1786
1827
1760
1839
1953
2212
2634
2958
3111
3055
2739
2380
2199
2098
1965
1964
1925
1975
2072
2121
2283
2196
2213
2080
1961
1956
1911
1849
1864
1928
1921
1959
2071
2104
2193
2222
2166
2058
2035
1982
2017
1959
1987
1981
1883
1863
1815
1881
1967
1890
1960
2015
1935
1959
1936
1974
2046
2257
2399
2389
2276
2154
1941
2127
2293
2633
2677
2900
2940
3139
3317
3526
3325
3349
3167
2959
2650
2195
2071
1920
1998
2155
2177
2455
2573
2643
2512
2335
2270
2143
2350
2422
2201
2104
2003
1883
1735
1790
1736
1844
1928
1932
2104
2153
2211
2217
2159
2021
2037
1922
2016
2008
1931
2170
2002
2293
2589
2964
3296
3274
2938
2634
2623
2502
2553
2589
2775
2927
3226
3626
3864
3707
3469
3135
2952
2461
2190
2095
1807
1772
1819
1941
1870
2063
2093
2046
2059
1891
2118
2182
2436
2782
3397
4454
5648
6859
6899
5777
4265
2909
2253
2042
2008
2015
1957
2084
1945
1940
1934
1929
1928
1940
1924
2058
2182
2400
2744
3167
3322
3221
3109
2704
2581
2602
2738
2696
2594
2358
2094
2064
2001
1902
1913
1898
2051
2223
2689
2982
3337
3278
3200
2870
2658
2431
2338
2129
2043
1994
1912
1996
1928
1898
1824
1853
1968
1908
1911
1983
2049
2383
2622
2691
2555
2369
2094
2021
1894
2005
1884
1815
1902
1970
1971
1911
1900
1910
1895
2050
2147
2311
2120
2186
1991
2072
1990
2031
1907
1848
1869
1740
1774
1802
1921
2039
2180
2800
3605
4431
4713
4298
3522
2845
2310
2221
2241
2514
2753
2876
2808
2473
2216
1962
1824
1789
1709
1820
1785
1825
1858
1848
1972
2280
2406
2593
2762
2513
2453
2383
2311
2132
2040
2044
1926
2272
2692
3364
4224
5219
5324
4845
3676
2898
2360
2020
2028
1973
1941
2091
2081
2141
2191
2187
2203
2069
1931
1977
1985
1983
1985
2086
1999
2044
1982
1821
1916
1955
1880
1917
1956
2009
2160
2203
1980
1932
1970
1974
2092
2225
2280
2238
2171
1964
1894
1799
1861
1751
1842
1861
1907
1793
1927
1884
1791
1839
1867
1921
2123
2380
2448
2394
2356
2154
2106
2038
2104
2369
3161
4056
4804
5042
4753
3870
3397
3191
3255
3384
3255
3013
2745
2336
2159
2120
2335
2604
2492
2406
2202
2045
2057
1967
1864
1887
1916
1901
1894
1865
1872
1841
1794
1880
1828
1907
2037
2096
2115
2100
2016
2021
2036
2046
2178
2265
2233
2218
2033
2055
1976
1981
2173
2082
2071
2055
2056
2322
2375
2395
2378
2232
2078
1987
1915
2139
2079
2163
2095
2045
2064
2033
2024
1925
1937
2031
2066
2088
2107
2150
2124
2125
2067
1920
1961
2014
2242
2199
2244
2190
2175
2117
2073
2241
2510
2795
2840
2716
2588
2336
2220
2242
2337
2330
2374
2289
2217
2174
2270
2166
2126
2039
1964
2030
2047
2071
2592
3945
6101
9996
13268
14802
13057
9464
6150
3635
2676
2365
2371
2387
2352
2211
2027
1981
1858
1895
1853
1842
1908
1898
1931
1930
2011
2044
2031
1956
1932
1907
2027
1960
1903
1903
1905
1954
1982
1938
2027
2083
2143
2130
2410
2331
2263
2175
2092
2045
1997
1942
1878
1964
1858
1855
1933
1918
2021
2260
2825
3599
4242
4533
4362
3489
2813
2477
2099
2096
2019
1943
1940
1822
1822
1807
1791
1870
1815
1916
2055
2292
2720
3231
3417
3547
3143
2736
2234
2157
2058
2213
2193
2184
2117
1997
2030
1823
1838
1860
1852
1917
1871
1899
1920
1898
1944
2001
2030
1925
2050
2085
2095
2202
2524
2986
3520
3798
3847
3387
2819
2256
2082
2004
1987
1968
1993
1898
2057
1991
1996
2200
2143
2121
2121
2089
2012
2061
1944
1822
1943
1854
1931
1920
1929
1926
1973
1944
1980
1922
1985
1955
2106
2023
2048
2005
1944
1843
1796
1802
1898
1728
1815
1779
1763
1829
1852
1789
1913
1887
1865
1795
1818
1759
1781
1832
1856
1812
1802
1905
1851
2034
1986
2026
2053
2049
1988
2003
1925
1869
1871
1887
1990
2131
2237
2478
2783
3043
3354
3676
4044
4462
4586
4580
4165
3933
3380
3115
2904
2610
2470
2198
2035
1882
1927
1876
1842
1874
1897
2007
1929
1979
2126
2179
2109
2238
2147
2355
2481
2741
2757
2533
2360
2257
2024
2002
1946
2060
2151
2165
2003
2036
2014
1955
1935
1962
1883
1971
1902
1932
1863
1787
1953
2005
2177
2621
3053
3135
3152
2865
2429
2221
2242
2321
2851
3792
5214
6793
7021
6227
4747
3268
2330
2093
2069
2115
2378
2502
2739
2886
2917
2915
3013
3043
3245
3480
3550
3510
3901
4256
4819
5118
5097
4502
3779
3093
2789
2942
3850
5755
8474
11162
12665
12481
11173
10501
9985
9772
9166
7482
5667
4436
3818
4275
5202
5927
6484
6100
5167
4359
4659
6208
8704
10870
11655
10146
7368
4795
3022
2200
1974
1817
1894
1885
1937
1948
2049
2114
2256
2395
2494
2547
2745
2747
2800
2975
3078
3144
3222
2897
2533
2347
2375
2719
2983
3206
3151
2995
2627
2355
2168
1992
2013
1897
1830
1865
1821
1874
1942
1941
1897
1945
2046
1999
1991
1977
2040
2019
1996
1954
1932
1949
1978
2149
2189
2074
2208
2103
2034
1911
1868
2014
2081
2094
2170
2206
2269
2125
2024
2024
2018
2034
2018
1936
1996
2027
2544
3419
5819
8958
12854
15124
14399
11418
7680
4560
2930
2195
1963
1850
1889
2069
2245
2330
2410
2373
2252
2116
1970
2012
2246
2579
2977
3443
3626
3263
3103
2575
2260
2259
2124
2072
2128
2032
2058
2109
2072
2162
2339
2349
2357
2197
2157
2034
1947
1949
1911
1826
1793
1851
1803
1889
2121
2474
3021
3442
3605
3389
2962
2574
2399
2326
2253
2249
2197
2350
2493
2746
2897
2873
2550
2383
2211
2144
1978
1957
1913
1906
1895
1864
1968
1972
1977
1969
1984
1863
1931
1899
1855
1888
1851
1852
1962
1877
2037
2010
1951
1947
1821
1770
1839
1828
1896
1929
1953
1918
2104
2286
2389
2837
2904
3112
3067
2738
2536
2219
2034
1963
1894
1947
2083
2143
2150
2195
2104
2285
2075
2064
2075
1963
2015
2041
2108
2146
2045
2008
1947
1885
1892
1911
1948
1886
1918
1994
1968
1983
1974
2065
2325
2763
3251
4077
4557
4346
3759
2995
2565
2246
2153
2127
2093
2058
2032
2003
1999
2009
2030
2073
2002
2033
2024
1990
1966
1949
1876
1915
1987
2145
2417
2986
3666
4351
4663
4182
3526
2805
2397
2079
1880
1860
1877
1881
1928
1970
1876
1856
1922
1983
1901
1889
1901
1954
2025
2085
2035
1980
2043
1955
2062
2278
2484
2669
2812
2899
2832
2563
2383
2273
1985
1917
2017
2018
1900
2028
1957
2060
2110
2210
2213
2368
2464
2627
2948
3060
3195
3154
2800
2565
2259
2166
2090
2083
2162
2225
2217
2285
2344
2131
2184
2185
2181
2233
2415
2792
3327
3717
3907
3715
3396
3040
2809
2640
2396
2409
2256
2146
2170
2151
2167
2154
2046
2103
2112
2087
2039
1969
2059
2193
2212
2228
2287
2333
2248
2225
2313
2348
2336
2247
2274
2170
2164
2044
2009
1978
2002
1882
1898
1963
1953
1965
1997
1957
2030
2057
2095
2299
2690
3292
3947
4471
4480
3994
3411
3229
3262
3727
3908
3944
3661
3059
2712
2479
2213
2190
2046
2011
2122
2309
2487
2724
2937
2934
2881
2577
2434
2299
2229
2297
2289
2189
2186
2230
2305
2475
2787
2800
3168
3732
4237
4773
4780
4397
3803
3177
2692
2373
2150
2205
2203
2250
2276
2194
2099
2036
2153
2213
2267
2270
2422
2395
2283
2166
2085
2042
1995
1894
1844
1914
1996
1907
1947
1964
1908
1956
2116
2229
2447
2683
3089
3282
3474
3233
2948
2677
2455
2271
2167
2036
1982
2004
1986
1873
1879
1983
1926
1966
2046
2031
2043
2104
2247
2100
2033
1973
1936
1897
1971
2048
2312
2934
3939
5343
6181
6208
5595
4211
3211
2538
2326
2453
2361
2313
2336
2194
2001
1938
1866
1907
1874
1939
1913
2018
1786
1865
1938
1956
1984
2168
2342
2554
2523
2484
2367
2155
2065
2025
1956
1960
1836
1835
1912
1859
1869
1977
1942
1958
1914
1926
1926
1930
1916
1886
1937
1941
1818
1769
1785
1812
1755
1837
1797
1857
1832
1697
1741
1820
1770
1832
1851
1804
1815
1792
1781
1748
1693
1822
1758
1745
1670
1926
2255
3518
6325
10698
16680
21043
21883
19055
13229
8072
4488
2689
1992
1755
1805
1783
1797
1941
2034
2219
2447
2751
2998
2958
2661
2379
2243
2078
1969
1892
1847
1874
1725
1619
1628
1700
1714
1739
1695
1740
1760
1617
1758
1751
1822
1929
2046
2077
2018
2084
2286
2430
2823
2907
2811
2641
3019
4054
5770
8103
10607
12569
12562
11049
8446
6062
4004
2937
2272
2042
1979
1953
2028
1954
1978
1902
1879
1751
1741
1846
1921
2062
2160
2332
2307
2204
2034
1913
1934
1985
2571
4047
7366
12984
20099
25713
28000
24207
17850
10991
5879
3463
2374
2077
2048
2509
4135
8245
17309
32365
50870
64920
67724
56488
38832
22150
11696
6004
4005
2969
2553
2267
2065
1856
1776
1608
1607
1526
1519
1519
1549
1602
1570
1581
1721
1751
1817
1758
1768
1914
2073
2138
2155
2139
1904
1835
1646
1548
1497
1542
1537
1491
1498
1582
1715
2258
3582
5693
9448
12634
14322
12878
9827
6578
3954
2304
1815
1597
1548
1516
1583
1787
1901
2124
2302
2329
2267
2204
1936
1988
1968
1883
1954
1799
1858
1891
1715
1700
1699
1685
1693
1755
1754
1768
1896
2047
2043
2141
2023
1879
1884
1596
1628
1597
1673
1725
1814
1833
1820
1892
2229
2532
2924
3185
3138
3007
2854
2859
2978
3095
2985
2755
2335
1972
1798
1770
1640
1626
1635
1596
1591
1737
1906
2223
2362
2428
2378
2027
1832
1668
1576
1479
1473
1555
1632
1692
2000
2095
2315
2652
3049
3871
5106
6136
6553
5960
4938
3665
3004
2630
2399
2349
2115
1846
1591
1576
1600
1587
1631
1518
1639
1669
1565
1536
1573
1515
1477
1581
1554
1468
1567
1577
1704
1842
1978
1863
1972
1976
1898
2019
1977
1995
1908
1762
1716
1678
1736
1887
1946
2067
1930
1852
1699
1653
1552
1585
1507
1656
1715
1815
2134
2502
2588
2708
2380
2133
1917
1823
1835
1747
1704
1687
1586
1523
1563
1544
1488
1559
1517
1559
1629
1617
1780
1820
2001
2404
2828
3023
3082
2769
2585
2205
1915
1772
1655
1645
1578
1581
1499
1506
1555
1444
1552
1491
1466
1434
1497
1493
1528
1601
1661
1623
1667
1532
1641
1536
1554
1539
1569
1626
1616
1652
1708
1885
2155
2349
2370
2397
2123
1923
1727
1653
1671
1835
1963
2156
2224
2199
2048
1891
1794
1682
1680
1605
1658
1714
1971
2164
2375
2298
2245
2034
1848
1809
1832
1687
1715
1679
1618
1670
1717
1663
1623
1701
1695
1770
1735
1773
1781
1849
1923
1848
1829
1922
1843
1892
1965
1976
2126
2201
2299
2356
2278
2120
1908
1870
1900
1972
1945
1954
1899
1874
1849
1769
1764
1689
1757
1582
1655
1652
1623
1694
1726
1691
1692
1707
1689
1628
1608
1620
1578
1549
1565
1465
1528
1563
1549
1628
1745
1937
2345
2954
3758
4140
4236
3941
3431
2681
2170
1894
1669
1583
1597
1583
1634
1633
1689
1544
1568
1630
1573
1627
1612
1577
1651
1509
1581
1657
1718
1770
1708
1745
1658
1592
1567
1467
1413
1451
1477
1503
1473
1513
1560
1588
1586
1602
1631
1597
1567
1556
1620
1732
1809
1810
1756
1709
1737
1670
1802
1830
2245
2662
3030
3323
3265
2930
2447
2067
1874
1744
1581
1449
1473
1489
1534
1505
1606
1512
1526
1521
1593
1546
1634
1672
1878
1915
1848
2043
2285
3057
4829
7894
11798
16063
18198
18289
15053
11121
7219
4238
2619
1885
1642
1526
1569
1609
1811
1906
1989
2133
1983
1842
1724
1585
1615
1565
1537
1598
1654
1572
1596
1608
1695
1708
1800
1796
1841
1934
2248
2892
4174
6061
8541
10717
12114
12243
10819
8375
6133
4090
2807
2064
1793
1587
1570
1543
1513
1580
1515
1478
1465
1405
1442
1397
1408
1417
1494
1377
1411
1456
1474
1401
1361
1433
1403
1354
1320
1305
1377
1382
1394
1442
1405
1424
1341
1399
1440
1326
1337
1420
1243
1285
1269
1288
1295
1309
1335
1316
1427
1400
1337
1351
1354
1308
1360
1364
1363
1343
1361
1324
1328
1354
1331
1327
1266
1260
1277
1333
1336
1352
1368
1343
1374
1376
1385
1396
1486
1583
1634
1643
1602
1581
1530
1456
1503
1365
1339
1356
1284
1243
1269
1287
1271
1309
1275
1390
1426
1375
1492
1534
1555
1417
1444
1367
1481
1603
1786
2169
2592
2828
3050
2634
2195
1784
1545
1380
1216
1262
1269
1269
1337
1360
1500
1604
1736
1911
1889
1842
1737
1514
1482
1509
1478
1450
1493
1456
1372
1361
1319
1356
1397
1448
1533
1629
1652
1715
1959
2431
2919
3511
3925
4061
3866
3373
2742
2270
1769
1602
1551
1966
3386
7192
16278
31684
53261
72860
82896
76591
57470
35423
18181
7930
3173
1695
1264
1216
1201
1203
1182
1172
1201
1269
1234
1159
1221
1197
1159
1204
1144
1157
1149
1105
1101
1119
1106
1114
1140
1157
1179
1171
1167
1144
1180
1146
1119
1070
1145
1107
1055
1199
1181
1213
1134
1167
1149
1118
1053
1088
1063
1156
1148
1243
1199
1127
1174
1122
1183
1119
1116
1208
1131
1123
1108
1096
1068
1055
1116
1113
1185
1297
1322
1363
1272
1211
1140
1070
1113
1076
1161
1157
1102
1144
1135
1119
1089
1124
1083
1134
1143
1058
1069
1097
1048
1040
1109
1209
1231
1338
1381
1499
1365
1255
1186
1032
1006
1035
1080
1010
1052
1072
1076
1173
1423
1757
2265
2905
3547
4023
4070
3796
3332
2766
2115
1682
1399
1320
1391
1837
2568
3649
4844
5677
5865
4923
3829
2630
1773
1288
1101
1085
1034
1044
1083
1058
1078
1117
1177
1187
1475
2128
3564
5844
9039
11406
12406
10998
8235
5264
2941
1853
1273
1083
1108
1049
1132
1330
1530
1692
1639
1571
1466
1259
1125
1033
1048
974
1015
1024
1046
1117
1028
1075
1104
1187
1137
1142
1097
1230
1279
1522
2341
3550
5092
6798
7157
6550
5116
3508
2202
1521
1157
1016
977
972
1004
985
1014
1050
1050
1028
1158
1219
1278
1358
1382
1335
1237
1306
1258
1495
1871
2421
3263
3921
4541
4560
4085
3364
2604
1867
1441
1236
1168
1165
1218
1221
1296
1301
1354
1381
1548
1990
2674
4072
5570
7498
8665
9077
8515
6935
5457
4123
3332
2693
2312
1931
1741
1507
1413
1285
1267
1265
1212
1192
1110
1176
1087
1172
1273
1318
1348
1404
1352
1197
1153
1161
1066
1067
1089
970
1073
1020
1015
1041
1016
1040
1039
1015
1081
1098
1047
1095
1114
1166
1219
1370
1271
1260
1273
1171
1139
1144
1096
1124
979
1070
998
1026
1071
1003
1014
1099
1086
1068
1156
1155
1142
1201
1096
1118
1161
1217
1218
1199
1187
1146
1122
1083
1133
1175
1237
1295
1309
1358
1272
1220
1113
1132
1064
1115
1096
1143
1014
1164
1200
1085
1187
1184
1227
1129
1183
1153
1176
1177
1306
1233
1285
1189
1160
1135
1081
1123
1130
1150
1172
1192
1100
1106
1080
1130
1133
1114
1131
1119
1153
1231
1232
1473
1638
1830
2078
2125
1963
1750
1509
1219
1212
1259
1534
1883
2034
2015
1878
1740
1504
1250
1211
1139
1228
1311
1378
1445
1733
2308
3379
5717
9334
12973
15693
15308
12461
8757
5260
2875
1661
1211
1110
1141
1090
1054
1024
986
1065
1063
1099
1138
1321
1360
1439
1426
1553
1576
1863
2015
2085
2115
1840
1677
1353
1250
1246
1120
1074
1047
1032
1054
1024
1130
1164
1315
1297
1315
1320
1244
1239
1233
1404
1657
1947
2051
2081
1928
1766
1530
1417
1461
1382
1325
1307
1208
1083
1096
1079
1018
1116
1096
1069
1154
1042
1082
1139
1067
1133
1114
1068
1103
1083
1088
1116
1264
1247
1237
1251
1291
1377
1363
1414
1421
1240
1262
1124
1090
1160
1139
1248
1285
1339
1322
1329
1233
1156
1105
1017
1064
971
962
1021
1014
965
1026
982
1069
963
1083
1002
988
993
1027
973
1017
976
1027
1052
1048
1079
1143
1179
1321
1435
1626
1980
2166
2265
2145
2176
1920
1762
1459
1272
1087
1114
1079
1041
1021
986
1005
900
912
1015
1007
978
955
978
986
1048
1064
1033
1029
1048
1043
1089
1038
1109
1091
1147
1175
1244
1294
1181
1181
1142
1122
1086
1005
1107
1077
1036
1089
1068
1050
1078
998
1082
1049
1038
1080
1114
1069
1072
1155
1194
1233
1228
1241
1257
1164
1208
1129
1197
1122
1218
1184
1167
1131
1237
1178
1127
1242
1262
1412
1549
1696
1795
1874
1776
1689
1488
1318
1222
1106
1008
1031
1018
976
1008
1048
1007
985
1029
1034
1070
968
1077
1132
1154
1253
1404
1637
1883
1908
2002
1851
1579
1344
1134
1045
1112
1081
975
1032
1015
1068
1090
1207
1277
1475
1643
2271
2982
3959
4659
4876
4466
3764
3021
2625
2444
2234
2187
1966
1897
1588
1461
1370
1275
1185
1122
1123
1210
1595
2431
4463
7563
11695
15321
16681
15648
12183
7874
4424
2551
1510
1094
941
950
957
912
997
955
954
972
915
990
943
978
977
1049
975
956
932
1021
906
860
902
937
929
853
887
838
932
888
960
944
889
914
911
902
855
890
908
1011
1012
1144
1283
1421
1481
1506
1360
1177
1087
953
944
946
950
964
964
975
880
879
906
861
898
880
918
949
937
922
899
856
970
935
961
991
969
1005
1001
996
978
907
884
920
914
910
919
885
994
897
989
920
994
973
916
922
977
1000
949
900
940
913
967
988
941
963
965
969
954
978
884
880
849
878
883
924
909
911
1007
964
941
907
902
894
955
938
893
976
1180
1575
2714
4707
7646
11881
15286
16831
15873
12427
8440
4859
2524
1384
979
843
822
759
808
773
780
756
786
827
835
839
833
861
901
874
830
782
758
795
765
737
794
856
866
809
854
903
931
947
1026
1001
962
960
953
959
880
925
886
926
854
878
779
764
713
760
830
785
839
780
912
829
872
906
938
828
854
867
818
748
776
813
786
744
776
782
830
772
783
804
803
781
802
831
838
834
826
802
779
876
841
874
885
959
1099
1424
1878
2187
2618
2831
2718
2332
1918
1396
1150
1065
910
811
768
749
753
777
769
719
825
908
1011
1188
1335
1367
1358
1364
1171
1265
1533
2062
3452
6182
11341
19650
30867
42884
49998
49217
40462
27941
16424
8447
4450
2966
2607
2445
2286
1860
1469
1177
884
787
741
658
674
690
661
691
698
610
710
697
690
752
717
753
711
718
688
744
689
666
648
642
626
694
652
571
618
638
738
725
775
735
783
765
763
772
699
702
737
712
747
688
750
705
801
724
692
696
680
685
746
707
836
827
856
878
834
839
827
818
828
702
727
696
725
709
668
659
640
689
690
649
670
658
727
668
725
657
703
668
681
661
693
699
678
797
795
838
833
783
781
742
647
703
631
590
682
671
643
675
612
655
704
771
772
813
788
827
808
767
722
700
665
698
662
624
632
617
649
599
668
681
721
662
707
736
700
632
679
663
653
665
658
656
622
681
640
620
607
646
616
641
607
679
611
662
631
608
654
696
661
646
737
724
684
724
734
701
730
691
792
841
872
861
836
878
801
689
664
711
685
751
806
970
1283
1479
1669
1911
1886
1721
1512
1250
1111
957
943
888
898
859
901
856
816
714
760
652
681
691
647
654
706
803
987
1198
1461
1702
1797
1861
1511
1313
1006
881
721
694
684
700
687
720
729
743
744
684
752
784
755
686
701
699
667
715
696
659
627
637
657
664
672
667
685
741
805
747
792
823
778
753
682
627
708
700
634
688
620
674
599
689
671
656
675
650
647
647
622
615
639
639
638
663
686
799
863
996
1106
1150
1269
1306
1662
2341
3420
4789
6032
7105
7551
7226
6093
4602
3192
2171
1400
996
838
743
678
637
624
580
600
628
602
623
638
662
693
744
837
879
893
792
794
809
797
845
786
776
803
707
711
661
724
639
679
729
686
697
709
683
714
695
679
637
720
628
680
653
685
674
687
663
691
655
747
708
700
746
713
663
686
698
709
641
723
700
703
692
696
756
783
1037
1528
2407
3328
4291
5090
5103
4372
3377
2290
1535
1019
750
692
660
639
656
664
708
803
904
1038
1066
1139
1159
1127
1198
1039
935
950
856
677
635
650
597
636
619
624
591
587
652
589
585
613
658
658
657
631
611
651
617
668
714
745
1013
1666
2608
4031
5615
6677
6949
6150
5152
3682
2596
1988
1574
1328
1146
932
778
668
647
660
628
613
679
637
632
580
572
627
595
599
585
559
694
652
700
761
758
782
771
675
701
636
691
632
607
628
655
596
606
637
617
626
566
625
604
537
574
561
591
627
598
568
588
659
578
639
672
704
811
953
1162
1331
1529
1524
1469
1235
1054
893
768
663
612
622
610
617
602
625
584
587
599
595
594
651
615
665
706
667
709
700
721
865
880
954
959
896
894
751
701
669
677
628
614
616
623
647
627
611
630
634
645
652
676
675
699
696
671
694
720
814
840
775
698
748
698
659
620
647
627
630
617
606
591
649
666
713
754
711
673
675
643
533
634
619
572
572
555
604
600
579
563
602
588
587
561
563
524
576
584
562
598
590
571
561
571
569
558
633
619
573
671
844
889
879
871
831
727
640
609
588
608
554
591
576
626
690
791
996
1215
1273
1295
1244
992
825
651
591
588
532
556
527
547
526
558
570
547
551
572
503
601
553
536
560
630
601
675
662
709
650
566
599
593
567
569
575
547
601
573
589
602
605
508
549
610
582
595
576
551
630
593
591
585
602
601
545
539
562
637
770
865
1160
1289
1467
1459
1248
1038
870
716
581
623
646
695
937
1172
1304
1256
1229
1024
868
722
645
673
708
936
1625
2921
5495
8893
13027
16108
16871
15204
11476
7777
4811
3008
2574
3192
4671
6765
8801
10114
9460
7771
5546
3281
1848
1029
697
557
540
567
559
553
535
552
596
620
659
773
851
873
963
781
723
661
566
571
562
563
560
542
495
575
525
506
552
571
541
517
494
568
525
562
550
535
520
572
588
632
650
728
775
788
677
672
623
609
562
555
601
668
695
718
752
759
827
873
882
824
783
673
632
539
506
496
512
505
478
535
579
678
691
743
779
832
782
799
709
646
597
561
584
505
548
519
525
507
542
522
512
560
623
592
609
611
618
612
564
571
581
560
627
609
637
619
711
693
738
612
590
588
588
577
591
496
574
575
536
513
518
522
502
550
547
541
589
559
595
578
555
547
526
633
600
565
606
605
582
621
599
593
585
557
561
573
522
593
635
695
678
777
830
795
772
699
686
723
960
1174
1585
1796
1857
1853
1564
1187
900
716
641
667
908
1300
2169
3479
5050
6451
7144
6689
5423
3872
2371
1535
1149
1277
1564
1823
2164
2265
2144
1923
1474
1248
902
757
734
646
582
592
601
596
669
628
571
597
587
577
535
628
602
728
790
972
1049
1134
1143
1202
1127
1035
1001
856
763
714
665
597
515
567
580
543
579
589
532
550
587
554
558
554
504
537
529
542
564
564
597
557
548
557
566
570
524
551
518
528
554
579
526
569
605
530
546
565
587
580
570
549
547
585
616
666
666
673
679
700
617
648
615
598
591
543
541
548
556
578
540
594
619
588
617
621
594
570
626
529
603
581
555
559
544
534
555
555
526
540
566
563
561
622
555
556
550
584
535
597
601
586
542
600
562
582
602
606
590
557
521
626
602
607
610
645
645
662
686
609
611
617
580
616
642
626
675
629
593
563
540
553
582
558
573
533
551
573
580
576
517
510
580
577
581
560
594
568
639
612
603
651
614
578
628
670
640
785
1056
1489
2061
2832
3557
4224
4415
4171
3410
2720
1818
1332
983
903
761
688
642
698
717
700
654
684
632
650
639
620
608
649
669
614
637
644
635
637
601
612
564
594
645
643
625
615
672
631
626
553
636
604
616
619
625
656
619
629
633
643
633
705
728
664
630
638
689
654
628
622
652
650
706
695
751
757
825
913
897
868
915
831
723
659
689
691
763
707
789
871
850
793
799
733
650
646
594
641
645
614
567
664
593
627
560
649
610
746
750
937
1360
1992
2917
4080
4700
4933
4468
3446
2415
1587
1011
734
604
619
574
613
623
653
644
628
618
560
640
644
559
635
631
639
660
625
742
761
841
831
881
824
874
757
722
603
672
667
647
711
670
630
673
654
694
599
602
598
611
622
638
605
599
612
645
630
616
604
596
623
569
594
609
630
643
603
674
636
615
617
571
615
644
620
684
640
620
616
621
620
594
621
606
591
615
599
592
587
549
627
603
582
596
593
605
607
630
603
574
585
646
605
587
628
614
643
626
605
667
668
674
653
646
700
699
659
664
598
651
614
689
588
654
603
607
588
607
599
555
564
586
582
611
602
636
590
568
601
655
608
659
623
629
625
652
635
600
626
632
615
545
634
594
626
620
622
636
654
610
617
651
586
645
630
584
668
613
669
592
658
585
633
616
570
591
623
605
617
605
612
632
587
612
620
635
643
633
646
634
613
626
674
848
1186
1745
2548
3757
5053
6214
6969
6707
5915
4796
3338
2222
1625
1099
861
761
711
750
757
909
1193
1641
2360
3297
4503
5541
6153
6177
5452
4504
3237
2245
1559
1148
862
760
785
765
729
675
703
747
684
762
719
731
714
729
763
750
743
752
750
736
748
793
764
813
806
845
809
782
783
852
840
805
895
854
834
879
864
797
856
864
849
828
828
807
730
686
704
708
706
745
738
735
766
740
739
709
718
774
778
810
831
878
832
908
888
942
934
927
901
784
728
671
672
648
658
669
702
777
888
1039
1374
1685
2097
2151
1991
1866
1520
1111
912
761
719
657
617
655
719
710
785
833
935
1225
1335
1658
1666
1654
1467
1208
1067
874
812
668
700
656
647
734
641
657
674
636
645
640
642
634
664
630
613
573
695
638
614
624
637
648
619
578
686
681
656
652
666
645
634
656
710
692
711
786
776
888
924
921
872
826
786
703
718
654
561
652
594
597
607
684
731
736
733
780
796
786
771
819
845
763
749
742
645
667
699
642
611
661
691
654
667
664
638
642
709
831
1139
1673
2601
4236
6331
8191
9546
9538
8582
6606
4430
2831
1825
1198
1018
913
856
1077
1136
1225
1200
1154
1111
982
839
815
794
829
938
1173
1566
2126
2654
3088
3430
3431
3172
2606
2020
1452
1106
910
767
739
669
734
728
694
695
708
689
727
722
688
688
647
689
642
627
664
642
668
631
654
693
629
623
617
625
617
594
634
616
671
597
593
660
597
643
582
653
607
657
654
600
620
618
591
647
590
587
698
646
655
655
637
677
653
625
614
598
620
669
618
566
667
598
648
651
613
560
596
633
588
579
639
597
642
678
606
592
647
653
649
615
656
625
660
622
685
729
630
673
682
648
686
690
659
693
734
742
737
846
762
754
797
809
822
738
774
762
782
670
786
682
701
677
672
705
706
653
687
720
663
653
708
723
708
679
697
679
685
651
674
670
645
661
659
656
630
627
644
668
660
677
610
707
727
894
1417
2401
4293
7731
11573
15364
17743
17555
14976
11111
7152
4098
2111
1105
769
571
569
497
581
532
557
603
514
516
557
523
566
516
519
566
537
529
539
556
534
545
561
538
527
514
482
486
496
496
514
498
546
493
498
551
497
498
549
546
538
530
522
541
521
576
567
545
588
570
553
560
550
536
572
542
545
556
539
498
522
565
531
521
543
549
510
555
521
564
518
559
524
510
538
523
504
486
548
555
529
476
546
533
515
513
484
481
505
502
522
518
548
534
564
597
526
539
570
552
584
568
545
556
548
522
515
487
544
537
565
595
586
621
633
595
598
602
615
626
696
668
627
620
575
554
545
590
501
513
523
525
504
498
548
528
543
540
491
563
527
565
567
542
523
545
537
528
603
540
551
590
536
511
535
488
533
533
532
512
551
536
539
563
551
521
489
457
520
499
474
504
499
512
531
521
485
486
472
467
442
475
428
420
515
483
429
470
523
519
525
521
555
602
567
515
492
447
432
408
430
407
430
400
390
391
378
399
401
405
403
413
420
379
400
406
412
435
398
414
411
415
413
412
407
389
373
371
454
367
399
398
374
354
383
407
429
411
413
413
393
393
372
393
366
380
414
391
396
356
376
389
405
365
403
407
385
387
346
357
412
383
394
359
349
389
366
382
351
390
388
415
412
451
391
402
461
396
376
393
412
396
385
383
377
398
429
550
761
1336
2719
5115
9476
15511
21480
26490
27885
25168
19806
13429
7689
3799
1788
799
441
339
322
422
568
992
2141
4154
7585
12595
18209
22633
24502
22748
18031
12443
7374
3683
1676
649
396
225
217
149
158
212
194
177
192
186
191
190
213
224
217
249
222
205
237
212
209
221
208
178
193
168
179
196
181
186
188
188
184
175
178
168
176
158
174
171
189
178
180
174
177
168
158
190
178
151
162
171
217
206
252
339
421
530
642
642
639
550
414
317
231
181
144
154
145
162
150
151
150
147
155
143
150
158
142
147
144
143
140
139
135
142
137
138
130
112
144
143
164
159
203
301
547
924
1553
2492
3347
3958
4109
3669
2993
1968
1228
612
337
197
152
160
131
127
107
122
115
126
120
134
119
143
121
118
124
114
140
130
140
125
110
106
112
133
95
105
120
131
124
137
128
111
122
144
139
147
147
134
120
143
120
114
107
130
111
131
114
120
155
172
209
320
437
564
597
727
630
510
341
251
183
144
125
125
102
126
115
123
126
122
111
133
126
140
129
176
195
330
718
1392
2773
4839
7578
10450
12063
12454
11157
8238
5827
3185
1565
875
643
756
1147
1613
2050
2334
2301
1951
1502
972
512
324
157
95
89
71
69
74
61
70
62
56
63
85
68
60
67
63
63
67
73
65
71
88
81
83
74
69
65
72
71
72
66
68
66
69
58
70
57
72
58
67
70
72
65
57
70
68
51
77
66
66
63
60
80
73
73
75
65
67
71
67
58
62
79
76
51
75
58
74
68
58
71
76
93
114
102
107
99
111
81
94
91
109
100
146
131
133
119
110
97
78
70
67
72
57
80
72
81
64
59
66
69
69
58
67
74
58
66
69
76
78
67
69
69
62
65
73
72
73
88
88
65
71
73
75
69
75
65
69
66
79
67
69
66
70
65
85
60
53
71
67
60
78
74
71
56
61
60
81
66
66
62
79
81
78
94
91
95
83
97
95
74
75
72
55
73
70
69
60
74
75
61
66
71
61
59
46
57
71
58
70
65
61
74
91
80
83
96
115
89
87
72
82
80
63
58
62
68
68
49
58
76
60
71
53
72
76
56
88
57
46
75
69
79
85
99
109
131
137
121
142
148
119
134
104
90
92
74
80
68
74
63
58
62
73
51
86
71
70
85
85
58
73
82
76
62
67
71
56
70
72
64
61
55
78
66
59
57
59
62
61
61
68
58
69
70
72
58
57
80
65
66
68
73
86
65
89
80
71
52
75
54
70
68
70
72
69
65
72
64
83
52
51
63
58
55
64
57
58
66
68
61
70
72
74
80
79
58
74
68
70
75
65
61
63
69
70
63
76
60
69
77
78
72
57
68
71
75
74
71
74
61
72
65
64
60
69
70
55
49
64
63
59
59
61
49
69
70
69
67
71
65
80
65
75
78
61
85
71
82
87
112
111
198
255
394
612
786
931
978
965
838
664
469
271
202
135
113
78
74
79
84
72
77
74
68
76
70
95
95
60
95
66
63
67
80
74
65
86
69
66
66
74
62
68
70
80
74
77
84
78
87
73
72
87
76
90
86
70
83
102
91
69
80
91
67
74
97
88
74
86
96
74
110
86
82
83
78
64
73
77
83
93
85
96
96
102
97
96
132
150
183
265
304
367
411
380
318
263
260
176
146
108
93
87
94
81
64
60
65
82
79
76
93
96
89
77
101
85
72
63
89
66
85
77
75
75
76
61
76
70
74
76
87
68
72
69
84
79
88
92
98
97
87
90
67
72
82
68
65
55
72
87
92
122
138
198
220
230
235
189
155
125
84
82
77
70
75
77
67
75
79
85
78
60
69
72
66
55
75
76
77
71
65
54
69
68
76
75
69
82
80
91
81
62
61
57
62
76
67
73
89
66
63
58
59
43
67
77
80
75
79
65
72
66
75
85
72
67
69
67
76
70
56
83
73
55
66
58
57
67
64
65
63
69
59
65
78
77
70
60
63
61
62
85
65
66
77
79
87
76
89
94
95
98
74
103
65
84
82
82
74
67
79
62
77
72
74
73
69
82
61
80
83
59
54
76
70
65
85
82
67
78
88
84
92
81
67
76
59
72
60
78
78
85
113
101
131
110
163
155
119
134
107
83
96
76
58
64
77
90
71
76
69
72
61
63
62
64
67
63
51
59
59
62
70
77
55
83
79
62
87
61
78
71
81
65
70
87
95
93
118
189
266
454
594
790
1024
1046
1043
924
751
578
341
237
137
130
93
81
82
67
74
65
73
83
56
75
80
64
79
83
72
78
97
91
81
64
111
91
117
113
137
118
107
113
81
93
70
69
74
64
68
63
80
77
68
83
69
76
71
74
84
74
79
82
65
67
56
58
75
60
78
87
65
63
77
62
59
68
84
62
65
66
58
96
95
114
121
188
220
225
230
210
219
187
206
211
212
219
189
208
186
148
137
113
81
89
82
65
72
68
85
79
81
88
68
69
76
70
65
72
67
84
55
55
69
84
69
49
73
63
55
67
53
68
65
70
68
67
55
75
69
74
64
63
79
56
58
71
55
63
76
70
67
69
64
62
64
68
59
78
57
68
80
63
77
69
57
72
64
74
61
67
80
75
82
65
58
68
76
71
58
71
56
65
59
70
74
67
46
62
74
67
60
79
71
74
50
65
61
75
59
67
61
66
63
69
63
54
89
58
69
54
78
72
69
66
67
72
56
66
78
65
65
61
71
74
76
79
106
113
168
222
366
412
454
351
322
246
201
115
103
67
72
58
41
68
60
64
80
84
64
74
68
71
96
80
71
65
57
78
51
64
57
67
66
51
47
47
48
60
55
56
53
58
68
50
51
59
53
57
58
68
60
54
46
52
56
65
60
48
73
61
63
54
49
49
43
66
51
53
56
52
65
58
42
59
50
65
55
57
54
54
67
63
54
66
86
72
84
101
96
87
79
76
72
71
58
55
58
63
55
46
57
62
63
82
52
68
66
45
53
51
56
72
65
62
63
53
59
54
46
40
49
49
50
51
41
48
46
46
53
58
52
52
46
60
64
45
59
63
75
70
72
71
86
129
222
409
787
1384
2073
2709
3373
3352
3063
2441
1746
996
543
282
109
75
45
39
42
39
49
33
43
39
30
44
33
36
32
32
58
33
43
33
31
42
35
45
32
34
54
48
43
40
34
39
60
40
37
40
41
49
33
42
21
37
41
34
36
43
43
52
52
34
36
34
40
36
45
30
49
38
40
40
38
50
41
32
34
32
46
47
50
57
52
92
160
191
342
511
697
950
1201
1204
1201
911
712
458
246
151
75
49
37
37
40
33
45
23
43
30
32
45
31
19
32
28
38
31
35
36
38
26
31
36
33
38
39
23
32
32
37
34
36
31
28
47
29
39
31
33
42
39
27
28
34
33
25
47
29
33
38
30
29
43
32
33
32
27
25
28
42
38
35
35
26
45
39
22
42
26
31
41
28
33
36
35
35
29
32
34
20
34
34
29
32
39
34
33
36
28
34
36
27
29
30
38
40
19
27
37
34
34
28
34
40
42
43
35
46
38
27
47
30
35
38
34
35
31
23
41
35
39
37
33
22
32
23
33
36
41
41
31
32
27
37
31
31
37
42
33
30
26
38
36
24
31
37
39
44
36
37
28
38
25
26
27
43
35
34
34
31
40
42
42
23
28
25
29
39
28
39
31
40
38
33
31
39
31
32
36
28
33
26
34
33
52
34
36
42
67
97
160
241
341
496
560
715
685
669
545
426
289
211
126
86
69
54
46
43
27
38
40
34
32
35
43
30
36
33
40
33
47
50
38
42
35
44
33
38
38
41
31
30
41
32
46
42
32
44
31
47
39
35
38
34
46
35
35
33
45
33
43
36
43
46
43
35
39
40
40
43
38
41
32
38
43
39
29
36
42
44
29
51
50
55
68
56
50
44
47
50
40
39
33
46
46
56
39
46
49
55
41
34
33
40
45
34
41
33
43
40
42
32
42
33
34
29
36
30
29
43
39
27
39
31
33
34
37
32
34
35
35
39
38
37
54
37
40
43
71
104
143
243
330
486
534
545
620
533
410
241
181
101
65
44
40
36
37
28
45
32
40
29
44
32
32
43
33
45
35
29
46
32
25
39
35
32
34
35
23
27
33
24
32
38
41
42
43
39
32
51
30
34
33
38
35
36
31
28
23
23
41
28
31
22
34
31
24
31
31
30
29
34
35
36
38
33
27
23
31
27
38
24
32
32
38
26
30
32
33
25
45
35
31
23
33
31
34
41
28
30
36
41
32
27
47
39
42
34
50
37
37
32
36
37
41
33
37
39
30
38
28
35
39
41
38
37
30
31
45
39
32
46
52
29
45
36
39
39
31
30
44
36
44
49
42
33
35
28
42
31
31
42
32
31
48
40
36
36
46
52
62
47
83
68
67
59
55
52
35
28
34
27
29
33
30
47
35
28
28
38
39
36
35
43
37
33
34
34
26
33
30
32
38
39
36
32
38
43
33
33
32
33
40
32
51
37
44
29
42
37
25
35
37
33
35
27
31
36
38
37
46
42
49
47
58
61
56
66
63
73
88
73
56
65
56
44
34
35
38
36
34
31
51
43
31
40
26
34
29
36
44
41
35
39
38
45
28
31
29
28
38
29
32
35
35
32
28
27
26
32
36
35
28
35
34
43
35
44
25
32
30
29
34
29
23
36
38
25
35
28
33
26
34
27
31
31
29
35
25
32
39
36
43
30
29
27
19
26
28
34
35
31
26
33
32
28
29
28
28
33
21
35
26
34
25
25
36
26
28
29
36
23
34
33
34
30
31
26
33
43
37
39
37
29
38
28
42
27
41
33
36
21
38
31
27
34
33
27
26
30
29
23
40
41
31
38
52
83
111
153
208
284
323
347
332
299
219
178
140
99
55
40
37
41
34
39
34
36
17
27
35
29
34
40
26
27
26
36
33
22
27
21
25
40
18
33
40
20
24
37
29
24
33
35
24
28
22
31
15
32
29
28
34
38
32
35
35
32
28
29
29
23
28
25
30
23
38
28
31
21
28
36
25
27
26
33
32
42
40
30
31
38
34
38
26
33
27
29
23
23
15
26
29
28
40
29
17
21
19
24
30
28
21
27
36
27
25
20
29
38
25
30
26
24
22
35
27
33
51
35
54
48
54
44
38
38
28
18
20
21
26
27
27
27
20
25
25
25
22
24
20
24
18
35
14
30
27
27
16
15
26
13
24
14
21
27
17
25
23
24
19
19
19
28
16
28
11
18
17
22
27
28
19
13
18
28
13
11
19
25
16
17
21
22
18
32
22
23
27
27
32
19
27
20
18
15
26
30
21
34
25
37
46
114
185
366
625
1048
1574
1992
2309
2412
2095
1644
1085
721
388
195
72
44
19
12
10
5
5
12
14
17
12
7
7
15
11
9
16
12
12
12
15
15
9
16
16
12
6
10
7
15
12
13
7
9
10
10
5
12
13
9
11
9
9
10
9
7
9
10
10
14
14
6
18
14
14
17
30
16
24
21
11
13
18
11
20
11
11
12
14
9
15
15
21
19
22
19
23
20
14
9
14
16
15
12
15
10
13
8
12
7
13
11
5
9
12
15
17
13
11
10
13
7
10
8
10
18
7
10
11
12
15
9
12
12
24
17
13
12
15
20
14
8
11
16
6
5
11
11
12
7
12
11
8
10
8
9
9
12
12
8
13
9
9
14
17
15
16
13
20
11
19
22
23
16
16
9
9
11
21
12
9
17
16
12
8
13
7
19
9
7
12
11
10
7
9
8
10
12
10
8
14
13
11
15
13
11
10
20
9
13
7
10
10
10
13
9
14
9
12
10
10
7
15
14
15
8
14
10
13
16
6
10
11
11
14
9
9
22
9
12
13
7
13
11
8
9
11
14
9
6
16
17
14
13
14
11
9
9
9
7
17
11
12
8
4
18
9
12
13
13
11
14
14
12
12
12
9
11
12
11
8
8
9
8
13
14
8
19
5
7
8
19
11
11
15
19
18
20
18
17
24
20
16
25
16
14
18
10
14
8
13
4
13
12
11
12
13
13
5
7
14
14
9
22
7
16
10
10
16
15
12
10
15
10
10
8
17
14
15
18
13
19
16
21
13
17
18
8
13
9
10
8
10
16
13
12
12
11
10
15
14
15
9
9
12
13
13
20
19
15
8
17
14
18
5
13
11
17
14
10
10
9
15
9
6
10
6
15
14
11
12
12
13
15
13
10
12
11
9
15
10
16
11
11
10
8
6
5
6
3
11
5
7
15
11
18
11
14
13
8
10
13
13
8
7
13
18
11
13
10
14
11
14
10
7
15
18
10
14
10
17
18
9
15
11
15
11
11
17
14
8
11
22
11
13
14
14
15
14
11
13
9
17
21
12
16
19
13
10
10
9
13
14
9
14
15
15
15
15
8
12
18
10
23
18
21
25
34
36
21
26
17
17
19
17
8
9
12
17
14
10
11
11
13
12
15
12
15
15
10
18
14
11
12
14
11
10
13
6
15
12
20
7
4
8
14
14
9
15
11
12
7
10
15
10
9
6
12
8
8
13
17
13
10
9
9
16
13
19
16
8
10
15
18
16
12
7
9
10
11
12
12
14
14
10
14
16
10
10
10
16
12
13
10
14
10
14
12
11
8
10
13
11
14
19
14
9
15
5
11
11
11
7
20
14
21
8
17
10
22
12
22
15
14
14
18
15
19
18
12
14
8
5
18
14
14
11
8
9
9
17
12
13
9
18
9
11
11
10
10
15
6
14
8
8
14
15
16
13
15
19
7
14
7
16
21
13
10
13
9
16
13
14
24
29
26
18
18
20
20
14
9
15
10
6
7
17
16
7
11
16
17
14
11
12
15
17
21
14
15
13
18
10
12
22
12
11
15
5
16
12
16
9
10
13
9
17
24
16
10
18
14
11
14
16
15
12
20
16
10
11
14
13
19
7
10
6
13
14
22
21
47
51
69
91
99
84
85
68
50
45
27
24
15
10
14
27
16
11
18
15
14
12
19
16
13
11
11
18
8
14
15
19
15
11
15
14
19
11
12
17
14
16
12
18
11
9
11
9
6
12
22
16
17
14
15
15
15
13
16
11
20
14
24
17
28
33
30
26
38
43
33
47
34
31
19
9
24
12
17
12
16
27
20
20
20
22
20
28
33
36
44
44
41
32
32
20
20
15
13
11
12
15
12
10
13
21
18
5
13
19
20
13
15
17
12
14
23
13
15
13
11
13
18
14
17
28
9
20
14
16
12
12
9
17
13
17
19
13
14
16
20
15
6
22
19
12
12
15
11
18
7
16
22
18
9
18
18
18
17
23
21
24
31
33
48
38
44
19
33
19
27
16
19
11
20
14
15
12
14
21
14
13
18
14
18
13
19
18
13
19
22
9
13
20
19
14
26
19
15
17
19
16
12
20
16
11
14
14
14
11
19
14
17
14
8
12
11
19
29
11
14
14
20
9
19
14
22
15
5
20
17
15
10
10
12
11
15
16
16
18
8
13
13
15
19
14
13
11
14
15
14
18
11
15
12
21
19
14
21
24
13
22
23
15
17
7
11
17
18
13
16
11
14
18
16
19
11
18
17
18
31
23
15
14
21
15
17
17
27
33
32
29
27
34
29
27
20
22
24
17
17
18
27
19
19
16
23
22
18
9
19
19
19
11
11
11
11
22
14
17
15
21
17
17
9
20
10
25
17
33
26
26
28
36
29
34
36
39
24
21
18
14
17
18
14
10
21
12
12
19
21
13
20
19
16
14
20
25
19
26
22
27
31
24
27
15
21
16
18
21
10
13
16
19
19
17
17
17
14
21
16
8
27
19
20
11
13
16
15
16
21
19
20
13
13
10
18
16
10
21
17
24
20
24
22
34
23
32
18
35
25
21
19
19
18
12
29
13
12
11
14
30
16
20
19
14
20
15
18
14
14
22
19
21
18
12
8
18
19
22
21
18
16
13
22
22
14
18
16
13
14
16
29
15
17
20
25
15
18
19
18
16
18
27
18
15
21
14
22
25
13
22
23
13
19
16
21
27
21
15
16
16
18
11
29
19
18
16
20
19
8
14
13
15
17
14
13
22
9
23
28
18
11
25
18
28
17
17
21
21
30
19
27
16
12
20
20
19
15
18
26
29
17
19
18
19
21
19
10
18
17
21
21
19
18
17
15
17
19
16
21
18
14
20
22
16
17
21
28
19
23
14
16
14
19
15
17
17
20
12
25
19
23
27
15
15
23
20
18
17
21
15
23
18
20
17
22
17
12
19
19
17
9
13
18
11
12
15
14
16
16
17
12
12
21
20
23
17
14
12
25
19
22
20
18
14
13
23
13
13
14
12
10
20
14
19
15
15
19
12
20
17
13
15
16
14
18
11
12
9
18
17
20
20
26
6
15
15
14
14
13
10
11
18
18
17
17
16
16
16
21
14
13
12
16
15
17
17
13
15
12
12
11
11
13
13
18
17
12
22
15
15
18
25
24
18
18
16
19
15
17
10
10
18
13
12
14
12
14
12
13
21
16
15
13
8
20
14
8
13
16
18
26
14
16
18
13
24
19
31
43
46
115
174
271
429
469
611
726
720
700
577
419
357
234
132
96
57
50
29
25
28
29
25
23
23
25
25
19
18
21
22
29
21
27
28
21
26
22
23
23
26
26
29
31
24
20
26
27
26
23
30
20
22
19
25
29
21
29
24
23
24
13
18
20
29
10
20
22
26
25
21
28
18
19
22
29
23
18
13
26
22
18
16
20
26
10
26
20
21
20
26
26
25
16
22
15
21
26
17
27
12
26
35
22
14
32
23
27
22
18
18
31
28
20
18
24
24
22
20
21
11
20
28
22
15
17
21
17
23
31
22
22
20
23
16
20
19
22
18
25
23
17
30
17
20
16
17
17
24
22
26
22
19
16
23
12
24
23
26
16
16
18
34
16
13
20
31
17
17
21
24
22
18
17
23
23
22
18
17
30
15
19
23
20
16
14
16
23
22
20
20
20
21
14
20
19
17
28
16
18
21
17
33
16
21
17
21
23
22
13
11
12
26
29
15
24
19
19
14
15
24
17
16
18
13
21
26
18
15
16
34
26
22
30
17
18
22
22
26
18
23
17
24
30
17
21
24
22
25
21
15
33
21
28
24
25
23
23
21
21
22
18
18
21
18
24
20
17
35
17
20
26
30
22
22
16
21
16
27
28
28
22
26
20
24
21
17
21
24
18
19
21
16
20
28
21
19
14
26
18
22
18
21
19
20
33
16
23
23
28
14
25
24
22
25
14
24
20
23
28
14
15
24
25
16
14
13
29
20
21
20
26
19
24
29
19
23
13
11
19
30
21
15
21
21
20
28
31
20
28
29
27
26
29
24
21
21
22
22
30
32
14
28
28
26
31
28
16
21
21
30
38
27
16
32
31
20
22
25
14
27
21
22
23
24
25
29
15
13
23
22
16
9
13
12
27
19
20
16
21
26
17
21
18
17
25
15
25
37
39
56
42
53
42
29
40
21
32
24
23
25
22
22
14
17
14
19
22
20
20
17
22
13
20
17
15
10
26
16
20
24
22
17
20
15
26
13
19
20
25
26
18
20
21
15
17
17
22
17
26
28
24
15
18
16
15
24
25
30
18
21
34
17
16
10
17
20
20
25
18
24
25
21
23
30
24
25
21
14
15
24
16
16
17
24
12
23
23
25
17
20
22
15
22
17
20
19
18
15
21
17
23
15
15
17
22
21
12
17
26
18
22
20
23
17
17
17
27
10
22
13
18
19
27
20
19
20
19
28
28
23
20
20
20
21
18
28
24
21
20
21
14
11
23
21
7
17
18
20
22
23
16
14
26
19
26
19
19
19
17
21
17
17
15
12
18
18
21
16
10
22
14
16
18
13
25
9
14
15
15
16
13
11
10
26
15
14
15
22
17
13
9
19
10
13
22
7
15
12
13
9
17
17
13
13
14
12
14
8
12
16
12
14
14
18
8
14
14
15
8
16
11
10
5
4
18
12
8
14
9
11
9
10
14
18
10
14
11
8
6
15
11
10
12
12
9
5
8
12
11
17
14
10
13
9
8
16
11
13
5
14
15
7
12
16
12
15
21
14
14
14
12
17
11
8
21
19
16
17
15
7
8
14
10
11
9
13
8
7
7
10
8
10
10
9
9
13
15
10
24
15
10
20
31
62
136
244
464
686
981
1390
1737
1916
2065
1792
1544
1189
675
400
203
103
45
14
2
5
0
2
3
1
1
1
0
0
3
2
0
2
0
1
0
0
4
0
2
1
1
1
0
2
0
1
1
1
0
1
0
2
3
3
4
4
5
5
4
4
2
0
0
2
0
0
1
2
3
0
0
0
1
1
0
2
0
0
1
0
0
3
1
0
0
0
0
0
1
2
1
1
1
0
1
1
2
0
0
0
0
0
3
1
1
0
0
2
1
3
2
4
2
0
0
2
1
2
0
1
0
0
1
0
1
2
1
3
0
0
0
0
0
1
0
0
1
1
0
0
1
1
0
1
1
0
0
1
0
3
0
0
4
3
1
2
0
1
0
2
0
0
3
1
1
1
1
0
1
4
1
0
1
0
0
0
1
0
0
1
1
2
0
0
0
0
1
0
2
0
1
0
0
1
1
1
2
1
0
1
0
0
0
1
0
0
1
0
1
0
3
0
0
1
0
0
1
2
1
0
1
1
0
0
0
0
3
0
1
2
1
2
0
1
1
0
4
0
0
0
0
1
0
0
0
0
0
2
0
1
2
1
2
1
1
1
1
1
1
1
4
1
1
2
1
1
1
0
2
0
0
0
2
0
2
1
0
0
0
1
1
0
0
1
2
0
0
0
1
0
2
2
0
0
0
1
2
0
0
1
0
0
0
1
0
0
1
0
1
1
1
0
1
0
0
0
0
0
1
0
1
2
2
2
1
0
0
1
0
0
1
0
2
2
0
0
0
1
1
0
0
1
0
0
0
0
1
0
0
2
0
2
1
0
0
1
2
0
1
0
0
0
1
2
0
0
1
1
0
1
0
0
3
0
0
1
1
2
1
1
2
1
1
0
0
2
2
2
0
0
2
0
0
1
0
0
1
1
1
3
0
0
0
0
3
1
1
1
0
3
0
1
0
1
1
0
1
2
0
0
1
0
1
1
0
1
1
1
5
0
0
0
0
2
0
0
0
0
1
1
1
0
1
0
5
0
0
0
0
0
0
2
0
1
0
1
1
0
0
2
0
0
1
0
0
1
2
0
1
1
1
1
0
1
0
0
2
2
1
1
0
1
3
0
1
1
1
1
1
2
0
1
1
1
1
0
1
2
1
1
0
1
1
0
1
0
0
0
0
1
0
1
1
0
0
0
2
1
0
1
0
0
0
1
0
1
4
0
1
0
1
0
0
0
1
0
0
0
2
0
0
1
0
0
1
1
0
1
0
0
0
0
2
1
1
2
0
0
0
2
0
0
0
1
1
0
0
0
0
0
1
2
3
2
0
1
0
0
0
0
1
0
0
1
0
0
0
0
1
0
1
1
1
1
0
0
0
0
0
2
0
0
0
1
0
0
0
0
0
2
0
0
0
0
0
1
0
0
0
1
0
2
0
0
1
0
0
0
1
1
2
0
0
1
1
0
0
0
0
0
1
1
0
0
1
1
0
0
0
0
0
1
1
0
1
1
0
1
1
1
0
0
0
0
2
0
0
0
1
2
3
0
1
4
0
3
4
0
2
1
0
1
3
1
0
0
1
1
2
0
0
0
0
1
3
0
1
0
0
0
0
0
0
0
0
1
0
0
1
1
0
2
0
0
0
1
2
0
0
0
0
0
0
0
1
0
0
0
2
0
1
1
0
1
0
1
2
0
0
1
1
0
0
0
0
0
0
0
0
0
2
2
1
0
2
2
0
1
0
0
0
1
1
0
0
1
2
1
0
0
1
0
0
0
2
0
0
0
0
1
0
0
0
1
1
1
0
0
0
1
1
0
1
0
1
0
0
0
2
0
1
1
0
0
0
0
0
1
2
0
1
2
1
0
0
0
0
1
1
1
0
1
2
0
3
4
2
8
8
0
7
1
1
0
0
1
0
1
1
0
0
0
2
0
0
0
2
1
1
0
0
0
0
0
0
0
0
0
0
1
0
1
0
0
1
0
0
2
1
1
1
1
5
3
1
3
3
2
1
1
0
0
0
1
0
1
0
0
0
2
0
0
0
0
0
1
1
0
1
0
0
0
1
0
1
1
0
0
0
0
0
2
0
0
0
0
0
0
0
0
0
0
1
1
1
0
0
0
2
0
0
0
0
0
1
0
1
0
0
0
0
0
0
0
0
1
0
0
0
0
1
1
0
0
0
0
0
0
0
0
0
0
1
0
0
1
1
0
2
2
1
5
3
3
5
2
4
2
1
0
0
1
0
0
0
0
0
1
1
0
0
2
2
0
1
1
0
0
0
1
1
0
0
0
0
0
0
0
1
0
0
0
0
0
0
0
0
0
0
0
0
0
0
0
0
0
0
0
0
0
0
0
0
0
0
1
2
0
0
0
1
0
1
0
0
1
0
0
0
2
2
0
0
0
0
0
1
1
0
0
0
0
0
0
0
0
0
0
0
0
0
1
0
0
0
0
0
0
0
0
0
0
0
1
1
0
0
1
0
0
0
1
0
0
0
0
0
1
0
0
0
1
0
0
0
0
0
0
0
3
1
1
0
1
0
1
0
0
0
0
0
1
1
0
0
0
0
1
0
0
0
0
1
0
1
0
3
2
0
1
0
0
0
0
1
0
0
1
2
0
0
3
1
0
1
0
0
0
0
1
0
0
0
1
0
1
1
0
0
1
0
1
0
1
0
0
1
0
0
1
1
0
0
0
1
0
0
1
0
0
0
0
0
0
0
1
0
0
1
0
0
0
1
0
0
0
0
0
0
1
0
1
0
1
1
1
0
0
0
0
0
2
0
1
0
0
0
0
0
0
0
0
0
0
1
0
1
0
0
0
0
0
1
0
0
0
0
1
$ENER_FIT:
-1.4410 0.715180 0.000000e+000
$MCA_CAL:
3
-1.4410 0.715180 0.000000e+000
$ENDRECORD:
