$SPEC_ID:
Sample title.

$MEAS_TIM:
11706.91000 13758.50000
$DATE_MEA:
07/14/2016 1:11:40 PM
$DATA:
0 16383
0
0
0
0
0
0
0
0
0
0
0
0
0
0
0
0
30
35
40
38
48
43
52
43
59
43
48
44
55
52
53
49
51
37
38
53
45
53
42
33
43
36
50
55
59
69
54
51
61
51
38
48
52
52
62
56
47
53
75
57
72
63
103
90
58
35
45
44
41
46
70
68
48
43
43
44
49
41
40
44
53
47
39312
39484
39113
39599
39844
39997
40579
40590
40397
40473
41080
41364
41706
41783
41770
41297
41671
41948
41889
41691
42840
44229
46702
49770
57195
63312
59770
62194
68634
62432
59995
71258
68561
51849
41720
39781
40099
41256
42703
42785
43769
47042
51666
52291
53371
55358
52116
46953
42240
38767
36864
36431
36749
36141
35825
35401
35218
35300
34734
34830
34617
34377
33569
33529
33621
33949
33710
33668
33422
33580
33612
32613
31362
31291
31208
30597
30464
30173
29775
29586
28870
28594
28138
27983
27532
27163
27167
26745
27586
32891
47691
54313
42381
28923
25159
24816
24080
23268
22774
22394
22219
21826
21576
21338
21203
20693
20478
20099
20393
20874
22524
23605
22514
20532
19582
19331
18911
18482
18104
17986
17761
17490
16976
17056
16605
17212
17308
16958
16425
16482
16226
16191
16096
15919
15619
15574
15701
15693
15345
15132
15063
15240
15446
15237
15200
15064
15099
15073
15512
15509
16144
16860
19064
22129
23464
21517
19336
18425
18171
17950
17632
17601
17772
17992
18397
17692
17316
17358
17084
16872
17069
17525
21681
41274
71235
71812
41409
21952
17966
16993
16501
15898
15778
15892
15591
15677
15357
15577
15500
15478
15433
15469
15146
15210
15352
15831
16951
22071
29487
30468
23040
16706
14947
15149
15127
15184
15102
14970
14828
14907
14862
14746
14640
14456
14482
14913
15452
15440
15207
14940
14929
14962
15134
15247
15128
15170
15159
14829
14650
14789
14638
14397
14384
14298
14172
14655
14806
15168
15727
16683
18592
21843
24494
22387
18543
16965
16895
16659
16798
16524
16521
16446
16653
16656
16921
16816
16917
16811
17182
17182
17324
17711
17480
17617
17224
17442
17038
17265
17097
16865
16966
16710
16760
16698
16337
16580
17256
18382
18268
16920
16187
16031
16030
15999
16058
16063
16097
15927
16137
16052
15905
15989
15943
15844
15726
16056
15940
16071
16210
16252
16511
16135
16530
16431
16275
16223
17275
18571
19795
18698
17223
16560
16839
16647
16671
16846
17056
16825
17066
16928
17319
17682
17431
17606
17380
17284
17715
18766
20014
20085
19272
18781
19334
19727
20517
20902
20900
20742
21132
21338
21923
22307
22637
23186
23679
24260
24330
24890
24533
24923
25286
24693
24946
24511
24008
23396
22817
22399
21919
21529
20887
19906
19823
18822
18137
17919
17632
17424
17108
16719
16673
16307
16228
15906
16047
16009
15781
15586
15618
15264
15515
15310
15213
15345
15995
21204
32469
38200
29952
19413
15692
15250
15231
15132
15617
16680
20959
29060
31729
24112
16951
14495
14346
14293
14243
14148
14049
14214
14422
14402
18503
35696
64050
68813
42943
20717
13911
13353
13472
13790
14506
14877
14411
13311
12966
12894
12942
12893
13202
13058
13721
16267
21014
22764
18738
14193
12875
12757
12676
12590
12698
12749
12610
12351
12511
12401
12769
12528
12475
12204
12466
12507
12638
12605
12513
12335
12261
12344
12291
12426
12449
12296
12059
12392
12153
12421
12268
12336
12138
12239
12285
12093
12232
12218
12395
12204
12162
12204
12413
12424
12519
12719
12541
12648
12471
12382
12260
12264
12383
12467
12434
12480
12414
13236
15287
17230
16403
14014
12643
12390
12470
12257
12145
11936
12191
12473
12343
12170
12436
11849
11765
11843
11873
11735
11887
11703
11987
11628
11859
11759
11542
11613
11544
11560
11619
11715
11651
11911
13331
16583
17547
15492
14284
17549
22427
21393
15966
12172
11560
11294
11203
11102
11167
11105
11205
11242
11228
11251
11301
11243
11240
11187
10871
11294
11247
11586
11443
11621
11508
11406
11448
11525
11821
12149
12258
12152
12055
12497
12682
13170
13538
13936
14072
14817
15667
20466
43638
112351
231151
359598
458970
516113
544989
559151
563762
566651
564564
565467
565008
561298
561722
559263
551127
540606
518555
475354
402921
293923
166762
67904
20571
7217
5205
4971
4974
4878
5073
5129
4945
4905
4897
4978
5123
5117
5222
5302
5187
5203
5341
5227
5129
5159
5266
5376
5362
5942
6926
7135
6405
6324
7701
11346
17127
24348
29193
28479
22074
14316
8946
7329
13008
43592
105294
136142
92418
34240
10443
6185
5183
4871
5093
5049
4728
4532
4458
4450
4534
4591
4955
4917
4499
4400
4439
4670
5032
5205
5003
4699
4587
4428
4404
4571
4699
4840
5038
5119
4517
4520
4340
4418
4361
4425
4340
4321
4345
4265
4395
4482
4393
4416
4396
4233
4279
4444
4407
4595
4707
5055
5186
5029
5181
5105
4840
4330
4309
4507
4528
4511
4535
4479
4435
4423
4433
4600
4731
5190
6006
6548
5676
4911
4573
4449
4413
4477
4546
4529
4576
4611
4537
4538
4567
4513
4598
5221
7653
12255
14769
12417
7990
5525
4792
4823
4781
4730
4615
4645
4742
4779
4750
4684
4708
4960
5240
5254
5162
4804
4617
4596
4671
4509
4554
4742
4615
4505
4621
4571
4950
5309
5450
5208
4787
4446
4456
4436
4491
4350
4522
4630
4577
4715
4512
4461
4342
4612
4653
4675
4554
4476
4457
4268
4316
4520
4323
4407
4329
4643
4704
4810
4786
4692
4654
4739
4990
5692
6179
5673
5134
4655
4699
4856
5052
5340
5232
4905
4672
4796
4641
4746
4675
4613
4597
4693
5298
5707
5438
4911
4449
4376
4634
4890
5105
4878
4485
4461
4610
5437
7176
8660
7640
5652
4647
4225
4429
4598
4837
4956
4652
4751
5194
6819
7506
6800
5329
4397
4295
4318
4266
4420
4480
4574
4581
4585
4547
4829
4792
4900
4627
4189
4300
4322
4263
4369
4433
4616
4529
4334
4276
4338
4336
4258
4328
4391
4640
4582
5086
6989
13661
21460
20533
12494
6444
4838
4573
4961
5066
4862
4660
4368
4330
4297
4167
4394
4583
4754
4582
4467
4543
4873
5124
4890
4505
4381
4230
4357
4517
5028
4960
4706
4196
4193
4129
4198
4124
4227
4146
4226
3977
4141
4030
3966
4234
4237
4070
4171
4296
4220
4511
4577
4350
4289
4232
4239
4196
4208
4162
4207
4311
4482
4581
4920
5589
5815
5290
4603
4133
4105
4102
4425
4616
4619
4378
4356
4167
4150
4335
4403
4528
4623
4849
4818
4947
5133
4992
4610
4331
4467
4650
4641
4312
4074
4250
4071
4146
4331
4388
4262
4289
4319
4320
4155
4223
4238
4248
4685
5516
9034
14979
17727
13648
7713
4947
4329
4575
4887
5106
5046
4631
4544
4618
5259
6814
7170
6206
5259
4836
4662
5830
12796
30709
48726
54930
62635
73247
61061
30536
10572
5084
4259
3950
3960
3936
4139
4161
4050
3896
3807
3816
3812
3871
3806
3928
3744
3839
3913
3721
3924
3848
3900
3980
3935
4027
4393
5395
6817
6940
5650
4699
4307
4239
4349
4400
4436
4142
4047
4181
4171
4367
4579
4318
4364
4610
4755
4533
4330
4113
4184
4260
4311
4223
4202
4253
4379
4545
4703
4452
4245
4227
4379
4292
4294
4312
4576
6303
17655
56176
114706
132001
85216
31691
9395
4567
3898
4130
4297
4603
4384
3953
3827
3962
3840
3883
4223
4247
4354
4053
3813
3793
3771
3784
3813
4041
4312
4476
4353
4144
4061
4351
4890
5190
4884
4516
4387
4266
4359
4737
5293
5907
6197
5652
4738
4099
4055
4539
4691
4230
4076
3933
3865
4211
4047
4021
3879
3734
3859
3828
3768
3891
3731
3861
3895
3930
3903
3976
3833
3970
4039
4147
4264
4095
3825
3693
3812
4409
6663
11230
15179
14130
9362
5599
4088
4060
4122
4340
4092
4086
4045
3968
4195
4288
4351
4144
3966
3873
3812
4131
4127
4229
4437
4583
4881
4748
4707
4486
4628
4422
4490
5168
5874
5970
5128
4307
4019
4046
3794
3884
3992
3894
3878
3923
3863
3990
4115
4171
4196
3952
3917
3925
4093
4771
5745
5862
5507
4522
4062
4023
4267
4568
5210
6858
10424
12704
10964
7301
5032
4422
4341
4156
4364
4193
4374
4298
4396
4508
4574
4504
4493
4507
4506
4340
4417
4484
4618
5072
6117
7885
9097
8249
5788
4532
4105
3965
4045
4145
4254
4383
4307
4330
4274
4059
3842
3899
3797
3966
4224
5017
6447
7552
6948
5309
4318
4089
4107
4328
5544
7021
7690
6565
4858
4089
4139
4274
4398
4332
4214
4148
4170
4212
4058
4125
4126
4067
4035
4122
4032
4401
5169
5358
4829
4349
4281
4063
4229
4490
4784
4822
4549
4202
4170
4185
4134
4178
4202
4509
4303
4218
4482
4585
4746
4588
4332
4066
4050
4634
6474
8265
8670
6929
5305
4912
4705
4439
4219
4286
4309
4479
4292
4217
4186
4053
4001
4037
3985
4042
4060
4265
4402
4679
4712
4595
4447
4301
4203
4357
4453
4560
4686
4502
4397
4497
4561
4523
4459
4510
4556
4415
4311
4420
4355
4368
4172
4131
4130
4066
4069
4038
4394
4840
5530
5466
4737
4352
3986
4190
4075
4253
4122
4225
4334
4579
4834
4872
4754
4723
4444
4228
4231
4108
4100
4190
4181
4158
4292
4153
4158
4136
4240
4087
4241
4360
4256
4422
4422
4359
4275
4139
4142
4160
4210
4335
4369
4496
4518
4408
4314
4312
4223
4265
4199
4203
4363
4322
4452
4796
5454
5703
4952
4488
4205
4200
4108
4225
4252
4039
4093
4189
4293
4913
6548
8272
8445
6611
4945
4379
4369
4238
4232
4092
4169
4181
4534
4764
5260
5318
5739
6590
6840
6138
5152
4699
4479
4441
4228
4298
4417
4528
4389
4496
4522
4793
5666
7639
10028
10013
7628
5355
4597
4866
4938
5016
4592
4360
4465
4451
4430
4883
5186
5544
5134
4634
4480
4419
4459
4500
4588
4600
4705
4651
4389
4442
4528
4571
4911
5522
5811
5434
5039
4672
4638
5063
6205
7225
6794
5851
5846
8063
12880
24821
51768
82266
82946
50962
20467
7534
4763
4626
5002
5731
6177
5550
4762
4590
4441
4245
4378
4328
4490
4556
4535
4398
4889
4930
4725
4738
4743
5404
6599
7033
8722
10597
11377
9896
7346
5284
4402
4197
4223
4112
4339
4446
4529
4416
4425
4547
4821
4612
4550
4649
5819
8327
10684
10591
8063
5727
4531
4413
4317
4344
4488
4519
4572
4618
4702
4540
4305
4533
4536
4527
4447
4546
4381
4491
4594
4648
4723
4893
5056
4940
4954
4740
4828
4668
4790
4984
5284
5408
5008
4829
4595
4718
4976
5446
5498
5063
4700
4571
4582
4558
4550
4738
5069
5127
5055
4861
4648
4592
4599
4810
4854
4724
4596
4617
4692
5016
5446
5592
5033
4900
4875
5046
4999
4754
4757
4824
4721
4785
4839
4931
4854
4914
5236
7026
11887
19812
29294
32208
24427
14495
8132
5894
5389
4999
4940
4868
4815
4722
4739
4904
5105
6284
8481
10318
9389
7132
5257
4826
4873
5122
5451
5263
5113
4920
4897
4922
4987
4997
5045
4924
4716
4574
4600
4672
4556
4707
4596
4642
4797
4921
5025
5161
5200
5005
4775
4855
4857
4684
4628
4750
4851
5104
5193
5158
5302
5347
5261
5017
4906
4884
5156
5192
5441
5879
5671
5201
5141
4993
4937
4907
4800
4778
4742
4737
4793
4755
4877
4962
4843
5069
5115
5269
5841
6162
6043
5573
5636
6807
8191
8722
7527
6094
5183
5164
5076
5076
4981
4780
4955
4887
4841
4971
4940
5021
4977
4933
4937
4929
5046
5101
5257
5223
5172
5130
5085
5065
5136
5200
5145
5134
5031
5090
5082
5179
4936
5181
5147
5235
5081
5096
5518
6165
6678
6528
5824
5263
5118
5108
5040
5086
5240
5228
5105
5374
5181
5327
5417
5328
5379
5618
5949
6442
6900
6659
6048
5529
5325
5293
5283
5408
5448
5827
7711
12817
19610
21898
16708
10056
6542
5491
5373
5470
5906
6283
6018
5863
5650
5450
5505
5515
5498
5438
5200
5229
5317
5287
5251
5325
5354
5503
5447
5472
5231
5357
5408
5584
5532
5574
5380
5525
5841
5948
6323
5930
5740
5703
5686
5846
5584
5740
5421
5432
5392
5451
5459
5395
5638
5459
5545
5649
5675
5617
5775
5520
5424
5647
5498
5637
5569
5480
5508
5401
5660
5514
5638
5650
5815
6387
6476
6137
5908
5754
5911
6307
6221
6090
6002
5849
5834
5622
5499
5542
5634
5674
5885
6013
6048
6013
5991
5903
6031
5690
5817
5803
6060
6092
6221
6186
5898
5725
5767
5710
5854
5584
5826
5826
5730
5790
6054
5984
5799
5770
5981
5792
5749
5765
5706
5782
5825
6267
7142
7858
7903
6976
6179
5880
5969
5760
5761
5836
6056
6242
6154
6284
6037
6088
6095
5939
5937
6021
5969
6004
6081
6039
6148
6212
6375
6320
6236
6173
6045
6046
6037
6146
6267
6440
6794
7009
7067
7110
6749
6339
6210
6229
6281
6190
5938
6254
6065
6282
6305
6267
6267
6211
6459
6468
6528
6334
6315
6295
6342
6423
6577
6649
6808
6714
6547
6104
6285
6299
6061
6295
6115
6122
6267
6405
6436
6588
6408
6662
6525
6826
6631
6554
6416
6454
6383
6380
6447
6436
6435
6418
6436
6328
6569
6643
6419
6479
6667
6792
6756
6538
6413
6393
6537
6328
6405
6489
6545
6577
6559
6384
6690
6701
6715
6832
6718
6718
6648
6482
6481
6669
6702
6550
6732
6674
6734
6778
6613
6635
6709
6755
6701
6718
6735
6503
6712
6613
6761
6881
7389
7589
7443
7183
6685
6856
6703
6631
6746
6752
6802
6717
6725
6529
6907
6774
6718
7057
7215
7983
8500
8427
7779
7426
7246
7440
7322
7029
6878
6962
7006
6778
6766
6803
6744
6602
6853
7080
7442
8859
12095
15269
14979
11941
8641
7315
7059
6947
7014
7069
6885
6997
7036
6980
7199
8169
11219
15409
17676
15788
11572
8404
7399
7118
7371
7414
7986
7950
7746
7494
7430
7884
7934
7717
7399
7374
7524
7971
8381
8152
7802
7591
7421
7489
8436
11261
15264
17440
15205
11293
8718
7462
7409
7501
7635
8215
8359
8215
7671
7693
7463
7530
7289
7553
7453
7722
8090
8265
8390
8034
7483
7273
7263
7130
7391
7280
7440
7635
7782
7922
7956
7747
7580
7364
7339
7472
7507
7355
7426
7405
7543
7587
7527
7485
7441
7254
7434
7650
7534
7861
7822
7569
7672
8024
8094
8191
8087
8436
9869
11119
11102
10300
9388
8686
8599
8437
8307
8192
7941
7853
8025
7943
7988
7898
7625
7659
7599
7711
7783
7858
7871
7827
7669
7989
8825
9791
10238
9683
8932
8175
7969
8010
8105
7908
7992
8331
8267
8155
8292
8219
8346
9039
10711
14425
22784
34982
46348
50325
44783
32989
21028
13536
10227
9090
8681
8571
8612
8390
8279
8660
8709
9321
9903
11884
16000
19426
18510
14557
10669
9163
8952
9202
9615
9645
9258
8916
8602
8481
8509
8376
8404
8374
8380
8550
8282
8611
8595
8514
8484
8622
9105
9106
9143
8645
8397
8378
8420
8334
8366
8400
8465
8435
8383
8456
8448
8467
8273
8526
8378
8481
8600
8556
8606
8694
8893
8938
9219
9357
8874
8604
8554
8431
8425
8709
8459
8318
8511
8552
8403
8329
8495
8677
8540
8681
8660
8795
9003
10512
14741
22518
28168
26107
18862
12374
9641
8799
8750
8781
8954
9078
9214
9326
9531
9479
9169
8774
8641
8742
8641
8947
9190
9238
9020
9088
8744
8805
8577
8653
8825
8781
8826
8689
8845
8765
8840
8724
8907
8976
9112
9093
8880
8901
8750
8891
8844
8951
8667
8864
8954
8936
8851
8949
8712
8849
8760
8819
8766
9001
8870
8752
8717
8779
8944
8977
8981
9006
9004
9116
9340
9509
9641
9512
9214
8987
8759
8795
9108
8984
9085
9127
9228
9178
8999
8918
8885
9091
9100
9099
9403
9475
9507
9659
9509
9514
9149
9305
9105
9135
9414
9395
9459
9062
9023
9338
9132
9489
9491
9301
9418
9896
9864
9942
9690
9588
9320
9244
9349
9236
9407
9374
9451
9316
9451
9499
9659
9704
9730
9701
9352
9546
9303
9577
9238
9188
9168
9253
9428
9327
9395
9244
9500
9379
9642
9306
9722
10387
11908
14693
16770
16248
13879
11195
9988
9515
9448
9449
9391
9691
9525
9555
9549
9472
9395
9537
9539
9709
10056
9855
9744
9383
9462
9562
9518
9437
9655
9382
9318
9475
9528
9599
9381
9329
9586
9356
9484
9555
9380
9503
9516
9397
9350
9381
9506
9420
9601
9329
9412
9482
9606
9499
9386
9270
9480
9507
9352
9336
9482
9461
9554
9701
9663
9656
9518
9481
9547
9598
9553
9562
9693
9690
10164
10320
10306
9907
9850
9700
10033
10710
11938
12714
12654
11309
10650
10075
9992
10074
10293
11165
14861
24798
38576
47271
42241
27797
16586
11837
10600
10932
11246
12695
17005
25076
33066
34398
27057
18186
13257
11881
11898
12382
13118
13080
13095
13280
12744
13111
13039
13021
13492
13743
14159
14220
14444
14753
14685
15419
15646
15862
16295
16776
16993
17696
18054
18465
19274
19493
19607
20389
20488
20790
21208
21822
22138
22014
22144
22131
22419
22344
21808
21534
20697
19537
18882
17967
17303
16675
16119
15666
15736
16093
15678
14952
14507
13846
13424
13275
12883
12716
12560
12392
12619
12518
12349
12444
12334
12036
11710
11497
11398
11466
11488
11562
11538
11468
11791
11437
11235
11202
11220
11548
12079
11902
11526
10932
10856
10828
10680
10645
10660
10485
10725
10443
10542
10637
10498
10901
11165
11362
11394
11106
10805
10287
10120
10168
10385
10882
11060
10964
10615
10456
10485
10113
9940
10184
10131
10509
10295
10188
9987
9810
9955
9928
9994
9807
9979
9889
9835
10024
10062
9721
10061
9940
10037
10044
10007
10034
9786
10052
10005
10163
10267
10731
10528
10593
10408
10091
10309
10346
10418
10353
10624
10857
11304
11598
11851
11539
11168
10742
10324
10092
10005
10345
10220
10472
10454
10576
10377
10372
10323
10079
10186
10317
10429
10480
10311
10560
10937
12228
13676
14888
14735
12902
11469
10900
10422
10154
10355
10371
10274
10241
10271
10393
10417
10472
10375
10395
10441
10275
10235
10621
10884
10776
10655
10679
10486
10226
10261
10194
10202
10168
10022
10020
9700
9971
9985
9971
9830
9676
9938
9685
9588
9313
9428
9480
9472
9324
9617
9540
9840
10151
10146
10103
9691
9275
9047
8867
8854
8743
8609
8819
8793
8948
9030
9082
9019
8649
8439
8385
8284
8187
8404
8300
8044
8168
8028
8076
8071
8213
8005
8084
8104
8202
8067
8091
8181
8104
8450
8818
8729
8528
8188
7807
7782
7431
7617
7479
7429
7464
7522
7535
7616
7668
7451
7463
7585
7693
7536
7423
7311
7480
7339
7317
7118
7074
7009
7117
7040
7038
6937
7243
7503
7420
7322
7090
6953
6890
6915
7162
7026
6874
6756
6656
6813
6616
6545
6532
6471
6621
6533
6850
6657
6499
6689
6475
6484
6430
6420
6587
6704
6781
6661
6527
6349
6400
6469
6435
6318
6316
6368
6421
6217
6595
6402
6217
6678
6670
6897
7322
7592
7585
8012
8465
8938
9328
9226
9613
15142
52328
227376
777809
1843341
2963801
3213835
2342964
1147069
376839
83605
13475
2694
1641
1667
1801
1949
1939
1735
1532
1547
1662
1766
1711
1500
1320
1246
1362
1382
1427
1429
1284
1221
1206
1103
1133
1167
1301
1433
1293
1231
1089
988
972
1011
1041
1077
1122
1200
1340
1421
1287
1226
990
971
967
1045
1097
1168
1018
975
964
996
1123
1177
1149
1092
1028
1023
984
1007
987
1069
1250
1275
1271
1095
1025
972
893
900
963
925
932
941
964
1046
1189
1475
1476
1340
1111
972
915
848
856
943
1334
1580
1660
1528
1361
1128
960
870
836
871
771
817
850
800
778
833
835
846
813
813
770
826
859
866
893
851
846
858
972
1123
1669
2131
2306
2283
2033
1702
1410
1141
1017
946
861
809
797
813
842
808
867
798
848
927
1099
1210
1188
1180
1026
965
919
899
944
920
913
815
808
788
877
869
866
883
872
893
911
869
855
878
904
851
879
828
889
984
1180
1513
1767
1802
1467
1258
1022
1030
979
972
1059
1061
926
939
913
915
909
837
815
867
889
842
821
919
868
838
829
847
888
1008
1079
1096
1039
941
904
931
837
797
859
867
821
892
1081
1911
4873
12370
23026
30632
28416
18260
8646
3158
1332
1025
923
920
906
898
848
835
910
920
916
868
856
789
873
914
1007
1002
844
814
775
756
757
761
733
777
825
883
891
839
830
885
898
863
960
869
849
835
757
719
809
824
827
860
864
810
911
1042
1346
1659
1881
1768
1421
1206
996
918
933
1030
1176
1337
1416
1311
1193
1102
1116
1174
1187
1231
1161
973
929
877
830
844
826
867
860
824
777
772
750
823
771
802
768
736
809
794
892
935
887
866
880
882
897
980
885
942
760
751
771
809
801
803
780
853
806
897
811
817
772
837
783
825
835
902
971
1212
1348
1766
2199
2403
2128
1747
1194
952
822
775
771
797
757
738
774
781
778
753
767
798
751
793
799
836
872
852
836
858
978
1258
2083
2833
3116
2659
1904
1315
1091
990
1005
1015
928
863
793
775
809
793
731
780
758
813
823
829
872
848
872
841
824
886
855
808
803
737
790
784
753
819
882
910
1018
1028
1209
1284
1591
2179
2516
2365
1737
1233
906
842
918
1085
1353
1450
1603
1522
1481
1348
1140
902
833
788
748
798
800
946
1053
1293
1278
1082
1003
909
863
844
789
778
823
910
983
1017
1046
952
860
863
840
872
952
867
896
892
845
827
807
806
835
862
851
783
739
723
745
741
785
809
762
807
841
842
866
786
791
791
798
805
739
723
811
830
891
934
922
1013
961
1038
1112
1030
966
837
788
878
796
829
795
815
708
747
731
714
826
847
1090
1151
1259
1216
1082
992
928
838
805
820
746
782
729
800
760
816
779
809
764
821
864
890
943
869
783
778
765
832
850
847
903
907
849
834
854
871
863
836
909
870
861
863
789
778
872
1032
1328
1474
1483
1259
1055
895
913
826
793
817
785
755
809
773
812
793
742
733
780
775
757
798
782
771
882
830
799
700
702
765
735
707
752
798
864
1052
1031
1006
860
773
728
764
789
867
916
934
963
888
874
803
707
786
758
779
775
768
773
814
802
841
822
873
1017
1282
1402
1288
1006
790
755
759
717
751
834
1250
1790
2617
2986
2673
1989
1330
930
849
948
1099
1311
1449
1339
993
904
782
808
782
806
737
794
763
753
771
894
951
1014
1125
1331
1419
1638
1735
1764
1683
1594
1537
1539
1445
1497
1495
1503
1489
1352
1340
1305
1277
1327
1338
1352
1316
1248
1031
948
795
767
772
768
720
698
731
754
778
1081
1455
1871
2215
2105
1549
1050
772
771
831
855
891
860
824
709
724
685
691
730
743
811
881
887
943
805
783
773
844
845
877
933
892
871
668
798
727
725
693
660
634
758
767
815
969
1271
2000
3125
4205
4233
3451
2171
1395
1011
832
819
710
699
713
674
634
665
602
672
632
708
708
701
781
753
679
726
661
677
710
671
637
706
707
668
668
680
674
640
685
783
806
954
880
900
790
730
640
678
604
725
723
722
732
687
676
694
699
649
703
715
696
734
803
836
979
1026
1098
1095
1208
1363
1470
1355
1093
956
799
756
820
856
848
828
817
1004
1128
1271
1290
1047
951
783
740
759
766
703
689
701
724
728
848
1095
1251
1173
950
838
786
718
651
634
677
706
742
932
982
1151
1166
1193
1166
1087
1149
1212
1200
1095
915
838
821
848
882
848
810
710
798
1040
1484
1908
1969
1702
1183
857
671
627
589
626
616
566
630
622
672
700
679
696
709
705
827
797
834
984
1721
3253
5556
7253
7311
5523
3598
2286
1876
1585
1241
950
899
936
1041
1182
1185
1110
1077
1094
1153
1295
1259
1017
797
628
613
618
648
644
639
696
702
752
766
683
653
653
582
594
587
674
705
795
745
778
821
996
1108
1203
995
827
678
638
620
618
614
650
656
647
635
638
638
639
592
557
554
582
588
514
618
577
564
590
614
578
656
684
656
651
692
669
691
741
679
747
636
672
671
684
707
718
905
1504
3004
6048
9064
10167
8552
5187
2587
1172
744
638
630
620
646
654
625
658
622
588
654
648
676
781
727
664
603
656
578
627
599
589
633
664
687
751
965
1095
1083
992
773
778
716
797
1047
1426
1581
1483
1132
790
693
661
665
689
735
728
654
687
739
748
748
800
852
932
1142
1425
1766
1907
1773
1320
950
715
644
687
622
668
611
630
603
578
586
609
606
649
663
589
619
641
557
607
664
758
1008
1353
1634
1486
1174
873
678
631
746
910
1107
1299
1307
1047
850
700
602
619
596
584
575
601
614
630
706
691
717
763
919
1142
1476
1805
1905
1726
1318
939
717
709
713
748
659
684
600
692
762
817
954
1140
1255
1251
1160
1034
830
733
756
1015
1295
1428
1409
1121
819
664
586
576
586
609
618
579
540
529
582
539
518
521
581
580
581
610
586
639
726
716
752
762
779
848
953
841
811
679
622
645
813
1300
2364
3758
4494
4419
3213
1997
1120
781
688
621
634
562
618
594
645
700
657
603
660
639
715
628
668
583
591
531
561
600
542
560
569
556
597
568
677
640
679
704
681
696
677
686
627
574
509
566
556
621
595
608
630
631
622
646
645
667
650
799
884
1115
1169
1219
1049
883
785
674
624
555
575
500
515
588
687
661
762
869
968
1297
1524
1618
1172
893
714
610
586
635
565
525
545
590
598
483
539
507
554
605
584
529
523
564
562
590
589
618
590
590
632
601
631
601
526
476
520
535
541
567
518
512
494
504
518
520
527
492
512
554
557
604
675
609
597
545
550
529
515
512
523
530
521
549
568
591
623
612
578
557
601
618
734
819
898
1004
966
864
833
747
891
895
956
900
842
679
604
567
534
499
552
507
515
489
530
561
623
769
988
1070
1147
1036
899
701
577
526
519
519
503
502
503
531
497
556
556
574
567
605
568
631
594
595
580
565
558
599
563
578
500
486
492
587
571
601
584
572
587
640
602
561
542
530
539
676
1208
2822
5949
10159
12865
12504
9010
4991
2195
1037
852
851
775
698
547
516
503
491
475
499
507
543
473
503
462
498
488
520
530
642
703
802
729
747
615
557
518
503
504
525
521
511
490
507
584
661
714
653
613
542
524
471
476
499
462
479
479
497
478
505
527
566
592
653
624
688
777
980
1186
1515
1591
1454
1152
784
619
578
583
573
511
495
472
547
464
480
485
507
491
488
500
495
534
552
526
523
569
469
497
548
486
512
578
645
714
854
851
763
629
575
591
576
549
550
546
541
551
522
557
518
585
650
706
668
629
522
534
479
473
497
546
521
570
567
526
510
508
563
626
675
734
737
625
579
507
468
442
453
433
457
439
470
546
565
548
567
507
482
487
540
643
896
1050
1243
1331
1063
762
635
555
524
544
504
472
515
488
492
489
523
483
508
483
508
491
541
537
641
616
658
654
606
537
458
555
570
659
761
766
813
653
579
442
436
444
448
439
404
427
472
565
532
643
696
1227
2028
2698
3098
2703
1982
1203
885
839
907
993
949
792
599
480
480
445
448
446
443
438
434
482
477
465
500
553
533
607
512
565
528
538
497
510
452
492
475
506
585
760
959
983
855
683
559
452
459
440
522
507
548
505
478
458
470
463
476
549
509
601
859
1211
1533
1731
1578
1238
780
566
423
478
483
526
467
456
440
420
421
440
437
483
444
547
728
957
1147
1282
1160
775
574
531
485
541
709
941
1327
1742
1919
1663
1088
774
542
440
437
445
475
483
456
469
469
434
449
444
434
500
497
514
492
569
567
597
525
574
565
559
535
531
449
476
440
461
455
458
499
674
857
989
975
823
679
563
539
534
560
547
495
479
434
455
479
496
524
528
504
443
380
437
439
415
420
434
424
391
433
543
644
853
1007
1021
887
714
651
513
430
422
388
417
453
448
453
371
425
470
504
600
685
750
706
719
686
733
691
613
554
546
533
604
568
470
422
411
460
486
521
504
473
489
457
403
410
403
434
480
446
441
479
405
473
465
449
441
400
459
428
464
476
607
874
1375
1937
2121
2057
1405
959
612
721
1454
2939
5326
7867
8449
7152
4657
2362
1050
593
488
494
584
622
613
575
482
472
482
464
442
487
441
463
460
458
464
403
427
540
567
618
705
797
1021
1068
961
766
553
552
514
588
619
623
561
497
445
433
425
403
396
390
412
404
366
414
363
369
392
382
372
432
487
545
525
540
468
486
506
627
626
821
905
1000
1083
1004
1003
870
705
555
429
414
367
396
434
496
617
737
870
814
662
522
480
498
663
682
626
604
429
395
421
422
518
518
506
457
500
480
458
422
423
363
367
400
395
372
381
427
396
431
459
517
455
448
433
487
438
466
484
458
432
468
434
428
467
509
620
675
644
553
491
407
339
340
343
332
328
362
313
379
385
400
418
384
372
383
415
451
446
462
485
421
397
365
341
375
366
357
397
397
452
534
731
912
1009
890
798
604
483
453
485
427
388
331
390
335
365
396
346
376
324
333
366
464
684
1203
2028
2817
3198
2654
1811
1211
1051
1758
3642
6063
7660
7991
6062
3628
1767
858
552
459
435
408
380
342
350
343
355
438
446
456
395
390
390
388
322
402
405
386
368
342
335
384
385
465
549
693
677
631
547
479
418
337
339
327
334
326
351
311
350
331
333
375
358
374
463
711
1063
1327
1422
1219
943
616
451
393
393
352
350
342
352
380
395
435
464
477
448
470
549
469
456
405
375
344
380
395
377
375
453
423
374
400
409
418
409
571
642
622
575
448
432
356
319
327
347
389
384
364
372
338
354
361
357
328
364
329
372
362
315
326
345
366
347
339
318
301
306
380
371
412
473
559
586
634
580
565
584
436
417
411
331
329
325
325
343
336
352
360
400
375
405
433
434
484
507
512
551
477
397
363
340
309
335
365
376
330
348
337
379
318
355
312
310
302
337
336
329
349
374
393
388
346
369
379
315
322
284
317
326
333
314
337
333
422
567
761
1084
1249
1164
1002
899
889
1113
1053
907
728
515
380
352
332
334
326
313
332
336
312
330
316
332
343
326
386
372
441
417
501
512
467
464
379
385
421
437
477
565
598
621
577
514
552
738
960
1166
1252
1177
872
680
489
383
385
415
356
435
387
389
391
412
426
477
419
440
357
308
341
320
327
318
335
346
350
432
502
568
548
507
438
405
351
330
350
317
316
357
385
384
400
364
346
394
364
322
336
333
322
358
352
310
346
375
374
402
376
358
352
348
334
361
379
365
355
334
339
367
321
386
343
356
309
344
336
406
370
404
450
382
379
382
363
363
396
494
518
510
517
624
594
605
594
517
520
501
394
371
356
370
353
386
401
453
448
428
419
409
403
438
416
440
372
378
350
290
299
324
314
335
350
329
373
383
394
351
353
356
361
332
346
359
369
331
397
419
501
606
600
554
452
437
465
459
453
466
485
519
654
672
728
628
623
541
432
401
358
326
358
332
366
336
324
371
395
375
323
377
414
440
444
560
698
904
1122
1208
1120
860
633
453
399
391
375
332
378
334
337
332
349
341
351
327
320
348
360
449
483
625
597
526
516
468
428
455
495
500
426
380
378
315
361
345
354
337
387
460
518
544
598
615
528
472
465
385
417
345
344
328
314
322
349
321
323
295
348
299
331
349
409
451
486
470
450
391
326
336
343
334
317
304
338
364
328
383
353
358
348
354
350
386
386
354
377
355
330
327
331
331
339
319
364
331
315
354
477
566
677
826
757
670
588
434
414
408
374
487
503
538
501
433
351
324
325
292
298
328
296
321
285
356
370
400
423
507
470
451
420
407
407
370
372
365
362
418
529
714
846
894
894
778
593
421
373
379
371
328
327
357
384
394
412
395
370
332
329
347
369
369
359
368
362
341
338
336
342
337
361
382
352
351
331
396
363
326
380
362
387
382
433
363
336
353
338
284
340
337
300
291
300
304
348
324
330
340
343
358
358
411
419
463
418
361
356
390
405
496
598
756
919
888
780
726
580
575
581
606
546
495
453
416
410
405
441
431
395
413
370
356
313
323
342
325
373
369
326
336
331
318
309
334
323
334
350
347
345
359
349
355
327
389
383
398
399
423
362
359
400
319
353
389
418
357
372
438
487
444
404
407
323
321
374
326
398
380
372
369
398
363
349
368
366
359
371
366
342
365
361
353
329
367
345
340
369
391
378
370
401
366
351
408
508
466
558
458
395
356
365
426
396
397
397
394
392
352
417
428
377
375
348
359
337
387
537
798
1425
2145
2592
2575
2105
1381
800
514
433
434
438
381
373
359
345
357
326
335
334
309
337
371
389
347
331
332
354
335
335
360
352
368
300
329
323
293
340
359
379
359
350
428
379
429
388
389
389
344
346
344
362
314
339
321
330
363
409
433
579
650
739
833
647
558
477
400
363
366
337
331
306
321
352
335
308
339
291
340
421
425
538
615
651
571
556
410
373
404
359
389
397
404
343
395
349
325
333
326
348
341
324
353
339
333
375
341
376
310
370
351
393
417
501
613
700
678
656
539
466
416
374
384
339
347
315
352
353
368
361
353
380
362
337
336
369
307
346
334
323
296
310
373
352
359
376
369
325
312
372
352
352
315
344
350
340
318
298
338
293
332
299
321
322
347
336
318
331
299
327
304
287
315
298
308
301
320
317
347
313
379
392
383
379
366
357
336
344
323
338
350
381
375
388
463
502
525
621
712
778
789
780
796
764
650
538
510
499
497
439
387
354
334
321
346
373
329
381
334
329
387
362
380
401
401
394
458
459
497
441
447
379
363
344
359
342
401
390
408
363
340
343
320
348
351
334
379
359
325
332
334
357
359
414
480
585
530
542
467
466
387
369
435
611
710
1041
1182
1231
985
720
489
396
378
342
375
421
454
499
467
503
498
578
578
586
628
602
705
735
834
933
918
884
732
591
489
478
562
847
1210
1751
2184
2304
2142
1892
1804
1674
1745
1521
1127
872
680
665
743
976
1129
1146
950
805
705
953
1272
1789
2009
2031
1646
1109
677
469
340
297
349
343
340
361
361
367
376
420
411
447
484
487
485
561
559
585
624
525
487
404
430
450
463
548
561
588
509
446
413
373
349
312
353
336
327
299
348
338
304
370
364
402
341
344
373
336
346
347
298
322
350
356
388
365
385
351
379
347
321
345
373
389
446
422
411
380
389
357
333
371
357
391
344
353
388
504
768
1248
1823
2458
2641
2342
1649
1078
637
463
411
385
318
339
337
382
450
417
428
362
392
362
356
397
468
600
646
634
564
481
452
428
347
365
357
337
377
393
369
399
438
415
413
414
386
377
356
334
339
354
318
285
339
305
335
401
485
563
657
601
595
488
449
418
404
407
420
395
417
461
518
447
547
444
430
385
345
326
334
331
332
309
330
335
300
358
318
321
340
329
356
313
348
322
367
336
364
338
315
329
308
336
318
339
337
367
326
303
380
409
395
484
522
529
541
485
468
397
375
372
350
355
342
382
380
385
394
366
375
347
368
362
345
379
377
365
383
411
340
335
309
340
338
336
336
311
358
337
311
383
380
430
560
671
823
821
753
619
512
420
420
414
372
356
381
382
365
395
343
374
381
350
368
365
355
361
356
348
331
338
412
442
587
715
783
780
726
569
418
393
357
328
314
383
315
321
343
286
326
284
359
325
327
371
354
323
352
351
343
343
340
335
403
444
506
505
548
524
429
364
315
314
349
333
333
347
367
377
381
342
379
362
435
441
503
548
559
542
546
488
451
374
366
370
380
405
379
411
412
394
374
396
379
370
369
465
562
569
678
704
663
535
527
476
411
407
393
400
432
398
395
371
384
390
337
353
388
384
364
326
391
396
357
422
410
415
405
388
408
413
392
375
368
408
352
349
358
339
327
329
360
329
323
337
364
368
338
356
419
499
659
743
803
792
722
625
533
593
682
721
640
585
544
407
433
389
395
366
366
395
414
455
493
518
521
474
422
415
380
388
406
385
382
401
382
417
438
474
523
600
693
793
859
802
679
597
522
429
383
368
377
399
368
372
347
366
386
385
412
403
405
356
355
393
362
324
309
346
331
332
357
331
339
360
299
344
337
374
412
454
474
548
582
575
558
493
485
419
377
367
300
345
334
351
332
311
328
355
367
349
365
381
366
388
375
330
312
330
334
328
305
427
586
825
948
1124
1078
838
664
517
416
404
446
440
383
396
381
356
365
327
314
329
334
342
322
316
360
313
321
388
425
416
442
425
408
400
346
349
361
352
294
316
336
316
341
329
311
341
354
350
314
330
344
312
353
352
287
336
331
281
299
338
348
289
330
348
320
332
303
315
327
346
322
336
330
302
329
308
284
279
303
349
377
493
824
1364
2212
3471
3920
3759
2910
2002
1118
641
401
311
317
312
341
323
354
357
415
453
465
547
493
453
423
403
393
369
334
327
301
259
297
283
273
305
315
306
324
309
298
285
334
352
349
355
342
367
403
417
487
477
481
510
498
605
822
1219
1681
2075
2168
2172
1779
1302
895
592
427
399
363
345
313
348
345
354
341
334
302
326
335
340
347
425
405
413
387
343
349
340
353
515
913
1690
2882
4068
4718
4908
3961
2704
1562
809
502
392
361
377
534
899
1980
4088
6945
10345
11906
11407
8987
5508
2880
1574
904
620
529
399
375
360
330
311
304
300
281
320
286
293
286
280
287
304
285
319
289
329
316
358
407
392
370
332
290
283
264
229
250
280
262
241
287
342
460
794
1287
1858
2305
2523
2068
1513
942
570
355
315
262
223
259
257
330
381
432
439
427
402
378
354
362
321
353
351
348
323
323
303
282
286
294
308
292
309
332
350
357
347
357
346
360
299
292
286
297
286
325
330
337
334
366
435
470
577
561
574
525
474
498
546
540
518
473
415
315
319
293
287
271
279
285
300
326
372
444
422
419
401
343
311
328
273
245
293
265
285
341
333
379
435
482
600
771
979
1191
1132
1035
780
610
524
464
406
416
330
269
289
287
249
307
308
309
293
267
281
269
291
273
265
296
292
239
281
285
299
356
332
335
339
347
369
371
377
324
286
312
293
327
296
358
356
357
388
277
316
274
277
301
287
285
285
343
377
451
492
449
413
362
320
313
295
296
281
269
256
260
267
281
272
268
286
284
265
298
286
346
387
374
533
515
513
498
406
389
329
318
296
290
308
313
276
257
266
244
252
269
245
269
290
261
289
283
274
329
258
271
281
270
285
267
281
283
270
248
319
359
432
445
389
401
301
312
306
293
308
295
335
353
378
372
309
335
308
303
285
270
291
358
386
371
421
425
403
324
319
305
328
328
300
272
308
314
284
316
305
295
292
298
276
290
319
315
324
340
304
325
286
332
359
344
360
397
443
414
366
368
338
324
341
335
359
348
349
319
343
312
315
298
270
309
310
250
264
268
281
295
315
334
272
267
289
276
285
276
283
262
245
263
283
307
330
374
472
567
680
787
784
689
541
460
349
348
289
273
269
280
265
273
274
292
261
287
265
271
274
289
271
274
326
317
298
288
296
339
297
314
260
265
240
275
240
257
223
265
260
242
288
303
270
299
305
287
298
324
361
312
322
245
277
267
318
337
403
492
539
576
540
507
407
317
305
313
276
270
248
251
299
312
263
310
270
268
326
308
298
291
317
323
321
382
421
611
964
1556
2331
3029
3268
3144
2320
1727
1021
594
406
349
299
257
265
280
313
374
397
372
353
318
324
275
266
256
237
291
276
286
275
288
304
273
296
308
362
373
403
616
848
1216
1665
2002
2191
2164
1684
1300
880
670
430
343
318
272
270
264
247
277
288
260
245
223
228
238
220
257
233
255
267
238
237
254
228
226
222
261
229
237
229
263
271
232
264
228
227
238
220
227
226
231
192
233
214
220
233
238
246
258
247
216
251
253
224
216
253
232
212
225
230
218
228
247
228
247
224
234
213
222
263
241
229
244
244
249
238
282
284
269
321
322
279
287
271
258
243
244
242
240
212
232
213
229
203
218
234
236
288
245
245
267
249
264
235
256
235
313
339
413
507
503
476
434
339
306
263
246
222
218
216
230
223
280
273
310
344
331
333
316
278
270
243
257
247
247
287
274
273
239
259
272
260
245
261
269
288
348
380
470
566
636
759
684
660
533
462
345
296
265
284
407
832
1750
3673
6758
10986
14156
14830
12515
8793
4991
2380
1037
466
216
206
210
203
205
194
203
220
208
194
222
212
231
214
218
226
204
197
188
209
185
178
190
176
220
199
213
205
179
204
194
185
189
201
211
192
187
186
192
195
187
179
216
210
190
197
175
189
194
202
198
204
218
218
192
192
194
203
236
196
184
205
185
185
201
188
253
227
224
206
196
196
185
204
203
199
197
197
186
199
191
230
179
194
213
192
189
188
186
186
197
187
187
233
257
258
256
230
224
219
167
178
174
184
162
170
178
195
235
288
324
449
628
736
718
701
677
571
462
325
257
245
242
275
347
485
724
971
957
953
768
605
408
283
236
197
200
166
193
198
198
218
193
176
230
325
435
758
1202
1763
2152
2185
1836
1279
775
425
268
208
170
199
195
211
219
314
320
311
297
216
213
199
175
178
179
177
181
179
202
189
180
208
232
184
172
196
218
221
341
458
682
978
1191
1243
1062
845
537
324
249
173
203
163
188
174
193
170
164
222
189
188
254
225
268
249
218
241
230
221
283
337
490
661
699
834
765
686
544
408
296
271
192
211
230
232
229
226
241
224
249
304
367
523
784
1111
1393
1529
1655
1404
1165
815
716
570
496
402
303
303
304
237
240
216
208
189
207
199
184
180
206
239
234
235
206
227
250
217
180
155
212
172
209
196
166
196
158
172
199
168
199
194
196
139
200
180
221
243
214
232
234
235
235
193
200
213
214
182
145
202
175
183
203
202
190
212
221
188
187
211
211
222
207
211
213
212
211
212
189
198
160
196
191
262
252
222
234
198
213
214
193
202
211
178
187
205
212
170
187
217
201
233
192
218
202
203
226
218
222
206
226
197
199
219
204
221
196
216
184
200
181
191
198
195
181
196
222
203
208
198
279
313
325
359
365
347
303
249
245
223
256
279
342
366
335
298
250
213
229
207
224
200
229
254
243
320
416
713
1188
1769
2494
2880
2617
1992
1341
754
413
246
194
208
196
207
200
179
187
202
191
200
214
243
245
252
255
251
294
346
351
365
343
313
267
231
231
249
214
183
175
191
188
198
200
230
212
227
249
216
247
185
227
249
274
322
346
409
329
334
273
225
245
245
237
223
195
208
192
190
193
203
203
199
191
158
184
248
189
208
171
197
192
194
200
203
212
229
225
211
239
241
235
283
230
231
202
195
171
218
212
271
216
205
188
241
211
201
187
172
189
201
205
189
176
158
178
196
157
171
169
172
192
187
153
193
169
175
197
189
179
191
165
230
245
282
325
351
373
415
396
320
284
301
235
238
186
186
170
191
194
190
166
162
196
179
204
175
191
181
184
198
180
172
193
163
196
164
188
201
202
219
217
209
204
212
200
195
201
209
178
205
187
193
201
151
188
191
182
178
206
166
187
191
209
187
178
203
235
210
209
204
209
192
208
218
223
215
219
200
203
176
212
177
211
240
264
277
304
309
303
304
259
243
206
221
186
216
190
178
181
176
163
172
172
221
207
173
193
189
190
221
214
243
299
365
348
371
284
266
224
196
205
199
191
182
172
197
176
209
217
232
265
311
443
509
787
773
870
801
641
500
439
385
407
411
329
330
316
242
210
195
195
185
205
218
285
515
959
1523
2349
2878
3004
2595
1835
1256
645
372
217
192
188
151
175
157
131
151
158
157
179
168
196
192
176
166
163
173
141
148
164
158
163
163
166
159
166
170
150
158
178
170
165
163
140
164
162
141
183
173
183
192
237
270
265
266
214
204
184
181
169
158
153
152
157
156
169
164
163
167
160
147
181
150
153
156
164
158
170
188
159
181
188
185
177
179
172
163
132
158
149
181
170
152
186
153
164
176
145
144
160
145
171
139
146
181
154
166
182
165
158
161
184
168
164
147
138
150
142
165
144
148
176
170
161
157
164
150
175
154
153
138
182
175
229
334
565
984
1610
2247
2938
3067
2661
1988
1268
674
376
235
163
138
159
114
134
141
114
154
158
156
112
155
138
164
171
142
141
163
132
150
138
139
130
153
135
156
151
188
169
207
170
152
191
173
186
141
146
158
157
177
142
148
128
145
151
129
144
130
160
145
145
163
149
155
140
156
150
145
139
123
149
134
143
150
141
125
125
146
120
140
135
140
131
135
153
155
134
144
145
160
138
143
188
185
213
250
335
432
511
523
439
365
331
235
190
170
160
158
138
142
111
125
142
125
153
158
178
202
246
258
241
225
214
213
264
399
663
1263
2355
4059
5988
7979
9050
8237
6465
4307
2378
1150
690
504
459
441
389
322
223
192
144
145
142
122
135
115
126
114
115
125
140
124
128
142
134
137
122
106
115
99
125
113
114
111
103
103
123
113
96
127
137
137
144
156
125
124
140
109
133
148
139
154
133
130
137
114
150
150
132
117
108
107
118
149
140
126
150
128
158
148
133
139
159
145
117
113
126
141
108
114
127
114
129
119
123
120
113
134
118
144
130
140
111
115
100
128
129
128
142
144
154
150
114
98
115
122
124
103
108
119
117
109
117
118
120
137
132
133
139
170
152
129
119
100
123
122
134
93
121
123
122
115
99
128
101
130
115
120
110
113
107
105
117
122
113
120
124
109
95
120
108
105
126
111
118
127
121
105
113
117
139
132
103
118
132
108
115
110
119
137
116
121
128
150
155
188
129
136
126
120
122
121
140
114
161
183
213
229
330
303
333
294
251
199
190
170
150
143
171
180
146
129
142
128
135
107
105
137
99
126
114
147
171
238
254
306
323
308
242
227
172
163
135
126
111
129
122
118
161
122
112
97
115
127
124
125
110
138
127
126
135
108
123
118
115
127
117
115
119
127
134
150
135
133
141
113
135
131
107
103
105
135
112
112
107
110
107
110
111
91
115
108
108
111
93
111
112
108
129
138
170
173
189
229
262
246
317
448
641
930
1123
1313
1286
1281
1011
722
517
333
231
184
144
115
128
127
101
110
121
119
133
114
102
102
135
150
155
154
173
148
144
157
131
147
127
132
131
100
102
117
118
140
117
138
126
148
122
125
116
105
121
110
120
117
129
127
138
125
101
125
119
93
130
102
131
140
141
120
106
125
119
117
133
130
118
142
129
130
135
206
303
435
664
798
952
867
750
561
353
237
181
141
119
105
108
106
128
120
145
152
187
202
203
204
209
212
207
176
156
135
122
133
125
83
118
107
97
111
99
103
101
91
106
105
105
118
104
127
98
125
116
141
151
212
322
543
784
1073
1217
1296
1074
884
626
476
293
259
225
183
174
133
108
113
104
132
88
125
84
88
111
117
95
98
111
107
132
125
109
130
114
125
142
135
120
122
126
101
133
105
121
112
115
116
129
101
122
112
127
119
105
116
98
112
69
108
120
122
108
114
98
135
130
151
172
214
220
264
242
267
230
185
143
136
120
113
93
115
112
107
102
108
112
116
101
128
116
80
124
112
122
133
124
131
141
163
181
175
145
175
123
129
116
114
120
107
101
132
118
110
118
110
120
119
118
102
120
118
113
123
137
150
134
143
149
123
115
108
116
111
118
108
101
107
114
107
107
97
142
140
135
97
118
113
119
111
108
98
100
95
96
100
98
99
93
91
102
79
111
108
74
83
107
105
106
101
100
105
109
98
96
111
101
117
148
138
133
145
131
112
114
114
110
119
104
102
112
103
121
155
194
212
246
226
240
186
163
100
101
91
95
101
100
101
91
101
117
106
111
110
106
104
109
105
97
119
102
105
120
105
94
101
92
95
96
108
112
101
89
82
99
104
109
117
101
86
99
111
90
103
108
82
119
113
96
92
110
99
122
113
125
168
210
218
277
236
268
157
142
117
140
111
122
138
198
211
228
246
210
167
186
136
114
125
147
182
311
576
1045
1734
2392
2939
2903
2564
1955
1238
748
484
489
623
902
1265
1674
1792
1664
1281
875
532
296
170
123
102
87
89
110
86
85
99
98
105
109
122
131
172
166
146
135
114
119
114
90
84
108
86
95
87
70
95
80
93
84
79
82
106
99
97
101
75
123
93
84
114
117
123
138
137
104
120
105
82
103
106
112
125
126
124
115
136
148
158
145
140
166
127
110
97
88
90
90
103
107
113
107
127
120
132
136
171
177
139
147
91
111
103
92
106
87
95
80
104
101
87
107
98
94
120
117
105
93
113
106
107
98
111
105
118
88
124
120
147
128
103
100
107
104
90
119
82
92
94
85
104
82
100
101
84
107
116
105
85
107
91
120
97
112
99
105
90
111
104
97
105
94
111
99
96
93
97
107
102
99
111
123
160
126
154
135
117
128
167
150
231
301
365
342
285
252
200
131
122
126
131
158
259
435
670
956
1155
1264
1167
842
610
389
269
241
228
267
356
386
389
348
313
254
225
172
140
104
118
129
108
119
119
111
111
90
110
117
93
95
119
121
116
170
158
178
201
213
221
220
184
149
172
132
126
121
115
82
90
88
108
91
93
114
97
87
119
95
100
90
109
87
101
88
114
97
81
105
106
95
91
92
94
96
81
111
98
78
100
104
114
86
102
102
88
109
99
100
98
112
115
121
131
131
115
125
103
105
119
104
87
84
106
96
115
114
108
92
108
107
107
102
103
94
97
93
108
114
99
91
84
97
90
90
98
101
95
101
99
113
109
92
93
115
112
79
95
90
108
100
112
106
89
88
105
111
101
102
130
107
128
110
107
113
99
119
108
113
109
104
91
93
100
103
115
99
93
108
102
102
110
110
99
100
107
117
100
119
120
96
99
115
97
107
114
119
98
97
102
108
111
114
138
212
259
390
501
663
793
757
728
611
453
320
233
172
151
160
102
110
131
118
120
118
111
92
138
117
103
124
112
123
124
112
115
109
106
115
120
109
119
116
107
120
123
114
113
102
115
128
126
107
104
99
110
127
119
110
117
118
124
123
99
98
118
115
106
112
106
125
115
113
141
125
114
159
150
166
154
181
159
140
107
113
122
112
142
131
126
146
160
147
140
141
127
119
108
110
107
114
107
105
122
102
124
121
113
132
168
254
386
590
720
850
887
713
588
396
289
158
126
98
98
87
106
102
104
115
101
104
103
114
99
112
112
96
110
101
120
124
148
114
151
140
120
142
117
129
118
123
102
119
120
114
129
120
99
117
117
97
112
110
108
126
101
87
81
112
110
103
104
119
101
92
89
104
102
105
90
103
117
99
96
124
97
114
107
116
100
106
104
108
99
106
103
108
100
111
107
119
96
104
114
107
95
109
84
107
112
98
100
108
103
110
108
134
93
91
105
107
110
102
120
120
118
137
136
116
116
135
110
120
91
108
110
108
105
107
87
93
113
107
112
98
97
110
102
91
127
109
113
116
99
99
87
103
108
113
120
107
109
106
115
122
98
101
104
88
105
113
107
123
122
113
104
105
95
107
132
116
114
84
104
103
107
105
119
113
105
108
108
122
104
116
120
124
112
134
116
125
111
101
113
81
140
188
257
335
510
711
938
1164
1190
1196
1044
754
563
354
238
183
158
142
134
134
137
175
204
295
454
589
836
944
1081
1134
945
752
540
362
240
197
165
140
117
131
133
111
122
140
120
129
136
126
132
121
100
122
132
125
144
152
156
133
150
136
132
128
119
153
138
134
153
131
137
157
137
116
132
156
143
155
141
135
113
139
139
125
110
136
137
115
132
134
132
120
107
149
129
134
109
164
137
142
170
163
174
140
154
148
153
139
125
108
112
133
127
109
118
136
176
180
252
350
379
418
383
332
234
170
158
149
120
136
132
101
101
119
130
167
201
210
259
280
283
296
271
220
203
133
175
126
118
133
108
107
111
130
92
98
120
126
105
122
95
108
124
119
105
114
116
119
124
100
98
112
124
101
99
110
120
120
122
128
139
112
130
137
171
154
168
149
155
163
134
115
116
104
111
99
121
98
105
141
148
144
127
130
138
128
145
136
128
136
149
127
101
112
131
114
132
101
121
122
122
118
123
112
122
134
227
331
484
817
1230
1584
1749
1707
1461
1139
756
516
332
189
163
162
182
199
215
233
230
210
141
153
145
160
144
163
174
194
308
384
506
606
631
603
539
449
347
252
178
147
138
131
127
115
125
125
117
125
116
134
103
129
90
112
125
126
119
124
96
117
107
120
107
117
109
115
123
94
102
99
122
112
96
120
106
122
106
110
104
104
109
97
91
98
118
100
100
112
115
110
110
104
114
117
107
111
128
109
118
125
106
94
121
121
102
125
115
116
101
110
123
114
107
118
123
112
77
110
100
107
98
119
135
104
102
124
108
90
119
116
127
108
131
117
129
133
110
121
138
151
145
170
138
145
134
123
141
138
122
112
132
130
110
156
128
106
96
109
116
119
117
104
125
132
115
111
119
125
136
124
105
96
109
126
111
111
109
108
100
112
142
89
103
119
108
109
184
279
493
789
1426
2152
2746
3206
3017
2510
1890
1198
628
329
177
129
100
95
78
80
102
93
106
112
102
92
87
101
99
95
119
90
88
100
75
104
95
76
85
87
79
74
68
87
102
113
90
99
97
88
83
96
79
109
79
93
92
102
83
126
96
93
95
92
109
93
111
94
89
88
94
104
89
87
93
98
90
80
85
93
94
108
105
104
96
82
99
75
94
90
94
77
89
83
87
107
76
93
88
87
92
98
85
101
113
100
82
77
92
88
96
85
68
89
103
100
112
83
93
91
103
101
85
104
88
112
100
119
99
122
120
90
96
102
104
123
115
112
123
119
110
72
96
91
95
85
101
84
93
72
76
92
104
87
88
87
93
90
93
85
80
98
79
92
84
96
107
77
85
81
89
94
83
91
91
91
103
97
80
80
76
92
110
93
106
79
85
97
94
81
93
94
79
81
98
99
68
81
77
73
75
68
83
101
84
88
90
99
113
99
80
83
74
69
64
75
68
56
74
88
61
76
71
80
65
74
70
65
70
87
77
76
57
63
77
57
81
71
61
68
81
67
73
76
85
92
64
66
72
81
69
73
67
74
74
81
73
67
63
70
68
61
61
66
63
53
63
57
70
58
84
62
73
61
69
61
78
59
66
56
61
50
63
54
61
72
71
79
58
76
81
66
72
64
75
75
78
58
70
57
57
96
85
125
247
507
969
1754
2829
3956
4766
5128
4531
3382
2207
1271
633
271
137
91
66
51
71
115
171
388
771
1453
2275
3367
4030
4479
3951
3072
2144
1182
590
248
111
58
46
30
28
26
34
31
32
27
35
36
39
27
36
47
42
50
40
44
39
40
36
24
37
32
35
37
27
33
28
34
31
32
34
31
23
30
44
34
24
22
31
32
22
29
25
33
37
30
33
34
32
28
26
56
45
77
76
105
108
105
102
63
63
34
34
35
27
27
25
23
26
36
33
26
21
28
30
26
33
18
21
36
21
21
23
25
23
34
25
20
25
19
29
26
52
93
165
276
419
599
792
729
619
473
347
220
96
46
35
25
26
25
19
20
25
18
18
21
23
21
24
17
30
19
21
20
26
23
20
23
21
28
18
16
9
19
21
21
15
22
18
21
27
26
15
21
30
18
16
25
14
17
30
20
18
18
25
22
26
40
67
87
83
105
105
96
95
64
32
30
27
27
21
17
29
20
14
15
14
32
24
28
14
23
31
27
67
143
239
514
921
1370
1925
2137
2200
1915
1469
977
492
285
144
121
132
201
296
384
410
422
332
247
162
114
55
24
11
12
10
18
14
10
12
10
10
10
10
13
14
4
10
15
6
8
22
12
9
17
11
11
10
11
9
7
10
10
11
8
11
12
9
5
5
7
8
9
11
13
13
10
4
7
8
10
14
19
9
9
8
9
11
14
15
11
17
7
13
8
13
11
7
10
6
18
9
10
13
28
16
14
28
22
21
20
14
22
22
24
25
29
20
19
19
19
16
10
15
8
15
10
15
4
12
14
7
15
15
8
4
23
14
7
11
13
8
9
10
7
17
8
11
16
11
15
9
11
9
20
16
10
15
20
17
13
13
20
5
9
19
13
12
5
12
12
13
11
11
9
8
13
8
10
14
17
16
18
13
6
13
17
17
17
18
10
7
9
7
17
15
12
10
9
10
11
10
11
10
13
9
5
10
8
11
11
8
12
14
11
17
15
25
13
16
21
22
22
15
11
9
15
8
12
10
9
8
13
13
6
9
7
10
14
14
8
16
23
11
14
11
15
15
22
21
23
21
20
32
16
14
19
11
20
11
11
15
14
10
15
14
9
13
8
11
15
15
12
9
7
15
6
19
9
13
14
15
14
13
16
13
10
13
12
7
11
6
9
14
7
13
10
17
15
9
19
16
11
14
10
11
19
13
14
11
12
11
10
11
17
14
13
16
11
12
12
10
13
12
12
11
13
11
9
13
9
10
12
7
14
11
12
13
16
4
4
11
11
11
12
8
10
10
11
12
14
14
19
14
15
13
16
15
11
5
15
8
5
16
8
12
14
8
15
17
8
20
16
6
13
11
11
10
8
8
11
9
10
16
12
13
8
14
14
16
12
16
18
18
31
46
70
97
131
168
189
180
113
101
67
57
30
25
20
12
14
15
11
15
11
12
13
18
11
13
8
14
17
9
19
13
19
13
18
12
15
11
17
9
10
11
12
13
14
11
9
14
14
14
13
9
11
17
23
10
17
12
12
10
11
22
8
10
17
23
19
17
18
12
23
12
14
9
21
10
15
12
12
15
12
14
10
17
21
22
13
26
29
45
45
73
74
87
66
54
35
27
25
19
17
22
12
17
9
17
7
14
13
16
11
12
21
17
22
9
19
20
14
13
10
9
9
12
10
15
19
10
13
16
13
12
4
8
15
18
19
9
15
18
14
12
9
8
13
6
9
14
15
13
15
24
20
28
32
38
37
39
27
21
11
10
6
8
14
15
13
9
8
12
12
14
20
13
15
9
8
7
14
11
9
13
13
10
17
10
11
17
19
13
20
10
15
11
14
12
18
10
10
15
11
8
9
14
14
19
15
12
13
10
13
12
13
15
8
10
14
9
19
13
16
5
9
16
12
10
20
13
10
13
14
6
10
13
19
11
6
6
13
14
13
10
17
10
7
13
18
15
24
16
12
12
15
12
19
17
18
15
16
15
18
10
8
12
14
11
16
20
10
7
12
13
13
13
5
12
9
8
24
15
12
25
8
14
11
14
12
19
17
14
9
20
19
15
26
31
27
34
22
21
24
17
14
17
11
16
12
15
19
13
15
12
14
13
8
13
16
12
16
18
14
11
13
8
7
9
8
11
14
14
16
10
16
15
17
22
13
18
22
28
53
98
124
127
171
202
166
165
108
93
58
33
29
19
13
15
14
7
22
14
10
15
14
11
10
13
20
10
11
11
20
14
17
15
18
20
24
22
23
19
23
16
13
17
9
9
13
6
13
14
6
21
15
13
10
9
8
9
12
13
15
11
9
9
5
8
8
12
8
8
12
8
12
9
5
11
17
12
9
12
15
11
21
26
24
21
40
44
54
42
40
29
32
36
41
48
21
47
33
21
27
12
23
10
12
15
11
8
13
16
13
14
9
10
10
15
18
9
9
10
10
12
13
13
6
11
13
11
16
11
11
11
8
6
10
12
16
7
11
14
17
8
3
11
14
13
9
20
7
16
14
15
12
10
13
11
8
16
12
9
13
7
11
8
14
14
13
6
13
6
16
20
16
12
12
10
10
9
19
12
9
9
7
8
11
12
8
10
10
4
18
5
8
10
10
7
18
11
16
16
4
8
7
7
15
12
8
18
13
12
14
11
9
10
16
10
9
10
12
14
8
10
16
19
11
12
19
21
41
45
53
51
78
69
62
47
23
25
16
12
7
8
18
5
11
11
15
14
11
13
5
12
5
10
12
13
12
9
8
7
10
12
12
8
7
11
9
12
17
6
9
12
10
11
11
9
8
11
8
16
7
8
13
14
11
8
11
15
11
15
16
9
8
7
9
7
16
14
8
11
13
11
10
3
6
12
8
5
16
10
9
9
20
16
18
13
12
17
11
10
9
12
8
12
13
7
18
12
12
9
7
15
7
5
7
11
13
8
13
11
9
11
7
9
15
9
9
12
10
10
10
6
9
9
9
9
7
7
7
6
10
14
7
13
11
12
15
11
11
11
14
10
12
24
32
73
131
211
324
490
553
609
561
397
297
197
104
55
23
9
10
6
5
7
5
4
12
7
2
9
11
9
12
6
2
6
7
3
3
4
5
3
5
7
9
5
10
5
12
4
7
5
8
6
4
4
10
6
8
8
3
6
10
9
7
8
9
8
6
7
10
7
4
8
3
9
7
4
8
10
7
5
7
7
8
10
9
13
16
17
21
38
52
94
143
176
213
235
217
168
125
88
52
23
14
10
7
5
2
8
5
8
8
11
6
2
6
6
4
9
5
8
5
3
2
8
2
3
2
8
3
7
6
7
8
11
5
4
5
4
5
1
9
6
9
6
6
3
5
5
11
9
5
7
5
3
8
11
2
9
5
6
6
9
7
2
5
8
8
3
5
5
8
6
8
4
4
4
6
6
7
4
1
1
9
6
7
5
5
7
6
5
5
7
3
5
2
5
6
8
4
3
6
8
4
10
3
11
3
12
5
6
9
4
5
3
6
6
6
3
6
4
5
0
7
6
9
9
2
9
10
1
4
7
5
3
7
10
2
11
4
11
7
6
7
4
10
3
5
9
3
8
4
6
8
5
8
4
3
8
5
8
8
3
3
7
1
5
6
4
6
12
5
1
7
8
6
4
9
1
7
4
3
7
5
3
9
3
4
3
1
4
7
15
13
31
44
54
82
107
129
119
124
114
73
57
37
15
19
6
6
3
8
8
5
11
2
13
8
7
6
7
13
7
7
8
0
7
8
7
6
6
4
8
4
6
8
7
3
3
6
7
4
10
4
7
12
7
9
12
8
5
6
5
5
4
11
13
6
6
6
6
5
4
6
11
6
9
8
8
3
10
4
5
5
10
8
6
8
10
6
8
8
3
9
8
3
11
6
10
4
13
8
9
5
10
6
6
11
2
5
7
8
8
7
4
8
5
10
4
9
6
8
8
4
5
6
7
8
7
11
6
2
4
8
6
7
5
5
5
10
7
12
8
25
19
38
60
81
93
96
112
94
60
49
24
20
11
11
8
6
8
9
5
3
6
2
6
10
10
5
5
4
5
7
6
4
7
8
6
7
3
3
7
5
6
6
7
9
10
4
5
6
7
3
9
9
4
5
3
7
5
6
7
6
5
8
7
6
4
7
8
6
6
9
6
7
7
4
2
2
5
4
10
5
4
4
6
3
3
9
2
6
11
9
6
4
5
2
8
4
3
5
7
9
3
5
3
5
8
9
9
2
4
9
9
5
8
6
6
9
7
5
8
11
2
9
3
4
7
3
7
2
11
7
8
7
7
2
8
6
4
2
12
4
10
6
4
4
10
1
4
7
4
6
7
7
3
4
6
5
2
5
8
8
6
15
12
15
12
8
4
7
2
5
4
4
8
3
5
7
4
7
3
13
6
3
4
11
3
10
6
8
8
2
8
9
7
10
7
3
9
6
6
8
8
8
12
7
4
8
2
7
1
6
9
3
6
6
5
4
11
4
6
10
10
9
7
10
4
14
8
14
12
19
13
11
16
7
13
10
9
4
4
6
9
8
9
3
4
5
7
8
9
3
6
8
12
6
4
5
5
6
8
2
6
5
8
6
1
4
6
11
1
2
6
3
3
8
3
6
9
3
5
5
8
2
4
9
6
4
5
7
5
9
4
9
6
4
3
4
2
6
3
6
9
7
4
8
1
8
3
6
6
10
3
8
3
6
10
2
2
10
7
7
3
4
5
3
7
6
3
5
9
5
7
3
5
6
6
5
6
3
2
5
9
8
9
3
3
9
3
1
5
7
4
5
4
2
5
5
2
2
4
4
5
6
6
0
3
3
7
12
10
32
36
39
67
62
61
61
45
28
21
25
10
7
7
8
5
5
5
4
8
2
6
9
7
2
1
4
8
4
4
2
6
0
4
5
2
6
3
8
7
5
8
3
2
7
7
3
6
5
9
1
6
6
8
2
6
6
7
5
5
6
1
3
3
5
11
6
1
5
1
7
3
6
8
3
4
1
4
8
5
3
10
8
6
6
7
6
2
4
4
3
5
2
6
3
3
8
5
6
2
4
3
7
6
3
2
6
5
8
4
5
5
6
3
4
5
4
8
4
8
6
14
1
9
11
3
3
6
7
7
5
5
3
5
2
11
5
7
4
5
4
1
4
1
4
3
3
8
4
4
5
4
3
2
11
6
4
4
5
2
3
1
9
4
2
2
3
4
3
3
3
10
1
5
3
6
5
4
2
1
5
3
6
2
5
2
3
6
3
6
1
2
4
3
3
2
0
5
5
5
1
2
6
12
21
30
66
115
185
270
301
431
429
383
317
200
117
76
47
13
5
7
1
1
2
2
0
5
1
3
2
2
3
1
2
3
1
3
2
3
0
2
1
0
3
1
1
2
2
2
3
1
0
3
5
2
4
1
1
6
0
2
2
5
3
1
3
1
4
3
1
2
3
4
2
6
5
1
2
3
2
3
0
1
1
0
1
3
2
1
3
4
1
4
3
1
2
5
0
5
1
5
0
1
1
1
2
0
2
3
0
2
3
0
2
2
3
2
0
4
2
0
2
2
1
3
1
1
3
0
1
5
1
5
6
6
4
2
2
3
6
4
4
4
1
1
3
1
2
3
1
2
1
1
2
1
3
2
4
0
1
2
1
1
3
3
3
5
0
3
4
1
6
2
1
2
4
4
0
2
1
2
2
1
4
0
3
4
2
3
2
4
1
2
3
2
3
1
1
1
4
5
2
2
2
3
2
2
2
2
2
3
2
3
4
0
2
2
2
1
1
3
2
3
2
3
2
1
4
2
5
5
2
0
0
2
4
0
3
0
0
2
1
3
2
0
1
2
3
3
5
1
0
2
3
0
2
2
1
3
1
0
1
2
2
2
0
1
3
3
2
2
0
3
3
3
0
4
0
2
4
3
2
2
0
2
1
0
1
2
3
2
2
3
4
5
3
4
3
4
3
3
4
3
4
1
2
2
2
2
1
3
4
2
0
1
1
1
1
3
2
5
3
4
1
1
2
0
4
5
2
1
2
1
1
0
5
3
2
3
5
6
3
5
2
0
2
2
3
3
2
2
2
1
3
3
0
2
3
2
0
0
1
3
2
2
3
2
4
1
1
3
4
4
3
1
0
2
1
1
3
1
3
4
3
2
1
2
3
0
2
1
2
1
1
2
2
2
3
2
1
1
1
6
2
2
1
4
1
3
5
3
1
5
5
3
2
1
3
4
2
2
3
1
2
3
4
1
2
1
5
1
2
5
2
4
2
1
2
1
3
4
4
4
2
1
3
2
2
4
4
1
3
3
4
3
2
0
1
4
1
2
5
1
2
4
0
2
4
1
1
2
6
7
0
3
2
5
5
0
2
4
2
5
4
5
4
3
7
4
4
0
4
4
3
1
4
3
3
2
1
6
2
1
3
3
4
1
1
1
3
4
1
2
4
4
3
0
3
3
3
1
3
2
4
0
1
4
2
2
2
4
1
5
0
3
0
2
2
4
4
1
2
3
3
1
1
3
1
0
2
1
2
2
4
3
6
0
2
5
1
4
0
3
2
1
2
0
2
1
3
1
4
4
0
2
1
2
5
1
0
1
1
3
2
2
0
1
3
1
5
1
1
2
5
1
4
1
5
4
2
4
1
3
9
5
3
1
4
3
0
1
2
2
2
4
1
3
0
4
3
2
4
0
5
2
6
0
1
1
1
0
4
1
4
4
3
4
2
0
2
1
0
1
2
2
2
3
1
2
6
3
3
3
1
7
11
5
7
1
3
1
1
2
1
4
3
4
5
4
2
3
3
0
1
0
1
4
4
3
3
2
3
1
6
3
2
1
1
1
3
2
3
2
1
1
3
3
1
4
1
0
2
2
3
0
1
1
1
4
2
1
2
7
1
2
1
8
5
2
16
13
10
10
18
17
16
8
8
6
1
1
6
4
3
1
7
5
1
4
5
3
3
2
2
0
1
2
3
1
3
2
2
5
0
4
1
7
5
1
1
2
3
2
3
2
1
4
3
4
5
1
2
5
3
4
2
3
3
5
3
0
3
2
4
5
4
8
3
10
10
10
6
9
5
4
6
5
3
0
0
3
2
3
3
2
4
6
10
7
12
8
3
3
5
8
3
3
1
0
1
4
2
1
2
5
3
6
2
2
0
1
0
1
3
2
1
3
5
4
1
0
5
4
1
1
1
1
3
1
2
2
2
4
4
2
0
1
1
3
1
3
3
2
3
3
3
1
4
3
1
4
3
1
3
3
3
4
7
6
7
7
6
9
6
8
6
7
6
5
2
5
2
4
3
5
4
4
3
2
4
2
3
1
2
3
2
1
8
2
2
4
1
3
2
1
4
4
3
3
2
4
2
3
4
2
1
1
4
1
3
3
4
3
1
6
2
0
0
3
2
3
4
3
3
2
2
2
4
2
7
3
3
0
3
4
0
3
3
4
2
5
0
2
1
3
0
2
4
5
5
2
3
1
2
3
1
4
3
2
0
8
2
3
5
4
2
4
2
3
1
4
3
3
3
2
4
2
6
2
3
0
2
0
4
4
8
5
5
3
6
4
7
4
6
1
9
3
2
3
5
4
7
6
2
3
4
3
2
3
2
2
3
2
4
4
2
4
4
2
3
2
2
2
2
1
4
3
4
3
2
3
1
8
3
8
5
1
9
6
5
5
4
6
0
4
2
1
5
4
2
0
1
3
1
5
4
6
1
2
3
6
4
4
4
2
2
6
5
1
4
6
2
4
2
0
2
1
2
5
2
4
1
1
2
2
3
2
2
2
3
3
4
1
7
6
1
4
2
6
3
7
4
2
5
1
4
7
2
1
3
2
3
3
0
4
7
4
4
2
1
2
2
4
2
3
3
1
3
3
2
3
2
3
5
1
2
3
5
1
5
5
4
4
3
3
4
2
2
3
3
4
1
6
3
1
4
7
1
4
4
6
1
5
5
3
3
4
5
1
3
4
8
4
0
6
5
2
1
4
0
6
4
4
4
2
0
3
3
2
3
3
3
4
4
1
3
5
2
3
1
1
0
4
4
2
2
5
2
1
3
4
1
4
1
4
4
0
2
2
7
1
2
6
2
2
0
2
3
2
4
4
1
4
1
4
1
3
3
5
5
1
2
6
2
2
2
3
2
7
4
1
0
4
5
0
2
1
3
6
1
1
1
0
3
3
3
3
2
1
1
4
1
4
3
1
2
4
2
0
3
4
6
1
4
2
4
3
4
2
3
2
3
2
2
2
4
4
5
5
2
3
2
3
2
5
4
1
0
2
6
1
2
3
2
3
5
1
3
1
3
5
3
1
1
0
2
3
2
3
1
4
1
4
4
5
5
2
3
7
1
2
3
1
4
2
0
2
1
0
4
2
2
2
4
1
1
6
4
2
2
1
2
3
2
1
4
2
4
4
2
8
8
3
3
5
1
5
4
3
2
3
2
2
4
7
3
1
2
1
2
4
6
2
2
3
2
3
2
3
1
3
7
7
3
5
5
3
2
8
7
10
11
32
44
71
86
109
128
101
98
104
88
56
50
27
15
8
7
10
4
4
2
2
5
5
2
1
2
6
6
2
4
3
2
6
5
3
6
3
3
1
1
1
6
5
3
7
1
2
4
5
7
6
0
3
2
2
4
4
0
4
3
2
1
4
3
5
4
3
4
9
4
2
4
7
8
5
3
4
4
2
2
4
2
1
6
4
3
3
5
3
6
4
2
6
1
3
1
7
4
5
1
7
0
5
2
2
3
4
2
2
5
8
6
5
4
5
8
5
2
3
3
1
1
2
4
4
2
4
1
4
1
3
0
3
5
1
3
4
5
4
3
2
4
3
0
3
4
1
2
6
2
2
6
4
2
2
6
4
5
3
9
1
5
3
2
6
4
1
5
4
3
3
2
3
7
5
4
3
2
4
5
6
4
2
4
0
2
6
6
3
1
3
3
7
2
6
1
2
3
2
8
3
7
5
3
6
1
6
3
3
5
2
5
2
3
4
2
7
4
1
5
1
3
3
2
9
3
3
2
4
0
5
4
3
6
8
6
4
5
5
9
2
3
6
6
3
4
5
4
2
11
5
5
9
5
4
6
2
4
3
5
5
5
1
4
5
4
3
1
0
4
3
4
2
6
1
2
3
2
7
3
2
6
3
2
4
7
2
13
4
3
4
3
2
4
5
3
4
4
3
7
2
6
6
2
4
4
2
5
6
5
3
6
5
4
3
6
2
2
1
3
4
1
4
4
3
3
5
5
2
2
0
4
2
2
4
2
2
1
3
1
1
11
7
1
3
8
5
1
2
2
4
7
6
3
3
2
6
4
3
3
7
2
3
7
4
3
7
3
6
6
4
5
3
5
5
3
2
1
3
1
3
1
4
2
9
3
4
2
1
2
3
4
5
2
2
4
2
3
2
4
2
6
6
2
5
5
6
4
6
6
4
9
4
8
1
2
4
6
6
4
3
8
5
4
2
1
5
2
5
3
3
2
3
2
2
1
2
3
2
4
2
1
3
4
2
0
2
3
2
3
5
6
5
4
3
1
5
3
3
6
2
5
1
0
5
5
3
3
3
1
3
5
3
3
6
6
6
4
4
0
4
2
2
4
4
3
2
2
4
2
6
2
3
1
5
4
2
6
2
10
4
5
1
6
2
2
1
2
1
0
4
2
4
6
3
4
4
4
4
3
2
2
2
6
2
3
3
1
4
2
4
2
6
1
6
4
4
4
3
4
2
6
2
1
1
5
6
2
3
2
4
2
0
10
2
3
3
3
3
3
1
5
4
4
0
2
2
1
3
7
6
3
4
6
3
4
6
3
4
4
0
3
2
2
5
5
3
3
2
4
0
2
2
3
1
4
0
1
2
0
2
3
6
7
2
2
3
5
1
2
3
1
3
2
6
2
4
2
2
1
1
2
2
1
1
3
4
3
1
6
1
3
4
0
2
2
2
1
5
5
0
3
2
2
3
1
6
3
0
1
2
2
2
1
3
2
2
2
4
2
3
1
3
3
0
4
4
4
5
3
1
0
0
3
0
1
2
1
1
5
2
4
3
4
5
5
2
2
3
1
6
1
5
0
2
1
6
0
4
2
3
1
2
2
2
2
2
2
1
3
5
5
13
24
39
62
101
179
261
293
335
328
331
264
220
153
83
44
14
12
2
2
0
0
0
0
0
1
0
0
0
0
0
0
0
1
0
0
0
0
0
1
0
0
0
1
0
0
0
0
1
0
0
0
0
0
0
0
1
0
0
1
1
1
0
0
0
0
0
0
1
0
0
0
0
0
0
0
0
0
0
0
0
1
0
0
0
0
0
0
1
0
1
0
0
0
1
0
0
1
0
0
0
0
0
0
0
0
0
0
0
1
1
0
0
0
0
0
0
0
0
0
0
0
0
0
0
1
0
0
0
0
1
0
1
0
0
0
0
0
0
0
0
0
0
1
0
0
0
1
1
1
0
1
0
0
0
1
0
0
1
0
0
0
0
1
0
0
0
0
0
2
0
0
0
0
0
0
1
0
0
1
0
0
0
0
0
0
0
0
0
0
0
0
1
0
0
1
0
0
0
0
0
0
0
0
0
0
0
0
0
0
0
0
0
0
0
0
0
0
0
0
1
1
0
0
1
0
0
1
1
1
0
0
0
0
0
0
0
0
0
0
0
0
0
0
1
1
0
0
0
0
0
1
0
0
0
0
0
1
0
0
0
0
0
0
0
0
0
2
0
1
0
0
0
0
0
0
0
0
0
0
0
0
0
0
0
0
0
0
0
0
0
0
0
0
1
0
0
0
0
0
0
0
0
0
2
0
0
0
0
0
0
0
0
0
0
0
0
0
0
0
0
0
0
0
0
0
0
0
0
1
0
0
0
0
0
0
0
0
0
0
0
0
0
0
0
0
0
0
0
0
0
0
0
0
0
0
0
0
0
1
0
1
0
0
0
0
1
0
0
0
0
0
1
0
0
2
0
1
0
1
1
0
0
0
0
0
0
0
0
0
0
0
0
0
0
0
0
0
1
0
0
0
0
0
0
0
1
0
2
1
0
0
0
0
0
0
0
0
0
0
0
0
0
0
0
0
0
0
0
0
0
1
0
0
0
0
0
1
0
0
0
0
2
0
1
0
0
0
0
0
0
0
0
0
0
0
2
0
0
1
0
1
0
0
0
0
0
0
0
1
0
0
0
0
0
0
0
0
0
0
0
0
0
0
0
2
0
0
0
0
0
1
0
0
0
0
1
0
0
0
0
0
0
0
0
0
0
0
0
0
0
0
0
0
0
0
0
1
0
0
0
0
0
0
0
0
0
0
0
0
0
0
0
0
0
0
0
0
0
1
0
0
0
0
0
0
0
0
0
0
0
0
0
0
0
0
0
0
0
0
0
1
1
1
0
0
0
0
0
0
0
0
1
0
0
0
0
0
0
0
0
0
0
0
0
0
0
0
0
0
0
1
0
0
2
0
0
0
0
0
0
0
0
0
0
0
0
0
0
0
0
0
0
0
1
0
0
0
0
0
0
0
0
0
0
0
0
0
0
0
0
0
0
0
0
0
0
0
0
0
0
0
0
0
0
0
0
0
0
0
0
0
0
0
0
0
0
0
0
1
1
0
1
0
1
0
0
1
0
0
0
0
1
0
0
0
0
0
0
0
1
0
0
0
0
0
0
0
0
1
0
0
0
0
0
0
0
0
0
0
0
0
0
0
0
0
0
0
0
0
0
0
0
0
0
0
0
0
0
2
0
0
0
0
0
0
0
0
0
0
1
0
0
0
0
0
0
1
0
0
0
0
0
0
0
1
0
0
0
0
0
0
0
0
0
0
0
0
0
0
0
0
0
0
0
0
0
0
0
1
0
0
1
0
0
0
0
0
1
0
0
0
1
0
0
0
0
0
0
0
3
0
1
0
0
0
0
0
0
1
0
0
0
0
0
0
0
0
0
0
0
0
0
0
0
0
0
0
0
0
1
0
0
0
0
0
1
1
0
1
1
1
0
0
1
0
0
0
1
0
0
0
0
0
0
0
0
0
0
0
1
0
0
0
0
0
0
0
0
0
0
0
0
0
0
0
0
0
0
2
0
0
1
2
2
0
0
0
0
0
1
0
0
0
1
0
0
0
0
0
0
0
0
0
0
0
0
0
0
0
0
0
1
1
0
0
0
0
0
0
0
0
0
0
0
0
0
1
0
0
1
0
0
0
0
0
0
0
0
0
0
0
0
0
0
0
0
0
0
0
0
0
0
0
0
0
0
0
0
0
0
1
0
0
0
0
0
0
1
0
0
0
0
0
0
0
0
0
2
1
0
2
0
0
1
0
1
0
1
0
0
0
0
0
0
0
1
1
0
0
0
0
0
0
1
0
0
0
0
0
0
0
0
0
0
0
0
1
0
0
0
0
0
0
0
0
0
0
0
0
0
0
0
0
0
0
0
0
0
0
0
0
0
0
0
0
0
0
0
0
0
0
0
0
1
0
0
0
0
0
0
0
1
0
0
0
0
0
0
0
0
0
0
0
0
0
0
0
0
0
0
0
0
0
0
0
0
0
0
0
0
0
0
0
0
0
0
0
0
0
0
0
0
0
0
0
0
0
0
0
0
0
0
0
0
0
1
0
0
0
0
0
0
0
0
2
0
1
0
0
0
1
0
0
1
0
0
0
0
0
0
1
0
0
0
1
0
1
0
0
0
0
0
0
0
0
0
0
0
2
0
0
0
0
0
0
0
0
0
0
1
0
0
0
0
0
0
0
0
0
0
0
0
0
0
0
0
0
0
0
0
0
0
0
0
0
0
0
0
0
0
0
0
0
0
0
0
1
0
0
0
0
0
0
0
0
0
0
0
0
1
0
0
0
0
0
0
0
0
0
0
0
0
0
0
0
0
0
0
0
0
0
1
1
0
1
0
0
0
0
0
0
1
0
0
0
0
0
$ENER_FIT:
-1.4410 0.715180 0.000000e+000
$MCA_CAL:
3
-1.4410 0.715180 0.000000e+000
$ENDRECORD:
