$SPEC_ID:
Sample title.

$MEAS_TIM:
8894.54000 10449.76000
$DATE_MEA:
07/15/2016 12:12:40 PM
$DATA:
0 16383
0
0
0
0
0
0
0
0
0
0
0
0
0
0
0
0
21
29
34
46
42
56
45
44
44
45
42
57
52
49
50
36
40
42
34
38
39
44
35
40
43
48
39
40
46
42
39
46
53
40
31
39
38
43
44
41
57
51
58
50
54
79
86
69
51
43
31
45
48
45
44
52
52
47
35
37
38
48
47
38
39
36
28859
29500
29559
30078
30229
30028
30539
30711
30692
30600
31162
31028
31277
31222
31565
31368
31446
31730
31582
31870
32512
33768
35637
37332
44103
47839
44630
46897
51576
47138
46223
54244
51212
39141
31333
30123
30594
31692
32803
33285
33231
36385
39752
39380
40574
42097
39885
35523
32199
29386
28409
28216
27731
27675
27587
27469
27520
27164
27219
27051
27129
26622
26432
26258
26440
26487
26578
26232
26091
26369
26214
25833
24804
24737
24856
24407
24010
24052
23374
23372
23091
22745
22605
22172
21889
21700
21432
21207
22017
26562
37353
41573
31890
22538
20455
19961
19511
18664
18296
18057
17772
17549
17217
16938
16998
16332
16552
16608
16220
16957
17915
18813
17748
16174
15517
15476
15093
14473
14069
14050
14065
13908
13666
13391
13729
13543
13777
13332
13018
12866
12815
12885
12454
12224
12327
12293
12341
12221
11947
11773
11876
11849
11996
11873
11935
11481
11679
11914
11900
11937
12342
13326
14383
17072
17892
16284
14849
13985
13867
13529
13648
13275
13425
13698
13654
13514
13211
13088
12896
12712
12846
13326
17021
32169
54562
53444
30724
16537
13404
13000
12426
12222
12029
12215
12025
11770
11751
11871
11710
11592
11646
11858
11527
11653
11607
11862
12911
16548
22373
22835
17079
12592
11162
11134
11450
11351
11438
11193
11036
11121
10982
11011
10795
10802
10897
11215
11455
11702
11380
11410
11286
11339
11219
11310
11363
11419
11170
10934
11026
11072
11004
10719
10954
10894
10825
10824
10983
11384
11820
12373
13868
16595
18230
16396
14019
12734
12443
12353
12477
12639
12373
12411
12214
12447
12514
12418
12433
12527
12834
12830
12756
13042
13124
13090
13013
12998
12913
12882
12800
12600
12679
12518
12456
12252
12416
12465
12867
13664
13551
12781
11917
11886
11807
11851
11926
12068
11957
11711
12028
11825
11907
11720
11895
11653
11630
11854
11648
11912
12140
12117
12322
12017
12317
12183
12098
12035
12648
13740
14772
13927
12751
12429
12255
12198
12210
12377
12624
12598
12416
12651
12852
13056
12893
12806
12741
12866
13046
13854
14574
14933
14017
13868
14130
14423
15310
15463
15358
15529
15365
15814
16239
16509
16708
17326
17590
17969
18034
18359
18511
18751
18554
18456
18297
17877
17549
17372
16965
16462
15924
16137
15293
14810
14309
14030
13624
13256
13005
12832
12412
12120
12181
12100
11894
11777
11467
11653
11506
11358
11294
11227
11101
11188
11539
11188
11709
15807
24396
28640
21925
14135
11538
11246
11005
11094
11264
11948
15400
21824
23605
17795
12273
10484
10297
10413
10301
10182
10077
10379
10194
10621
13959
26724
47834
50270
30678
14770
10325
9598
9861
10027
10479
10785
10291
9817
9368
9424
9343
9400
9360
9452
10004
11776
15613
16477
13253
10538
9426
9368
9232
9196
9494
9406
9279
9303
9235
9211
9237
9110
9131
9158
9251
9328
9335
9250
9116
9076
9184
9174
9057
9175
9298
9083
9116
9051
9259
9357
9208
9127
9095
9095
9205
9246
9225
9184
9122
9183
9304
9007
9141
9481
9632
9433
9300
9293
9632
9449
9379
9422
9260
9401
9305
9305
9477
9796
11356
13148
12270
10229
9576
9276
9309
9480
9291
9088
9221
9318
9147
9144
9031
9126
8794
8966
9163
9074
8753
8935
8801
8963
8906
8832
8830
8865
8998
8761
8642
8738
8560
8829
10034
12329
13222
11533
10955
13665
17004
16080
11913
9121
8566
8551
8544
8411
8541
8488
8341
8454
8415
8557
8343
8390
8359
8444
8223
8542
8662
8714
8716
8872
8651
8556
8695
8661
8931
9207
9291
9231
9153
9346
9495
10013
10325
10448
10569
11151
11900
15617
33883
86225
177252
275552
351022
393786
414826
424912
429756
430712
430038
429693
428561
427627
427349
424073
420589
410470
394727
360238
306268
222231
125283
50401
15232
5526
3803
3736
3768
3620
3827
3904
3814
3793
3792
3887
3739
3920
3970
3906
3818
3866
3867
3943
3878
3963
3813
4037
4001
4436
5159
5380
4928
4782
5854
8550
13130
18282
22119
21355
16355
10618
6677
5510
10199
33637
81103
103143
69664
25312
7836
4727
4011
3679
3893
3742
3510
3363
3349
3388
3388
3550
3705
3557
3518
3395
3244
3600
3915
3960
3785
3437
3298
3346
3426
3292
3400
3637
3878
3765
3425
3265
3297
3269
3231
3192
3383
3205
3293
3284
3207
3267
3436
3410
3181
3302
3190
3249
3371
3373
3578
3749
3827
3753
3971
3745
3587
3307
3297
3327
3458
3370
3363
3393
3252
3196
3333
3389
3475
3956
4522
4753
4382
3724
3483
3286
3357
3234
3365
3435
3333
3301
3359
3343
3488
3337
3506
3934
5700
9078
10883
8939
6018
4254
3708
3552
3620
3533
3605
3551
3471
3470
3551
3570
3575
3721
3981
4098
3789
3626
3528
3455
3625
3511
3455
3435
3398
3416
3485
3505
3561
3975
3972
3911
3574
3315
3438
3271
3369
3343
3361
3304
3366
3463
3402
3374
3325
3358
3363
3592
3499
3395
3259
3280
3251
3293
3312
3234
3403
3526
3657
3582
3551
3325
3452
3533
3645
4251
4729
4454
3768
3606
3563
3690
3729
3871
3882
3690
3552
3462
3575
3472
3469
3470
3524
3670
4059
4249
4011
3758
3416
3327
3438
3749
3937
3588
3392
3231
3302
4028
5390
6394
5567
4166
3503
3237
3325
3333
3484
3576
3539
3522
3757
4940
5446
4878
3872
3282
3238
3186
3273
3282
3390
3373
3383
3342
3493
3720
3604
3720
3395
3143
3193
3127
3194
3361
3401
3453
3245
3222
3112
3254
3294
3188
3272
3333
3394
3466
3689
5409
10309
15929
15164
9311
4773
3362
3432
3819
3876
3775
3532
3285
3263
3235
3099
3252
3415
3607
3477
3275
3552
3709
3778
3641
3339
3334
3186
3159
3472
3762
3659
3456
3319
3074
3120
3139
3209
3126
3113
3078
3110
2990
2971
3057
3177
3126
3113
3053
3135
3200
3469
3412
3356
3169
3131
3129
3167
3145
3156
3088
3227
3413
3672
3732
4141
4450
4046
3332
3045
3143
3157
3312
3507
3403
3309
3136
3139
3019
3136
3300
3372
3468
3578
3643
3631
3792
3762
3560
3167
3169
3456
3440
3252
3284
3249
3101
3080
3288
3259
3348
3271
3268
3133
3180
3225
3191
3269
3612
4306
6907
11245
13544
9916
5800
3675
3176
3365
3691
3943
3678
3461
3339
3487
4157
5103
5499
4646
3924
3501
3388
4503
9825
23961
37678
42125
47934
56241
46301
22818
7981
3947
3183
2971
2954
2947
3010
3132
3055
2972
2918
2996
2864
2930
2856
2904
2887
2932
2966
2906
2918
2846
2898
2838
3048
3004
3245
4104
5053
5164
4110
3532
3278
3310
3358
3384
3193
3243
2948
3018
3174
3177
3212
3276
3287
3431
3498
3495
3235
3089
3142
3165
3254
3175
3152
3207
3321
3409
3474
3266
3224
3179
3138
3198
3155
3311
3437
4714
13778
43074
86452
98237
62349
23208
6874
3342
3012
3086
3289
3354
3133
2937
2812
2918
2930
3086
2914
3185
3118
3065
2836
2831
2804
2805
2892
3003
3213
3282
3204
2946
2977
3219
3562
3733
3651
3294
3210
3065
3130
3508
3921
4421
4658
4232
3366
3075
3096
3300
3432
3260
2942
2860
3064
3040
3104
3024
2873
2855
2752
2804
2890
2737
2887
2816
2821
2998
2907
2974
2891
2963
3166
3273
3220
2959
2888
2790
2853
3282
5181
8512
11424
10486
6679
4153
3273
3125
3127
3162
3038
2956
3023
3090
3200
3365
3251
3102
2932
3032
2969
2953
2922
3061
3298
3478
3709
3671
3535
3392
3488
3231
3413
3778
4341
4446
3811
3194
3059
3010
2916
2953
2944
2966
2898
2875
2880
2940
3125
3213
3052
3032
2865
2961
3095
3503
4270
4509
4125
3344
3050
3004
3312
3432
3938
5406
7970
9703
8303
5433
3739
3398
3202
3191
3345
3155
3197
3199
3277
3322
3524
3403
3409
3363
3250
3286
3249
3508
3587
3886
4595
5901
6957
6131
4310
3297
3080
3003
2981
3014
3108
3244
3341
3455
3149
2936
2887
2882
2936
2979
3157
3812
4949
5591
5153
4000
3268
3059
3069
3355
4070
5239
5629
4728
3726
3100
3086
3187
3215
3316
3129
3156
3141
3097
3102
3100
3151
3067
2972
2997
3091
3385
3842
4173
3738
3372
3168
3231
3237
3389
3634
3647
3371
3213
3052
3175
3054
3238
3226
3365
3439
3181
3188
3433
3614
3494
3211
3076
3027
3494
4685
6168
6274
5063
3862
3724
3743
3411
3203
3182
3290
3305
3213
3156
3017
3022
3084
3098
3079
3052
3061
3149
3210
3444
3498
3462
3301
3145
3103
3205
3326
3454
3466
3376
3390
3563
3445
3346
3279
3320
3375
3328
3214
3238
3221
3128
3144
3255
3092
3135
3166
3108
3291
3575
4015
4106
3576
3229
3011
3030
3095
3055
3166
3122
3255
3433
3766
3651
3582
3557
3218
3233
2991
3037
3086
3139
3124
3207
3298
3141
3177
3078
3137
3182
3124
3207
3239
3323
3214
3239
3135
3120
3069
3184
3058
3264
3367
3538
3449
3332
3155
3156
3162
3140
3191
3212
3175
3272
3376
3674
4129
4068
3727
3255
3276
3175
3134
3166
3096
3200
3101
2997
3160
3568
4956
6133
6337
4862
3778
3291
3223
3203
3224
3035
3056
3193
3381
3643
3938
3961
4248
5046
5173
4487
3764
3442
3444
3326
3257
3268
3320
3338
3362
3237
3264
3467
4253
5920
7618
7515
5635
3969
3442
3592
3767
3717
3419
3380
3128
3296
3252
3617
3985
3966
3641
3382
3291
3428
3426
3385
3357
3406
3422
3401
3325
3297
3185
3362
3680
4189
4193
4151
3787
3520
3513
3942
4720
5423
5030
4360
4473
6079
9780
19078
40067
63302
62606
37983
15065
5536
3586
3528
3792
4283
4455
4182
3621
3327
3390
3291
3341
3375
3387
3323
3407
3304
3521
3813
3684
3333
3625
4104
4970
5545
6423
8042
8603
7352
5342
4022
3288
3115
3160
3183
3171
3368
3316
3388
3297
3504
3595
3422
3424
3316
4273
6376
8090
7968
5967
4208
3510
3309
3222
3400
3222
3313
3372
3433
3411
3322
3348
3338
3194
3387
3356
3385
3297
3366
3363
3395
3641
3717
3680
3748
3769
3565
3650
3568
3448
3727
4072
4095
3802
3480
3477
3505
3686
4016
4051
3725
3484
3352
3474
3428
3537
3563
3678
3977
3792
3565
3483
3470
3550
3627
3771
3565
3451
3525
3565
3641
4060
3936
3784
3659
3559
3707
3706
3683
3586
3616
3688
3531
3592
3694
3614
3650
3919
5553
9074
15008
22398
24195
18668
10770
6024
4385
3948
3673
3676
3583
3499
3570
3608
3634
3839
4856
6518
7779
6964
5242
3977
3665
3673
3863
4027
3999
3719
3658
3656
3592
3734
3839
3661
3606
3502
3578
3348
3471
3498
3378
3491
3591
3420
3652
3830
3899
3819
3788
3594
3605
3535
3550
3621
3365
3730
3659
3918
3921
3938
4111
3914
3899
3790
3688
3723
3979
4212
4383
4293
3971
3766
3629
3712
3692
3544
3605
3592
3702
3634
3552
3602
3707
3810
3712
3911
4034
4509
4657
4508
4170
4368
4983
6254
6615
5644
4431
3826
3842
3675
3716
3727
3616
3596
3634
3652
3604
3664
3693
3734
3675
3662
3752
3837
3913
3954
3946
3750
3749
3877
3795
3815
3835
3911
3927
3898
3796
3818
3816
3729
3869
3821
3927
3803
3860
3987
4693
4951
5033
4517
4077
3790
3825
3912
3863
3767
3901
3808
3968
3825
3920
4020
4087
4063
4113
4301
4766
5041
4847
4624
4306
3967
3861
4113
3887
4124
4431
5852
9696
15006
16690
12609
7357
4837
4075
3899
4124
4466
4578
4636
4407
4187
4102
4012
4067
4050
4083
3987
3939
3985
3970
4116
3977
4043
4067
3962
3946
3952
4021
4111
4085
4090
4155
4192
4185
4364
4534
4733
4452
4319
4144
4384
4384
4228
4076
4029
4117
4029
4201
4080
4121
4140
4102
3975
4026
4299
4140
4186
4083
4207
4126
4118
4170
4108
4026
4210
4118
4174
4172
4224
4269
4423
4549
4755
4642
4450
4447
4517
4704
4672
4577
4547
4238
4272
4305
4090
4228
4106
4232
4356
4480
4374
4456
4332
4332
4503
4531
4375
4273
4644
4694
4573
4527
4198
4299
4273
4259
4512
4251
4459
4390
4376
4358
4352
4428
4298
4226
4467
4385
4216
4417
4259
4249
4352
4682
5220
5824
5826
5258
4763
4515
4326
4429
4411
4358
4522
4449
4649
4677
4562
4331
4523
4479
4461
4397
4513
4591
4538
4669
4663
4676
4775
4734
4600
4617
4685
4509
4511
4496
4544
4901
5029
5199
5319
5319
4868
4808
4560
4623
4558
4519
4622
4633
4594
4705
4591
4648
4632
4722
4759
4960
4675
4694
4696
4648
4619
4847
5000
5035
5156
5008
4844
4783
4624
4659
4604
4719
4596
4876
4522
4842
4783
4907
4854
4878
4826
4881
4913
4895
4841
4869
4726
4789
4692
4676
4642
4747
4880
4653
4834
4926
4885
5043
4891
5095
4935
4828
4847
4773
4790
4912
4831
4960
4826
4868
4846
4993
4940
4919
5143
5196
5209
5101
5024
4858
4865
4909
5002
5038
4980
4969
4922
4889
4836
4884
4957
4885
5084
4980
4933
4934
4920
5038
5159
5303
5481
5745
5603
5291
5140
5004
4990
5023
4999
4989
5053
4966
5123
4901
4944
5034
4985
5250
5529
5996
6415
6325
5747
5546
5437
5509
5366
5130
5060
5127
5169
5055
5166
4966
5100
5235
5025
5201
5574
6737
9104
11178
11321
8908
6630
5593
5299
5217
5317
5198
5218
5115
5101
5289
5380
6314
8367
11443
13078
11841
8821
6457
5491
5275
5360
5690
5954
5846
5635
5370
5589
5727
5943
5786
5573
5522
5876
6041
6208
6202
5732
5495
5589
5599
6277
8420
11230
12767
11237
8155
6332
5586
5333
5577
5725
6026
6419
6167
5729
5680
5625
5542
5575
5566
5530
5895
5882
6253
6273
5959
5569
5463
5390
5384
5362
5533
5653
5778
5832
5810
6024
5883
5682
5517
5553
5455
5367
5566
5588
5599
5472
5591
5590
5561
5577
5583
5555
5604
5689
5730
5780
5673
5669
6000
5966
6037
6010
6459
7474
8281
8411
7675
6929
6616
6363
6297
6158
6083
6056
5963
5836
5970
5875
5685
5739
5765
5759
5782
5807
5837
5854
5992
5834
5998
6561
7287
7572
7335
6626
6002
5896
5798
5906
5968
5998
6094
6220
6204
6189
6313
6225
6848
8132
11278
17041
26175
34580
38305
33657
24795
15860
10210
7640
6936
6382
6350
6351
6190
6262
6503
6618
6974
7330
8912
11871
14485
13827
10819
8132
6807
6759
6925
7267
7327
6940
6682
6639
6321
6218
6239
6259
6334
6259
6314
6207
6296
6325
6105
6387
6704
6800
6685
6630
6586
6396
6189
6201
6258
6136
6338
6255
6225
6243
6344
6392
6345
6097
6186
6261
6347
6386
6175
6346
6616
6694
6618
6774
6931
6638
6617
6397
6328
6172
6277
6382
6284
6304
6211
6408
6282
6248
6654
6311
6558
6467
6496
6754
7748
10910
16675
21079
19607
14094
9255
7093
6575
6385
6615
6619
6790
6883
6965
7140
7112
6902
6644
6586
6393
6406
6857
6896
6872
6807
6717
6537
6512
6518
6567
6547
6557
6520
6540
6546
6554
6553
6610
6388
6670
6703
6681
6844
6644
6711
6638
6671
6500
6653
6596
6532
6577
6560
6667
6668
6502
6738
6775
6603
6487
6560
6455
6594
6578
6663
6603
6629
6612
6780
6802
7040
7164
7145
7008
6945
6752
6651
6584
6678
6908
6721
6802
6917
6816
6773
6800
6751
6716
6735
6845
7067
6897
7207
7241
7089
7072
6686
6691
6813
6921
6940
6933
6838
6779
6884
6817
6914
7129
6937
7007
7062
7327
7358
7370
7119
7022
6955
6938
6959
6878
6862
6981
7026
6754
6992
6924
7320
7275
7316
7136
7064
6907
6960
6928
7013
6913
6849
6860
6900
6954
6984
7004
7002
6872
7000
7186
7307
7724
8847
10920
12535
12421
10305
8424
7405
7158
7079
6960
7123
7122
7097
7194
7135
7181
7163
7032
7160
7134
7300
7253
7109
7175
7120
6937
7137
7109
6926
7013
7097
7225
7154
7006
7088
6999
7092
7068
6995
7127
6881
6934
6950
7020
7092
6848
6893
7063
7160
7162
6966
7190
6955
7006
6843
6955
6969
6978
6977
7124
7032
7046
7194
7307
7284
7160
7291
7112
7112
7081
7192
7316
7152
7387
7514
7701
7728
7372
7197
7247
7545
8063
8871
9344
9339
8785
7924
7501
7325
7684
7592
8304
11116
18560
29142
35533
31700
21001
12703
8915
8267
8290
8639
9563
12981
18919
25012
25790
20442
13749
9983
8777
8772
9296
9823
9962
9824
9869
9705
9673
9570
9927
10096
10396
10521
10573
10909
11022
11355
11388
11589
11994
12275
12491
12622
13207
13613
13588
14134
14628
14993
14974
15412
15676
15686
16301
16353
16473
16863
16916
16945
16553
16317
16118
15591
14756
14129
13524
13145
12526
12109
11704
11905
12027
11682
11162
10795
10375
10327
9851
9645
9469
9363
9292
9269
9316
9191
9359
9093
8988
8795
8697
8582
8618
8376
8607
8630
8621
8696
8441
8392
8116
8481
8549
8936
8843
8764
8416
8111
8047
7923
7888
8064
7800
7811
7748
7772
7677
7707
7803
8008
8265
8387
8345
7809
7655
7428
7596
7864
8132
8015
8125
7947
7609
7461
7662
7426
7443
7609
7515
7607
7307
7318
7127
7197
7321
7331
7278
7237
7278
7365
7272
7104
7145
7224
7061
7300
7272
7314
7296
7135
7182
7264
7199
7551
7847
7655
7670
7443
7213
7413
7383
7471
7525
7526
7802
8250
8476
8430
8447
8135
7795
7417
7351
7139
7269
7168
7270
7447
7435
7199
7243
7306
7340
7276
7369
7127
7331
7178
7472
7678
8755
9693
10612
10454
9190
7881
7361
7238
7108
7232
7199
7231
7162
7317
7332
7392
7304
7408
7275
7341
7335
7323
7516
7565
7473
7493
7571
7332
7412
7255
7073
7193
7088
7130
7117
6937
7105
7259
7048
7037
6967
6903
6899
6885
6994
6789
6679
6808
6806
6814
6934
7107
7321
7303
7343
7149
6752
6525
6481
6456
6291
6410
6381
6406
6304
6741
6913
6692
6622
6269
6099
6034
6074
6288
6164
6233
6078
5857
6155
6047
6063
6107
6048
6043
6020
6056
6149
6074
6103
6311
6649
6745
6350
6040
5925
5707
5693
5650
5716
5708
5583
5603
5758
5675
5638
5587
5758
5658
5651
5591
5567
5680
5607
5616
5434
5477
5425
5361
5276
5322
5236
5611
5506
5622
5553
5577
5389
5314
5325
5314
5400
5233
5189
5145
5125
5099
5006
5027
4977
4962
4945
4888
4947
5097
4852
4926
4978
4906
4939
4980
4839
5246
5139
5232
5130
4856
4724
4870
4715
4954
4838
4808
4764
4791
4850
4887
4875
4963
5055
5239
5510
5852
5881
5983
6496
6915
7091
6763
7191
11353
39432
173067
591141
1403048
2255844
2445022
1784437
871194
287678
63784
10344
2065
1234
1279
1354
1419
1377
1230
1187
1137
1239
1392
1336
1147
972
958
981
1131
1143
983
980
893
861
847
872
893
1012
1012
1057
950
809
795
692
767
760
790
822
926
1091
1093
957
894
825
756
774
819
835
854
781
826
820
767
808
920
849
846
770
793
795
785
836
830
962
1003
996
825
750
706
721
675
699
706
680
675
707
753
880
1018
1036
1025
857
718
659
693
756
765
986
1114
1220
1142
977
769
710
697
610
606
627
628
620
595
613
577
622
606
622
631
661
674
649
625
589
629
598
640
697
901
1148
1563
1706
1678
1488
1316
1035
826
707
666
643
585
615
639
645
707
608
614
636
693
764
877
914
897
728
701
659
721
752
679
654
628
613
639
609
610
618
633
649
701
633
658
646
635
686
629
636
620
597
686
808
1112
1285
1300
1147
884
774
713
738
738
722
729
727
649
711
698
610
666
674
637
669
664
632
654
671
628
652
702
700
720
787
783
851
781
674
636
656
581
631
675
620
633
791
1393
3738
9304
17101
22977
21282
13588
6353
2467
1046
739
692
706
691
606
664
661
665
668
654
659
606
622
622
757
712
782
664
643
587
551
573
542
539
558
615
671
668
638
688
639
664
714
656
646
652
636
552
543
590
622
639
612
640
634
691
839
1020
1229
1379
1309
1087
813
698
676
722
772
885
983
1088
988
886
793
808
870
882
934
830
720
652
630
646
610
601
633
618
608
609
626
617
550
563
578
672
643
593
647
624
694
667
636
652
682
698
733
628
620
600
596
601
584
605
636
641
583
593
638
639
646
625
596
578
603
631
650
653
820
1064
1316
1642
1725
1624
1268
877
683
606
579
596
556
575
559
535
556
564
571
581
606
557
617
639
594
629
682
654
650
726
955
1499
2111
2263
1970
1366
995
810
825
722
717
653
680
652
599
609
560
560
556
552
576
577
622
601
637
661
599
657
612
641
563
596
564
599
534
652
657
636
699
766
827
861
974
1201
1601
1893
1742
1311
863
682
642
701
785
978
1074
1174
1094
1115
1003
780
684
617
578
624
601
622
757
872
933
877
894
749
684
622
643
585
598
656
665
707
732
780
690
683
609
611
664
674
693
745
711
646
616
595
611
672
586
597
633
556
562
546
539
591
664
628
634
639
639
625
601
602
595
555
578
574
582
626
604
666
672
692
740
704
762
833
839
724
580
601
586
627
658
618
596
591
540
570
495
581
650
752
899
962
852
868
755
691
646
614
578
570
539
561
591
578
572
596
600
566
597
655
660
666
667
581
597
550
575
669
661
667
708
657
662
625
681
639
629
664
587
646
623
644
601
641
795
990
1106
1111
932
835
680
656
598
603
566
552
536
571
589
544
588
576
566
582
596
588
582
627
641
630
639
607
577
527
518
520
507
552
573
653
801
864
802
660
612
569
602
621
649
711
659
651
582
627
600
616
538
505
569
579
609
624
658
627
651
583
643
764
943
971
937
759
592
590
553
580
530
679
920
1403
1989
2246
2011
1441
946
702
676
715
849
1021
1049
957
790
592
625
593
579
574
619
571
536
599
595
649
711
784
845
921
1060
1193
1311
1343
1224
1168
1142
1118
1110
1116
1064
1094
1103
1065
998
986
957
977
960
1016
1041
878
809
747
658
569
569
575
533
606
540
575
587
749
1056
1428
1674
1403
1052
838
658
592
606
613
686
630
601
544
522
535
517
530
590
626
693
704
692
654
552
585
604
631
668
666
696
616
591
580
538
512
476
569
564
482
560
618
704
994
1485
2333
3145
3170
2513
1593
973
723
676
606
532
535
504
500
490
460
464
460
497
487
550
558
570
530
537
517
540
474
504
520
527
509
516
489
521
496
501
486
513
574
645
720
665
674
610
589
485
535
515
531
574
494
505
474
507
531
485
523
510
482
509
540
601
660
724
757
803
838
969
1016
1112
1011
848
709
605
605
635
707
640
610
606
751
822
971
1016
847
704
600
574
560
560
501
512
514
513
595
687
798
852
898
724
624
522
508
491
524
507
541
573
646
755
834
900
905
825
816
838
883
953
834
699
674
588
646
625
560
566
525
613
785
1033
1421
1602
1237
856
584
477
492
451
487
465
479
504
477
494
512
524
504
524
537
560
566
612
747
1348
2548
4152
5652
5459
4349
2730
1806
1470
1200
933
726
708
703
783
867
926
870
793
814
915
999
897
771
579
498
477
429
465
529
510
515
559
606
597
536
495
496
487
417
446
473
522
534
486
577
631
701
854
886
771
596
485
462
449
499
442
479
482
457
466
453
492
429
466
405
469
461
432
448
451
438
412
399
435
437
450
453
524
519
526
557
540
504
533
565
500
491
483
513
572
625
657
1084
2244
4400
6844
7787
6415
4068
1976
914
596
489
474
431
471
469
494
435
477
486
438
494
505
509
524
501
443
484
451
430
468
449
493
475
533
599
687
792
810
726
618
544
510
609
761
1083
1166
1092
877
601
511
510
472
458
522
532
459
489
540
557
576
585
649
705
836
1045
1372
1454
1306
972
712
559
498
500
506
494
471
447
441
432
439
472
455
475
480
444
458
468
445
468
502
565
793
1009
1201
1165
928
671
526
474
528
656
829
976
1007
849
640
568
502
466
463
489
457
438
425
485
535
546
517
607
666
860
1080
1347
1385
1273
966
689
581
565
553
584
562
484
470
484
526
659
764
892
905
934
907
740
633
494
566
724
947
1061
1075
861
586
469
412
419
429
381
427
442
420
422
374
414
431
435
437
444
441
422
451
493
535
521
558
586
549
625
689
665
592
517
497
475
606
932
1716
2836
3442
3259
2421
1518
852
546
515
505
449
484
453
540
517
514
513
457
467
471
494
448
493
454
453
471
434
407
433
380
453
428
402
443
435
462
465
495
497
511
534
509
472
444
426
404
456
433
430
428
450
493
463
489
474
508
517
584
680
852
895
882
746
668
602
602
467
415
409
350
403
424
438
525
589
634
775
998
1166
1224
947
711
489
428
428
416
419
436
423
394
397
373
392
394
431
447
416
400
434
384
431
454
389
446
428
436
460
452
439
411
411
403
368
404
401
405
395
388
375
392
404
377
384
335
391
438
447
460
411
454
436
417
428
427
413
370
380
379
384
399
465
418
443
462
379
410
440
471
509
624
698
786
739
629
608
600
595
690
738
709
583
531
447
413
391
396
391
353
378
384
402
408
478
528
667
776
854
771
623
476
465
416
401
354
359
343
414
381
423
435
442
417
451
395
453
459
453
413
404
451
409
445
389
408
399
359
393
414
422
414
436
435
478
465
492
445
414
398
412
515
892
2102
4377
7527
9734
9290
6716
3720
1628
803
621
577
591
444
417
388
319
320
374
341
371
360
350
375
367
348
373
367
385
450
554
552
566
538
422
429
382
403
377
410
402
403
387
391
396
460
536
466
475
426
373
350
368
390
357
365
347
358
377
336
343
417
442
476
501
497
569
667
934
1137
1129
1124
781
604
476
451
479
417
383
353
356
360
335
357
368
356
348
384
410
360
386
377
376
399
378
391
394
430
405
383
422
505
573
690
691
546
461
415
422
418
424
380
373
400
383
389
381
421
483
471
446
496
458
445
377
375
364
366
363
389
381
421
410
389
391
440
434
533
504
483
448
450
378
376
345
336
336
326
314
323
379
408
426
400
373
397
372
449
510
658
806
894
952
759
601
467
417
381
400
385
353
385
387
362
358
339
337
373
404
412
372
405
426
473
464
506
491
441
435
376
392
406
480
505
605
594
493
426
379
333
303
312
334
311
373
405
384
399
429
594
871
1431
2041
2371
2083
1519
955
588
605
715
745
760
597
473
371
343
339
317
347
336
318
334
326
346
358
379
382
419
431
409
414
437
359
398
392
355
337
352
365
422
567
684
661
653
485
392
324
341
366
373
400
415
391
398
333
331
305
339
384
359
472
569
909
1146
1376
1125
860
592
457
394
315
360
375
328
346
333
327
355
318
345
345
334
432
546
711
942
917
777
623
461
386
352
379
549
657
1019
1342
1424
1172
847
602
405
334
332
318
368
374
343
362
339
335
328
334
377
334
326
367
380
414
403
375
399
402
422
397
416
389
341
294
327
320
335
343
393
476
673
786
753
635
500
409
401
357
398
397
394
310
327
331
353
377
347
378
347
358
324
344
311
338
347
340
319
295
336
420
488
588
738
763
693
552
447
412
331
304
294
318
291
263
316
275
304
335
368
440
515
531
546
537
521
526
453
456
424
422
399
407
367
360
303
295
347
399
358
355
320
311
332
262
352
307
349
378
353
341
340
343
289
296
279
339
304
319
339
342
343
424
680
981
1453
1676
1510
1096
736
515
554
1068
2231
4148
6105
6638
5512
3563
1827
784
423
355
417
451
478
495
392
341
327
346
359
321
308
318
333
371
338
314
327
355
340
423
461
528
636
774
773
758
551
451
388
364
405
442
476
401
354
307
325
324
299
305
315
295
277
262
269
285
280
252
283
327
301
351
392
396
400
349
367
399
423
478
573
662
811
810
776
715
668
527
405
340
291
271
294
292
328
484
564
657
589
500
417
413
428
502
554
489
404
344
303
279
316
362
343
379
381
345
309
342
310
299
289
286
271
291
291
279
267
325
321
355
406
404
296
340
328
331
369
391
340
362
322
340
308
328
390
417
449
520
468
378
307
259
235
224
242
250
258
243
283
269
269
272
307
274
274
293
290
339
358
327
331
324
293
273
320
288
305
275
304
318
444
539
641
786
677
588
454
415
385
329
302
302
268
260
263
272
300
248
261
268
266
291
308
513
967
1518
2192
2348
2087
1445
834
833
1386
2657
4401
5900
5964
4560
2754
1317
627
374
303
297
285
257
231
249
272
261
334
349
348
343
300
259
279
294
264
256
299
253
260
268
290
318
339
397
510
533
445
399
318
293
272
294
252
230
230
235
232
249
257
241
249
259
304
342
545
721
994
1098
1008
717
474
341
263
275
261
264
253
247
288
286
286
354
340
339
372
400
341
354
321
276
268
267
257
293
285
270
289
289
257
301
316
375
388
494
456
411
368
288
250
258
237
265
281
258
251
278
244
255
273
255
245
262
275
314
262
241
262
295
241
246
261
273
264
256
244
292
308
387
432
458
452
428
447
448
353
333
256
262
264
229
241
257
256
281
292
280
303
309
309
380
349
363
400
341
363
322
266
274
240
258
244
278
296
262
266
253
243
243
256
234
224
258
234
243
257
301
292
299
276
278
258
285
245
239
240
229
213
232
255
284
287
434
592
815
912
888
803
645
754
810
798
728
546
382
318
287
237
246
245
247
245
256
244
254
256
265
263
273
264
276
337
321
360
433
399
382
304
280
306
300
345
467
471
438
412
362
396
509
684
866
963
855
676
454
349
302
271
257
321
284
272
270
293
332
319
311
318
272
265
259
270
238
250
233
265
261
290
296
359
405
390
394
368
309
273
246
265
247
261
253
271
313
297
297
291
247
262
291
263
266
239
263
228
253
277
285
285
282
259
271
245
248
254
269
260
273
276
227
284
257
234
275
273
274
246
279
257
252
270
311
321
297
254
284
257
280
333
346
374
350
418
439
481
482
436
402
422
355
306
281
265
243
277
302
325
339
346
363
337
293
294
297
292
335
325
301
250
243
206
255
246
242
247
254
296
275
289
305
266
293
268
241
305
257
229
236
298
323
387
372
463
400
377
335
322
344
402
355
387
380
456
502
476
493
444
377
338
331
273
252
239
255
248
276
258
260
244
280
275
270
295
339
303
422
510
685
845
964
880
678
463
336
270
270
264
251
265
255
279
269
242
249
264
245
253
250
273
312
404
453
450
457
414
383
330
332
357
371
343
347
270
285
266
251
273
255
267
284
366
423
441
423
398
340
316
290
295
263
238
265
247
258
244
254
264
243
221
250
255
282
278
293
356
362
330
276
255
271
267
246
248
230
227
224
253
243
246
252
260
294
255
274
267
304
252
235
249
244
275
228
244
219
241
239
261
266
332
416
565
574
594
517
432
304
330
292
289
344
364
355
373
315
260
257
248
219
250
239
234
235
257
243
277
300
309
363
334
306
325
297
298
298
294
275
272
310
412
483
659
673
721
617
434
333
343
242
282
273
245
257
288
262
286
301
312
274
271
257
269
283
294
285
250
247
253
229
213
255
239
254
272
262
257
286
274
227
250
241
284
284
321
265
258
247
261
222
222
236
240
264
264
265
247
249
249
274
263
265
285
298
331
309
290
298
265
265
282
341
448
618
636
654
582
490
439
438
417
445
401
400
336
288
294
294
313
322
317
298
272
275
267
258
244
269
252
244
240
251
255
263
233
254
248
257
248
289
278
273
238
295
242
303
288
299
248
247
277
276
253
275
259
265
255
290
295
320
302
342
302
285
257
250
251
274
307
282
249
257
287
302
255
251
279
283
287
264
296
260
259
263
243
247
260
279
268
298
298
285
279
289
275
306
351
370
336
322
314
331
292
319
313
304
296
284
297
315
325
280
282
254
283
271
279
311
395
640
1009
1518
1862
1927
1512
1006
603
400
330
280
303
302
301
281
257
265
265
266
250
233
247
252
271
273
266
264
238
237
260
226
205
260
253
244
264
253
267
268
259
291
312
272
294
296
302
281
281
257
252
241
229
271
251
245
271
254
278
347
398
530
643
570
559
438
330
298
290
271
282
250
227
244
239
246
247
269
249
222
266
335
380
428
493
452
380
344
317
279
264
264
290
300
315
272
234
245
256
232
268
246
257
266
271
253
252
255
246
260
239
267
265
295
344
450
461
551
455
390
335
286
265
266
248
252
227
253
253
239
285
278
279
273
279
219
277
251
273
268
269
248
260
228
265
249
253
263
229
300
235
262
267
252
272
260
258
258
221
247
226
222
242
258
222
228
244
245
234
220
257
251
232
214
232
242
221
230
217
225
240
273
244
273
270
275
274
261
222
235
261
261
252
298
311
365
357
380
485
502
588
585
577
591
578
489
436
390
355
338
300
298
253
261
246
228
237
224
273
266
278
248
294
288
267
262
281
351
349
364
349
309
316
277
244
248
281
263
277
318
275
259
249
286
273
255
248
248
254
217
231
269
240
294
297
411
411
417
410
351
329
271
318
303
406
604
766
987
849
751
581
377
266
269
246
320
318
361
374
375
384
408
375
391
413
431
484
493
562
625
685
673
638
558
460
374
347
418
584
914
1342
1608
1746
1616
1444
1313
1294
1195
1092
855
639
540
488
607
777
911
861
763
613
594
705
987
1274
1546
1534
1203
817
498
321
259
260
252
229
276
250
272
302
285
277
345
320
369
334
373
386
370
414
419
409
354
328
325
321
381
372
415
411
382
350
342
275
266
257
232
234
220
249
229
242
232
249
233
250
287
229
287
296
240
303
257
239
261
247
253
295
273
281
260
277
237
266
274
255
274
273
307
279
247
258
247
252
277
255
253
279
297
366
567
956
1444
1945
2060
1824
1282
826
474
303
277
214
255
254
240
313
309
302
315
298
288
281
285
288
357
412
496
459
415
406
355
284
295
250
263
232
243
238
283
292
299
318
319
314
303
267
269
220
259
258
253
237
254
259
257
318
381
470
491
492
453
354
255
346
277
285
307
306
298
362
374
404
341
333
289
271
255
247
253
261
254
239
229
265
239
258
228
305
250
270
226
252
222
237
236
257
256
238
284
274
252
237
265
229
238
257
236
238
260
299
300
355
375
344
399
399
382
309
287
274
233
250
256
278
275
290
298
325
310
254
302
263
269
251
290
306
279
266
254
228
241
254
239
233
249
252
257
238
247
264
277
308
432
510
592
581
522
476
407
322
287
311
247
268
297
289
282
273
259
267
245
259
263
280
262
248
261
275
241
247
277
330
433
535
588
593
527
417
367
266
230
246
216
259
265
259
274
226
270
244
241
234
282
262
271
253
278
253
259
263
260
275
306
303
379
362
344
372
332
316
286
268
254
259
283
249
271
270
267
267
296
284
327
334
343
361
408
406
391
333
329
273
293
269
290
303
344
316
316
326
283
281
278
258
333
355
409
478
495
515
473
439
394
349
300
329
264
276
309
286
296
280
277
274
286
291
241
241
288
292
257
293
289
309
286
278
311
279
294
284
299
313
266
275
244
256
239
242
261
250
259
247
257
231
249
249
274
311
311
395
422
480
624
577
499
414
413
471
453
496
483
385
376
363
335
329
287
290
255
267
326
337
375
365
387
342
334
313
319
307
320
297
287
287
318
307
324
359
390
436
512
618
662
620
508
455
357
318
261
304
316
258
288
242
286
260
265
288
303
290
332
325
294
313
279
279
249
261
270
247
208
268
259
252
266
216
269
260
311
329
354
418
441
448
416
340
322
317
249
266
271
243
240
245
253
245
237
244
233
244
256
245
273
268
281
247
241
256
217
232
290
338
435
561
775
853
860
627
508
373
298
300
299
296
299
285
294
262
246
227
220
251
228
209
252
255
244
231
231
244
276
305
369
332
318
272
274
261
263
234
233
246
243
233
231
237
264
208
242
229
250
252
253
243
232
235
243
236
226
217
249
203
244
232
218
233
216
260
246
228
241
226
218
236
226
246
252
231
210
236
264
245
284
377
625
1065
1763
2420
2890
2892
2181
1480
907
470
319
251
235
203
225
267
263
291
324
339
387
364
354
345
321
265
260
254
272
231
241
219
236
216
226
226
226
209
239
216
223
225
230
257
245
254
270
284
283
314
332
335
380
380
371
409
608
856
1219
1521
1661
1534
1324
976
652
436
364
271
243
226
250
238
267
259
220
236
236
241
260
245
297
312
326
328
279
254
237
208
261
370
647
1280
2098
3051
3686
3743
2881
2068
1199
657
373
322
303
290
372
676
1435
3037
5306
7829
9030
8806
6802
4360
2311
1165
646
453
374
353
327
264
272
237
187
213
208
204
218
207
205
192
223
206
222
215
257
251
254
282
291
298
262
265
220
210
197
204
211
177
179
196
216
259
359
558
975
1345
1766
1881
1606
1151
711
391
295
237
224
193
215
224
219
287
298
309
302
312
269
261
248
229
236
264
257
258
245
222
219
235
203
222
230
223
256
262
252
254
258
270
242
234
205
222
209
211
232
226
219
249
268
315
363
416
468
441
396
369
397
420
382
442
372
295
271
233
218
214
202
196
225
206
213
269
294
319
341
300
240
232
226
203
182
206
202
206
214
268
284
309
383
426
553
728
806
860
756
578
433
394
358
350
309
256
220
172
184
181
198
219
214
210
209
196
184
192
196
196
193
186
180
201
234
240
245
263
245
269
246
263
249
231
253
264
254
252
199
232
233
294
236
237
208
238
200
211
191
214
189
186
273
306
334
303
312
309
275
230
238
233
211
232
215
216
215
174
191
214
208
211
198
213
210
245
248
277
334
386
377
394
355
304
281
242
230
249
240
202
201
184
212
201
184
209
199
187
199
195
200
203
198
209
204
243
223
201
216
233
203
228
201
215
202
243
275
309
348
315
299
280
246
236
254
192
218
232
297
291
247
273
241
239
219
199
195
235
244
248
271
319
287
271
288
229
231
227
237
232
227
213
212
188
236
226
213
213
225
223
183
242
250
245
204
223
219
248
250
222
256
289
287
292
314
267
282
238
245
235
242
257
277
242
228
214
228
227
228
231
240
219
224
244
213
212
208
226
229
220
197
200
201
194
188
193
182
190
223
217
211
243
255
319
423
506
554
562
487
422
319
250
243
220
240
205
208
199
222
163
201
204
184
226
205
203
206
204
224
213
202
228
227
234
230
220
215
203
189
206
200
187
222
192
219
190
218
212
214
233
212
236
223
194
226
210
238
232
233
240
258
234
214
324
407
381
420
398
356
294
292
252
238
217
200
185
211
187
195
203
215
223
196
183
201
242
243
241
271
259
265
286
484
750
1236
1751
2271
2539
2468
1896
1249
791
469
341
243
211
236
194
241
236
235
262
247
278
245
214
193
195
213
174
229
189
219
210
184
209
208
235
243
275
269
290
414
611
955
1221
1539
1643
1577
1370
1009
749
478
371
226
226
190
211
179
182
206
186
180
176
190
172
199
186
188
156
200
192
173
174
193
170
176
186
162
178
212
174
173
196
170
198
182
185
175
185
150
148
175
167
154
190
195
166
166
190
175
163
159
178
187
178
151
186
174
153
185
214
196
174
183
196
161
158
176
179
194
175
189
154
200
156
173
175
183
189
206
191
213
211
204
193
191
178
178
170
159
161
175
170
177
163
166
163
185
168
177
206
197
182
156
183
190
197
237
249
318
341
374
388
335
252
230
177
177
138
171
169
149
175
183
180
221
255
232
219
259
243
212
196
183
192
179
203
202
195
171
157
187
187
171
183
215
199
242
251
359
409
477
532
517
472
463
309
276
249
202
198
284
550
1265
2773
4981
8032
10521
11068
9551
6741
3873
1862
778
333
194
155
155
172
166
169
148
168
180
154
159
155
146
145
154
171
155
142
136
131
148
134
118
138
152
150
165
160
152
143
148
156
171
145
128
151
133
149
146
153
145
157
126
141
151
145
159
144
140
160
137
156
143
137
144
151
143
164
159
148
147
161
118
164
151
160
157
185
157
150
141
139
154
121
139
137
168
149
150
146
120
137
149
140
128
137
119
155
156
166
143
138
177
162
207
183
215
173
143
143
160
123
120
152
131
140
152
146
152
183
253
312
409
489
500
506
516
414
321
248
221
172
146
200
264
381
528
674
772
733
594
448
292
210
168
132
129
134
145
136
129
134
147
168
181
210
370
566
859
1311
1538
1595
1415
1009
608
372
194
159
150
128
144
155
178
201
235
204
205
179
162
151
137
135
115
148
133
135
141
145
127
149
134
126
130
147
163
168
218
332
475
764
954
946
786
622
407
264
189
141
133
142
146
135
133
132
118
139
140
153
124
168
185
167
154
174
159
178
222
254
329
511
594
557
565
517
372
295
200
175
165
124
158
151
143
144
192
176
192
182
286
399
608
787
1048
1181
1127
1090
855
619
493
405
370
311
253
215
193
186
168
154
147
136
158
176
143
163
133
159
183
179
179
170
181
156
134
144
145
125
136
151
167
136
129
118
159
166
148
117
136
169
140
152
143
151
160
151
159
175
121
147
152
139
162
129
158
141
141
130
142
170
148
165
168
146
140
138
150
132
173
144
169
160
154
137
166
193
133
150
172
173
172
164
166
181
134
149
161
124
133
146
144
134
145
133
188
148
135
148
137
156
158
160
182
183
160
180
166
155
157
148
135
159
151
173
170
133
143
148
141
135
145
160
144
166
202
171
195
221
271
267
260
263
217
205
181
164
173
212
239
244
254
219
206
171
161
165
148
159
177
191
176
221
345
516
904
1437
1899
2151
1981
1469
1048
618
356
207
166
159
158
145
137
119
125
116
154
164
165
168
205
187
205
196
200
244
269
320
289
231
182
199
176
149
153
164
126
136
152
148
139
145
168
168
181
190
154
157
176
201
201
264
272
257
233
225
192
192
194
197
185
168
179
138
141
143
138
142
132
144
128
152
154
159
165
155
155
136
125
152
142
165
160
166
170
161
160
180
180
181
172
168
154
134
174
160
162
156
192
157
185
174
130
149
141
154
138
148
134
130
128
135
129
117
134
133
135
116
125
113
122
124
109
151
130
131
175
131
151
157
160
185
235
256
270
320
323
280
233
236
168
160
145
131
147
118
140
132
118
123
149
132
102
142
155
143
125
140
115
147
124
148
149
123
148
145
135
140
146
162
146
144
150
152
155
143
141
122
152
142
150
155
138
120
133
155
122
142
128
149
141
146
157
151
152
198
137
167
146
162
132
156
163
163
155
163
151
160
131
136
171
170
194
219
236
254
250
242
224
178
156
138
143
134
127
142
127
121
113
126
120
151
130
150
116
136
150
179
152
165
231
261
276
255
231
192
171
142
130
149
111
121
143
148
149
136
143
183
196
259
330
420
540
582
644
611
450
385
332
288
274
281
228
242
209
174
173
153
144
129
172
211
218
366
678
1161
1677
2138
2225
1978
1506
899
508
302
175
131
131
112
123
103
113
104
113
115
113
132
127
117
146
136
101
131
103
126
119
125
117
107
112
112
129
103
122
104
119
114
121
125
96
119
130
115
131
131
125
178
162
184
177
173
157
154
129
127
98
117
123
142
124
115
120
100
103
107
118
114
104
111
131
101
127
101
126
128
112
127
141
109
120
127
112
122
123
128
114
134
108
110
118
113
127
119
113
117
113
100
133
123
117
121
109
114
129
150
109
135
97
107
106
120
133
108
112
103
116
117
120
136
120
110
111
111
123
102
101
109
110
116
175
224
382
722
1126
1720
2102
2237
1976
1476
967
554
270
166
134
85
104
85
95
115
107
96
104
102
92
119
113
110
109
104
115
94
102
103
88
96
114
99
100
120
140
122
138
132
129
137
146
135
124
106
154
130
112
122
127
111
112
89
104
130
127
121
106
95
91
107
111
87
122
114
139
90
99
121
106
103
100
102
105
115
103
114
109
93
114
106
111
96
98
106
85
101
113
119
114
120
111
120
156
208
256
322
337
413
377
287
228
193
141
122
117
106
120
121
90
89
106
93
123
122
129
139
177
180
172
192
133
163
206
329
507
954
1649
2931
4525
6195
6702
6376
5063
3419
1944
980
495
377
380
310
298
196
208
153
110
82
91
88
91
87
97
70
91
111
86
83
119
90
115
105
91
87
85
87
97
75
80
85
82
93
100
83
91
92
82
115
101
112
123
98
101
99
100
104
88
86
82
95
83
88
84
98
92
77
97
86
105
95
110
90
116
123
126
107
115
107
105
93
101
86
96
92
91
70
104
80
89
80
92
77
82
84
80
88
82
90
85
85
69
96
114
109
101
113
111
127
101
92
85
75
94
75
92
90
94
91
105
114
100
105
92
108
110
123
114
99
83
92
101
106
81
67
94
94
83
82
106
72
92
92
80
80
87
86
97
113
92
86
94
76
63
76
61
79
85
71
94
82
78
82
95
71
72
94
79
79
97
83
97
91
82
103
92
85
101
105
111
100
113
112
107
89
95
73
78
89
91
74
90
113
176
191
224
261
271
193
193
170
135
133
118
97
114
103
107
126
91
84
83
90
82
84
81
89
96
102
131
169
213
252
232
220
175
161
128
98
77
87
76
95
81
90
96
100
96
76
102
91
85
100
90
95
84
100
74
93
93
78
83
80
88
94
92
96
106
103
94
128
106
95
98
102
79
74
98
101
73
78
76
89
82
80
74
67
94
105
78
91
81
81
78
91
96
114
98
134
143
150
157
195
229
318
481
691
846
1003
1043
931
801
588
369
266
159
124
106
92
99
68
86
75
81
89
90
86
114
76
78
86
97
105
106
101
114
112
88
97
95
107
107
120
89
103
94
87
88
96
95
92
91
107
99
80
82
94
84
88
85
94
76
73
77
85
83
82
102
73
92
93
101
84
73
89
105
98
80
85
84
98
90
97
104
151
236
319
477
605
711
684
559
439
294
204
134
109
75
75
80
81
94
115
92
120
118
159
145
137
175
161
157
117
129
97
89
84
98
75
72
82
93
81
71
72
84
72
83
74
91
79
81
81
80
73
85
69
127
153
233
405
544
812
946
922
819
669
489
352
272
207
164
116
130
98
78
80
73
93
83
76
85
77
74
72
78
74
65
83
72
74
96
85
96
98
107
120
96
76
86
90
92
81
76
89
71
70
75
75
73
70
73
69
67
81
63
64
65
85
95
70
76
85
71
86
93
91
122
152
160
185
203
174
149
139
116
94
90
83
86
72
80
75
85
57
74
71
73
84
79
67
69
96
89
85
90
109
104
140
140
111
111
97
100
86
78
75
80
71
96
85
86
90
72
64
68
90
78
88
76
93
79
99
76
81
103
95
79
96
101
87
82
102
88
96
69
69
89
79
85
81
93
92
96
90
89
66
85
76
72
73
80
86
65
93
65
81
83
66
75
77
74
77
77
72
87
81
88
78
71
84
78
73
68
86
92
94
114
137
120
105
115
97
89
91
68
67
81
77
87
96
91
114
138
153
181
197
169
105
100
99
84
82
81
72
77
71
79
67
78
71
80
66
59
81
73
90
92
93
79
89
73
91
89
79
80
73
89
73
76
84
72
76
62
88
68
64
86
78
80
103
74
71
75
84
69
87
73
60
70
69
99
96
103
113
147
187
195
159
151
129
107
70
87
76
72
89
134
156
185
154
177
148
112
96
80
87
95
109
242
423
842
1310
1868
2174
2320
2006
1486
953
557
421
352
481
695
939
1237
1319
1244
998
651
409
226
121
83
84
72
65
72
66
82
55
70
71
73
114
106
111
101
123
102
80
76
77
70
56
65
67
63
65
63
75
65
84
60
79
76
57
64
73
75
66
68
72
76
84
93
91
105
90
88
78
68
82
65
96
91
89
103
81
71
102
102
114
116
132
100
105
78
74
69
67
79
81
62
65
78
78
93
104
95
109
100
117
99
83
83
65
68
70
65
84
72
52
64
54
77
74
79
75
91
90
72
95
80
68
65
76
82
85
77
89
90
83
87
89
89
90
66
83
76
74
88
48
72
72
87
63
81
65
78
63
63
66
82
70
57
72
64
86
92
90
77
63
73
86
76
77
68
65
82
75
79
82
86
75
95
94
101
94
104
102
115
108
139
171
204
275
296
247
190
126
111
81
76
83
96
200
318
477
727
913
954
882
699
473
313
192
162
179
222
239
268
310
289
277
172
115
111
96
66
68
76
69
98
72
65
92
73
84
73
79
88
81
103
87
105
108
138
166
179
148
133
132
118
118
95
101
68
64
80
85
68
63
69
80
74
67
80
75
75
74
61
66
65
63
67
76
73
90
70
70
79
74
84
70
67
74
65
60
74
74
62
60
82
68
84
65
73
85
69
74
90
104
64
91
86
86
68
77
75
90
67
83
60
77
79
59
83
74
71
93
80
72
72
59
90
71
74
67
74
67
75
66
81
68
61
73
69
75
77
76
61
70
81
85
68
67
72
79
79
78
73
78
65
73
65
73
77
71
79
85
86
98
84
77
91
77
77
73
68
74
82
84
82
75
66
66
68
75
76
71
74
80
65
77
72
66
66
68
71
67
74
71
62
82
64
95
77
95
79
76
76
81
87
104
141
213
265
372
497
613
561
542
436
345
223
163
152
98
88
100
85
85
100
106
96
88
96
91
87
92
78
92
74
78
100
74
85
78
93
94
81
73
89
87
77
81
67
83
89
76
96
93
91
83
84
90
87
72
87
99
87
88
95
89
81
81
86
94
87
74
97
91
86
113
97
108
123
125
99
119
121
92
83
93
84
106
97
91
97
104
123
87
90
110
96
83
79
80
85
87
70
85
95
71
75
89
70
94
115
134
185
255
437
566
664
688
595
429
289
211
118
129
88
79
86
81
77
85
77
79
84
78
88
79
73
72
74
93
87
93
85
88
99
105
119
118
102
98
87
85
88
97
80
87
94
82
85
75
83
63
65
84
79
72
81
91
78
75
90
68
94
86
68
87
60
74
76
84
88
70
75
97
66
81
82
95
82
91
80
75
79
87
85
69
85
88
65
82
65
70
95
84
74
73
77
68
69
82
75
90
87
81
74
73
91
71
79
92
62
85
94
76
97
78
97
82
97
105
95
104
70
73
86
78
74
88
94
74
79
78
81
66
80
73
68
78
67
73
82
61
93
88
73
69
85
71
91
53
77
65
51
67
71
68
70
86
70
84
91
79
69
70
74
104
84
98
75
72
80
83
94
92
78
88
71
88
82
89
76
84
69
79
75
82
73
89
77
75
88
81
73
79
84
92
82
106
120
165
246
338
491
700
883
934
877
745
601
411
280
185
139
110
113
94
92
100
106
135
232
321
451
608
744
754
831
700
554
443
260
176
146
132
108
84
90
95
83
98
71
96
109
87
89
123
84
95
88
118
104
85
95
112
103
121
79
78
93
123
117
106
117
114
118
100
101
98
123
120
112
124
120
107
90
116
86
99
95
94
79
91
105
96
91
86
81
84
98
98
115
98
116
112
111
108
103
114
141
107
121
114
103
108
74
98
91
93
99
91
88
95
147
181
225
265
302
270
220
196
155
108
93
89
87
90
88
93
105
110
119
130
161
171
196
219
233
191
178
134
116
112
85
105
91
89
94
82
82
85
78
77
87
103
73
81
98
87
74
84
85
94
95
86
101
83
102
97
87
95
70
92
88
84
91
70
80
98
75
138
104
112
109
114
108
115
94
82
82
73
92
86
86
80
86
98
90
107
127
101
99
103
113
106
108
107
77
82
95
78
77
86
88
77
77
85
74
71
94
83
106
137
205
335
589
871
1077
1206
1274
1105
844
601
361
193
145
109
106
122
131
132
179
181
159
112
119
91
85
110
108
125
150
250
313
384
399
471
458
402
374
262
176
143
122
90
81
80
99
86
88
82
91
107
85
84
73
100
90
79
83
91
82
76
74
88
83
89
94
72
79
69
84
86
79
59
80
85
73
71
93
83
79
87
77
85
67
98
88
76
83
67
92
72
92
84
87
89
72
91
88
73
78
90
90
81
81
74
76
76
74
78
90
66
82
80
82
96
89
87
90
75
97
89
79
77
67
100
76
80
87
87
100
90
92
94
93
79
97
83
90
83
94
90
96
107
123
102
120
109
91
88
90
107
95
92
110
108
98
96
82
101
95
90
79
106
100
95
118
87
107
103
79
93
89
78
101
93
74
95
92
90
90
78
74
91
78
76
82
92
83
114
206
310
656
1045
1593
2109
2437
2309
1998
1473
937
522
278
125
102
64
69
67
78
70
67
75
57
59
70
86
75
72
62
68
66
60
76
64
61
56
94
56
69
68
76
84
64
69
65
83
53
69
76
70
76
84
81
66
70
72
78
72
53
66
80
70
82
66
64
66
85
66
83
74
63
65
66
74
80
75
59
72
68
64
55
67
71
75
64
63
69
69
71
66
48
68
71
62
56
81
61
73
54
62
67
70
69
51
71
80
56
56
59
88
74
67
82
53
75
64
70
65
52
68
59
63
58
72
73
64
61
81
73
73
66
73
85
91
89
102
78
85
71
52
76
70
65
64
57
63
57
67
55
63
60
56
63
66
68
67
63
80
73
70
53
65
69
60
65
74
45
61
74
69
73
62
78
70
60
75
56
53
69
59
50
58
70
59
58
59
61
56
59
71
64
68
66
43
40
89
50
45
49
58
65
44
64
62
74
74
70
73
67
51
74
59
54
51
61
64
41
56
42
49
62
43
58
51
44
60
48
48
45
59
44
45
59
47
50
45
63
65
53
47
56
53
54
43
59
49
40
62
35
62
45
39
51
53
49
53
38
51
46
47
62
52
47
47
51
51
63
57
54
59
66
58
50
50
48
48
49
43
60
43
50
48
51
52
51
55
56
56
63
51
52
60
65
45
51
55
51
53
55
46
52
67
97
167
364
685
1279
2053
2986
3496
3696
3338
2640
1773
1022
501
233
119
54
42
43
44
78
125
275
577
929
1706
2395
3164
3274
2964
2364
1568
957
477
212
102
57
26
21
24
24
33
21
22
29
18
22
30
29
23
28
18
21
36
26
30
21
24
27
22
23
29
26
22
27
18
25
21
21
14
14
17
21
26
18
21
19
20
18
19
21
14
27
19
19
18
26
20
23
23
32
45
58
56
82
82
71
59
52
36
32
20
17
19
23
13
22
23
24
13
24
22
15
22
24
14
18
13
15
22
29
21
28
24
22
22
13
15
18
15
22
36
75
128
189
334
437
556
553
513
390
276
174
90
47
26
24
20
22
14
26
21
10
15
13
23
16
13
15
14
18
18
23
14
14
15
13
12
20
23
12
22
14
18
16
20
13
17
8
15
17
24
25
11
16
15
10
21
13
16
22
14
16
23
15
20
34
44
45
81
95
104
89
71
52
38
17
26
19
16
11
12
15
18
15
8
20
19
17
16
15
22
34
46
90
173
396
661
1071
1373
1690
1697
1532
1144
722
414
185
123
97
110
168
194
293
329
314
291
199
120
95
35
26
16
14
3
7
10
12
8
13
6
10
9
11
5
14
10
6
10
12
6
6
9
17
13
8
10
4
10
2
9
11
10
12
8
9
5
10
11
9
10
7
7
6
2
7
9
6
10
4
12
5
12
4
10
7
14
11
8
6
11
7
8
7
10
8
8
10
2
11
14
8
7
4
20
13
25
15
15
14
12
11
12
17
16
18
25
15
12
16
4
5
6
11
8
9
10
8
7
9
5
5
12
8
7
9
9
10
15
6
10
10
11
14
8
9
10
14
11
2
7
3
12
7
10
5
10
9
11
8
4
8
11
5
11
5
12
13
6
7
14
5
7
15
13
5
8
13
7
11
10
7
9
7
15
10
11
17
11
5
9
6
17
8
9
11
8
10
6
10
6
12
11
14
8
14
7
8
8
5
10
10
3
9
12
10
21
17
12
11
14
18
20
12
6
8
8
9
12
6
9
6
7
6
10
9
10
4
8
3
6
8
6
8
9
13
13
9
16
24
19
17
19
15
18
7
6
14
8
7
5
12
10
4
11
9
10
10
7
12
16
14
5
11
14
7
11
9
4
7
14
8
5
13
10
8
6
9
5
7
1
10
8
7
7
8
11
7
4
15
4
12
7
12
9
7
9
12
11
11
11
5
7
11
12
12
7
19
5
9
12
6
8
8
7
4
6
12
4
6
8
7
4
8
8
12
7
9
7
6
9
8
15
5
6
4
10
13
8
5
10
10
5
4
12
8
4
12
5
8
12
8
10
10
15
5
11
10
9
9
7
9
12
7
7
6
4
7
11
7
9
8
14
13
11
11
20
5
10
10
11
14
12
35
42
63
77
96
130
123
129
102
81
49
25
26
11
16
20
9
7
8
12
18
12
9
11
6
8
10
7
8
7
13
10
10
7
7
14
8
14
14
9
7
14
13
12
15
9
11
12
7
4
9
10
13
14
4
9
6
7
10
12
9
12
12
15
11
7
14
11
9
6
8
14
9
8
6
15
7
8
9
6
14
9
3
11
14
9
17
21
34
33
38
46
41
40
40
36
42
25
19
16
17
8
10
11
12
14
9
8
13
13
16
13
9
10
9
11
12
8
14
8
8
19
8
10
13
8
16
12
11
14
6
12
6
9
3
11
9
13
12
20
9
6
7
7
16
6
11
10
15
7
15
9
19
37
28
36
48
32
21
14
12
11
8
5
9
8
15
6
6
8
13
4
10
14
5
17
12
7
10
9
10
6
9
6
6
13
5
8
11
11
14
5
12
7
8
8
7
5
8
8
15
6
14
11
5
5
6
5
4
6
8
10
8
10
4
5
13
8
12
8
8
8
8
8
10
10
13
6
9
7
8
10
6
12
11
9
7
7
4
7
11
10
13
7
8
9
15
9
15
15
11
12
9
12
9
14
15
8
8
11
8
9
13
8
9
8
12
11
7
8
10
11
6
9
5
6
10
9
11
8
7
9
15
11
7
5
6
10
17
15
8
7
16
10
22
11
22
14
16
23
18
13
10
3
10
9
6
12
11
9
8
8
8
9
5
8
6
11
11
6
6
4
13
8
9
8
17
9
8
11
6
12
14
11
10
8
13
14
18
17
36
40
88
107
126
157
154
131
81
67
45
29
21
22
9
5
15
10
11
10
8
12
19
13
7
8
13
6
11
17
7
12
6
11
15
9
10
10
12
17
13
6
12
11
14
11
11
10
10
3
7
4
10
6
7
8
16
8
18
8
13
7
11
6
6
9
5
7
10
11
4
11
4
8
15
8
11
10
11
12
8
12
18
15
9
22
31
24
29
26
28
35
24
15
27
32
30
30
19
33
15
14
15
14
8
10
7
15
9
9
10
10
8
8
10
7
3
8
13
3
9
3
13
10
10
12
8
12
9
7
13
10
7
8
9
8
14
8
11
13
6
4
11
9
8
10
8
9
5
6
4
6
5
2
13
5
7
8
9
6
11
4
11
7
5
7
12
7
10
8
13
6
5
5
7
9
8
9
11
5
8
9
3
7
8
4
11
7
7
8
7
7
9
13
7
5
10
7
10
7
8
11
8
11
11
8
12
17
7
7
8
6
11
6
6
7
10
6
9
8
4
6
5
12
7
16
17
15
20
32
37
54
46
51
36
22
28
14
8
5
8
9
9
7
11
8
6
2
11
16
10
11
8
12
9
9
5
6
5
5
5
9
7
9
14
4
10
10
10
9
5
8
5
6
6
11
6
7
8
6
11
9
10
7
14
13
7
10
12
15
10
9
8
4
11
5
8
5
10
5
3
10
4
7
8
12
3
9
6
5
7
12
7
10
7
14
8
11
10
17
16
8
7
11
9
10
4
7
8
10
9
9
10
7
8
9
4
6
7
8
7
6
9
5
8
7
5
6
9
7
4
7
3
6
1
9
6
4
6
12
8
9
7
9
8
8
10
9
11
5
7
8
7
21
27
66
88
170
278
391
407
458
427
356
267
156
62
46
13
14
5
6
5
3
2
0
7
3
3
2
3
3
8
7
5
3
6
8
2
7
5
7
6
3
5
5
2
7
3
3
3
5
5
6
4
4
1
4
5
4
5
4
7
4
5
7
2
7
2
5
9
6
3
5
7
4
1
7
6
5
7
4
6
3
6
5
8
6
12
9
19
37
42
77
96
120
166
171
189
143
100
59
36
20
9
11
7
2
3
6
4
3
1
1
5
2
3
4
5
3
3
3
3
2
5
1
3
2
4
6
3
2
1
4
2
6
4
4
4
4
4
4
5
6
8
6
3
8
1
3
5
4
0
7
4
3
3
5
3
6
1
5
9
4
5
10
5
9
5
5
5
3
6
5
3
6
6
8
2
4
4
1
5
3
8
4
1
4
6
2
5
0
6
3
6
2
3
1
7
4
2
4
1
8
3
11
3
3
5
5
3
4
7
6
3
4
5
2
3
2
3
2
4
5
3
3
2
2
1
7
5
10
4
6
3
1
3
4
6
5
5
5
9
5
7
3
7
6
2
3
1
1
3
7
5
1
5
3
7
3
5
3
4
9
7
7
6
5
3
0
9
3
4
4
1
2
3
2
6
2
6
4
8
2
4
6
4
2
1
5
5
2
6
5
13
19
33
57
60
69
91
95
77
85
53
31
31
17
14
6
5
2
5
5
2
6
4
4
5
2
7
4
6
2
9
5
5
4
3
5
5
3
2
10
4
3
1
8
6
3
8
5
9
6
9
2
1
7
7
5
6
4
4
3
6
6
6
3
4
3
6
2
2
3
4
5
11
7
8
7
3
5
6
9
8
5
6
5
7
7
7
9
8
7
6
1
2
5
3
7
8
6
6
7
7
4
6
2
2
4
6
2
0
8
10
4
7
2
2
7
3
7
2
3
1
3
4
5
7
6
8
4
3
5
3
9
3
9
5
7
6
6
6
8
12
25
38
56
52
56
98
71
75
50
37
27
17
11
2
6
2
7
5
1
7
5
4
7
1
11
5
4
8
5
5
6
5
2
2
3
2
1
4
7
5
4
6
2
5
6
4
6
6
4
8
8
3
5
8
0
3
5
5
3
12
3
4
8
3
3
6
5
2
3
6
5
3
4
6
8
4
4
4
2
4
5
7
5
1
4
2
7
0
5
4
2
3
6
4
6
6
6
3
3
6
5
4
4
2
4
2
5
6
2
2
8
0
3
8
1
5
7
6
3
4
5
5
2
1
4
4
5
1
4
1
3
2
8
4
4
3
15
6
4
6
3
4
6
3
6
6
4
4
5
8
5
2
2
8
3
4
5
4
8
12
6
10
13
14
7
7
13
7
5
7
5
3
4
3
1
6
6
4
5
10
3
4
5
3
5
4
6
4
5
5
2
4
7
3
2
7
3
5
9
8
8
5
2
5
1
4
6
6
3
4
4
4
3
4
3
8
4
8
5
4
5
2
3
7
10
8
3
7
8
7
8
13
6
7
3
6
7
3
7
6
5
7
4
4
3
0
5
7
4
8
5
6
1
1
4
5
2
3
6
6
7
3
5
6
5
9
5
2
5
5
0
4
3
2
3
3
3
4
5
5
3
3
3
4
7
4
3
3
4
3
2
2
2
5
3
2
8
5
2
5
5
5
7
5
5
2
4
1
2
5
4
6
2
7
4
4
5
0
7
3
3
2
7
3
4
2
2
4
6
2
9
5
2
9
4
4
5
2
9
6
2
10
9
7
5
8
4
4
3
3
6
6
2
7
9
5
2
5
2
1
0
4
3
4
3
3
5
11
8
16
20
32
37
39
55
42
32
23
17
20
10
7
5
4
4
2
4
1
1
6
4
2
7
1
1
5
4
3
3
2
4
5
8
2
1
5
6
4
5
3
0
5
4
3
1
2
1
5
4
4
2
3
2
3
3
7
4
6
5
0
0
3
1
1
1
3
4
1
5
2
3
5
1
7
4
5
2
7
3
5
1
5
7
4
4
6
3
3
6
4
6
3
9
1
0
7
4
1
4
2
2
2
4
4
4
4
2
5
2
3
2
4
1
5
0
1
6
1
6
7
4
6
12
5
13
5
4
2
1
4
4
3
6
6
3
2
2
4
4
0
3
4
8
0
4
2
0
5
0
7
1
3
6
9
1
4
2
2
4
3
2
2
4
5
3
3
1
0
4
4
3
5
1
2
3
3
3
1
1
2
6
1
4
5
2
2
3
4
3
3
2
3
3
2
3
6
3
6
3
0
0
3
8
19
24
54
86
125
188
258
281
303
301
249
154
111
55
26
14
9
0
3
1
2
1
0
2
1
1
0
0
2
1
1
1
1
1
3
1
0
2
4
1
1
2
0
1
4
3
2
4
1
1
6
3
0
2
3
3
0
1
0
2
1
5
3
4
2
0
1
3
2
3
1
1
5
2
2
3
2
1
0
0
1
4
0
1
3
1
4
0
5
2
3
5
2
1
3
1
1
0
3
0
4
3
1
1
1
3
3
2
1
2
0
1
0
1
4
0
2
1
3
2
4
1
2
2
1
3
1
1
1
4
3
2
0
1
1
3
2
1
1
4
3
0
2
2
2
0
3
0
1
2
2
5
2
2
1
1
0
2
1
2
2
2
1
3
4
3
8
1
2
1
3
0
2
1
2
2
2
1
0
0
1
2
0
2
2
4
2
0
2
2
2
0
1
0
1
0
1
0
0
2
1
3
1
0
4
1
1
1
5
2
1
1
1
3
0
0
2
3
0
1
2
3
1
0
2
3
3
0
3
0
1
1
0
2
4
1
2
1
0
1
1
2
2
2
1
1
1
0
1
1
1
2
1
1
3
3
3
3
1
1
2
1
0
1
2
0
3
1
2
1
0
1
0
2
1
0
3
2
0
2
2
5
1
0
1
4
1
0
0
2
1
3
2
2
4
1
4
2
0
2
1
1
0
3
0
2
0
1
1
0
0
0
1
3
1
2
1
1
0
1
4
3
3
2
1
2
1
3
4
0
3
4
1
1
4
3
1
3
3
0
2
2
0
4
3
0
1
3
1
2
1
0
0
2
1
1
3
2
6
1
0
4
1
0
3
2
0
4
3
1
2
2
1
0
0
1
0
7
1
3
1
2
1
0
5
0
0
0
0
1
2
1
1
3
1
3
4
1
1
0
4
2
2
1
1
0
4
2
0
3
0
1
1
2
1
1
3
2
1
3
2
1
1
4
2
1
1
1
2
1
1
1
0
1
3
2
2
1
0
2
4
7
1
4
0
1
0
0
3
1
0
1
1
0
3
0
1
2
2
2
1
2
1
2
1
1
2
0
1
2
0
2
0
1
0
2
3
1
5
2
4
1
0
7
3
3
3
1
0
3
0
2
3
1
0
1
4
0
4
4
1
3
1
1
2
2
0
0
2
1
2
3
4
2
3
3
0
3
0
5
0
1
1
1
3
3
5
3
1
2
1
1
2
2
0
1
0
2
4
2
0
2
1
0
3
3
1
2
4
2
0
1
2
2
3
0
2
2
2
2
3
1
3
1
3
1
3
3
2
2
3
0
1
3
0
3
2
2
4
0
2
1
0
0
2
4
2
1
2
1
2
0
0
1
3
4
3
5
0
1
2
0
3
1
2
3
1
0
2
3
4
1
2
3
3
1
1
3
2
2
2
2
0
3
2
3
2
1
2
2
2
3
0
2
1
5
2
2
0
2
2
0
2
3
2
3
2
2
1
4
3
4
1
1
2
2
1
3
3
1
0
1
2
1
1
1
1
1
1
1
2
0
0
3
0
1
2
1
1
2
4
4
1
0
0
2
4
2
3
0
0
0
0
2
1
0
2
1
4
2
1
1
1
0
1
2
1
1
0
0
3
3
6
2
2
3
4
7
5
15
14
9
6
8
9
3
8
3
1
3
3
5
4
1
2
1
0
3
2
4
3
1
3
1
0
0
1
1
0
3
2
2
2
3
3
1
0
6
3
2
3
2
0
1
0
3
0
1
0
2
3
6
3
1
3
2
3
1
3
5
2
4
3
5
10
7
4
4
5
6
2
2
2
2
1
3
0
0
2
2
2
1
2
3
5
5
2
8
4
4
1
1
0
1
0
0
2
2
2
3
0
1
0
0
1
1
0
2
0
2
2
5
2
3
0
1
1
2
2
2
0
4
1
1
1
1
0
3
1
2
3
1
1
3
3
0
4
0
2
1
2
1
4
3
1
0
0
1
4
3
1
2
2
1
3
2
2
7
2
6
8
3
2
2
2
1
2
1
0
0
1
3
1
5
4
1
2
0
0
5
2
4
1
1
4
4
1
3
0
2
1
1
4
2
3
1
5
0
2
1
1
3
3
3
6
2
2
3
4
5
2
2
1
2
2
3
3
7
0
0
4
1
4
5
5
1
4
1
6
2
2
1
0
1
0
1
1
4
0
4
1
2
1
1
1
2
1
0
4
4
5
3
3
5
3
4
3
1
2
4
3
3
3
4
3
1
2
3
5
3
2
2
0
4
1
2
1
3
3
3
0
3
4
5
2
5
5
8
4
4
4
3
2
4
1
1
2
1
1
2
4
2
1
2
5
1
1
2
1
4
3
3
2
1
2
5
1
0
2
3
3
3
4
1
5
3
2
2
5
2
5
5
5
3
3
4
3
2
2
1
0
2
4
2
2
0
3
2
1
1
5
1
4
3
4
5
2
4
3
6
3
5
1
0
2
2
4
1
6
6
1
1
0
0
2
1
1
2
0
5
2
2
0
2
7
3
2
0
1
2
3
4
3
7
1
3
2
4
0
1
5
5
2
4
1
8
5
6
3
3
1
0
1
0
2
4
4
5
2
4
1
4
5
2
5
4
4
5
2
4
1
5
1
2
0
1
3
0
2
3
3
1
0
3
5
4
2
2
3
0
2
3
2
3
3
2
4
2
1
1
2
5
3
2
1
0
1
5
3
3
2
1
1
3
5
2
3
2
2
1
4
1
3
1
4
2
2
1
3
1
5
0
0
3
1
1
0
4
1
2
3
0
3
5
2
2
2
1
3
3
2
5
1
4
2
3
1
4
11
1
2
2
5
2
5
4
1
3
1
2
1
2
0
2
3
1
2
4
1
2
0
3
3
3
2
2
2
0
2
0
4
1
2
3
1
1
3
7
2
3
1
1
0
4
1
3
2
1
4
1
2
0
1
5
1
3
2
2
2
1
0
0
0
1
2
3
2
2
3
1
2
3
4
1
4
2
3
2
2
4
4
1
0
1
2
4
0
1
2
1
2
4
2
2
2
2
1
2
4
2
3
1
1
2
5
1
2
2
3
1
1
0
6
1
0
1
5
2
0
2
2
1
2
3
2
2
3
2
2
1
3
3
1
2
4
1
1
1
1
1
1
3
1
2
2
3
3
5
3
3
2
2
1
3
1
0
2
2
2
2
0
1
2
3
2
0
4
3
3
0
2
1
4
5
5
1
2
3
5
1
4
0
4
1
1
2
6
6
12
11
30
42
62
77
105
95
110
81
67
47
25
22
15
6
9
0
4
2
4
2
2
4
8
4
2
5
2
1
3
1
2
1
0
4
3
4
4
1
2
1
3
4
4
3
7
1
2
4
1
3
3
1
3
1
4
3
2
2
2
2
4
3
2
0
1
4
3
4
4
5
4
4
5
5
4
2
5
1
3
0
2
2
0
5
4
4
4
5
4
4
4
3
4
2
4
2
3
2
1
3
1
1
1
1
2
3
1
8
4
0
2
1
4
3
2
2
5
4
3
1
4
1
3
2
2
4
3
2
1
1
1
6
7
2
1
0
1
3
4
3
3
2
1
6
1
3
1
0
1
7
1
2
2
2
1
2
3
3
3
1
2
2
4
2
3
4
3
3
3
1
3
2
2
5
5
3
1
3
4
3
4
2
7
2
3
3
3
2
0
3
2
1
4
2
1
1
1
4
5
1
2
4
5
2
2
2
2
6
6
4
2
7
3
1
6
1
3
2
6
4
4
2
2
5
6
9
1
2
1
2
2
2
0
1
1
1
0
2
3
4
1
3
0
4
2
2
3
3
5
4
5
1
2
4
5
4
4
3
3
3
5
2
2
1
2
3
1
2
1
2
1
3
3
3
1
5
3
1
1
1
5
2
1
4
3
2
1
3
0
4
2
4
1
5
4
2
2
4
2
2
5
2
3
8
1
3
2
2
4
5
4
2
4
3
4
1
1
3
4
4
9
1
8
2
1
1
5
4
1
2
5
3
6
1
5
6
2
6
3
5
2
4
5
5
5
2
1
2
1
3
7
2
5
5
3
5
0
4
2
6
4
4
6
2
4
4
2
3
4
3
1
2
4
5
1
6
3
5
2
4
4
2
1
5
2
2
3
4
3
4
2
4
1
4
3
3
1
1
1
5
5
0
2
5
5
3
6
5
10
6
9
6
4
3
4
2
4
2
3
3
2
5
1
4
2
0
3
2
2
3
4
4
2
3
1
3
3
4
8
4
1
2
4
5
3
0
0
3
1
1
1
2
0
3
5
0
5
3
2
4
3
3
1
1
1
2
1
2
4
4
2
2
4
5
1
2
2
1
2
4
2
5
3
3
0
1
1
4
3
1
2
0
3
2
0
1
2
3
5
1
3
1
4
1
2
1
1
1
1
2
0
0
3
2
5
2
0
9
0
2
4
0
1
2
1
6
4
4
0
2
2
6
1
1
2
0
3
2
1
1
2
1
2
1
1
2
4
4
4
2
1
1
3
4
0
2
2
0
7
1
5
3
5
5
3
1
2
2
3
3
3
1
0
2
3
0
3
3
2
3
2
2
1
5
5
3
1
0
1
0
1
3
3
3
3
3
4
3
1
3
3
2
1
4
5
1
3
4
0
3
0
1
2
3
0
0
0
1
1
1
1
0
1
1
2
3
2
4
1
1
2
1
4
0
3
1
1
1
1
1
2
4
0
1
3
2
3
3
0
1
3
2
4
0
0
1
2
3
3
1
1
0
4
1
2
0
1
2
3
2
2
0
1
0
1
2
2
1
3
1
1
1
0
0
2
2
1
2
1
3
2
0
0
1
3
1
0
1
1
2
0
0
0
3
1
3
3
1
0
1
0
6
12
25
43
65
127
167
201
251
267
259
228
176
135
57
35
21
8
4
1
0
0
0
0
0
0
1
0
0
0
0
0
0
0
0
0
0
0
0
0
0
1
0
0
1
0
0
0
0
0
0
0
0
0
0
2
2
2
1
0
0
0
0
0
2
0
0
0
0
0
0
0
0
0
0
0
0
0
0
0
0
0
0
0
0
0
0
0
0
0
0
0
0
0
0
0
0
0
0
0
0
0
0
0
0
0
0
0
0
0
0
0
0
1
0
2
0
0
0
0
1
0
0
0
0
0
0
0
0
0
0
0
0
0
0
1
0
0
0
0
0
0
0
0
0
0
0
0
0
0
0
0
0
2
0
0
1
0
0
0
0
0
0
0
0
0
0
1
0
0
1
0
0
0
0
0
0
0
0
0
0
0
0
0
0
0
0
0
0
0
0
0
0
0
1
0
0
1
0
0
0
0
0
0
0
0
0
0
0
0
0
0
0
0
0
0
0
0
1
0
0
0
0
0
1
0
0
0
0
0
0
0
1
0
1
0
1
0
0
1
0
0
0
0
0
0
0
1
0
0
1
0
0
1
0
0
0
0
0
0
1
0
1
1
0
0
0
0
1
0
0
0
0
0
0
0
0
0
1
0
0
0
0
0
0
0
0
0
0
0
0
0
1
0
0
0
0
0
0
0
0
0
0
0
0
0
0
0
1
0
0
0
0
0
0
0
0
0
0
0
0
0
0
0
0
2
0
0
0
1
0
0
0
0
0
0
0
0
0
0
0
0
0
1
0
0
0
0
0
0
0
0
0
1
0
0
0
0
0
0
0
0
1
0
0
0
0
1
0
0
0
0
0
0
1
0
0
0
0
0
0
0
0
0
0
0
0
0
0
0
0
0
0
0
0
0
1
0
0
0
0
0
0
0
0
0
0
0
0
1
1
1
0
0
1
0
0
0
1
0
0
0
0
0
0
0
0
0
0
0
0
0
0
0
0
0
0
0
0
0
0
0
0
0
0
0
1
0
0
0
0
1
0
0
0
0
0
0
0
0
0
0
1
0
0
0
0
0
1
0
0
0
0
0
0
0
0
0
0
0
0
0
0
0
0
0
0
1
0
0
0
0
0
0
0
0
0
0
0
0
0
0
0
1
0
0
0
0
0
0
0
2
0
0
0
0
0
0
0
0
0
0
0
0
0
0
0
0
0
1
0
0
0
0
0
0
0
0
0
0
0
1
0
1
0
0
0
0
0
0
0
0
0
0
0
0
0
0
0
1
0
0
0
0
0
0
0
0
0
0
0
0
0
0
0
0
0
0
0
0
0
0
0
0
0
0
0
0
0
0
0
1
0
0
0
0
0
1
0
0
0
0
0
0
0
0
0
0
0
0
0
0
0
0
0
0
0
1
0
0
0
0
0
0
0
0
0
0
0
0
0
0
0
1
0
0
0
0
0
0
0
0
0
0
0
0
0
0
0
0
0
0
0
0
0
0
0
0
0
0
0
0
0
0
1
0
0
0
1
0
0
1
0
0
0
0
0
0
0
1
2
0
0
0
0
0
0
0
0
0
0
0
0
0
0
0
0
0
0
0
0
0
1
0
0
0
0
0
0
0
0
0
0
0
0
0
0
0
0
0
0
0
1
1
2
0
0
0
0
0
0
1
0
0
0
0
0
0
0
0
1
1
0
0
0
1
0
0
0
0
0
0
0
0
0
0
0
0
0
0
0
0
0
0
1
0
0
0
0
0
0
0
0
0
0
0
0
0
0
0
0
0
0
0
0
0
0
0
0
0
0
0
0
0
0
0
0
0
0
0
0
0
0
0
0
0
0
0
0
0
0
1
0
0
0
0
0
0
0
0
0
0
0
1
0
0
0
1
0
0
1
0
0
0
0
0
0
0
0
0
0
0
0
0
0
0
0
0
0
0
0
0
0
0
0
0
0
0
0
0
0
0
0
0
2
0
0
0
0
0
0
0
0
0
0
0
0
0
1
0
0
0
0
0
0
0
0
0
1
0
0
0
0
0
0
1
0
0
0
0
0
1
0
0
0
0
0
0
0
2
0
0
0
0
0
0
0
0
0
0
0
0
0
0
0
0
0
0
0
0
0
0
0
0
0
0
0
1
0
0
0
0
0
0
0
0
0
0
0
0
1
0
0
0
0
0
0
0
0
0
0
0
0
0
0
1
0
0
0
0
0
1
0
0
1
0
1
0
0
0
0
0
0
0
0
0
0
0
0
0
0
0
0
0
0
0
0
0
0
0
0
0
0
0
0
0
0
0
0
0
0
0
0
0
0
0
0
0
0
1
0
0
0
1
0
0
0
0
0
0
0
0
0
0
0
0
0
0
0
1
0
0
0
0
0
0
0
0
0
0
0
0
0
1
0
0
0
1
0
0
0
0
0
0
0
0
0
0
0
0
0
0
0
1
0
0
0
0
0
0
0
0
0
0
0
0
0
0
0
0
0
0
0
0
0
0
0
0
0
0
0
0
0
0
0
0
0
0
0
0
0
0
0
0
0
0
0
0
0
0
0
0
0
0
0
1
0
0
0
0
1
0
0
0
0
0
0
0
0
0
0
0
0
1
0
0
0
0
1
0
0
0
0
0
0
0
0
0
0
0
0
0
0
0
0
0
0
0
0
0
0
0
0
0
0
0
0
0
0
0
0
0
1
0
0
0
0
0
0
0
0
0
0
0
0
0
0
0
0
0
0
0
0
0
0
0
0
0
0
0
0
0
0
0
0
0
0
0
0
0
0
0
0
0
0
0
0
0
0
0
0
0
0
0
0
0
0
0
0
0
0
0
0
0
0
0
0
0
$ENER_FIT:
-1.4410 0.715180 0.000000e+000
$MCA_CAL:
3
-1.4410 0.715180 0.000000e+000
$ENDRECORD:
