$SPEC_ID:
None

$MEAS_TIM:
28351.00000 37503.00000
$DATE_MEA:
11/17/2020 5:48:34 AM
$DATA:
0 16383
0
0
0
0
0
0
0
0
0
0
0
0
0
0
0
0
0
0
0
0
0
0
0
0
0
0
0
0
0
0
0
0
0
43500
45615
44235
38518
34817
35399
35420
35722
35888
39887
48626
59780
69815
82471
83120
66345
55026
60139
74643
92773
109954
126741
152326
219870
416725
839516
1360947
1822695
1913859
1185579
403374
162062
189506
299742
396039
499651
631594
518844
308478
176240
106830
94648
89415
80947
74863
72716
74672
75854
72471
67661
66724
70839
78086
86243
88445
86732
89736
93618
95320
99379
102603
107354
118314
134195
140307
130343
127988
135715
146345
166875
200270
206471
197916
204649
187193
183550
230935
281665
584121
1334429
1479984
720016
217332
112461
105455
112093
126538
140836
139654
134152
146635
236951
569894
1114656
1614608
2065981
1933182
934381
239325
78904
64921
69959
76839
74273
61444
51742
51854
57478
63150
64333
65279
66601
73480
79970
75074
68033
70515
79882
81465
77361
74054
76006
79743
79748
79208
78568
77304
75053
72042
68996
67721
71655
78458
78371
73420
69227
70978
72946
82085
89514
82454
77159
80616
84159
81457
75872
71422
68400
69563
70680
72322
71824
72266
73653
74931
74891
74562
83706
92081
87338
80320
79387
79878
81981
87218
87371
79875
77673
87166
96818
93857
84192
78513
79230
85903
88657
85566
84732
85753
84841
81038
75977
75189
80450
88545
91232
88022
82457
80572
83213
84339
84897
84758
83425
83658
87438
95104
94749
89993
88075
102770
163711
233048
204185
136092
114476
110116
102222
100772
104166
104458
107853
128410
136669
115624
98052
94101
93143
93312
96882
110658
238981
949391
2334961
2528016
1199414
338065
162700
126410
104958
97262
91553
85602
80022
77245
79301
81396
82191
83854
86141
85448
81192
78524
78272
81828
106109
244445
590599
770545
471513
168929
82734
75504
78624
81621
84386
87436
93951
97689
91385
84436
80921
78484
76461
74975
75761
81032
88023
93022
93645
89279
84197
83045
86858
92021
91129
85368
88304
103357
107485
92182
79200
75976
76994
79768
78272
78093
82165
85835
86807
87505
86919
80440
76338
77430
80328
81108
81374
84744
85827
82580
81405
81941
83142
84011
83100
82352
82983
85767
88033
91892
94674
98434
98130
94770
92274
89834
88388
86186
84394
84287
84682
83669
82043
83068
94109
132335
174918
152335
98712
73736
68968
70259
72893
74505
73906
75543
77458
76061
72838
69513
68981
68851
70405
69087
67951
68232
69238
70616
72448
75881
84129
86105
78305
72703
75489
99791
163554
205674
156734
95683
74574
72880
74591
78678
81375
80067
79489
82046
79310
73196
71514
71245
71987
70768
68332
66659
67171
67583
68255
69032
72055
79110
95170
116766
120030
101960
87202
82416
81418
78480
75857
74640
73895
74638
76433
76878
75402
74127
72214
71370
71239
71675
72859
71384
69601
68067
65970
66291
65991
66722
66657
66760
66242
64771
64697
64949
63902
63513
63658
63428
62612
60813
60711
64472
71441
72184
67239
62852
61502
61782
62121
63206
64381
75485
173711
522402
908616
750121
314230
109540
68442
59887
59764
62211
62685
60623
62535
64615
62068
59263
59305
60175
61418
61956
58757
56336
57096
60489
63236
64283
62383
57396
54711
54522
54909
56080
58281
62110
63705
60677
56525
55218
55337
54304
52988
53796
53010
52723
55998
63354
67555
62717
57075
54210
52613
52864
53480
54323
55429
56244
57840
59085
56562
53053
52206
53397
54477
54286
53501
53951
54328
54109
54492
54182
52695
51498
51074
53167
56057
57642
55845
53495
52330
53016
53536
53417
52787
52486
53053
53930
52904
51056
51154
51172
52371
52655
52497
52372
52009
52350
52888
54559
59658
65315
64191
58215
54963
54800
56529
55969
53547
51592
51203
50848
52758
55953
55698
52507
51704
53695
55690
55872
57577
59904
55677
50575
48938
48799
50186
50878
51356
51164
51119
49949
49068
49470
49799
50223
49588
47841
47333
47730
47214
46973
48497
49999
51372
51015
51761
53001
52590
54614
87400
227976
437659
434338
224439
85468
51139
47673
49179
50760
49961
49454
49115
49730
52266
52289
50967
49075
47673
47520
48100
48699
49915
51173
53139
53249
51676
51086
51973
54415
54756
54934
54449
54101
53212
52545
53847
57117
62578
63422
59837
55825
55245
57046
64362
101805
281511
900380
1843388
1980804
1154385
531332
365985
346577
347280
347998
347328
344793
344062
343552
337834
328541
319712
300470
267338
218345
155954
99183
64492
48023
41044
38775
38380
38252
38565
39913
41113
40095
39738
40220
40337
41608
43644
47037
48563
59495
83953
93692
74134
57482
52522
50194
48975
53974
80016
114394
107409
70842
50012
52401
68981
100201
138189
157768
143865
106832
72033
52374
45368
45778
50036
56371
56855
56596
79317
110864
102526
63919
43725
39639
39933
38526
36653
35732
37011
40900
50006
56347
51131
40864
35656
35345
37370
39764
39943
40664
41674
40895
40015
39564
40584
46854
57777
65023
57341
44691
37482
36925
37185
37034
36262
35443
35631
36256
35766
35932
36021
36902
37664
37424
37253
37230
37491
38087
40089
47327
64885
86426
140301
254958
303010
194069
82215
43626
40451
50472
62662
62131
47321
38049
35570
36608
37652
38214
36634
36783
37724
38771
39646
37723
35316
35083
36733
41556
49354
50155
42899
36960
36190
37003
38588
39463
53163
146005
399304
627526
517404
238930
82764
42304
36625
35261
34275
33439
33045
33645
33645
35105
36803
36155
36713
41307
46223
45128
39098
34900
33067
33024
33680
34150
34496
34507
34663
36083
36536
40258
54422
70490
65658
47830
38200
35052
33816
32707
32712
33192
34245
35685
38093
38706
36540
34137
33945
35065
35292
35102
36516
36900
35384
33629
32425
31784
31782
33288
38679
43897
44036
39611
36668
35770
35822
36721
38039
37697
35941
34907
33812
33291
35050
38293
45920
49168
43854
36320
33039
32335
32860
33130
33744
33924
33139
34171
36633
39188
38382
36512
35293
35070
40673
59633
77855
71582
49929
40625
51171
109013
236524
316383
229170
102060
46300
37019
40528
48402
59607
67152
60555
55393
94468
190484
242749
173725
83038
44377
36665
36599
37314
36889
37893
40792
43354
44841
48228
53834
61039
60196
46735
36233
33224
33563
35468
39320
40832
37234
33155
32705
33626
34881
33958
34372
35233
38393
45798
50344
45795
37855
34638
33650
33019
32824
32899
33208
33805
37514
40787
42762
42717
41328
36258
33709
33130
33179
33362
33935
34145
35182
34746
34678
38058
43478
44385
39809
37005
37864
45872
64040
72681
60160
43781
36208
33987
33648
34848
34677
33322
31879
31193
31362
32046
32740
34053
33854
34802
39129
44836
46085
47370
50977
47682
38926
34484
35642
38579
38912
35906
33420
32997
35901
40525
47573
64834
87956
85100
58201
38963
33798
35873
40958
48113
54080
50683
41189
35767
34728
36314
40601
46138
49955
52811
55022
55686
56738
58272
51755
40941
35134
33898
35000
35102
34195
33335
32988
33509
34540
36502
39638
42575
43162
41255
38346
36299
34616
34580
39489
49104
55725
51075
43594
38458
35944
34944
34581
34576
33801
32922
33338
35788
42471
52356
65120
98301
150237
167960
138576
97275
65168
44825
37107
38855
44277
45383
42381
40720
40975
38394
35273
34647
34715
33565
33491
36167
38898
39287
37804
35294
32836
30974
30392
30113
30369
30082
30516
30753
30867
31089
32352
35945
42305
43878
38691
33908
31612
30328
30237
30619
31401
32119
32187
33943
39610
44463
47364
48729
44912
38729
37035
41590
46863
46839
43669
48757
59979
63504
58007
49081
40281
35564
33993
34104
33960
33778
33470
35053
36222
37799
37260
37378
40400
50695
59160
54717
42870
37084
34586
33234
34909
41248
50869
52152
43715
35291
30879
30859
31922
34656
37398
36338
33946
32704
32369
32756
35644
41894
52108
54835
46081
37244
34676
33401
32121
32693
35268
39891
44563
44810
39245
34759
32369
32102
32586
34558
39280
43801
47764
67500
141144
260411
302918
224234
129734
74643
54083
82602
163827
219946
175508
91205
46446
36724
38594
43119
45229
39703
33304
31277
31458
32036
32620
33132
33377
37111
42664
44445
41214
35656
31407
30759
31607
32346
32360
32485
32035
31653
34628
59319
140081
251285
266830
166450
74729
40633
34719
39596
47623
47838
39712
33255
32273
34253
35963
34970
31767
31069
32543
34590
34892
34310
33123
33627
39939
57719
71722
66579
57295
58795
58680
47157
35983
32111
32925
36725
40852
41409
36481
33094
32616
34002
33406
31543
30262
29664
29702
30515
31082
31849
31373
31008
30425
30107
30480
31610
33768
35514
34517
32994
32408
33484
36087
39467
54017
113894
248005
352628
289881
142668
56590
33865
31277
31842
32095
31508
30545
30759
32400
36042
39267
39494
38214
36835
35590
33380
32297
34903
43352
58147
86471
153042
226069
214130
128171
62286
37763
32987
32803
31774
31353
34489
40855
46760
43514
35596
30658
29724
30565
31791
35419
52729
101728
162319
164212
106187
55532
35434
31009
31828
46556
89769
144810
147395
94870
49988
36370
40417
45953
43831
36318
30224
27988
28327
30278
31986
32986
33015
33396
32318
31338
37833
57564
78841
76203
54985
40848
37925
37096
40955
53824
67301
63263
50761
42806
41202
39248
37100
38679
46324
49679
43228
33168
29090
28834
29725
30301
30080
29856
29450
28560
27864
28433
28327
28888
32511
35396
36132
33355
31364
32150
33393
32623
30195
30287
31833
31813
29880
28728
28680
29767
30930
32694
36803
41265
39952
36092
33532
31461
31178
33902
41079
49586
51022
44682
37323
32754
30455
32647
40521
49645
50132
42047
37998
39100
38688
35035
32496
32429
31877
31948
31094
31189
41440
74063
113612
115920
78567
45135
32694
30923
31483
32706
33702
32857
35837
48136
60895
59619
50946
45439
39978
32350
28321
27744
28769
30668
31660
32172
31592
30324
28363
27457
28001
28570
30743
34376
37493
38392
38338
35644
32112
29759
28139
26928
26746
26586
27312
28582
29220
29325
29161
29956
32444
34910
35291
33925
33201
33711
36784
49556
75895
96359
82337
51376
33708
29685
28913
28104
27270
26671
26814
27150
28873
39941
80844
154064
197230
151506
77953
38565
28002
27401
26969
26692
26070
27267
32891
47068
62521
66401
68876
98707
129631
115218
70691
40505
31736
30487
29205
28624
30203
32783
33949
31381
29550
31954
35956
37737
36356
33130
29312
26515
25559
26488
27942
28496
28411
27776
27236
27819
29783
36769
52767
70999
71998
53590
38316
33466
34140
35315
35197
40256
49097
53825
48249
42370
39635
37003
37534
46539
62187
71750
62852
45105
36632
36842
42380
55051
67185
61596
44144
32030
28344
27582
28510
32724
38847
41390
38775
34949
32949
34316
39406
44189
45677
42470
36233
32335
32333
35082
35568
32123
29533
30260
31761
32819
35794
47183
58003
53866
42489
43806
71474
107946
132677
168017
229841
267469
231922
144163
68616
35677
26848
25214
24565
25525
28561
31279
30727
28209
27030
26983
27004
26217
24250
23489
23008
23004
23169
23505
24164
24831
25446
25516
25455
25458
26717
29737
34023
37434
35699
29905
25540
24176
24067
24532
25225
26254
26739
26394
26717
30270
36977
43820
46304
40900
36398
35828
34234
29748
25054
24007
24529
25464
26114
26849
30225
36992
47965
53652
46684
35092
28573
27431
27347
27335
29154
33962
39621
40913
35780
28856
26001
27054
31985
37727
38728
34128
29725
27240
26741
27545
28573
28404
27088
27596
30767
32874
31156
27793
25195
24878
25254
28027
31481
32492
30901
30778
36991
50818
69294
91556
119985
134850
121524
99223
77007
53182
37491
31653
28818
26383
25238
26565
29328
30856
35593
59849
111119
146589
124713
71823
39277
31326
35812
41850
46067
44216
36689
29497
29190
35566
40673
40070
33829
28042
24647
23172
22465
22084
22889
23986
24235
24118
24340
26123
30704
36600
37991
33433
28166
26139
25019
24247
23627
24182
28468
36082
42558
40342
33559
27407
24885
25236
27624
29417
31810
39169
60110
83683
84057
59148
36793
28181
26999
25578
25167
25546
25528
24020
23122
22785
23844
23996
23690
24317
28708
40448
59186
77711
75965
55661
37132
33444
40742
45310
39386
30314
26715
26286
26756
26534
25144
23488
23270
23460
23139
23195
24456
25868
26163
24444
22675
21702
21938
22206
23712
30469
43755
55729
51671
38838
29898
28057
28798
28379
28283
28156
27095
25355
24954
26049
25882
24249
23197
21657
21250
20835
21491
21960
22363
22744
22518
22572
22792
24405
27996
30619
30515
31022
39502
73079
139260
191747
167649
101914
60095
50802
50138
49347
46494
39057
30176
25306
23996
25529
27683
28541
27018
25261
24433
23843
23308
22127
21443
21338
22039
25710
37682
62406
83780
80735
57948
39165
31367
29164
29740
29226
26682
24527
23032
22421
22384
22554
23668
25661
28848
29798
27931
24976
23831
24024
24499
25921
27744
29388
29502
27532
25954
25293
24805
24268
24098
23883
23645
23641
23591
23605
23595
24148
23408
22964
22752
22776
23379
24025
25102
26216
26706
25758
24391
22721
21490
21253
21010
21617
22832
22965
22845
22097
22388
22855
23987
24539
25267
25962
25608
24126
24840
30212
37893
40454
35283
28197
24331
22101
21413
20616
21119
21197
21530
23249
24825
24730
22916
23251
24764
27216
27589
25134
22400
21873
22145
22350
22670
22951
23038
22272
22012
22265
22368
22457
22268
22911
23038
23133
22792
21896
21485
21388
21230
21342
21287
21193
21170
21504
21045
20783
20355
20274
20515
21049
21372
21411
21511
20779
20656
20801
21338
22610
24527
25947
25991
24752
22909
22281
22683
23461
23909
23380
22632
22950
24638
25519
25281
24024
23154
22899
21967
21325
20764
20797
20540
20753
21275
21969
22609
23118
23053
22241
21631
21575
21261
22608
24782
25986
25186
23594
22403
22504
23269
23472
22818
21506
20729
21165
21795
22389
22094
22939
24469
29263
33934
35276
30773
24819
21863
21296
21827
22371
22439
21686
20704
20673
20509
20661
20850
21013
21773
23300
25556
26474
24269
21829
21375
21588
22172
22092
21061
21235
20488
20782
21209
22335
23914
25839
30565
36828
39170
33569
26653
22298
21460
20655
20142
19553
19541
19602
19954
20307
21368
21505
21893
21668
21185
21510
21885
22238
22237
21484
22366
22320
22216
21564
21744
23505
24981
25743
25773
25279
24192
22174
21463
20861
20385
20367
20278
20485
20700
20613
20161
20046
19818
20071
20575
20340
20113
20338
20214
20380
20332
20359
21088
21544
21975
22027
21849
21604
21465
21676
23225
25149
26258
25506
23360
21299
20209
20009
19720
19852
20010
20684
21107
21858
21996
21659
21151
20752
20839
21480
21673
21592
21077
20710
21263
21894
22271
21612
21180
20578
20084
20017
20071
20237
20500
20858
21237
21095
20960
20386
20621
20783
20919
21246
21101
21936
23326
24490
24748
23736
22775
22417
21892
21515
21191
22042
22037
22700
22535
22471
22358
24054
35729
94283
264108
522833
659527
522315
274871
121388
67663
45892
30540
23150
21679
21169
20449
19795
19739
20892
23680
26118
27168
25197
22775
20536
19494
19194
19179
20032
20243
20157
19539
19581
19290
19363
18884
18955
19631
20086
20991
20902
21231
21905
22454
21585
21513
22675
24471
23890
22165
20599
19525
19319
18704
18883
19610
21501
23350
23288
22163
21312
21265
21614
20874
20352
19862
20271
21739
22676
21899
21090
21967
24328
26540
25759
22793
20392
18965
19105
19131
18450
17986
18169
18550
19559
20464
20594
20719
21352
21191
20887
20865
19863
19605
19648
19624
19763
20043
19329
19487
19982
20374
20343
20116
20455
20033
19906
20394
21467
23195
23246
22418
22287
21853
22033
22705
23051
22254
21089
20230
19614
19118
18765
18970
19235
19193
19139
19742
20017
20759
21831
22212
22845
23489
24411
24480
22561
20814
20185
20016
19923
19423
19818
19937
19923
19590
19275
19189
19552
19719
20289
20647
21389
21717
20604
19745
19333
19324
19179
19384
19177
19297
18769
19026
19020
19126
19209
19452
19303
19353
19087
19248
19693
19440
19200
19236
19508
19931
19978
20488
20077
19481
19391
19366
18934
19378
19682
19674
19384
19239
19285
19397
19720
19596
19515
19405
19100
19321
19453
19997
20984
22074
22691
23128
22504
21500
21336
25427
33731
42315
42356
34433
26351
23334
22270
21396
20881
20852
20577
19840
19890
19354
19388
18921
18745
18533
19117
19721
20182
21187
21892
21018
19537
18894
18646
18539
19335
19619
20114
19845
19531
18521
18679
18943
19165
19107
19196
18820
18823
18727
18854
18664
18877
18857
19184
19369
20164
19862
20083
20638
21332
21298
20879
20069
20323
20443
19989
19203
18642
18558
18573
18454
19086
19562
20709
21993
22365
21927
20481
19684
18917
18317
18398
19140
19655
20083
20726
20563
21224
22034
22654
22057
21356
20530
20103
19972
20481
22404
28438
39897
51965
54066
44135
31405
23513
20453
19391
18895
18309
18526
18413
18616
18879
19275
19659
20135
20670
22277
24218
25500
24763
23888
22853
21240
19615
19008
18469
18593
19541
20736
21933
21916
21427
22174
22846
22332
20874
19926
18887
18368
19201
19843
19768
19243
18562
18190
18882
19762
20952
21269
20961
20292
19686
19930
19832
19724
21876
26229
31147
32118
28175
23195
20018
18909
18778
18948
18851
19344
19611
19854
19713
19201
18481
18305
18144
18555
19496
22467
26028
28515
27370
24120
21321
20554
20748
20247
19184
18357
18201
18483
18541
18639
18902
19591
19589
19729
19783
19938
21840
24169
25843
24963
21914
19547
18643
18331
18426
19009
18946
18929
18726
18787
19235
18865
18192
17856
18461
19305
21220
23163
23286
21473
19683
19084
19044
19397
19707
20554
21064
22290
22647
21909
20351
19448
19433
20966
27467
49821
101218
165034
187697
145199
81539
40395
24244
19753
18422
18674
21115
25237
29279
30364
27475
23565
20440
19727
21009
23979
25604
25319
22804
21325
21923
22702
22524
21299
19887
19158
18804
18953
20094
21408
21209
20131
18412
17902
18614
20762
24108
26369
25614
22986
20217
19036
18189
18002
18213
18587
19071
19153
18777
18294
18630
19018
19480
19320
18495
18038
17679
17508
18061
18700
20138
20986
20814
20555
19619
18998
18487
17762
17810
17740
18232
18203
18142
17842
17948
18192
19494
21858
27822
38237
47196
45671
34142
23767
18943
17600
17948
18133
18866
20486
25323
33867
40489
38107
28954
21528
18686
19332
20997
22208
21226
19799
19533
20707
21060
21389
21425
20933
19956
19482
21252
26737
38301
49280
52096
44567
34139
28391
26529
29815
35613
39195
34753
26735
21964
19287
18541
18214
18317
17432
17302
17109
17552
17614
18827
20758
20885
20266
19558
19785
20495
19922
19121
18485
18162
17900
17826
17079
17383
17338
17367
17219
17086
16676
16923
17342
17527
17286
17362
17058
17402
18046
18819
19847
19939
19436
18264
17083
16910
16665
17156
17712
18071
17977
18141
18155
18643
20007
22081
24283
24215
22886
21310
20068
19235
18352
17192
16890
17051
17357
17497
17421
17196
17220
17026
17511
17420
16833
17096
17133
17671
18224
18505
18345
18105
19715
27235
48492
82003
104181
93457
60459
32709
20334
16720
16821
17131
17224
16968
16874
17160
17863
17989
17752
17125
16310
16258
16352
17104
18115
18488
18279
17530
17533
17501
18053
18053
17805
17487
16744
16486
16369
16485
16559
16143
16311
16780
17988
18740
18536
18458
18318
17871
17580
17432
17188
17613
17985
18212
17535
16963
16376
16521
17138
17590
17818
18334
18326
19104
19646
19083
18989
20148
21984
22793
21017
19098
18458
20558
23908
25418
23723
20425
17360
16770
16362
17207
17951
18321
18317
17677
17132
17286
17629
17796
18085
18541
18413
17751
16810
16594
16247
15661
15633
15793
16099
16467
17293
17979
17824
16881
16139
16068
16597
16635
16779
16873
17319
17853
18522
18733
18348
17684
17006
17057
16766
16645
16669
17365
19160
21838
24822
26133
24861
21474
18478
17203
17298
17648
17829
18250
18588
18871
19452
19685
19441
18586
17995
17647
18418
20670
22977
23590
23192
22192
22095
20781
18619
17110
16268
16522
16910
18113
20160
22862
24473
22470
19844
19149
22587
30829
39811
41168
34654
26342
21195
18757
17738
17667
17938
18859
19195
19029
17972
17113
17067
17758
18014
19278
24301
41017
73096
103556
104970
76123
42651
23650
17394
16098
16599
17581
18952
19362
18578
17526
17699
19085
20832
22760
23584
22502
20098
18119
17051
16342
16382
17263
18185
19289
20395
20476
19638
18384
17705
18298
19233
20087
19604
18471
17099
16751
17272
17204
16792
16170
16029
16925
18346
19314
18819
17582
16516
16387
17233
18732
18998
17988
16704
16228
16573
16961
17079
17697
17630
18659
19076
18905
18125
17185
16787
16729
16991
17862
18359
18302
18569
18326
18756
18295
17697
17196
16299
15931
15613
15633
15909
16282
16486
16492
16194
15782
15434
16179
16797
18079
19709
21355
21476
20491
18992
17558
16950
16296
15808
15758
15418
15445
15115
15003
14986
14695
14847
15053
15357
15679
15970
16532
16854
16907
16734
16069
15855
16101
16990
17756
17561
16898
16639
17061
18029
19898
20664
20194
18239
16348
15336
15238
15253
15484
15750
15583
15554
16651
18835
20264
20622
19055
18280
17648
17539
16598
15814
15808
16153
16028
15157
15256
15158
15202
15184
15366
15902
16938
17882
18280
17370
16563
15930
15439
15210
15066
15166
15375
15519
16383
16685
17409
17680
17425
17394
16888
16414
16013
16059
16388
16410
16220
15592
15073
15233
15360
15591
15753
15915
17619
20415
22218
21672
19730
17430
16469
16088
16051
16148
16480
16572
16573
16220
16209
16353
16181
16080
15951
15654
15575
14963
14935
14238
14752
14757
14740
14814
14730
14876
14817
14513
14916
14627
14835
14755
14409
14112
14120
14529
14470
14796
15241
15353
15217
14942
15057
15306
15322
16037
17049
18068
19441
20661
20349
18640
17070
16418
16928
17148
18075
18052
17290
16376
15759
15257
14903
14935
15139
15370
14826
14541
15179
16301
18788
23684
30835
36361
34285
27520
20871
17492
16747
16646
16500
16327
15985
15422
15134
14946
15358
17650
21502
25691
27921
27373
25818
24233
23455
26041
30706
32225
28450
22150
17447
15714
15541
15843
15747
15378
15519
15122
14951
14921
15055
15136
15000
14957
14641
15014
15387
16881
18921
20873
21100
20266
18540
18374
18661
19132
17792
15877
14601
14620
15585
16824
17306
17289
16585
17241
16880
16572
15772
14709
13961
13755
13993
13916
14019
14462
14834
15319
16207
18376
20966
21182
19636
17049
15333
15409
15152
15474
15097
14628
14110
13846
13646
13616
13903
14088
13913
13958
13839
13860
13945
14172
14096
14345
14675
14664
14219
14016
14052
13978
14121
14251
14191
14407
14095
14066
14196
14263
14092
14231
14416
14965
15265
15214
14868
14788
14822
15470
17050
20855
26125
29708
28537
24087
19901
17119
16085
15564
14994
14570
14736
15088
16059
17238
18361
22213
33134
53104
71646
73988
58964
38808
25793
19771
16957
15870
14954
14468
14370
14182
13918
15078
18902
27446
36115
39918
33643
24779
17526
14747
14120
14218
13792
13769
13681
13632
13765
13913
13798
13606
13583
13641
13459
13515
13196
13093
13188
13134
13407
13630
13510
13349
13713
13922
14407
14802
14251
14186
13839
13581
13543
13520
13804
13800
13889
13414
13280
13074
13091
13068
13223
13398
14195
14694
15630
15868
15418
14787
13820
13357
13216
13272
13033
12772
12859
13097
13153
13280
13886
14430
15199
16071
16641
16097
14988
14182
13858
13335
13498
13517
13539
13448
13249
13290
13225
13484
14074
14185
14517
14998
14819
14881
14673
14695
14682
14867
15839
17355
18165
17551
15826
14979
14542
15066
15654
16011
15536
14733
14280
14393
14709
15284
15846
15091
14509
13950
13717
13446
13661
13921
13721
13826
13816
13375
13145
13443
13412
14143
15238
15660
15533
14618
13833
13021
13050
13393
13946
14324
14091
13416
12741
12646
12761
13099
13378
13706
14679
14754
14700
14135
13387
13064
13242
13963
15016
15269
15021
13826
12901
13251
12942
13293
12897
12942
12638
12559
12629
12578
12751
12774
12853
12929
12912
12950
12895
13324
12939
12865
12575
12583
13328
14508
15238
15951
15242
14693
14287
14924
16087
16923
16445
15106
14104
13185
12750
12267
12097
11923
12195
12327
12567
12537
12471
12671
12830
12763
12866
12634
13159
13256
14001
13787
13696
14261
15127
15299
15189
14057
13203
12565
12491
12602
12613
12784
12897
12486
12664
12487
12574
12798
12937
12872
12692
12580
12950
12831
12789
12528
12378
12239
12437
12314
12560
12862
13047
13433
14384
15639
16295
15887
14837
14149
13353
12879
12314
11932
11646
11720
11738
11739
11390
11699
11504
11710
11795
12768
13815
14303
14049
13140
12050
12161
12119
12217
12270
11940
11896
11874
12202
12214
12182
12398
12537
12614
12395
12032
11727
11899
11914
11505
11247
11551
11464
11784
11951
11894
11827
11956
11823
11640
11611
11674
11923
12202
12794
13424
13242
13501
12686
12037
11750
11741
12543
13214
15152
19695
30263
48711
72788
94565
108990
107326
84444
52508
28688
16275
12315
11155
10812
10730
10794
11245
11974
12599
13271
12961
12819
12734
13530
14155
14426
14261
13158
12261
11360
11261
10990
11128
11355
11781
11505
11575
11511
11547
11595
11618
12636
14105
15432
15988
15045
13458
12259
11305
10868
10904
10897
11128
11232
11267
11290
11554
11582
11409
10997
10855
10609
10505
10487
10778
10654
10930
11662
12715
13979
14531
14264
13369
12370
11981
11994
12182
12302
12951
13840
16359
20083
23242
24292
23241
19943
16333
13237
11793
10751
10543
10753
11414
11741
11607
11253
10837
10839
10975
11316
11173
11441
11827
11761
11601
11197
10738
10358
10187
10161
10239
10815
11123
11481
11907
11788
11613
11602
11748
11376
11325
11098
10630
10519
10749
11073
11126
11260
10906
10957
10846
10871
10848
10369
10034
9915
10158
10030
10133
10536
10936
11473
11464
11269
10825
10935
11170
11621
11652
11322
10676
10408
11779
14601
18930
22425
21972
18022
14277
13002
14354
17450
20480
20379
17781
14138
11931
10903
10604
10048
10468
10579
10614
10595
10542
9937
9907
9740
9972
10295
10424
10907
10853
10661
10419
10067
10337
10236
10210
10277
10428
10238
10148
10099
9803
9979
9895
9827
9855
9869
9780
10004
10193
10598
10919
10809
10878
10534
10312
10433
10037
9874
9996
9892
10573
11407
12733
13933
14314
13512
11921
10761
9895
9715
9799
9976
9976
9671
9752
9734
9703
9481
9270
9370
9520
9515
9761
9985
10695
12081
13123
13103
12179
10782
9785
9288
9048
9284
9290
9495
9763
9995
10964
12412
13443
13927
13908
13149
12446
11529
11031
10651
10307
10057
9876
10025
10678
11868
12346
11926
11228
10260
9606
9455
9517
9590
9971
9792
9959
9844
10216
10514
10615
10444
10301
10465
10617
10236
9692
9585
9311
9367
9196
9852
10392
10479
10578
10421
10039
10118
10380
11511
12707
13191
13570
12430
11155
10099
9658
9728
9922
9643
9514
9397
9300
9179
9531
9747
10046
10590
10647
10766
11095
11841
14102
17051
19270
19365
16171
12844
10967
10011
10370
10493
10460
9967
9373
9160
8782
8846
9010
9570
9793
9755
9621
9450
9426
9160
9248
9345
9851
10072
10252
10358
10369
10560
10104
10121
9960
9874
9576
9306
8906
8693
8628
8854
9207
9387
9678
10959
14027
18711
22231
22251
18450
14315
11476
10272
9599
9440
8951
8987
8908
9341
10490
13093
17345
21358
23733
23843
21844
19860
17672
15090
12532
10667
9872
9599
9789
10132
10017
9795
9343
9062
9302
9239
9385
9273
9281
9011
8885
8546
8617
8536
8827
8750
8976
9177
9237
9210
9633
10745
12628
16053
18647
18278
15982
14537
13487
12429
10684
9122
8352
8305
8694
9333
9723
10010
9809
9775
9702
9591
9936
9940
9892
9404
8996
8812
8882
9072
9245
9052
9321
9429
10159
12123
14815
16526
16130
14286
12283
10626
9853
9062
8811
8551
8989
9488
9988
10445
10658
10423
9662
8898
8804
8588
8718
9020
8477
8653
8585
9405
9662
10220
11135
13136
16295
19502
21201
20419
18541
17787
18595
18491
16674
13414
10710
9067
8500
8269
8257
8499
8617
8970
9000
8998
8974
9396
10800
13224
15120
15056
13512
11540
10584
11237
11827
11469
10324
9507
8876
8791
9071
9032
8719
8530
8324
8284
8079
8112
7798
7931
7882
7977
8224
8350
8431
8313
8233
8137
7920
8130
8082
7969
7992
8117
7967
7901
8051
8173
7994
8127
7869
7758
7596
7717
7711
7622
7595
7450
7602
7953
8154
8118
8269
8287
8328
8602
8934
9267
9056
8719
8051
7820
7855
7962
7938
7901
7785
7766
7799
7507
7282
7384
7600
8084
8610
9320
9763
9568
9104
8802
8362
8590
8763
9041
9016
8879
8410
8367
8428
8273
7930
7866
7748
7796
8029
8021
8067
7942
7814
7747
7856
7735
7908
7682
7641
7565
7342
7364
7362
7584
7851
7781
7729
7667
7900
8118
8114
8100
8093
8046
8181
7937
7784
7749
7522
7473
7538
7483
7363
7150
7253
7660
8569
9105
9691
9306
8796
8255
8189
8700
9733
10144
9981
9477
8453
8114
8068
8515
9266
9559
9647
8973
8314
7928
7830
7804
7738
7854
7501
7333
7180
7223
7058
7164
7293
7327
7297
7439
7146
7251
7415
7596
7629
7855
8127
7890
7927
7655
7558
7420
7370
7330
7148
7079
7139
7259
7505
7409
7534
7290
7145
7229
7206
7205
7184
7201
7137
7062
7227
7127
6981
7141
6879
7134
7111
7137
7314
7453
7547
7317
7257
7364
7396
7755
7777
7711
7441
7215
7162
7315
7590
7428
7237
7221
7127
7022
7328
7813
8492
9114
9491
9283
8506
7763
7506
7270
7185
7213
7281
7396
7392
7335
7395
7612
7871
8182
8362
8377
8490
8474
8455
8562
8591
8385
8096
7694
7576
7562
7600
7724
7654
7873
7747
7721
7684
8208
8386
8400
8346
8015
7763
7693
7510
7321
7152
6918
6771
7052
7184
7190
7136
7103
7227
6896
7060
6911
7105
6952
6964
7013
6783
6959
6807
6815
6756
6711
6810
6797
6590
6796
6605
6837
7038
7389
7556
7707
7989
7817
7975
7855
7650
7431
7387
7028
7064
6997
7114
7089
7098
7067
7183
7479
7477
7511
7508
7186
6993
6735
6800
6778
7050
6992
7105
7020
7122
7005
7213
7260
7286
7295
7266
6948
6759
6376
6360
6368
6459
6348
6322
6332
6529
6857
6913
7341
7799
8030
8300
9056
10947
13044
14669
14123
11811
9440
7859
7237
7084
7145
6918
6613
6340
6211
6274
6560
6546
6491
6520
6422
6554
6717
6827
6985
7184
7786
7978
8194
7952
7401
7070
6749
6663
6633
6405
6421
6520
6501
6286
6096
6066
6015
6056
6308
6438
6740
6911
7006
7203
7269
7143
7023
6836
6630
6708
6874
7374
7786
7591
7292
7224
7585
8349
9033
9082
8434
7645
6632
6499
6419
6648
6448
6503
6334
6285
6207
6007
5966
6077
6286
6397
6487
6670
6705
6697
6788
6319
6278
6230
6195
6054
5903
6192
6296
6323
6404
6565
6666
6549
6508
6442
6613
6673
6757
6642
6830
6739
6564
6336
6193
6043
5832
5955
6057
6000
6269
6234
6454
6845
6923
7218
7160
6913
6568
6276
6204
6086
5903
6031
6090
5719
5769
5663
5821
6179
6397
6561
6639
6681
6435
6621
6941
7394
7539
7596
7160
6366
6046
5857
5853
5902
6008
6320
6255
6244
6083
6053
5789
5844
5769
5751
5753
5639
5940
6804
9543
14891
21212
25421
24344
19480
13241
9033
7215
6697
6361
6329
6090
5950
5751
5789
5795
5902
6034
5917
5810
5778
5688
6067
6915
8164
9322
9598
9180
7815
6674
5958
5738
5609
5519
5419
5645
6021
6323
6410
6250
5910
5615
5527
5500
5799
6320
6513
6560
6665
6316
6041
6156
5967
5895
5571
5705
5570
5653
5558
5487
5711
6062
6688
7450
7834
7902
7607
7101
7587
10914
23442
53659
103734
154970
173395
145466
91321
44505
18221
8587
5884
5773
6557
7400
7645
6841
6158
5568
5355
5326
5378
5430
5631
5608
5451
5473
5543
5437
5455
5508
5510
5314
5200
5217
5170
5332
4998
5070
4869
4899
5065
4995
5116
4893
4818
4960
4839
4885
4888
4926
4737
4727
4684
4616
4903
5041
5031
4951
5042
5169
5043
5111
5227
5110
5324
5639
6627
8867
13580
21285
31476
40159
43156
37847
27676
18228
12045
8510
6792
5604
5107
4972
4997
4937
5099
4923
5008
4838
4605
4450
4515
4277
4292
4398
4574
4791
4944
4902
5045
5285
6200
7726
9947
11386
11219
9335
7273
5470
4413
4224
4178
4067
4244
4156
4328
4330
4151
4068
4021
4024
4110
4131
4429
4582
4468
4591
4592
4739
4842
5191
5361
5621
5574
5383
5281
5088
4868
4966
4945
4887
4782
4568
4454
4405
4197
4136
4259
4526
5151
6326
7512
8161
7597
6560
5491
4788
4528
4502
4544
4629
4590
4575
4531
4502
4407
4354
4285
4543
4520
4780
4982
5561
7108
9588
12250
13710
12981
10263
7430
5797
4769
4481
4566
4538
4552
4532
4386
4360
4246
4236
4222
4197
4261
4258
4370
4477
5059
5907
7315
7984
8311
8292
7799
7866
9519
14737
22540
29797
31496
26007
17040
10062
6302
4664
4325
4241
4318
4277
3902
4151
3965
3953
4057
4017
4239
4290
4453
4648
4729
4774
4785
4857
4809
5042
5166
5145
4945
4456
4163
3983
3892
3990
4039
4000
4045
4122
4257
4225
4309
4293
4347
4365
4364
4167
4191
4169
4094
4048
3918
4252
4252
4567
4765
5078
5144
4882
4557
4411
4139
4125
4111
4192
4321
4435
4507
4609
4714
4690
4728
4548
4606
4568
4354
4365
4388
4359
4828
5355
5592
5662
5160
4819
4335
4285
4363
4662
4613
4667
4517
4318
4151
4111
3982
4098
3883
3833
3783
3824
4072
4034
4192
4631
5322
6064
6309
5984
5184
4421
4138
3984
3922
4168
4196
4280
4043
4001
3915
3999
4161
4224
4205
4187
4181
4161
4277
4509
4501
4361
4341
4043
3991
3997
4120
4053
3957
4014
3806
3810
3918
4046
4003
3773
3669
3638
3635
3579
3672
3907
3859
3942
3997
3811
3836
3816
3854
3947
4276
4689
5216
5156
4922
4447
4126
3648
3591
3676
3625
3615
3523
3650
3567
3583
3665
3732
3719
3728
3739
3662
3643
3602
3507
3633
3597
3597
3583
3588
3694
3683
3844
3985
4265
4856
5662
6363
6427
6177
5371
4625
4502
4295
4319
4373
4315
4021
3675
3625
3626
3632
3712
3863
3850
4095
3997
3964
4019
3898
3905
3846
3799
3989
3876
3804
3880
3887
3770
3836
3973
4005
3935
4139
4208
4265
4304
4220
4151
3939
3674
3654
3719
3723
3815
3682
3611
3364
3258
3366
3264
3668
3854
4423
5038
5810
6340
6088
5600
4846
4303
4024
3922
3901
3890
3812
3724
3720
3759
3919
4289
5583
8018
11371
13870
14553
12121
8763
5812
4263
3476
3278
3381
3374
3536
3582
3680
3719
3761
3514
3479
3350
3569
3747
3880
3920
3821
3697
3593
3408
3176
3163
3136
3202
3316
3397
3294
3471
3244
3318
3429
3334
3415
3749
4027
4265
4521
4458
4204
3917
3908
4044
4116
4116
3908
3661
3499
3594
3713
3715
3694
3478
3599
3605
3568
3804
4014
4172
4098
3995
3622
3420
3455
3387
3522
3618
3618
3836
3813
3518
3423
3140
3206
3343
3445
3587
3619
3326
3266
3079
3315
3292
3421
3622
3755
3741
3695
3676
3677
3713
3874
3758
3753
3959
3804
3898
3715
3707
3773
4484
6116
7682
8428
7695
6137
4899
4253
3968
3915
3709
3681
3647
3798
4843
6742
9836
12400
12903
10802
8058
5897
4660
4344
4295
4092
4208
4328
4709
4736
4313
3852
3396
3213
3132
3465
4444
7411
13709
23319
32168
34892
30241
20154
11395
6209
4257
3679
3938
4084
3907
4011
4133
3964
3861
3792
3879
3742
3647
3639
3627
3769
3914
4054
4092
3879
3676
3599
3459
3280
3158
3086
2949
2988
3082
3176
3274
3241
3201
3217
3317
3405
3506
3533
3722
3883
3994
3877
3591
3425
3302
3222
3341
3427
3426
3457
3413
3340
3125
2992
2922
2844
2790
2999
2785
2914
2825
2733
2939
2860
2927
2878
2929
2929
2955
3002
3085
2987
2879
2898
2792
2655
2701
2755
2685
2896
3086
3150
3193
3772
4108
4329
4378
4134
3658
3322
3089
3137
3312
3376
3481
3386
3641
3974
4295
4650
4681
4545
4803
4777
4457
4037
3476
3237
3048
2946
2899
2787
2814
2754
2800
2778
2895
2878
2965
3063
3212
3531
3561
3627
3311
3194
3033
2977
3040
3080
2981
3091
2991
3138
3502
3896
4188
4170
3801
3375
3078
2941
2900
3150
3396
3597
4238
4490
4667
4812
4651
4317
4071
3911
3861
3509
3243
2934
2741
2764
2756
2844
2897
2869
2918
2733
2856
2869
2885
2850
2821
2903
2955
2787
2669
2688
2765
2920
2975
2926
2854
2614
2501
2471
2449
2622
2570
2799
2791
2815
2912
2944
3066
2936
2910
2995
2808
2853
2755
2683
2676
2778
2845
2870
2861
2878
2934
3079
3206
3289
3145
3148
3169
3149
3300
3211
3055
3012
2914
2879
2817
2712
2934
2935
3196
3267
3168
2966
2619
2622
2513
2650
2621
2726
2825
2900
2921
2868
2808
2832
2835
2824
2910
2741
2495
2473
2595
2658
2737
2765
2867
2574
2500
2625
2589
2736
2750
2805
2978
2945
3075
3244
3952
4814
5769
6375
5927
4959
3841
3194
3099
3182
3221
3074
2939
2754
2738
2601
2564
2658
3013
3622
4552
5500
6233
6396
5582
4641
3904
3141
2943
2648
2694
2709
2813
2807
2780
2801
2824
3097
3589
4096
4671
4962
4746
4018
3493
3023
2841
2794
2735
2718
2620
2612
2614
2692
2715
2740
2600
2610
2789
2777
2810
2807
2757
2850
2943
2886
2921
2765
2829
2906
2942
3101
3028
3259
3428
3616
3475
3208
2902
2702
2598
2612
2694
2721
2863
3057
3296
3428
3187
3115
2780
2761
2765
2655
2700
2629
2683
2596
2505
2557
2590
2946
3475
4261
4936
4933
4675
4150
3476
3142
2836
2796
2725
2628
2526
2566
2649
2762
2732
2767
2833
2965
3149
3211
3219
3157
3165
3132
3135
3017
2879
2643
2562
2536
2371
2398
2472
2418
2483
2568
2710
2732
2881
2934
2991
3109
3174
3252
3072
2971
2844
2643
2863
2935
3040
2959
2886
2681
2557
2626
2821
2911
2875
2964
2797
2925
2998
3235
3484
3510
3209
3066
2904
2733
2745
2563
2509
2559
2513
2345
2557
2578
2666
2789
2880
2966
3007
2873
2897
2838
2935
3131
3396
3578
3598
3477
3333
3324
3160
3137
3003
2781
2610
2596
2482
2515
2556
2400
2376
2462
2420
2509
2576
2496
2418
2465
2226
2459
2287
2264
2312
2337
2316
2271
2334
2343
2452
2720
2875
3149
3135
3088
2960
2565
2532
2374
2370
2441
2524
2563
2812
3011
3386
3656
3614
3526
3261
3016
2967
2680
2577
2589
2508
2447
2509
2592
2665
2723
2690
2483
2364
2386
2297
2536
2634
3001
3308
3435
3195
2882
2742
2634
2588
2667
2675
2514
2414
2363
2314
2181
2226
2062
2305
2398
2535
2895
2992
2972
2912
2645
2571
2423
2435
2498
2435
2422
2322
2200
2382
2379
2500
2562
2709
2742
2557
2482
2472
2425
2347
2286
2322
2450
2533
2345
2524
2413
2281
2230
2310
2219
2247
2499
2686
2896
3147
3280
3298
3101
2940
2803
2594
2563
2432
2332
2356
2332
2248
2527
2757
2910
3144
3317
3369
3807
5239
7841
11621
14416
15077
13233
11267
10429
10934
11872
12308
10684
8656
6269
4525
3608
3067
3023
3226
3363
3339
3570
4031
4720
5641
6253
6230
5641
4763
3798
3309
2945
2990
3140
3153
3132
3134
3001
2965
2969
3251
3475
3485
3348
2989
2711
2548
2502
2518
2398
2425
2362
2241
2235
2172
2138
2147
2213
2343
2258
2409
2494
2566
2655
2672
2609
2500
2558
2438
2675
2845
2857
2920
2732
2536
2423
2306
2274
2208
2204
2176
2187
2154
2196
2166
2191
2229
2239
2283
2462
2621
2828
2699
2836
2895
2788
2742
2689
2558
2666
2859
3006
2935
2907
2806
2753
2663
2575
2599
2464
2690
2874
3031
3172
3012
2825
2735
2655
2713
3068
3208
3175
2960
2890
2513
2497
2423
2763
3399
4298
4809
4793
4311
3640
2887
2432
2205
2196
2262
2482
2856
2989
3071
2812
2578
2467
2510
2771
2966
3135
3411
3388
3240
3223
3074
2916
2991
2976
2992
2924
2601
2293
2236
2126
2105
2112
2161
2094
2184
2053
2029
2037
2185
2152
2204
2123
2099
2116
2269
2201
2280
2392
2468
2415
2369
2483
2419
2276
2274
2225
2339
2341
2711
3113
3990
5713
8458
10622
11522
10154
7650
5134
3337
2647
2267
2211
2218
2179
2268
2311
2388
2511
2266
2315
2252
2290
2343
2324
2465
2462
2435
2473
2425
2423
2466
2374
2230
2230
2178
2083
2266
2311
2254
2255
2205
2220
2178
2406
2635
2939
3120
3060
2689
2405
2122
2008
2030
2099
2226
2464
2596
2928
3039
3016
2907
2669
2404
2231
2202
2279
2411
2534
2692
2797
2742
2441
2146
2123
1944
2088
2089
2197
2262
2382
2422
2341
2308
2162
2186
2233
2078
2082
2112
2234
2271
2213
2409
2523
2581
2634
2515
2424
2288
2303
2433
2499
2584
2608
2554
2509
2533
2478
2198
2275
2411
2247
2292
2362
2406
2387
2435
2413
2468
2346
2373
2266
2124
2095
2112
2079
2188
2204
2281
2300
2328
2351
2524
2413
2513
2422
2352
2232
2243
2258
2182
2094
2154
2035
2190
2200
2243
2303
2262
2350
2318
2341
2206
2270
2327
2405
2507
2672
2625
2462
2513
2521
2442
2629
2647
2766
2892
2951
3002
2826
2685
2564
2603
2468
2520
2454
2601
2502
2633
2510
2546
2574
2594
2670
2662
2539
2545
2551
2808
3022
3478
3531
3596
3509
3129
3045
2798
2591
2393
2428
2512
2527
2559
2554
2633
2515
2508
2335
2469
2375
2281
2380
2487
2680
2955
3043
3207
3056
2662
2597
2635
2487
2585
2540
2410
2273
2262
2068
2161
2085
2010
2072
1984
2058
2142
2128
2130
2255
2261
2324
2408
2471
2511
2568
2556
2725
2614
2696
2756
2789
2688
2744
2889
3233
3417
3473
3306
3089
2724
2575
2484
2692
2801
2975
2952
2770
2672
2652
2553
2444
2397
2628
3099
3522
3960
3904
3522
2910
2539
2240
2271
2399
3101
3997
4969
5685
5581
4588
3663
2885
2481
2247
2234
2220
2255
2325
2409
2651
2673
2584
2766
2874
2929
2769
2629
2500
2247
2214
2306
2345
2425
2374
2378
2232
2259
2304
2406
2636
2675
2782
2660
2355
2309
2307
2280
2455
2622
2721
2681
2672
2437
2284
2266
2181
2193
2299
2255
2251
2300
2285
2273
2323
2534
2528
2461
2542
2264
2188
2024
2021
2138
2124
2083
2085
2033
2087
2224
2267
2511
2658
2673
2660
2582
2392
2230
2239
2214
2295
2288
2343
2232
2149
2037
2055
2184
2109
2137
1971
1902
1991
1913
1911
2010
1936
2066
2070
2138
2267
2251
2259
2320
2359
2513
2511
2418
2394
2364
2526
2525
2434
2561
2433
2513
2605
2407
2460
2306
2236
2173
2005
2005
2006
2019
1985
1962
1927
2031
1969
1900
1877
1818
1932
1870
1940
2067
2089
2131
2015
1992
1924
1850
1894
1859
1847
1760
1765
1809
1744
1767
1831
1963
2108
2281
2360
2292
2428
2489
2428
2323
2194
2217
2082
2256
2454
2794
2983
2968
2748
2429
2209
1972
1862
1790
1677
1747
1955
1998
1988
1936
1904
1864
2056
2195
2339
2592
2676
2559
2386
2356
2092
2088
1856
1817
1827
1927
2021
2263
2330
2261
2206
2077
2084
2235
2116
2056
2169
2352
2538
2440
2480
2300
2024
1905
1873
2002
1894
2025
2016
2064
1967
2036
1918
1951
2033
2074
2081
2121
2274
2781
3509
4428
5272
5557
5142
4257
3264
2745
2776
3744
7444
16596
33689
58299
82423
94682
87703
65739
40149
20605
9572
4861
3009
2615
2551
3099
4343
8059
14967
25859
36117
41454
37698
27341
16305
8476
4108
2673
2347
2559
2662
2768
2603
2322
1926
1772
1623
1454
1458
1489
1713
1925
2019
2178
2277
2260
2179
2027
1613
1538
1336
1282
1232
1245
1243
1245
1257
1321
1397
1416
1403
1375
1294
1192
1227
1292
1377
1506
1669
1614
1703
1681
1604
1481
1419
1322
1296
1297
1289
1238
1291
1258
1214
1176
1138
1156
1163
1204
1219
1301
1395
1334
1302
1301
1154
1161
1259
1287
1316
1438
1507
1670
1686
1587
1667
1562
1515
1398
1326
1252
1217
1254
1203
1274
1166
1163
1171
1248
1159
1183
1174
1193
1233
1203
1335
1334
1385
1415
1432
1490
1473
1442
1384
1496
1505
1696
1877
1997
1995
2034
2360
3316
5426
8143
10715
11848
10844
8056
5079
2985
1821
1353
1208
1233
1339
1461
1493
1448
1464
1449
1300
1205
1232
1168
1117
1178
1128
1124
1216
1215
1171
1289
1239
1173
1202
1325
1450
1907
2205
2472
2566
2297
2138
1766
1399
1272
1154
1087
1050
1078
1011
1159
1090
1235
1186
1205
1316
1325
1445
1647
1895
1889
1802
1609
1421
1293
1221
1149
1169
1210
1173
1221
1261
1222
1204
1208
1170
1179
1096
1066
1060
1006
1034
1094
1161
1300
1422
1515
1553
1483
1453
1367
1294
1307
1198
1297
1168
1203
1144
1216
1237
1349
1439
1811
2566
3757
5369
6719
7376
6790
5338
3803
2595
1908
1829
2095
2227
2211
2169
1830
1542
1291
1216
1055
1002
979
996
1024
1061
1061
1051
1055
991
968
1009
1143
1136
1154
1258
1187
1123
1054
1005
1087
1098
1111
1216
1229
1149
1179
1167
1184
1083
1059
1100
1050
1182
1296
1393
1475
1471
1451
1419
1344
1379
1297
1206
1186
1235
1266
1290
1353
1456
1536
1746
1980
2047
1979
1812
1481
1217
1097
994
1008
1001
1014
1086
1122
1175
1382
1491
1488
1461
1362
1222
1227
1137
1137
1138
1095
1136
1174
1082
1101
1152
1218
1359
1607
2033
2316
2577
2373
2106
1678
1459
1293
1198
1171
1155
1127
1181
1159
1219
1169
1058
1017
947
917
910
901
891
931
975
1009
1073
1088
1042
1052
1009
1056
1046
997
1058
1049
1037
1087
1006
978
973
999
926
1004
1037
1054
1136
1101
1118
1071
965
950
961
986
1023
1029
1007
1079
1029
999
956
980
978
1027
1042
1093
1100
1079
979
944
928
956
944
980
995
961
1091
1228
1186
1302
1239
1206
1215
1275
1484
1670
1773
1752
1487
1333
1151
1093
1073
1086
1198
1239
1253
1250
1247
1462
1711
1954
2095
1975
1795
1444
1198
1087
1036
1123
1058
1097
1022
1049
1013
1077
1173
1088
1150
1167
1191
1188
1295
1436
1831
2364
3173
3765
4118
4257
3940
3551
2947
2281
1938
1510
1290
1280
1592
2457
3926
5831
7114
7548
6593
5101
3471
2307
1547
1195
994
902
893
936
985
1235
1848
2604
3608
4361
4663
3896
3188
2248
1947
1812
2181
2463
2664
2776
2550
2221
1842
1479
1191
1047
1004
1021
1148
1254
1503
1562
1569
1330
1117
974
901
996
1001
1129
1201
1188
1138
1105
989
1047
1143
1138
1159
1171
1038
1001
975
954
992
1033
1087
1090
1076
1004
920
872
863
848
798
822
861
831
860
954
990
1083
1199
1302
1232
1195
1141
1002
1104
1099
1090
1192
1128
1110
1074
1048
1077
1016
963
934
1042
1101
1182
1108
1114
1049
905
904
917
904
974
1061
1070
1159
1454
1841
2291
2486
2482
1992
1674
1253
1118
1020
976
938
914
847
914
901
1024
1100
1312
1308
1369
1380
1192
1119
969
971
928
921
918
881
983
1012
948
908
920
918
950
868
908
965
1038
1158
1214
1290
1413
1552
1530
1640
1523
1549
1250
1135
1123
1238
1246
1388
1396
1326
1259
1239
1349
1609
2007
2124
2098
1861
1650
1357
1187
1118
966
990
939
1022
1049
986
1013
921
931
894
880
822
831
893
903
1004
1048
1071
1035
1056
1061
1049
1110
1075
1102
1033
1014
1037
1130
1174
1254
1275
1360
1278
1316
1370
1448
1392
1542
1458
1341
1338
1204
1110
1045
949
921
820
866
912
972
982
981
970
946
867
890
868
910
885
900
868
852
807
857
891
889
847
899
877
871
801
767
794
826
810
788
830
842
863
873
888
872
873
850
830
777
814
786
766
736
822
731
773
807
813
781
747
779
806
746
816
822
823
833
856
857
995
977
1012
957
956
889
853
821
787
892
904
865
893
876
829
756
819
771
764
815
867
874
896
977
1047
1196
1469
1673
2143
2517
2510
2308
1908
1543
1225
1051
952
912
1036
1230
1555
1829
2181
2115
1826
1533
1206
1027
940
896
941
815
858
885
817
839
842
805
785
801
827
839
866
941
1195
1529
2030
2667
3076
3067
2811
2084
1587
1202
961
897
883
1041
1387
2222
3620
5343
6884
7503
6932
5261
3433
2174
1336
968
930
872
812
849
952
1089
1272
1467
1630
1605
1490
1359
1271
1189
1131
1037
1243
1481
1653
1811
1734
1550
1242
985
861
852
829
833
790
801
836
810
751
747
826
828
804
770
776
817
813
905
1007
1161
1493
1963
2437
2767
2729
2327
1838
1314
1047
952
895
962
892
921
930
1124
1421
1719
1917
1906
1744
1516
1123
1043
912
974
1037
1077
1073
1000
962
868
781
753
808
814
1012
1267
1341
1522
1626
1790
1830
1740
1656
1584
1636
1823
2488
3545
5186
7125
8190
8006
6766
4881
2959
1779
1107
890
810
732
745
715
642
642
686
666
698
641
682
660
655
696
781
869
853
903
878
785
778
717
726
689
713
637
682
695
689
648
706
653
666
738
712
740
770
791
660
759
802
877
930
1081
1228
1144
1066
1009
864
855
956
1246
1620
1992
2279
2114
1824
1473
1143
903
758
733
725
784
800
913
940
887
863
824
728
704
885
1040
1302
1628
1977
2067
1820
1507
1121
922
800
696
703
707
724
696
712
734
761
701
758
765
835
917
1139
1290
1411
1382
1306
1170
1015
912
907
812
756
706
647
666
673
626
693
683
762
839
831
831
887
810
836
809
861
733
772
728
719
782
899
1055
1172
1248
1149
1046
880
805
767
848
892
874
987
951
870
822
897
788
830
816
844
768
736
688
672
641
659
700
670
711
651
649
676
716
712
686
710
684
740
691
748
714
766
696
717
710
651
667
716
638
636
670
697
678
686
672
624
692
681
699
694
723
743
678
721
700
674
711
710
756
701
737
756
643
687
717
683
709
716
729
714
761
819
881
985
1039
1068
1020
946
767
671
686
690
679
767
822
1179
1521
1786
2032
1960
1691
1334
1116
895
769
721
676
615
644
630
687
629
617
650
633
665
646
645
652
648
645
633
607
574
593
614
682
698
653
692
717
759
694
752
781
822
817
855
838
822
782
768
763
724
773
755
738
669
680
687
735
828
1043
1140
1300
1289
1068
993
823
640
584
590
573
616
684
627
675
699
715
780
799
779
778
698
663
663
632
685
663
653
652
582
598
598
637
658
633
650
677
696
681
640
599
695
779
772
795
850
713
648
636
573
557
631
661
647
635
649
635
587
638
732
831
1065
1426
1788
2174
2335
2277
2040
1623
1324
1023
884
727
664
683
618
628
665
657
664
741
978
1249
1775
2432
3464
4033
4356
4137
3645
2825
2083
1452
1157
995
854
833
801
780
769
706
753
703
796
886
1175
1726
2427
3369
4096
4617
5142
5755
6260
6108
5350
4103
3149
2850
2901
3250
3483
3352
3008
2279
1633
1223
958
825
734
706
693
740
714
715
713
684
738
668
724
769
658
701
653
733
719
694
697
680
638
643
637
682
752
845
1134
1374
1776
1946
1893
1682
1304
1114
881
748
721
689
652
676
704
760
755
734
689
678
632
617
582
588
553
563
546
613
607
636
600
611
663
585
584
612
594
634
590
649
637
645
674
626
640
635
593
578
580
576
554
573
561
598
650
661
670
683
712
693
754
768
785
758
769
789
799
809
748
652
620
611
590
626
557
609
606
634
555
569
537
658
632
639
649
763
797
925
1057
976
997
865
757
680
613
616
596
604
618
569
628
710
782
843
921
927
795
779
671
637
678
696
897
1289
2503
4457
7160
9686
11301
11007
8776
6010
3521
2002
1083
745
616
587
548
559
604
548
557
504
517
513
551
493
540
617
613
699
770
774
755
652
596
537
543
551
549
610
690
782
896
965
873
820
871
842
906
885
853
732
630
611
572
544
522
560
551
509
556
557
557
555
548
572
528
541
525
523
518
572
511
589
518
540
552
575
639
634
686
655
641
581
547
614
540
644
620
665
707
596
615
622
606
629
604
668
630
687
709
776
790
944
1144
1538
1871
2041
2267
2094
1835
1459
1124
830
759
638
613
595
584
559
626
690
639
679
739
698
712
671
646
632
635
618
604
667
790
921
1248
1519
1685
1662
1472
1260
961
795
669
599
604
633
630
645
687
639
661
690
679
665
612
653
650
635
603
611
592
634
635
667
640
647
652
681
686
698
702
663
667
649
691
687
633
703
669
684
752
869
1033
1140
1237
1287
1207
1082
924
757
670
696
662
627
680
640
697
669
676
710
720
689
659
636
671
712
708
693
710
680
655
639
658
700
636
639
575
654
724
630
700
666
643
620
667
637
579
595
684
663
617
591
595
576
524
566
587
580
534
526
531
548
533
528
547
551
513
572
574
572
566
561
595
551
613
589
547
583
612
564
546
595
587
554
576
534
545
573
552
537
530
563
541
544
538
541
528
522
561
557
529
578
553
504
556
558
606
560
516
567
557
506
574
581
556
531
549
586
539
535
590
633
700
719
740
782
842
820
778
775
758
893
990
1177
1453
1836
2078
2087
1955
1569
1280
979
769
678
621
618
509
546
562
562
580
586
573
587
583
637
609
591
580
604
566
632
616
561
557
539
594
571
569
559
532
539
593
550
540
568
615
628
615
590
579
587
561
592
553
560
575
611
537
584
583
572
608
622
572
551
599
536
569
564
515
520
546
532
528
531
522
492
527
522
537
518
512
551
585
525
553
543
522
525
526
498
538
557
481
516
568
520
542
519
557
540
540
567
564
559
509
533
489
559
521
521
601
556
583
669
703
691
763
903
1072
1306
1566
1720
1829
1674
1388
1161
949
745
629
491
538
534
502
448
507
478
501
454
421
469
460
448
498
487
471
495
496
479
517
513
545
581
651
682
697
702
666
654
701
703
751
795
795
841
891
813
800
669
555
534
500
478
485
480
503
498
495
437
484
480
504
530
502
446
501
497
471
484
473
493
466
478
495
513
532
577
700
1133
2019
3661
6254
8901
10840
11101
9832
7150
4556
2531
1330
776
555
506
465
526
501
562
557
628
1001
1976
4021
7819
12908
18020
21336
20789
17045
11692
6727
3400
1580
779
540
455
434
425
379
441
389
406
383
354
374
372
361
391
389
354
439
410
404
501
721
1333
2724
5417
9447
13779
16827
17606
15137
10694
6573
3544
1619
730
432
329
364
404
473
575
597
579
527
410
361
309
252
274
246
258
256
274
284
260
290
284
290
268
308
330
313
355
348
337
292
286
249
270
237
246
257
254
222
257
207
268
242
212
234
249
257
267
249
253
255
265
298
298
316
360
367
389
360
310
325
290
274
271
246
253
253
232
272
273
268
272
274
260
270
279
314
361
470
532
593
596
616
653
677
744
845
785
667
524
410
335
313
311
263
253
282
274
278
288
252
262
257
257
276
259
298
327
285
300
288
277
284
278
248
236
259
221
239
277
256
232
232
237
214
245
231
232
277
254
263
289
240
248
251
222
187
202
208
218
195
212
218
234
191
211
203
216
222
203
221
223
217
225
240
243
271
296
324
279
279
261
235
215
201
210
200
218
236
263
263
222
238
233
223
200
210
219
200
215
181
218
233
223
261
231
222
219
224
192
233
217
222
191
227
195
217
219
192
251
217
216
219
209
231
218
227
214
237
224
231
221
209
224
239
216
227
212
200
225
237
204
256
207
249
279
293
316
307
306
284
274
269
281
245
225
253
254
250
361
500
938
1934
3549
5895
8325
9551
9416
7833
5422
3296
1793
870
492
324
261
214
179
174
194
174
177
156
151
171
178
190
157
201
216
268
373
458
590
564
517
475
373
293
233
200
192
238
272
336
372
380
316
266
232
218
178
177
150
156
169
157
192
155
160
167
160
184
169
178
192
184
140
171
166
183
166
147
155
150
134
172
148
168
149
134
154
169
119
152
170
144
150
163
160
154
166
154
174
168
169
178
183
167
160
164
145
230
330
445
657
831
883
778
628
440
317
249
195
152
162
132
172
161
144
154
135
143
163
231
332
439
653
869
1089
1160
1135
952
745
540
403
230
224
175
144
142
141
138
161
146
134
169
180
223
203
235
220
205
246
227
241
236
240
184
195
175
206
215
180
208
178
196
163
151
167
170
181
167
166
138
149
164
129
164
147
155
144
146
139
171
168
147
151
147
149
153
170
132
156
170
171
148
187
154
175
198
192
230
332
509
680
934
1076
1055
967
833
864
1249
2266
3950
6121
7960
8941
8154
6331
4197
2340
1185
542
244
141
120
132
152
159
187
209
213
180
191
172
165
229
227
223
194
149
151
130
111
137
99
110
118
120
109
131
140
143
186
180
196
188
161
155
123
104
102
111
117
121
142
155
155
192
200
203
161
161
151
148
116
97
98
105
99
103
85
83
105
107
92
79
77
97
98
99
90
77
95
75
99
83
92
88
80
76
71
110
95
106
85
87
97
85
72
103
95
92
100
123
124
130
158
176
202
202
193
148
130
105
99
74
98
88
107
74
106
79
104
92
87
106
133
162
198
249
211
249
228
197
143
117
86
81
80
92
62
77
86
86
90
93
85
88
81
91
76
95
99
92
109
85
91
115
102
104
93
95
94
102
95
100
100
119
96
81
111
104
116
113
132
126
127
155
140
139
141
154
163
165
167
154
126
108
114
83
79
65
83
90
73
83
78
78
107
93
94
106
105
73
92
93
94
103
89
91
96
90
91
97
81
125
122
127
132
163
165
145
156
153
148
119
135
148
130
135
174
214
305
435
502
513
451
390
275
187
136
107
97
89
99
98
97
94
105
86
98
91
106
98
94
93
101
121
89
95
100
106
101
106
105
108
110
92
103
123
112
113
118
89
120
115
99
104
107
116
100
111
105
111
110
156
108
128
112
110
97
115
104
103
113
110
107
115
146
142
154
162
136
123
106
99
106
96
89
84
105
105
90
81
82
95
74
92
83
98
100
114
113
155
171
204
184
158
146
135
115
95
110
106
131
133
113
122
127
103
107
94
90
78
100
91
88
95
105
108
93
96
106
83
94
92
63
78
82
78
116
101
96
86
91
75
87
82
69
85
78
90
64
71
87
75
87
84
71
84
93
79
93
107
101
79
74
101
81
106
79
79
83
87
99
101
94
69
66
94
72
99
89
87
85
88
88
80
87
86
95
101
79
111
101
91
79
95
93
83
93
100
85
86
100
83
82
93
101
77
98
112
108
154
185
214
232
267
211
198
165
137
107
86
85
90
101
102
77
85
79
95
90
88
93
92
89
75
91
91
98
96
74
91
94
98
79
113
98
100
103
87
97
101
88
93
91
98
86
80
100
96
86
77
87
85
100
98
76
76
80
77
76
77
84
85
78
74
98
77
86
89
93
81
70
86
100
115
159
171
204
210
209
177
128
127
96
80
103
80
91
91
80
96
116
85
94
86
84
94
84
91
82
87
85
91
85
67
69
71
69
65
89
75
75
80
76
79
87
95
81
69
76
62
81
83
73
65
66
64
76
83
80
67
66
86
86
77
66
87
66
80
66
94
67
70
88
85
73
83
93
107
77
100
90
98
100
110
81
106
88
91
86
101
92
86
86
77
64
68
80
96
86
90
89
99
90
82
102
90
96
111
117
119
104
102
91
85
85
95
75
80
89
71
76
78
87
92
129
138
229
567
1017
1986
3251
4509
5345
5347
4614
3352
2102
1157
554
245
136
70
65
65
59
86
93
124
190
276
414
518
543
540
437
316
204
140
105
81
58
48
43
48
47
38
57
55
65
47
59
45
61
56
46
42
47
57
52
51
44
49
64
44
55
54
44
39
53
39
55
52
60
82
72
96
78
76
77
71
63
61
64
38
51
53
66
53
54
57
50
42
40
44
60
47
85
84
88
72
78
64
53
45
49
38
51
54
35
48
57
63
51
52
36
44
36
54
35
52
55
70
79
109
114
104
110
89
89
62
64
73
77
126
187
294
339
417
379
302
232
140
103
72
54
58
84
123
173
270
365
466
532
561
489
400
316
199
128
82
66
83
72
71
72
58
46
60
51
54
53
49
35
35
37
39
35
23
24
32
37
33
37
46
36
45
43
47
37
27
30
36
35
37
27
32
31
27
34
42
28
34
36
50
36
36
48
42
45
61
50
38
44
35
41
41
35
38
41
52
42
46
45
45
40
32
38
36
42
37
39
29
28
34
39
20
37
38
34
38
33
57
39
32
39
43
64
77
111
113
129
91
83
62
47
43
32
28
39
39
54
49
36
60
61
78
130
149
201
207
199
177
147
87
72
42
31
27
35
31
37
38
36
32
35
35
32
31
39
25
35
38
41
32
36
35
49
45
55
55
64
58
56
60
44
55
40
44
41
72
108
200
239
379
449
434
361
279
205
129
79
52
45
30
28
35
36
25
39
31
34
33
34
34
40
41
28
36
25
37
33
29
30
41
20
25
29
32
35
33
36
35
26
30
39
27
34
39
33
32
28
37
44
47
55
39
51
50
53
31
33
38
33
32
39
26
37
30
41
32
35
36
30
25
34
37
36
32
33
30
38
41
36
44
38
30
29
36
36
36
27
41
27
28
30
33
46
26
33
35
33
26
35
31
39
29
39
41
33
43
54
60
63
48
58
47
42
35
35
30
36
31
30
33
14
37
31
26
38
23
29
33
29
42
28
32
33
42
26
28
37
34
39
37
33
34
34
27
26
34
31
24
28
34
43
40
38
60
29
37
45
34
25
26
28
26
39
44
29
29
40
32
28
37
42
34
29
30
33
30
30
35
25
21
37
29
28
29
25
35
28
34
29
34
32
24
33
36
34
23
32
30
36
34
37
40
32
30
39
35
39
35
33
24
35
21
35
26
24
21
27
37
28
35
37
29
47
43
20
39
34
33
29
31
27
32
29
31
34
17
26
30
35
34
35
30
28
32
33
33
23
27
31
26
22
30
25
31
22
23
33
35
26
29
32
39
32
33
33
37
38
43
29
34
47
36
22
31
43
29
33
26
21
33
38
22
29
27
37
32
25
27
41
38
29
36
39
27
49
32
37
26
32
26
44
47
47
67
66
79
58
67
60
46
48
84
73
98
94
83
63
51
47
44
38
40
34
48
53
63
59
54
54
48
45
42
52
60
42
43
45
42
39
31
27
36
23
25
37
27
37
38
31
45
48
64
52
63
41
40
26
28
24
24
37
29
28
27
41
45
44
33
56
85
94
111
129
123
95
70
64
52
28
35
36
27
26
28
33
31
24
37
39
52
74
108
125
134
148
118
74
75
53
36
36
25
32
32
21
25
25
23
34
24
29
30
25
30
41
29
33
34
30
34
16
28
22
26
27
26
31
28
47
29
85
117
255
437
607
805
911
881
706
551
346
187
97
64
32
19
17
23
30
16
28
39
61
65
75
66
60
72
27
26
21
18
26
18
20
25
21
16
20
22
25
23
19
20
22
24
18
26
31
22
24
22
27
22
29
24
21
20
20
26
21
31
17
20
27
16
27
24
12
29
29
34
46
40
49
48
28
37
33
21
25
29
21
18
22
21
25
20
22
22
21
22
30
32
44
61
135
186
236
301
285
273
217
127
84
58
57
39
46
46
59
61
63
50
71
48
36
32
23
26
23
17
29
18
16
21
24
21
23
15
22
15
23
18
20
17
22
27
25
25
29
31
26
18
30
17
28
22
14
17
21
21
19
23
22
26
38
46
63
66
65
56
44
38
20
18
26
20
18
18
16
25
16
20
14
20
21
20
26
22
22
24
26
14
18
23
29
23
18
29
21
43
39
42
42
52
43
43
31
27
19
21
32
28
28
30
19
15
19
18
18
19
25
21
16
27
19
15
28
20
22
21
15
25
16
21
23
22
14
18
18
22
16
19
24
13
12
15
16
21
21
16
24
17
12
18
18
22
25
23
15
21
14
16
24
21
21
25
18
22
23
28
18
31
31
40
26
32
21
31
37
32
56
80
116
137
130
95
73
49
37
31
24
27
20
22
15
16
26
17
17
18
14
29
17
22
12
27
22
25
19
21
23
22
21
19
31
35
17
26
24
26
17
17
14
10
18
17
13
12
17
22
24
20
10
19
15
21
18
20
17
27
26
59
69
79
135
201
277
323
313
272
241
174
128
82
55
23
29
17
24
18
18
24
30
34
40
52
33
35
38
23
20
23
21
22
20
21
23
16
32
18
12
22
26
22
22
17
27
21
17
28
23
26
32
27
27
30
34
35
32
33
27
18
28
21
22
30
19
15
22
16
26
21
21
22
18
15
26
18
12
16
19
17
23
15
15
20
20
19
22
28
25
26
27
22
21
20
16
25
22
22
26
17
19
19
24
26
18
17
23
17
15
14
24
18
23
23
18
25
26
19
15
22
19
27
14
9
16
18
19
18
27
30
12
23
23
19
26
29
21
21
21
19
13
13
18
19
29
23
13
20
20
20
25
18
32
31
40
43
40
39
37
27
17
30
18
21
19
21
20
15
23
14
16
22
17
24
25
15
24
12
24
12
25
18
23
22
18
20
27
24
19
13
15
14
19
17
13
20
15
17
16
15
19
13
17
11
26
17
14
21
15
18
20
15
21
16
17
20
17
17
17
17
17
15
18
19
29
24
18
24
23
25
20
27
21
27
16
20
24
18
26
21
20
23
30
23
30
32
32
23
28
20
25
27
30
25
15
14
19
18
15
22
18
23
20
20
20
20
19
16
17
17
18
25
30
27
33
13
18
25
22
18
26
33
33
27
35
49
58
67
84
78
69
53
36
38
20
17
31
19
24
23
37
63
77
118
128
123
139
110
101
81
48
26
23
23
23
11
16
21
22
21
18
13
11
20
23
24
18
22
23
14
19
17
15
17
20
21
24
21
14
15
23
31
15
22
20
19
22
23
19
18
26
23
19
23
18
19
22
20
26
20
19
13
26
25
18
27
26
16
17
27
24
18
25
19
14
27
25
18
25
21
17
19
17
23
13
19
27
16
21
23
20
15
19
21
20
18
17
18
16
18
15
20
13
19
20
14
17
20
19
18
17
21
16
17
18
17
20
11
19
18
17
22
24
15
19
27
20
13
20
13
19
19
16
14
15
22
16
20
19
14
17
10
13
20
18
21
17
18
18
14
12
26
18
10
25
25
20
15
12
16
20
19
19
25
23
9
26
19
13
18
21
26
19
21
20
15
26
22
21
22
20
16
14
16
13
27
16
12
24
33
35
52
82
129
153
188
182
204
161
150
86
64
48
35
39
32
20
26
21
13
16
21
18
16
14
16
16
12
16
22
22
10
30
20
23
19
19
13
17
16
9
16
20
19
21
18
20
16
20
20
18
23
22
14
15
24
21
19
17
18
33
16
16
15
18
18
9
14
15
13
20
15
29
21
16
15
17
20
21
19
27
20
13
16
22
17
17
15
18
26
23
30
35
37
29
31
40
27
12
23
14
26
13
12
14
16
12
17
13
9
15
16
22
16
12
12
14
9
14
15
21
16
14
17
24
18
15
12
22
13
18
11
10
10
11
9
16
15
10
17
12
14
14
16
13
21
13
10
12
14
16
14
8
15
14
18
15
15
15
19
15
15
16
14
15
13
20
14
17
10
14
8
10
12
13
8
11
13
10
14
15
17
17
19
11
17
15
10
19
13
14
18
24
19
14
17
19
17
19
22
17
22
17
11
18
15
8
15
14
10
12
17
15
16
20
20
14
14
23
17
10
20
15
21
16
26
36
46
107
210
402
642
876
1097
1170
1115
883
614
427
233
116
55
20
14
13
12
19
32
57
59
78
71
85
57
51
28
20
22
17
10
20
6
7
9
12
5
7
5
9
7
2
8
4
8
9
11
2
11
6
4
5
4
9
5
5
9
5
13
7
11
7
14
10
12
10
8
6
5
7
4
3
8
7
8
16
7
10
5
6
8
7
16
7
15
21
26
37
38
43
43
40
44
20
27
11
14
9
8
3
5
7
5
6
4
4
8
6
2
6
10
7
9
4
3
6
5
5
10
11
3
12
4
13
6
6
2
11
4
7
7
5
8
3
8
3
7
7
5
7
7
8
1
9
10
6
10
5
7
13
25
38
59
67
68
73
60
54
37
26
17
6
9
4
6
3
5
4
1
7
3
5
4
4
5
7
9
12
1
5
6
5
8
3
5
8
5
4
6
4
3
7
3
6
10
7
2
4
2
6
5
5
5
7
6
4
2
3
6
9
4
11
3
2
3
4
6
6
1
4
6
1
5
6
3
5
2
8
2
2
3
6
7
9
13
14
20
22
31
18
20
17
12
8
10
8
11
6
4
7
5
13
4
5
3
4
6
4
4
8
0
6
6
7
6
4
10
4
7
5
4
7
5
6
7
5
4
9
12
4
3
8
6
9
3
6
5
3
3
3
3
6
5
3
7
6
6
3
6
6
5
4
7
5
8
8
4
4
3
3
8
5
4
7
2
6
7
8
9
5
7
4
2
6
5
4
9
3
3
5
0
4
4
1
6
5
6
5
5
2
4
7
7
5
6
4
7
3
7
2
7
6
7
5
4
7
5
5
6
7
5
6
5
4
7
6
7
4
2
8
6
5
6
9
6
9
3
2
4
5
8
3
4
4
4
6
6
5
7
6
8
8
2
4
4
5
4
7
4
5
7
3
6
3
3
4
5
4
17
9
9
9
6
4
7
5
7
6
6
6
3
4
8
3
5
5
4
4
5
3
5
5
5
7
3
6
6
6
9
3
1
9
6
4
9
9
6
3
7
6
6
8
5
5
3
3
4
2
7
7
5
7
3
5
3
4
7
1
4
3
4
0
3
6
4
5
6
6
4
5
6
1
8
6
6
4
3
6
4
4
3
4
4
3
9
4
7
3
3
4
8
7
3
2
7
4
4
7
4
6
8
11
7
5
6
5
7
5
4
5
4
5
3
4
6
8
6
5
6
6
6
4
6
2
6
3
6
5
4
4
2
4
4
2
5
4
4
4
4
2
5
5
5
4
5
4
7
7
8
3
8
7
5
10
10
9
4
6
5
4
2
5
6
6
5
4
6
5
10
13
13
22
23
26
23
16
14
14
7
7
1
6
8
5
4
9
5
11
12
4
10
13
14
19
7
8
9
4
8
2
6
6
6
5
1
5
9
4
4
2
9
5
6
7
5
3
9
7
3
9
3
4
8
3
7
8
3
7
5
3
6
7
5
3
3
3
5
2
4
7
3
4
4
4
3
8
5
5
6
8
7
2
9
2
6
5
5
2
2
6
11
3
9
2
8
7
10
7
13
9
12
7
9
13
5
5
7
2
5
6
6
7
1
8
5
7
5
4
5
2
8
1
7
5
4
2
2
4
3
1
3
6
3
4
2
2
6
5
4
5
5
6
3
4
2
4
7
6
8
2
3
2
4
2
4
6
9
6
7
7
15
13
25
17
33
25
26
26
19
17
6
4
2
2
3
1
1
8
5
3
4
5
4
3
8
5
6
3
4
1
2
4
4
4
5
2
4
6
4
5
5
5
3
3
2
7
3
2
4
5
6
3
4
5
4
0
11
2
3
4
6
10
14
13
18
22
33
32
38
24
25
24
19
8
13
10
11
7
4
3
4
2
2
1
4
4
6
2
3
2
8
3
1
1
1
5
3
2
3
1
2
4
2
3
1
5
3
4
4
3
1
7
6
4
3
2
5
1
3
1
3
8
3
0
3
4
8
5
1
6
4
6
5
3
4
5
4
4
5
4
2
6
4
1
4
8
6
5
5
4
3
2
5
8
6
7
12
8
4
5
7
11
5
4
4
1
1
4
8
2
5
6
3
3
2
5
2
3
3
3
0
3
2
5
2
1
6
6
4
1
6
6
3
0
2
4
4
2
10
2
4
4
1
4
5
1
6
3
7
8
12
20
16
35
40
70
70
61
52
43
30
18
12
8
4
12
5
7
2
2
2
2
4
3
2
2
3
0
0
3
3
4
3
2
3
3
4
6
1
5
6
2
5
2
3
6
2
5
4
4
1
4
3
3
4
5
2
4
4
1
3
3
5
1
3
3
4
4
4
1
1
4
2
4
1
3
2
3
2
3
3
4
10
2
4
5
6
3
4
3
6
3
3
2
2
6
3
3
6
5
3
4
3
1
4
2
1
7
1
3
4
4
1
2
4
3
5
1
1
1
9
1
5
3
4
5
8
4
2
5
1
2
1
4
2
4
3
4
2
4
4
0
7
3
1
6
2
5
5
2
3
0
4
1
3
2
2
0
2
5
3
2
3
1
5
1
5
4
2
1
4
1
1
4
5
5
8
5
2
4
5
1
2
2
2
5
4
2
8
8
7
8
9
5
8
4
0
2
2
3
2
2
3
2
4
4
2
3
1
7
7
3
2
4
7
7
6
8
7
4
2
3
4
3
4
0
2
1
4
3
1
4
4
2
1
5
5
1
3
4
3
2
1
4
0
7
1
2
5
1
0
3
0
5
1
2
5
6
5
1
2
4
5
1
1
1
1
2
2
6
7
2
3
2
3
0
6
2
3
6
1
5
4
1
5
2
4
1
6
0
4
8
4
5
8
2
4
2
8
4
1
4
2
2
1
7
6
5
4
5
3
2
2
2
3
4
4
5
2
2
5
3
3
7
2
0
2
3
2
0
5
4
2
3
4
3
2
3
4
0
1
5
3
2
4
2
3
0
5
3
3
4
2
4
3
6
2
1
2
5
2
2
6
3
0
2
1
4
3
3
4
4
8
2
6
4
4
3
5
4
4
2
0
2
2
1
3
3
3
0
5
3
3
6
3
5
5
7
3
3
6
3
2
2
3
6
4
8
5
4
2
3
5
5
2
4
1
1
1
1
1
4
2
7
3
2
4
5
3
3
5
1
2
3
3
1
3
7
2
2
3
1
2
4
4
3
3
2
1
5
4
1
4
2
4
2
1
2
1
1
2
3
3
3
4
1
5
5
1
1
5
3
6
5
3
3
1
2
2
0
3
4
3
3
5
3
4
8
4
5
2
2
1
2
1
5
2
4
2
3
4
5
3
3
3
6
6
1
2
6
7
2
3
1
0
0
3
3
4
4
4
1
1
4
2
5
2
1
3
2
4
3
4
3
1
4
2
5
3
1
1
7
6
3
4
1
3
2
3
3
6
3
1
7
5
3
2
1
1
2
0
3
7
2
2
2
1
5
3
3
4
0
3
6
7
0
3
1
4
4
3
1
2
3
2
2
3
4
4
1
4
3
2
0
4
6
2
3
3
1
2
6
1
5
3
2
2
2
5
1
3
2
2
0
1
4
5
4
2
7
6
1
5
5
5
4
4
3
3
3
2
3
2
1
6
4
1
2
4
2
2
5
1
5
1
2
4
2
4
4
4
1
2
3
1
3
6
5
6
5
9
5
10
8
13
8
17
9
12
8
11
10
6
6
5
3
2
0
3
3
2
2
2
1
6
2
4
2
3
4
3
3
3
1
2
2
2
1
1
3
2
6
7
3
4
5
3
2
6
1
6
1
4
4
2
5
2
3
4
6
9
2
3
2
2
2
5
1
4
4
8
2
3
2
2
4
5
5
3
4
3
4
3
3
1
3
3
4
5
4
1
5
3
4
7
5
3
3
1
5
2
4
4
1
1
3
5
5
3
3
2
2
5
4
2
2
3
4
3
1
5
5
4
1
2
5
2
5
4
1
3
1
3
3
6
3
1
2
3
4
7
1
4
5
2
4
7
9
10
9
8
4
4
6
4
1
9
4
4
2
5
2
7
3
1
3
5
0
1
3
4
3
2
11
5
2
2
1
2
3
3
4
1
4
1
2
0
0
4
9
6
2
2
2
3
6
4
2
4
3
3
4
1
6
2
4
3
3
4
1
5
3
4
3
5
3
4
4
4
2
2
2
3
4
2
6
0
0
5
4
1
1
5
4
5
3
3
0
2
3
3
4
3
7
8
11
12
20
21
19
17
7
11
8
4
4
2
5
3
3
2
3
4
2
5
4
3
8
6
6
11
11
11
13
16
8
6
3
1
3
3
6
4
2
4
2
4
2
5
1
3
5
4
2
4
4
5
2
1
1
8
0
2
6
2
2
2
3
4
5
1
4
3
3
5
6
7
4
0
2
2
3
5
2
5
2
5
0
3
1
0
2
1
5
4
5
5
5
4
1
5
3
4
5
6
1
4
2
2
4
1
4
3
1
3
1
5
1
2
1
6
1
5
7
5
8
5
4
2
5
3
6
6
7
6
3
2
3
4
4
5
3
6
6
5
4
5
5
6
3
1
2
5
0
1
7
5
5
3
3
6
3
1
3
2
5
3
5
4
1
5
4
3
2
2
6
5
3
6
4
1
1
2
6
3
5
3
3
6
7
5
7
4
3
7
5
6
3
4
4
6
7
5
4
2
0
3
1
3
3
4
1
3
5
4
3
2
4
1
4
3
3
2
5
3
2
0
3
1
4
5
6
4
1
6
3
4
5
2
4
2
2
1
6
4
4
1
4
5
6
2
5
3
2
6
2
4
3
3
4
2
5
2
3
4
2
3
5
1
7
6
4
2
2
6
3
3
1
5
0
8
6
2
2
4
2
5
2
1
2
4
1
2
3
5
2
2
0
3
3
4
4
3
4
2
6
5
1
4
2
3
3
2
3
3
1
4
7
1
2
5
1
4
3
4
5
2
2
4
3
3
1
3
3
3
2
6
5
2
3
5
2
3
0
4
4
3
4
3
4
1
5
3
11
3
3
3
5
2
2
0
4
3
5
6
3
5
1
3
2
0
4
2
4
4
2
5
6
4
0
0
4
2
2
2
5
3
6
3
4
4
3
6
6
4
4
7
4
2
4
4
4
4
1
3
3
4
3
3
4
5
7
5
5
2
5
2
9
4
5
1
2
6
3
0
1
6
2
8
2
2
4
13
13
15
17
29
35
26
24
32
29
14
6
8
5
4
3
4
7
2
3
5
3
5
4
1
6
2
4
6
2
3
3
6
2
2
5
6
9
4
5
5
4
4
5
5
5
1
5
4
3
3
6
4
2
4
3
5
5
3
4
2
4
3
1
5
8
4
2
4
4
5
5
2
3
3
2
2
5
1
6
6
3
2
5
4
2
2
5
4
4
2
4
3
4
4
3
2
4
3
3
4
5
3
5
7
6
5
2
5
5
5
3
5
4
5
4
4
2
7
3
2
8
3
3
4
3
3
5
4
1
3
8
2
5
2
4
5
5
2
4
2
4
4
3
8
7
7
3
8
5
6
5
10
9
9
8
7
4
6
10
1
7
2
4
2
6
2
7
7
3
2
5
4
2
5
0
6
1
2
2
3
3
4
7
4
1
4
6
5
6
2
7
5
6
6
4
4
3
1
4
7
2
5
5
4
7
3
5
4
5
3
3
2
3
4
5
4
4
3
6
6
1
5
5
7
0
4
2
4
9
3
4
2
4
3
7
1
3
3
4
7
3
0
2
6
5
4
4
6
7
2
4
3
4
2
5
4
5
2
4
11
3
4
4
1
3
2
3
1
4
6
3
3
4
4
7
7
3
3
3
3
0
6
5
2
2
3
3
0
8
3
7
5
3
3
1
3
4
3
4
3
0
4
8
7
1
8
4
9
8
16
22
43
49
68
75
87
113
125
106
80
66
51
36
23
10
8
10
3
7
5
5
8
8
2
6
6
11
5
3
9
8
5
1
6
5
3
4
1
8
4
3
4
7
5
3
5
6
3
6
8
7
6
5
2
5
4
5
10
8
7
7
5
3
4
10
5
4
6
2
2
8
3
9
6
2
3
3
1
8
10
3
7
5
4
8
2
4
6
5
7
9
3
3
3
1
4
2
6
7
4
6
9
3
2
4
4
3
5
4
2
2
2
5
5
4
6
3
4
5
5
8
7
1
7
12
9
7
5
3
4
3
3
3
6
3
1
3
3
5
14
5
5
2
4
4
3
6
4
2
6
5
5
5
5
1
3
2
0
4
2
4
6
3
3
2
1
3
6
4
7
3
3
5
3
3
4
7
4
7
9
3
4
4
4
3
5
6
3
7
7
2
2
4
4
4
5
7
2
2
0
5
7
1
5
4
1
4
6
6
4
5
8
5
2
5
6
10
5
0
4
4
3
2
5
6
5
5
2
4
6
2
3
1
7
7
4
4
6
6
6
6
1
3
1
0
6
5
4
2
6
7
8
6
6
4
4
3
6
4
6
5
4
6
6
5
4
4
7
5
4
6
7
4
5
6
7
7
2
4
4
4
3
4
4
6
5
5
6
3
4
7
6
3
3
5
2
0
4
9
3
3
7
7
3
6
3
3
3
5
8
3
2
0
5
6
4
5
2
5
2
2
5
3
5
11
6
7
5
6
5
5
5
6
6
4
3
5
3
3
6
8
5
4
6
5
5
3
4
3
6
5
5
6
9
10
3
7
9
2
5
6
3
6
9
8
10
9
6
7
6
9
5
1
6
1
4
7
5
7
4
8
1
4
6
3
8
2
4
6
8
1
5
7
4
6
5
2
2
8
0
4
2
4
7
8
6
12
17
15
36
49
71
72
97
76
70
43
29
17
14
9
4
9
4
4
5
2
2
2
5
4
7
1
4
3
6
3
3
2
3
4
3
4
4
4
4
7
3
3
3
8
6
2
3
6
6
7
5
6
3
3
1
2
5
5
4
1
4
7
5
3
4
3
8
3
3
4
6
3
4
5
3
4
2
3
2
0
5
6
1
1
6
3
1
3
4
6
5
5
3
2
3
3
3
4
4
3
5
2
4
5
6
3
5
2
4
3
0
6
6
1
3
2
6
6
2
1
6
4
8
7
3
3
2
5
4
2
2
5
4
3
7
5
5
4
3
2
2
3
5
7
2
5
8
2
7
4
5
4
4
8
6
2
1
6
7
4
2
6
7
3
5
4
2
4
3
7
5
4
4
4
2
7
5
4
5
5
5
4
3
4
2
4
0
4
3
4
4
6
1
4
2
1
3
5
3
4
3
4
3
4
4
7
4
4
2
6
4
4
2
0
7
4
4
4
9
3
4
2
1
0
5
4
4
2
2
4
2
4
4
1
2
3
4
5
3
1
1
2
1
3
4
4
3
1
3
2
3
2
2
4
2
2
2
4
4
2
1
3
3
1
4
3
1
4
4
2
6
1
2
4
3
5
1
3
2
3
3
4
3
3
6
4
5
6
6
2
4
3
3
4
2
8
3
6
7
1
1
4
3
4
4
0
9
3
6
14
16
34
50
102
179
218
296
361
332
315
256
180
128
67
35
16
9
3
3
1
2
4
3
0
0
2
2
0
2
3
0
0
0
1
1
1
1
1
1
2
0
2
0
2
1
0
0
1
0
0
2
1
1
0
1
2
0
0
2
0
0
0
2
0
2
1
0
0
1
2
0
2
0
0
0
0
1
0
1
1
1
0
1
0
0
0
0
0
1
1
1
1
0
0
0
0
0
1
0
1
0
1
0
0
0
0
2
0
1
0
2
0
0
1
2
0
1
0
0
0
0
0
0
0
0
1
0
0
0
1
0
0
0
0
0
1
0
0
0
1
1
0
1
0
0
1
1
1
0
0
1
0
0
0
0
0
0
0
0
1
0
1
1
0
0
0
0
0
0
0
0
0
0
1
0
1
0
0
0
0
4
0
0
0
0
1
0
0
0
0
0
0
0
0
1
3
0
0
0
1
0
0
0
1
1
1
0
0
0
0
0
0
0
0
0
2
2
0
0
0
0
0
0
0
0
0
0
0
0
0
0
0
0
0
0
1
1
0
0
1
0
0
0
0
0
0
0
0
0
0
0
0
0
0
0
1
0
1
0
1
0
0
0
0
1
0
0
0
0
0
0
0
0
0
0
0
0
1
0
1
0
0
2
1
1
2
0
0
0
1
0
1
0
2
0
0
0
0
0
0
1
0
0
0
0
0
1
0
0
0
0
0
0
0
0
0
0
1
0
0
0
0
0
1
0
0
0
0
0
0
0
0
0
1
0
0
0
0
1
0
1
0
0
0
0
1
0
0
0
0
0
0
0
0
0
0
0
0
0
0
3
1
0
0
0
0
0
1
1
0
1
1
0
1
0
1
0
0
0
0
2
0
1
0
1
0
0
0
0
1
0
0
1
0
0
0
0
0
0
1
0
0
0
1
1
0
1
0
1
0
0
0
0
0
0
0
0
1
0
0
0
0
0
0
1
1
0
0
0
0
0
0
0
1
0
0
2
0
0
1
0
0
0
1
0
0
0
0
0
0
0
1
1
0
0
0
0
0
0
0
0
0
0
0
0
0
0
0
0
1
0
0
0
0
0
0
0
1
2
0
0
0
0
0
1
0
0
0
1
0
0
0
2
0
1
1
0
1
0
0
2
0
1
0
0
0
0
0
0
2
0
0
1
0
0
0
0
0
1
1
0
1
0
0
0
0
0
1
0
0
0
1
0
0
0
0
0
0
0
0
0
0
0
0
1
0
0
0
0
0
1
0
0
0
0
0
0
0
0
0
0
0
1
0
0
0
0
0
1
0
0
0
0
1
0
0
1
0
0
0
0
0
0
0
0
0
0
0
0
0
1
1
0
0
0
0
1
1
0
0
0
0
0
0
0
0
0
0
0
0
0
1
0
0
0
0
0
0
0
0
0
0
0
0
0
0
0
0
1
0
0
0
0
1
1
0
0
0
0
1
0
0
0
1
0
0
1
0
0
0
0
0
0
0
1
0
0
1
0
0
0
0
0
0
0
1
0
1
0
1
0
0
0
0
0
1
0
0
0
0
0
2
0
0
0
0
0
0
0
2
0
0
0
1
0
0
0
0
0
0
2
0
0
0
0
0
0
0
0
0
0
0
1
1
0
0
0
0
0
0
1
0
0
0
0
2
2
0
1
0
0
0
0
1
1
0
0
0
1
2
0
1
0
0
1
0
0
1
1
0
1
0
0
0
0
0
0
0
0
1
0
0
0
0
0
0
0
0
0
0
0
0
0
0
0
0
0
1
0
1
0
1
0
0
0
0
0
0
0
0
0
0
2
0
0
0
0
0
1
0
0
1
0
0
0
0
0
0
0
0
0
0
0
0
0
0
0
0
1
0
0
0
0
0
1
0
0
0
0
0
1
0
0
0
0
1
0
0
0
0
0
0
0
0
0
0
0
0
1
0
0
1
0
0
0
0
0
0
0
1
0
1
0
0
0
0
0
1
0
0
0
0
0
0
1
0
0
0
2
0
0
0
1
0
0
0
0
1
0
3
0
0
1
0
0
0
1
1
0
0
0
0
0
0
0
0
0
0
1
0
0
0
1
0
0
1
0
0
0
0
0
1
1
0
0
0
0
0
1
0
2
2
0
0
1
0
0
0
0
0
1
0
0
0
0
0
0
0
0
0
0
0
0
0
0
0
0
0
0
0
0
0
0
0
0
1
0
0
0
0
0
0
0
0
0
0
0
1
0
0
0
0
0
0
0
1
0
0
1
0
0
1
0
1
0
0
0
0
0
1
0
0
0
0
1
0
0
0
0
1
0
0
1
0
1
0
0
0
0
0
0
0
0
1
0
0
0
0
0
0
0
0
0
0
0
0
0
0
0
0
0
0
0
0
0
0
0
0
0
0
0
0
0
0
1
0
0
1
0
0
0
0
0
0
0
0
0
0
0
0
0
2
0
0
0
0
0
0
0
1
0
1
0
1
0
0
0
0
0
0
0
0
0
0
0
0
0
0
0
0
0
0
0
1
0
0
0
0
0
0
0
0
0
0
0
0
0
0
0
0
0
0
0
1
0
0
0
1
0
0
0
0
0
0
0
0
0
0
1
0
0
0
0
0
0
0
0
0
0
0
0
0
0
0
0
0
0
0
1
0
0
0
0
0
0
0
$ENER_FIT:
-0.6030 0.711300 0.000000e+000
$MCA_CAL:
3
-0.6030 0.711300 0.000000e+000
$ENDRECORD:
