$SPEC_ID:
None

$MEAS_TIM:
29122.00000 38565.00000
$DATE_MEA:
11/27/2020 5:37:56 AM
$DATA:
0 16383
0
0
0
0
0
0
0
0
0
0
0
0
0
0
0
0
0
0
0
0
0
0
0
0
0
0
0
0
0
0
0
0
45059
47260
46710
40623
36825
36629
37736
37414
37857
40935
50044
61375
71732
84464
86878
69750
57853
62446
77090
95854
113908
130516
156276
224318
415116
838034
1372817
1852067
1969905
1255979
439100
171744
192370
303884
403741
506200
643657
535488
322252
185027
113026
99028
93568
84343
78433
76281
77273
78803
76390
71847
69846
75001
82320
90360
92813
91948
93947
98490
101107
105031
107552
112708
122948
140103
146741
137046
133648
142392
152945
172354
206289
214591
206758
214250
197462
190840
238585
289152
569807
1328415
1548837
797017
244915
120640
111288
117679
131867
146162
147714
140747
151719
236010
558174
1111403
1631911
2101034
2034740
1040106
276816
87642
68393
73486
80977
78842
65986
55856
55516
60603
66084
67942
68869
69676
76739
84250
79913
71623
74019
82893
86088
81355
78586
81285
83074
83547
83654
82660
80998
79838
75773
72471
72057
75121
82384
83324
77926
73603
74495
77419
85775
95077
87517
81694
84562
87846
86321
79727
74832
72686
73061
74386
75705
75875
75683
77719
79183
78498
78144
86456
96408
91672
85228
83131
84060
85645
91036
91187
83813
81835
89654
100837
97827
88582
82314
82525
88773
92373
90290
88478
88586
88836
85357
80484
78635
84674
90912
95534
91975
87057
84790
86569
87729
88226
88588
88339
87621
91110
98565
98974
94859
91680
105248
165045
238273
217272
145082
119688
115113
107003
104997
109098
109703
111589
131752
143428
123531
103081
98717
97487
97780
100938
113027
228479
902576
2315422
2656827
1338243
385516
173495
134305
110265
102503
96723
90199
84362
81361
82555
86019
86536
88064
90507
89021
85520
82482
81792
85671
107925
238882
582025
798891
516329
192323
89751
78404
81986
85845
88012
91878
97425
102196
96891
88649
85343
82896
80970
78970
79646
84870
91614
96858
98357
94192
88860
87597
91098
95591
95790
90093
91424
107040
113437
97930
83242
79838
81193
83949
82242
82453
85697
90291
91433
91377
90894
85150
80108
80502
83733
84346
84703
88316
89856
86501
84421
84666
86207
87945
86594
86192
87018
89388
92571
95920
99206
102090
102590
99144
95921
94011
91927
90197
88339
88468
88194
87768
86214
86686
96402
132853
179196
161685
106001
77827
72643
72923
76350
77797
77269
79047
80958
79256
75869
73314
72388
72141
73319
72381
71805
70970
72002
73948
75685
78580
87019
90117
82827
76070
78278
101000
164221
213186
169168
103060
79052
76229
78516
82142
85280
83428
83233
85806
83348
77116
74702
75000
74763
73592
71700
70467
70512
70299
71328
72800
74846
82218
96834
120149
126280
107548
92181
86701
85204
82605
79704
78846
77931
78334
79920
80649
78861
77677
76411
75632
75288
75214
76314
75164
73908
71294
69265
69798
69382
70099
70106
70163
69497
68071
68393
67793
67338
67038
66928
67142
66270
64224
64087
67157
74474
76617
71090
66090
65384
65538
66127
67022
67552
77244
166095
505423
921015
802659
355560
122998
73621
64101
63597
66024
66405
64055
65437
68038
66699
63079
62146
63559
64520
65917
62875
59619
59959
63709
66890
68456
66143
61577
58128
58227
57793
59537
60964
65274
68020
64069
60308
58937
58206
57898
56857
57233
56343
56215
58410
65855
71140
66739
60178
57311
56140
56116
56281
56775
58183
59189
60838
62421
59118
56148
55532
55432
57806
57862
56850
56645
57185
56687
56882
56739
55724
54342
54021
55847
59034
60778
58756
55417
54206
55387
55905
55861
55768
55209
55777
56057
54952
54312
53046
53815
54851
55387
55493
54782
54735
54679
54860
56794
61617
67664
67158
61289
57184
57032
59585
59206
56054
54645
53591
53179
55337
57942
58451
55607
54442
55767
58006
58130
60087
62718
59126
53636
50980
51122
52214
53414
53499
53101
53273
52669
51592
51160
52186
52955
52036
50893
49548
49388
49675
50015
50950
52371
53329
53308
53969
55966
55179
56208
86783
220904
439211
458304
249354
95920
54959
50563
52017
53388
52391
51757
51174
52453
54790
55406
53762
51486
50348
50127
50403
51139
52251
53556
55573
55602
55005
53695
54550
56403
56986
57343
57352
56730
55978
54996
56336
59774
64897
67070
62861
58249
58128
59571
66216
100637
267047
862544
1839856
2076002
1264066
581918
385405
361123
361387
361356
360395
358316
357772
357505
352087
344501
332252
315113
282303
232815
168317
107744
70429
51930
43615
41625
40873
40934
41260
42513
43279
43010
42159
42707
43127
43417
46032
49571
51209
60978
86108
97583
79864
61248
55631
53460
51796
55829
81356
116410
113890
76105
53328
54293
70358
101639
141437
164299
152568
115638
78769
56449
48309
48344
52662
59161
60060
58884
80229
113924
108985
70795
47052
42244
41958
40833
38610
37675
38708
42548
51166
58743
54452
43933
37898
37280
39511
41526
42071
42989
43871
43171
42217
41745
42320
48370
59308
67221
61125
47362
39783
38503
38943
39257
37818
36641
37758
37565
37530
37499
37732
38184
39120
39450
39073
39273
39664
39560
41293
48721
66171
88189
139264
255828
316587
213815
91980
47421
42462
51251
64987
65077
50646
39941
37654
37787
39048
39387
39054
38466
39287
40618
41418
39677
37439
36491
38054
43514
51220
52658
45265
39094
37948
39157
40113
41161
52930
138847
388173
641003
554217
268280
94213
46067
38416
36975
36017
35427
34640
35371
35809
37087
38330
38232
38404
42540
48173
47545
41958
36550
34844
34761
35106
35367
36006
36492
36450
37179
38258
41763
55627
72685
69244
51261
40536
37388
35617
34506
34483
34754
35619
36638
39438
40606
38478
35737
35480
36569
37189
37171
38001
38310
36977
35558
34238
33467
33185
34766
40023
45718
46375
42021
38947
37597
36974
38398
39766
39208
37592
35963
35568
35041
36302
40002
46810
51339
46490
38581
34777
33824
34160
34789
35709
35704
34648
35795
38505
41000
40315
38098
36890
36538
41932
60276
80231
75434
54243
42900
51290
106303
234034
324907
247843
114218
51209
39101
41465
49517
61757
69691
63844
57309
92795
189899
251712
187568
92638
48264
38541
38323
39515
38935
39333
41979
44886
46504
49907
55757
62829
62188
49917
38599
35174
34781
36991
41127
43031
39126
34720
33987
35552
35881
36171
36187
36876
39874
46850
53097
48144
40036
35932
35018
34785
34335
34369
34961
35750
38315
42629
44631
44646
43220
38795
35230
34262
34852
34807
35175
35900
36880
36616
36177
39645
45060
46959
41923
38508
39030
46771
65093
75587
63713
46575
37886
35791
35399
35943
36251
35119
33205
32964
32931
33556
34682
35205
35684
36192
40178
46259
48498
49322
52720
50235
41345
36087
37271
40404
40578
37575
34931
34869
37277
41771
48206
65624
89664
89535
62325
41424
35422
37332
42324
49867
55895
53464
43840
37659
36436
37789
42192
47670
51997
54911
57533
57900
58488
60260
54934
42947
37006
35679
36426
36862
36166
34868
34348
35281
36475
37946
41019
44372
45513
43054
40577
37963
36699
36059
40393
50574
57669
54094
46040
40503
37558
36711
35844
35975
35543
34614
35063
37440
43677
53303
66557
98366
152480
175217
146165
104129
69909
48017
39599
40421
45565
47685
44261
42688
42834
40331
37220
36568
36275
35376
35266
37883
40433
41260
39827
37008
34393
32840
31579
31797
31455
31328
31884
32093
32169
32392
33832
37402
43615
46152
40529
35504
33095
32245
31200
32062
32753
33544
33524
35076
40943
46212
49579
50671
47386
40783
39052
43040
48526
48895
45601
50048
61477
67195
61693
51617
42649
37295
35592
35165
35440
35362
35404
36099
38070
39357
39628
39407
42071
52168
61588
57245
46061
39016
36140
35045
36672
42703
52158
55023
46656
37075
33414
32270
32869
35714
39229
37809
35806
34531
33743
34536
36822
43518
53329
56862
48562
39190
35731
35007
33844
33695
36682
41252
46042
46292
41288
36159
33889
33753
34381
35883
40547
45437
49397
66759
138314
260251
314462
238950
140074
80637
56910
82201
161890
225607
186560
99780
50098
38601
40023
45060
46801
42147
35801
32975
32679
33134
33989
34672
35336
38767
43921
46102
42889
37331
33325
32439
33083
33644
33804
33545
33297
32884
35528
58332
137246
252820
278346
181133
82645
43478
36309
41207
49039
49592
42245
35283
33381
35774
37715
36310
33324
32534
34188
35933
36465
35676
34788
34544
40930
58211
73913
69652
59540
61121
61294
49989
38448
33801
34485
37497
42343
43071
38709
34431
34663
35479
35151
33485
31992
31138
30898
31534
33290
33143
33057
32691
32240
31407
31770
33162
35609
36744
36374
34800
34204
34799
37248
40807
53791
111306
246195
360696
308455
157332
62840
35977
32891
33300
33421
33007
32205
31834
33238
37522
40590
41581
40128
38406
37223
35085
33639
35966
44298
59158
86843
152511
229915
224378
138667
68257
40641
34488
34117
33311
33108
35598
42366
48086
45851
37798
32607
31367
31914
32787
36775
52537
101162
163935
172463
114920
59936
37936
32514
33361
46955
89992
146349
154500
102659
54374
38758
41710
47336
46251
38950
32160
29745
29699
31372
33207
33994
34734
34752
34092
33013
38733
57929
80176
79845
59067
43150
39645
38828
42318
55103
68893
66919
53454
44741
42438
41212
38714
40284
47898
52315
45360
35496
30889
29923
31283
31544
31091
31295
30958
29866
29685
29698
29098
30394
33504
37330
37394
34863
32671
33390
34637
33668
31751
31926
33167
33285
31533
29987
30074
31056
32294
34039
38293
42651
42102
37733
34958
32880
32459
35420
42206
50534
52966
47083
39638
34713
31942
33690
41718
51367
51819
44675
40166
40176
40181
36998
33913
33483
33259
33234
32606
32132
41843
74438
115294
121330
84651
48320
34752
32518
32743
33911
34654
34654
37216
48686
62684
62657
53389
47887
41671
34172
29712
29045
30128
31530
33125
34147
32602
31358
29782
28633
29250
29958
31900
35891
39057
39946
39912
37706
34033
30821
29664
28364
28031
27885
28420
29540
30338
30839
30626
31177
33735
36132
36298
35115
34532
35466
38063
50199
77603
99265
86891
55464
35976
30783
30186
29144
28254
27831
27863
28041
30122
40337
80272
154180
201535
160988
85213
42015
29830
28182
28397
27516
26995
27998
33994
47829
64218
68407
71169
99445
132669
121247
76738
44280
33919
31569
30736
29620
31466
34364
35392
33181
31719
32978
37419
39885
38412
34914
30682
28256
27119
28097
29149
30162
29822
29332
28814
29162
31198
37536
53157
72124
74330
57045
40649
35213
35808
36134
36426
40955
50744
55630
51452
44753
41289
38961
38976
47569
63520
74880
66491
48523
38749
38420
43689
56351
68922
64974
47072
33837
29762
28749
29866
34142
40478
42704
40690
36268
34046
35693
41099
45875
47230
44254
38145
33374
33835
36182
36923
33984
31134
31455
33115
34000
37022
48104
59218
56852
44687
45019
71539
109662
135882
170414
233207
274548
243569
155139
74994
37894
28699
26500
25517
26414
29393
32930
32264
30001
28414
28104
28302
27312
25723
24555
24383
24360
23966
24903
25060
25804
26665
26822
26489
26956
27734
30760
35058
38784
36667
31497
27006
25513
25221
25512
26155
27384
27931
27406
27767
31350
37853
45646
47961
42773
37604
37413
36174
31040
26541
24999
25764
27001
27138
28189
31665
38525
48951
55980
49326
37026
30232
28753
28628
28581
29940
34933
40265
42695
37206
30531
26995
28223
33459
39211
40457
35627
30745
28762
27837
28666
29472
29693
28430
28657
31485
34216
33159
29287
26349
25577
26274
29087
32112
33612
32243
31982
37802
51983
70612
93064
122715
139160
126030
104524
81647
57039
39821
33450
30124
27655
26401
27565
30469
31951
36244
59934
110797
150216
131177
78950
42336
33096
36956
43392
47876
46013
39063
31266
30048
35861
41923
41537
36038
29675
25917
24431
23530
23193
23561
24874
24838
25068
25495
27137
31733
38094
39647
35070
29627
26866
26123
25285
24751
25515
29130
36776
43328
41945
35083
29016
26057
25872
28274
30698
32337
39775
60537
86096
87920
63594
39206
30014
28104
26690
26499
27082
26594
25240
23962
23960
25098
25232
24718
25444
29507
40634
60500
78809
79827
59288
39340
34890
42088
46754
41277
32312
28297
27276
27536
27736
26362
24600
24278
24627
24499
24164
25297
26842
27181
25773
23385
22948
22777
23134
24805
31052
44324
56610
54686
40588
31201
28857
30033
29654
29258
29604
28789
26385
25818
26760
26917
26070
24064
22844
22537
22002
22417
23016
23235
23346
23275
23360
23588
25397
28584
31642
31667
32254
40214
73059
140802
198272
180621
111673
65154
52870
51834
51215
47833
41001
31656
26269
24986
26532
28782
29475
28229
26437
25255
24705
24231
23028
22484
22455
22879
26529
37695
62847
85986
84572
62035
42249
32926
30312
30780
30631
28284
25605
24370
23414
23444
23477
24548
26908
30125
31208
29007
26342
24769
24616
25535
26706
28781
30587
30722
29125
27060
26379
25921
25243
24818
24853
24698
24680
24432
24591
24861
25155
24847
23995
23787
23959
24413
24542
26248
27240
27766
26702
25153
24287
22278
21934
22191
22766
23466
24027
23551
23322
23206
23922
24525
25014
26098
26989
26725
25396
26022
30714
38830
41942
37266
29681
25406
23097
22064
21691
22210
22024
22632
23929
25592
25412
24200
23849
25794
28058
28787
26456
23422
22857
22963
23006
23562
23843
23988
23241
23014
23152
22952
23301
23693
24051
24082
23936
23617
23087
22798
22188
21923
22250
22397
22263
22087
22179
21666
21245
21235
21514
21498
21887
22597
22916
22350
21646
21699
21695
22353
23367
25446
26972
26931
25675
24157
23251
23504
24126
24961
24550
23815
24230
25356
26671
26673
25011
24353
23525
22845
22041
21665
21470
21391
21549
22214
22912
23256
24496
23905
23577
22774
22265
22252
23317
25357
27311
26356
24376
23620
23440
24261
24295
23878
22643
22185
21999
22443
23126
23359
23716
25128
29891
35357
37087
32746
26451
22885
22110
22698
23471
23363
22237
21843
21545
21460
21565
21829
21938
22587
24350
26947
27738
25593
23151
22320
22497
23076
23035
22174
21891
21388
21324
21727
22751
24916
26760
31495
37722
40658
35601
27953
23163
22516
21689
21106
20257
20181
20406
20745
21440
21908
22845
22939
22588
22351
22383
22972
23209
22919
22521
22972
23390
22888
22685
22613
24451
25973
26496
26809
26164
25213
23422
22393
21693
21448
20935
20649
20979
21222
21336
21000
20572
20783
21001
21065
21147
21298
21174
21157
20657
21096
21158
21734
22292
22932
22531
22706
22512
22279
22966
23976
26009
27244
26420
24554
22268
21206
20676
20674
20603
21268
21101
22001
22415
22809
22673
21974
21517
21537
21800
22533
22611
22085
21787
21928
23090
22968
22760
22121
21365
20811
20593
20461
21068
21194
21600
22098
21743
21858
21404
21597
21798
21757
21768
22031
22789
23869
25231
25466
24576
24080
23451
23137
22107
22338
22329
23315
23417
23200
23588
23274
24643
35544
90142
255299
521746
679177
558490
302998
134117
72958
48870
32923
25290
22507
22286
21521
20640
20742
21705
24781
27306
28641
26551
24258
21677
20702
20054
20170
20845
21257
20927
20568
20277
20088
19589
19669
19652
20371
20961
21727
21559
22379
23001
23163
22537
22888
23927
25261
25156
23167
21841
20410
20101
19657
19253
20299
22487
24463
24308
23356
22285
21779
22280
21849
21129
21138
21010
22435
23315
22978
22178
22648
24965
27395
26888
23815
21018
20175
19652
19943
19257
18861
18941
19504
20294
21252
21665
21882
22010
22153
22157
21771
20788
20315
19982
20249
20436
20414
20476
20221
20501
20796
21231
21087
21037
20809
20825
21365
22277
23687
24133
23656
23053
22461
22969
23157
23530
22942
21999
21213
20529
20050
19848
19601
19806
20071
20083
20355
20709
21660
22612
22944
23499
24267
25461
25190
23625
21634
20989
20781
20596
20482
20416
20767
20848
20339
19493
19981
20412
20462
20623
21490
22373
22410
21390
20568
20202
19968
20063
20118
20104
19546
19807
19821
19549
20048
20101
20131
20039
20063
19816
19913
20255
20134
19997
19874
20048
20531
21036
21078
20717
20495
20386
20162
20196
19961
20314
20632
20317
19935
20140
20242
20476
20280
20078
19842
19848
20115
20455
20771
21709
23094
23519
24026
23326
22379
22050
25742
34159
43523
44670
36067
27807
24140
22855
21902
21722
21553
21422
21049
20297
20147
20214
19495
19530
19578
19483
20324
21152
21896
22825
21774
20283
19427
19197
19524
19881
20453
20714
20571
20235
19174
19302
19747
19982
20075
19514
19597
19495
19412
19305
19606
19881
20171
20113
20518
20919
20695
20822
21510
22322
22165
21395
21192
20799
21598
21081
20336
19694
19258
19412
19580
19649
20227
21598
23025
23499
23027
21542
20758
19585
19362
19202
19526
20139
21321
21281
21561
21532
22569
23292
23003
21767
20897
20632
20652
21200
23287
28982
39960
52732
56137
46756
33625
25359
21496
20408
19602
19381
18856
19224
19467
19889
19935
20188
20880
21346
22893
25144
26209
25926
25043
23628
21875
20546
19825
19403
19430
19779
21466
22803
22526
22596
22759
23490
23225
21856
20521
19780
19625
20033
20523
20756
20139
19464
18925
19132
20101
21534
21925
21747
21135
20723
20685
20524
20966
22629
26644
31872
33440
29581
24770
21008
19765
19632
19561
19617
20048
20515
20965
20557
20009
19434
19221
18921
19394
20453
23013
26708
29225
28501
25192
22627
21609
21577
21124
20145
19260
18744
18943
19401
19221
19681
20178
20549
20633
20499
20766
22344
25131
26509
26124
22773
20719
19282
18916
19299
19552
19578
19525
19558
19527
19970
19518
18907
18646
19153
19907
22033
23517
23933
22269
20788
19823
19323
20056
20573
21232
21946
23059
23354
22744
21189
20375
20361
21623
27112
49214
99339
165798
193686
153961
89615
44209
26289
21003
19448
19716
21818
26365
30141
31406
28872
24529
21378
20671
21643
24219
26577
26230
23871
22268
22810
23724
23398
22314
20902
19825
19302
20118
21133
22129
22274
20741
19235
18687
19186
20842
24819
27409
26746
23872
21333
19646
19056
18869
19058
19201
19882
20110
19367
19092
19168
19548
19995
19933
19432
18741
18070
18011
18324
19297
20621
21340
21842
21488
20415
19239
18778
18428
18155
18626
18870
18643
18869
18463
18432
18499
19855
22177
28259
38810
48508
47288
35714
25774
19908
18386
18215
18825
19283
20974
25962
34440
41168
39668
31079
22721
19511
19943
21596
23015
22115
20482
20235
21409
21682
21979
22127
21891
20480
20163
21798
27621
38533
50741
54452
46153
35948
29485
27629
30324
36616
40293
36173
28175
22852
20345
19184
19093
18845
18544
17899
17903
17928
18557
19555
21133
21554
21121
20614
20444
21219
20815
20039
19308
18744
18804
18386
18290
18131
17783
17800
17894
17676
17581
17665
17964
18129
18070
18052
17889
18127
18541
19243
20488
20846
20356
18790
17811
17558
17033
17521
18141
18567
18771
18389
18892
19388
20763
22907
25396
24860
23756
21953
21223
19841
18848
17851
17559
17568
17816
18090
18181
17851
17713
17849
17907
18027
17715
17759
17741
18499
19080
19207
19146
18840
20156
27425
48067
82274
106587
98179
65128
35871
21523
17645
17552
17782
17843
17618
17528
17954
18752
19121
18333
17693
17084
16708
17144
17583
18535
19059
18837
18541
18361
18331
18602
18771
18379
17900
17424
17249
17149
17376
16945
16953
17061
17451
18350
18813
19338
18803
18862
18662
18289
17778
18138
18524
18689
18733
18001
17620
17121
17037
17528
18067
18561
18695
19389
19837
20044
19894
19458
20576
22756
23558
22346
19953
19052
21102
24274
26229
24924
21416
18473
17304
17216
17904
18832
19272
18925
18211
17879
18095
17936
17878
18520
19000
19354
18593
17911
17295
16759
16498
16303
16370
16346
17121
17811
18226
18253
17592
17073
16624
16860
16936
17108
17649
17737
18454
19342
19663
19237
18426
17782
17398
17706
17415
16959
17706
19523
22387
25414
26767
25914
22755
19366
17912
17788
18264
18455
18933
18963
19790
20368
20445
20017
19470
18928
18139
19187
21325
23523
24541
24007
23220
23092
21599
19457
17646
16928
17258
17839
18716
20732
23460
24750
23504
20780
20063
23176
31490
40486
42781
36839
27657
22104
19797
18434
18274
18578
19529
19835
19452
18548
17720
17516
18158
18690
19418
23043
34993
58751
83616
86763
65419
39152
23497
17519
16796
17383
18462
19899
20308
19447
18368
18112
19605
21516
23632
24859
23806
20962
18658
17517
17146
17187
17773
18602
20119
21073
21315
20715
19188
18797
19205
20150
20564
20714
19420
18018
17720
17728
17848
17475
16957
16688
17506
19141
20485
19789
18241
17168
17162
17893
19445
19899
18830
17658
17106
16875
17339
17916
18411
18630
19226
19953
19820
18674
17877
17425
17297
17818
18375
19106
19206
18896
19392
19073
19077
18661
17664
17174
16671
16224
16228
16637
17015
17544
17181
16827
16510
16480
16461
17358
18811
20270
21566
22475
21803
19719
18348
17614
17296
16605
16504
15959
15978
15982
15712
15564
15846
15657
15817
16165
16299
16607
17366
17870
17858
17241
16548
16291
16836
17738
18433
18567
17813
17362
17751
18824
20298
21350
20925
19117
17185
15963
15602
15826
16227
16171
16077
16066
17090
19353
21280
21408
19993
18877
18548
18175
17253
16724
16604
16852
16483
16050
15611
15366
15620
16000
16067
16684
17441
18734
18731
18280
17503
16579
16078
16179
15696
15803
16193
16465
16733
17452
18097
18312
18241
18097
17907
17010
16634
16559
16969
16929
16675
16526
15900
15935
16235
16016
15980
16606
18162
21122
22935
22745
20843
18238
17092
16755
16510
16967
16978
17044
17343
17023
16909
17002
16937
16752
16715
16274
16267
15825
15257
15461
15217
15320
15330
15376
15335
15280
15520
15260
15401
15306
15250
15599
14939
14892
14780
14815
15052
15642
15713
15861
15761
15705
15322
15711
16290
16951
17958
18873
19755
21344
21081
19744
18285
17349
17584
17685
18432
18703
18356
17479
16284
15999
15677
15831
15930
15617
15392
15151
15648
16647
19186
24110
31377
36971
36469
29418
22063
18434
17315
17357
17351
17042
16762
16120
15855
15451
15956
17941
22266
26760
28370
28465
27027
25096
24193
26594
31146
33377
29802
23600
18891
16628
16117
16398
16293
16266
15935
15776
15630
15506
15532
15862
15692
15401
15410
15468
15959
17365
19417
21709
22138
20695
19483
19143
19525
19995
18451
16731
15185
15233
16195
17352
18215
17911
17688
17749
17812
17418
16350
15354
14861
14433
14055
14255
14710
15097
15322
15912
16873
19126
21599
22347
20439
17939
16474
15793
16019
15681
15711
15342
14648
14277
14327
14047
14513
14622
14654
14294
14399
14582
14605
14605
14851
15002
15110
15071
14851
14445
14608
14486
14786
14807
14769
14754
14768
14882
14978
14810
14859
14631
15188
15596
15690
16077
15693
15436
15538
16204
17895
21103
26370
30322
29985
25607
20961
18327
16664
16311
15836
15313
15093
15641
16954
17655
19059
22292
33294
52661
72248
76808
62370
41451
27402
20745
18026
16750
15943
15413
15155
14763
14605
15397
19436
27220
37106
41090
35620
26035
18717
15510
14794
14608
14741
14470
14328
14476
14315
14444
14526
14386
14038
14244
13892
13832
13767
13718
13716
13884
14057
14107
14117
13956
14312
14579
15024
15410
15247
14663
14600
14258
14009
14008
14334
14614
14354
14296
13853
13769
13800
13750
13732
13702
14453
15435
16064
16582
16013
15165
14329
13997
13869
13805
13579
13610
13374
13676
13665
13921
14242
14979
15631
16794
17407
17111
15757
14863
14438
14054
14319
13915
14061
13791
13651
13701
13674
14139
14375
14707
15194
15332
15596
15364
15489
15601
15255
15274
16419
18235
18736
18190
16785
15774
15395
15529
16142
16529
15874
15599
15040
14814
15231
16055
16023
15969
15196
14408
14165
14044
14165
14311
14408
14232
14364
14218
13835
13694
13912
14685
15504
16315
16128
15622
14343
13783
13610
14015
14911
15072
14805
14046
13546
13102
13607
13714
13970
14184
15002
15728
15470
14719
13972
13590
13767
14330
15246
15969
15438
14617
13903
13629
13756
13398
13645
13320
13203
13330
12905
13214
13114
13297
13483
13277
13680
13584
13535
13644
13556
13578
12995
13349
13703
14853
15924
16537
16134
15045
14910
15582
16736
17406
16999
15873
14854
13994
13319
12996
12550
12441
12708
12879
12804
12826
12784
12975
13363
13328
13404
13093
13521
13952
14365
14422
14257
15054
15795
16380
15668
14517
13668
13156
13149
13246
13041
13075
13378
13055
13024
13011
12904
13095
13248
13259
13129
13033
13165
13580
13268
13067
13107
12874
12736
12868
13061
13370
13567
13995
14853
16037
16828
16480
15554
14772
13956
13293
12834
12419
12321
12384
12226
12171
12051
12056
12099
12004
12320
12926
14159
14768
14525
13379
12896
12415
12601
12606
12799
12685
12368
12624
12551
12603
12687
12817
13062
13201
12956
12688
12447
12178
12205
12198
11999
11997
12247
12413
12390
12525
12302
12621
12642
12270
12287
12065
12138
12339
13016
13713
13977
13935
13113
12376
12273
12333
12817
13709
15316
19994
30521
48908
73110
96742
112625
112496
91139
58281
31602
18015
13165
11647
11056
11230
11416
11784
12454
13371
13672
13630
13292
13465
13925
14585
15034
14623
13686
12606
11906
11592
11523
11690
12064
12371
11885
11927
12044
12057
11994
12272
13021
14720
16105
16585
15530
14002
12896
11990
11433
11247
11290
11587
11617
11591
11771
12118
12294
11698
11487
11181
11187
11190
11080
11107
11366
11425
11890
13014
14482
15008
14879
13892
13000
12427
12383
12718
12985
13618
14208
16597
20202
24056
25129
23951
21119
17386
14150
12106
11237
11024
11471
11898
12121
11955
11614
11178
11268
11485
11859
11415
11952
12188
12209
12229
11788
11337
10850
10701
10491
10866
11166
11604
11845
12375
12393
12311
12281
12261
11808
11539
11479
11218
11214
10802
11505
11780
11697
11597
11337
11576
11350
11007
10608
10859
10371
10594
10350
10475
11147
11433
11904
12011
11782
11489
11262
11677
11996
12146
11539
10766
10738
11995
14804
19770
22927
22713
19508
15182
13489
14898
18009
20647
21260
18763
15077
12581
11444
10893
10641
10955
11156
11252
11212
10823
10640
10482
10156
10373
10609
11111
11521
11457
11311
10904
10275
10545
10262
10584
10618
10745
10725
10597
10607
10501
10445
10355
10571
10443
10302
10313
10445
10700
11130
11335
11424
11310
11021
10933
10665
10548
10426
10310
10475
10957
11637
13083
14572
14866
13921
12474
11180
10598
10358
10256
10393
10403
10171
10193
10023
9972
9882
9911
9959
9835
9948
9958
10458
11247
12555
13774
13790
12911
11583
10251
9738
9795
9616
9690
9744
9919
10482
11595
12768
13847
14567
14452
14108
13083
12287
11366
11133
10839
10505
10376
10545
11045
11871
12880
12624
11723
10801
10067
9791
9872
10084
10116
10152
10109
10333
10742
11057
11166
11116
10815
10800
10630
10607
10146
9964
9696
9727
9925
10106
10513
10838
10912
10668
10336
10268
11048
11746
13082
13991
13902
13082
11707
10670
10000
10371
10252
10067
9976
9959
9521
9683
9977
10000
10524
10880
11133
11284
11439
12428
14341
17379
20017
19917
17321
13677
11307
10623
10684
10786
10927
10380
9932
9609
9162
9323
9363
9792
10248
10454
10163
9689
9713
9620
9761
9890
10245
10596
10735
10841
10883
10693
10608
10271
10462
10180
9912
9633
9516
9188
9014
9066
9529
9646
10144
11395
13927
18891
22958
23120
19628
15351
12348
10710
9827
9616
9486
9096
9104
9540
10864
13531
17301
21797
24414
24251
22760
20552
18586
15954
13410
11232
10295
9905
10449
10434
10438
10250
9721
9735
9610
9589
9618
9855
9575
9399
9210
8857
8834
8851
8981
9113
9350
9743
9805
9453
9955
11021
13226
16510
19075
19068
16765
15050
14122
12795
11283
9774
8753
8629
9012
9679
9946
10330
10396
10241
10232
10119
10376
10222
10028
9626
9506
9278
9064
9332
9428
9508
9598
9835
10651
12511
15172
16877
16797
14786
12633
11024
10030
9650
9186
9276
9259
9602
10133
10978
10838
10596
10127
9259
8966
9000
9211
9266
9212
8936
9243
9540
9898
10503
11368
13582
16583
20131
21951
21388
19118
18269
19141
19224
17610
14238
11265
9654
9011
8813
8705
8740
8831
9133
9358
9276
9300
9989
11386
13373
15649
15875
14043
11944
11133
11538
12192
11882
10830
9776
9163
9330
9245
9293
9129
9008
8866
8528
8358
8236
8094
8159
8114
8337
8559
8660
8650
8511
8420
8565
8292
8365
8356
8326
8560
8206
8182
8215
8363
8411
8503
8427
8123
8087
8036
8101
8061
8020
7874
7744
7899
8233
8345
8521
8506
8510
8675
8980
9395
9587
9429
9121
8630
8312
8391
8357
8385
8129
8395
8033
8268
7997
7685
7652
7845
8194
8837
9572
10003
10018
9610
8959
8885
8846
9228
9345
9485
9267
9095
8611
8476
8503
8357
8225
8122
8166
8294
8290
8255
8330
7951
7891
7980
7804
8148
8051
7983
7659
7608
7565
7848
7991
8163
8051
7943
7795
8094
8317
8301
8419
8360
8289
8341
8375
8300
7930
7913
7763
7673
7686
7791
7463
7521
7808
8527
9429
9921
9877
9000
8676
8417
9116
9953
10706
10372
9539
8904
8431
8536
8954
9441
10036
9954
9245
8418
8138
8093
8126
8085
7946
7743
7825
7564
7469
7310
7441
7646
7665
7439
7604
7474
7488
7563
7798
7986
8052
8177
8226
8183
8026
7787
7768
7634
7563
7282
7404
7438
7484
7622
7869
7760
7754
7427
7394
7425
7480
7391
7584
7559
7191
7502
7450
7351
7366
7301
7296
7419
7595
7726
7760
7721
7579
7656
7707
7647
7864
8051
8003
7822
7816
7579
7397
7578
7849
7524
7563
7445
7464
7524
8034
8688
9596
10160
9707
8897
8069
7612
7598
7441
7547
7528
7673
7765
7573
7690
7948
8310
8566
8624
8907
8958
8913
8815
9021
8934
8676
8522
8144
7676
7818
7782
8043
8133
8136
8123
7993
8034
8604
8718
8790
8575
8431
8213
8123
7803
7589
7402
7252
7283
7286
7554
7656
7455
7546
7516
7310
7215
7247
7268
7315
7259
7290
7301
7276
7152
7008
7059
7105
7157
7032
6978
6923
7149
7275
7491
7658
7953
8091
8219
8213
8204
8056
7804
7671
7607
7447
7378
7376
7268
7384
7261
7289
7518
7785
7700
8063
7882
7575
7126
7157
6823
7101
7295
7205
7328
7424
7482
7495
7322
7643
7529
7450
7415
7304
6879
6947
6692
6499
6648
6646
6556
6750
6725
6965
7209
7507
7900
8248
8464
9263
11223
13452
15159
14799
12486
10129
8053
7473
7444
7376
7106
6964
6702
6592
6682
6673
6776
6933
6706
6690
6814
7057
7143
7232
7642
7998
8527
8426
8165
7705
7360
7246
7050
6690
6873
6842
6856
6818
6711
6385
6305
6399
6385
6407
6739
7003
7311
7287
7375
7538
7387
7422
7167
7069
6855
7125
7784
8001
8037
7818
7687
7896
8640
9505
9692
8958
7933
7050
6715
6804
6890
6948
6814
6729
6549
6399
6323
6291
6476
6696
6848
7006
6842
7171
6982
7001
6933
6779
6535
6285
6464
6111
6427
6566
6724
6853
7102
7028
6834
6908
6787
6853
6853
6847
6917
7093
7038
6828
6641
6669
6295
6374
6167
6260
6205
6458
6533
6694
7228
7202
7651
7533
7154
7147
6728
6464
6333
6324
6372
6210
6039
5993
6074
6114
6289
6731
6918
6859
6856
6569
6772
7278
7742
8016
8036
7413
6754
6244
6058
6140
6118
6442
6503
6717
6454
6367
6276
6056
6097
6169
6011
5733
5930
6169
7120
9796
14917
21677
26161
25727
20587
13959
9566
7390
6922
6609
6584
6469
6035
6122
6012
6048
6141
6309
6284
6068
5963
6024
6225
7008
8419
9478
10025
9374
8162
7047
6354
6073
5941
5713
5682
5802
6095
6543
6648
6662
6274
5877
5701
5884
6123
6439
6514
6803
6847
6802
6486
6300
6060
6024
6118
5998
5839
5881
5732
5858
5848
6316
6832
7598
7925
8216
7876
7365
7948
11347
22904
52618
103398
156419
178325
152160
98700
49159
20764
9321
6247
6186
6650
7732
7744
7120
6457
5769
5694
5644
5631
5812
5901
5908
5866
5847
5807
5773
5846
5881
5746
5569
5466
5596
5441
5506
5364
5358
5240
5167
5253
5202
5320
5263
5281
5106
5057
5038
5130
5237
5059
4899
4819
4911
4970
5078
5206
5180
5414
5375
5422
5497
5511
5555
5615
5950
6859
9346
14001
21431
31369
40639
44882
39447
29329
19378
13069
9043
7084
5843
5345
5153
5118
5305
5355
5328
5219
5002
4906
4541
4502
4520
4528
4567
4787
4882
5141
5193
5185
5609
6252
7881
10437
11779
11745
9967
7535
5758
4789
4522
4383
4429
4338
4509
4404
4380
4339
4207
4184
4295
4388
4311
4511
4590
4880
4697
4890
5083
5146
5522
5717
5740
5827
5635
5489
5386
4981
4980
5092
5110
5169
4972
4704
4468
4407
4370
4338
4514
5437
6642
7625
8300
7976
6684
5666
5074
4664
4623
4685
4853
4831
4804
4655
4708
4542
4600
4531
4718
5014
4894
5287
5962
7256
9652
12586
14256
13461
10849
8012
5804
5029
4622
4729
4699
4620
4711
4664
4527
4541
4429
4431
4345
4428
4421
4369
4815
5231
6068
7130
8149
8665
8511
8171
8353
9810
14703
22771
30126
32634
27602
18767
11052
6866
4883
4525
4419
4431
4262
4294
4196
4083
4190
4225
4241
4548
4534
4668
4743
4975
4953
4895
4907
5001
5250
5447
5326
4980
4667
4264
4120
4046
4107
4189
4183
4145
4359
4377
4449
4493
4650
4565
4585
4430
4508
4464
4399
4287
4132
4215
4286
4490
4748
4932
5221
5359
5050
4855
4652
4462
4332
4387
4424
4445
4491
4670
4765
4809
4821
4765
4708
4815
4786
4685
4698
4482
4538
4953
5444
5793
5839
5433
4973
4489
4505
4595
4879
5001
4849
4677
4524
4367
4204
4238
4316
4088
4055
4103
4097
4125
4284
4438
4868
5546
6356
6733
6264
5452
4715
4269
4119
4143
4205
4457
4454
4262
4138
4214
4129
4349
4379
4358
4229
4206
4291
4410
4560
4698
4601
4423
4275
4270
4170
4173
4241
4195
4096
3996
4037
4100
4159
4267
4059
4053
3736
3719
3707
3873
3896
4155
4116
4033
3990
3863
3895
3999
4167
4427
4823
5211
5372
5183
4605
4130
3888
3715
3833
3697
3828
3682
3699
3702
3707
3805
3818
3873
3860
3977
3885
3879
3679
3846
3701
3773
3718
3708
3756
3925
3913
4001
4133
4635
5037
5906
6667
6575
6391
5735
4905
4463
4435
4506
4592
4454
4222
3788
3712
3822
3779
3979
4055
4144
4256
4161
4185
4021
4054
4042
3995
4089
4012
4048
4052
4035
3990
4033
4023
4140
4159
4190
4159
4375
4416
4507
4389
4198
4161
3850
3842
3799
3846
3902
3866
3708
3616
3432
3489
3562
3721
4014
4633
5222
6032
6440
6310
5808
5042
4465
4195
4041
4130
4036
4143
3960
3842
3827
4073
4453
5735
7867
11204
14371
14889
12980
9304
6390
4522
3777
3415
3531
3537
3594
3801
3763
3896
3731
3777
3569
3576
3534
3961
4045
4044
4085
3800
3684
3529
3307
3261
3348
3410
3495
3577
3544
3515
3494
3540
3474
3525
3561
3858
4159
4330
4572
4625
4338
3991
4076
4069
4331
4235
4096
3852
3662
3782
3804
3835
3811
3783
3668
3527
3720
4014
4243
4286
4312
4101
3859
3724
3487
3655
3470
3795
3881
3952
3979
3704
3500
3290
3218
3478
3682
3875
3803
3614
3428
3237
3185
3457
3750
3925
4035
3902
3830
3813
3868
3946
3957
3784
3896
3981
4097
4169
3845
3712
3875
4703
6189
7834
8646
7988
6598
5264
4478
4161
4176
4003
3814
3750
3872
4850
6827
10003
12662
13288
11382
8643
6031
4975
4401
4347
4285
4225
4569
4723
4917
4563
4153
3663
3397
3383
3608
4629
7362
13538
23247
32334
35954
31682
21738
12403
6832
4428
3940
3991
4075
4165
4285
4106
4132
4091
4051
3929
3984
3879
3836
3865
3896
3967
4204
4253
3905
3840
3796
3720
3385
3250
3062
3093
3075
3180
3314
3459
3313
3309
3414
3559
3635
3539
3726
3854
3951
4172
4029
3773
3618
3374
3309
3361
3283
3476
3593
3583
3459
3362
3126
3160
3034
2962
3114
2995
2994
3048
2877
2942
3037
3022
2943
3046
3018
3121
3198
3188
3134
3028
3027
2923
2721
2872
2787
2862
2932
3048
3240
3456
3801
4227
4442
4512
4391
4061
3430
3238
3356
3333
3521
3501
3556
3601
3981
4588
4687
4820
4773
4993
4855
4660
4307
3747
3404
3150
3162
3123
2953
3024
3009
3037
2928
2862
2968
3210
3248
3553
3569
3692
3698
3546
3268
3071
3085
3095
3162
3188
3183
3085
3261
3501
4077
4258
4248
4021
3616
3158
3090
3077
3291
3494
3786
4143
4728
4871
4825
4727
4598
4289
4260
4094
3830
3395
3185
2879
2930
2876
2987
3110
2983
3003
2928
2936
3147
3042
3076
3112
3139
3016
2896
2837
2783
2964
3089
3037
3054
2876
2718
2625
2607
2640
2681
2907
2918
2930
2872
3112
3032
3100
3094
3101
3112
2938
2865
2813
2930
2807
2899
2880
2956
2946
3012
2953
3230
3352
3413
3402
3259
3291
3381
3422
3390
3241
3187
3072
2972
2916
2876
2961
3157
3389
3418
3360
3140
2881
2707
2576
2654
2676
2825
2899
2946
2984
2999
2939
2908
2914
3085
2988
2812
2713
2543
2630
2786
2909
2802
2836
2665
2646
2698
2801
2806
2953
3024
3084
3112
3223
3481
3943
5093
6021
6442
6183
5026
4119
3458
3221
3327
3288
3249
3218
2809
2779
2671
2681
2897
3241
3761
4575
5766
6393
6687
5843
4885
3951
3261
2971
2838
2720
2849
2970
2920
2870
2865
2902
3094
3600
4360
5011
5221
4969
4269
3688
3277
2972
2818
2841
2721
2675
2661
2812
2905
2962
2914
2779
2685
2761
3070
2878
2950
2955
2894
3020
2977
3118
2956
2934
3035
3140
3183
3279
3330
3538
3688
3578
3435
3208
2856
2740
2718
2758
2810
2935
3202
3246
3435
3322
3235
3096
2985
2766
2857
2754
2782
2760
2766
2673
2695
2779
3006
3500
4317
4946
5176
4887
4445
3759
3324
3084
2794
2846
2791
2833
2702
2780
2756
2924
2888
3041
3144
3225
3410
3433
3270
3316
3205
3234
3177
3169
2960
2680
2508
2469
2456
2566
2635
2556
2642
2707
2883
3005
3088
3132
3222
3341
3390
3397
3169
2995
2906
2879
3145
3103
3177
3051
2931
2724
2808
2851
2967
3137
3033
2997
2965
3114
3369
3638
3579
3385
3155
3004
2904
2721
2692
2608
2613
2672
2597
2669
2680
2846
2882
3065
3142
3225
3076
3071
2828
2992
3293
3519
3780
3795
3704
3586
3461
3333
3285
3123
2930
2788
2650
2784
2630
2611
2545
2602
2521
2612
2590
2622
2627
2626
2499
2480
2470
2465
2368
2445
2384
2454
2377
2458
2444
2592
2790
3038
3300
3310
3411
2994
2653
2647
2430
2436
2519
2455
2606
2748
3110
3469
3728
3850
3626
3489
3067
3005
2917
2707
2684
2617
2593
2636
2778
2939
2852
2809
2602
2516
2574
2482
2633
2807
3172
3341
3483
3392
3106
2807
2706
2663
2659
2728
2681
2553
2401
2339
2298
2171
2242
2335
2376
2531
2906
3151
3245
3090
2770
2709
2654
2541
2513
2496
2531
2455
2386
2411
2516
2667
2684
2672
2777
2678
2606
2601
2458
2517
2623
2558
2593
2587
2649
2541
2412
2339
2416
2337
2339
2468
2560
2709
3000
3280
3344
3244
3260
3254
2905
2945
2669
2464
2527
2402
2428
2373
2547
2855
3103
3266
3362
3518
4028
5311
8024
11414
14704
15577
14088
11750
10794
11319
12511
12767
11564
9154
6874
5017
3753
3280
3136
3228
3475
3464
3614
4073
4824
5678
6285
6524
6065
5241
4049
3512
3148
3154
3329
3197
3226
3197
3020
2904
3100
3311
3578
3693
3446
3161
2894
2664
2551
2490
2572
2567
2502
2473
2406
2378
2255
2289
2371
2324
2435
2514
2654
2683
2653
2791
2789
2640
2695
2745
2878
2964
3055
3104
2865
2618
2496
2411
2278
2323
2329
2467
2263
2223
2176
2252
2284
2307
2325
2359
2509
2715
2826
2944
3062
2975
2903
2822
2761
2753
2814
2939
3028
3104
3055
2897
2901
2848
2770
2648
2654
2801
2975
3238
3239
3167
3046
2869
2794
2808
3185
3147
3255
3217
2892
2640
2471
2527
2823
3446
4180
4732
4983
4476
3747
3074
2582
2322
2247
2380
2676
2915
3161
3158
2949
2720
2545
2636
2816
3039
3366
3457
3415
3441
3381
3336
3142
3087
2980
3013
2952
2777
2591
2248
2287
2192
2221
2233
2239
2213
2229
2214
2169
2091
2242
2218
2346
2284
2281
2276
2379
2354
2454
2455
2451
2563
2600
2571
2395
2334
2338
2354
2487
2693
3075
4075
5688
8283
10802
11854
10782
8226
5385
3812
2763
2420
2181
2153
2320
2308
2467
2480
2430
2453
2419
2294
2318
2417
2396
2551
2485
2546
2525
2540
2489
2536
2515
2351
2272
2221
2239
2264
2430
2364
2310
2311
2208
2236
2527
2816
3035
3180
3032
2799
2408
2251
2058
2139
2269
2389
2495
2762
2984
3161
3086
3098
2814
2445
2425
2293
2398
2425
2568
2858
2882
2802
2604
2348
2123
2128
2076
2200
2197
2367
2574
2514
2536
2431
2304
2289
2263
2246
2154
2151
2221
2259
2318
2479
2689
2708
2723
2628
2478
2468
2421
2468
2649
2623
2740
2665
2574
2591
2525
2391
2333
2354
2337
2394
2498
2474
2475
2459
2437
2517
2514
2459
2396
2366
2157
2106
2165
2240
2374
2360
2388
2399
2498
2522
2564
2593
2599
2442
2360
2306
2216
2252
2146
2226
2317
2331
2375
2260
2332
2420
2404
2374
2360
2403
2516
2386
2558
2660
2779
2655
2633
2672
2629
2623
2656
2800
2864
3128
3088
3135
2936
2841
2755
2590
2670
2662
2643
2577
2577
2634
2716
2687
2813
2661
2773
2776
2667
2712
2746
2954
3242
3469
3734
3718
3770
3510
3161
2924
2801
2539
2516
2478
2539
2781
2729
2688
2640
2599
2463
2460
2442
2418
2533
2593
2793
2937
3224
3325
3205
2942
2794
2611
2685
2700
2591
2507
2342
2275
2207
2266
2150
2171
2226
2125
2150
2106
2185
2237
2233
2287
2439
2460
2500
2669
2789
2656
2698
2794
2880
2937
2842
2750
2792
3032
3279
3593
3553
3419
3128
2794
2713
2611
2845
3029
3139
3091
3082
2851
2721
2607
2555
2555
2697
3152
3651
4058
4116
3643
3144
2580
2411
2455
2623
3220
4154
5071
5848
5827
4920
3871
3067
2571
2311
2321
2305
2396
2417
2551
2655
2743
2736
2885
2943
3018
2946
2811
2658
2428
2410
2219
2479
2553
2479
2615
2496
2411
2449
2560
2721
2876
2760
2673
2571
2419
2328
2478
2508
2738
2887
2838
2704
2624
2535
2353
2445
2404
2404
2533
2422
2464
2479
2389
2467
2621
2659
2660
2583
2562
2304
2251
2243
2230
2260
2303
2160
2222
2235
2336
2435
2740
2808
2876
2929
2654
2546
2447
2439
2507
2338
2549
2382
2433
2294
2272
2274
2354
2258
2286
2195
2117
2049
2063
1988
2085
2030
2192
2235
2238
2363
2475
2421
2504
2606
2720
2676
2529
2382
2457
2563
2586
2569
2677
2664
2538
2574
2500
2444
2416
2421
2293
2207
2096
2052
1990
1981
1988
1982
1975
2014
1994
2015
1973
1945
1979
1992
2128
2114
2289
2106
2103
2004
1905
1884
1943
1934
1811
1839
1877
1833
1887
1915
2043
2134
2308
2397
2465
2492
2403
2416
2430
2328
2270
2252
2338
2541
2812
3008
3034
2834
2555
2220
2089
1943
1881
1842
1874
1976
2072
2073
2021
2082
1945
2068
2199
2548
2678
2636
2631
2524
2405
2318
2211
1951
1862
1870
2021
2158
2270
2346
2278
2277
2202
2230
2224
2119
2133
2384
2452
2582
2675
2477
2272
2245
2094
2092
2089
2035
2071
2103
2132
2134
2142
2009
2107
2145
2120
2099
2284
2359
2658
3587
4526
5468
5609
5202
4565
3670
2846
2907
3733
7399
16544
33107
58050
83103
96123
90789
69842
43791
22730
10887
5312
3306
2777
2721
3235
4352
7936
15064
25581
36850
42678
39553
29519
18023
9422
4708
2906
2469
2637
2838
2924
2638
2413
2168
1944
1702
1545
1576
1589
1802
1849
2074
2191
2442
2470
2430
2175
1756
1592
1373
1324
1366
1254
1290
1312
1369
1441
1478
1542
1581
1330
1359
1354
1343
1381
1475
1606
1678
1837
1799
1686
1630
1579
1483
1451
1349
1241
1416
1306
1349
1325
1304
1245
1218
1179
1218
1218
1263
1359
1407
1414
1356
1335
1309
1219
1296
1302
1362
1499
1584
1759
1789
1765
1654
1649
1619
1465
1407
1295
1298
1264
1246
1224
1274
1244
1187
1237
1209
1245
1248
1352
1251
1286
1303
1406
1396
1360
1508
1468
1519
1541
1522
1627
1663
1740
1976
2107
2126
2091
2352
3412
5360
8120
10807
12165
11244
8667
5463
3294
1931
1464
1251
1279
1360
1464
1521
1631
1535
1467
1432
1314
1275
1193
1161
1163
1133
1161
1228
1325
1311
1278
1269
1328
1281
1356
1571
1770
2194
2503
2585
2502
2108
1838
1501
1355
1272
1113
1087
1112
1096
1164
1195
1199
1268
1299
1392
1374
1508
1721
1875
2021
1827
1735
1521
1348
1275
1237
1200
1222
1297
1218
1264
1343
1268
1235
1236
1229
1114
1037
1059
1095
1116
1114
1179
1278
1393
1526
1551
1542
1530
1475
1366
1441
1356
1370
1212
1264
1248
1220
1271
1273
1552
1845
2503
3816
5315
6849
7709
7087
5774
4000
2764
2032
1944
2117
2218
2387
2302
1942
1656
1298
1151
1175
1083
1051
1114
1085
1137
1148
1095
1093
1095
1095
1083
1104
1162
1248
1198
1222
1136
1095
1084
1059
1195
1190
1232
1292
1289
1236
1173
1169
1192
1088
1190
1186
1214
1374
1465
1467
1588
1545
1589
1472
1387
1320
1321
1299
1288
1340
1309
1434
1430
1574
1896
2012
2126
2122
1880
1511
1346
1140
1077
1042
1025
1023
1091
1175
1268
1404
1495
1548
1500
1350
1329
1197
1210
1176
1202
1179
1176
1199
1187
1151
1142
1249
1422
1662
2023
2463
2545
2507
2243
1771
1588
1412
1346
1167
1198
1159
1186
1303
1248
1181
1113
1025
1032
925
941
893
960
969
1026
1018
1064
1089
1111
1082
1125
1099
1057
1075
1041
1123
1089
1052
1045
1059
941
1019
993
1061
1130
1128
1136
1163
1121
1063
1062
954
983
1036
1014
1080
1191
1115
1105
1057
1009
1041
1055
1104
1064
1175
1117
1033
1051
1040
902
1011
961
1000
980
1055
1081
1202
1288
1262
1156
1253
1281
1357
1520
1643
1879
1857
1619
1406
1189
1137
1064
1097
1272
1240
1330
1257
1361
1523
1806
2059
2213
2131
1815
1517
1267
1234
1133
1142
1126
1137
1064
1069
1044
1140
1145
1134
1161
1177
1242
1200
1288
1531
1880
2451
3128
3723
4298
4296
3973
3558
3035
2526
2050
1625
1375
1350
1634
2526
3934
5762
7362
7896
7047
5447
3625
2432
1603
1300
1119
954
972
988
1080
1232
1883
2638
3668
4636
4729
4210
3263
2393
2018
1979
2162
2523
2755
2732
2656
2405
1914
1671
1304
1128
993
1076
1168
1335
1493
1696
1543
1386
1173
1083
979
942
1117
1130
1304
1220
1198
1119
1094
1051
1182
1160
1306
1157
1128
1062
1022
1040
1000
1169
1206
1137
1085
1016
1043
930
931
932
904
860
898
901
933
938
1020
1136
1311
1347
1305
1235
1246
1072
1123
1188
1142
1204
1153
1115
1080
1037
1085
1002
1048
1016
1024
1156
1183
1181
1116
1104
959
966
950
928
1083
1107
1138
1337
1574
1859
2223
2528
2540
2214
1730
1390
1185
1014
1041
1027
965
916
886
957
1059
1174
1255
1413
1479
1355
1264
1182
1002
958
980
1003
986
973
953
994
988
895
978
889
938
959
985
1025
1109
1157
1270
1234
1555
1506
1688
1706
1636
1540
1367
1252
1209
1155
1320
1430
1468
1404
1308
1241
1422
1623
2019
2166
2207
2009
1741
1399
1208
1062
1006
1035
1032
1031
1097
1035
1036
985
943
891
863
860
865
868
1014
1056
1047
1103
1164
1082
1095
1136
1104
1090
1062
1136
1082
1091
1111
1254
1315
1445
1379
1396
1424
1448
1418
1452
1565
1570
1475
1370
1344
1148
1143
1047
947
926
948
940
957
1012
1047
1008
1072
951
908
860
937
903
925
934
889
936
871
928
885
945
922
986
908
877
903
802
847
832
864
887
909
979
867
927
956
922
912
842
863
822
830
800
780
831
887
836
774
801
823
855
845
804
821
800
809
910
848
915
891
972
1000
1042
1043
972
912
925
862
864
909
900
896
937
925
899
878
869
864
910
834
973
953
1026
1064
1169
1294
1441
1769
2174
2549
2645
2451
2142
1690
1355
1174
1020
1033
1068
1325
1575
1856
2069
2165
1968
1638
1248
1114
928
962
930
905
901
853
934
857
858
811
818
821
894
846
939
1053
1146
1452
2051
2658
3046
3172
2790
2228
1709
1234
1075
949
979
1099
1396
2206
3621
5245
7073
7767
7167
5592
3820
2279
1420
1034
930
894
919
893
929
1088
1216
1515
1667
1643
1566
1459
1297
1205
1092
1159
1189
1482
1791
1961
1785
1623
1276
1064
972
903
925
865
881
842
800
829
783
804
819
787
787
782
803
829
809
890
1044
1168
1554
2001
2410
2793
2836
2471
1895
1400
1109
1047
954
982
905
944
976
1153
1439
1714
1922
2037
1753
1491
1156
1032
1032
959
999
1050
1057
1078
1053
926
886
836
790
902
1020
1234
1395
1510
1710
1871
1868
1827
1712
1594
1688
1866
2589
3544
5105
7214
8403
8344
7078
5092
3203
1906
1169
1000
879
810
774
764
728
736
781
749
730
735
729
720
693
753
837
892
962
999
955
845
765
777
760
711
730
745
716
729
739
703
707
691
734
753
726
741
773
820
733
812
796
863
1003
1105
1246
1251
1186
1021
906
867
1075
1274
1668
2024
2330
2295
1894
1491
1166
974
840
741
755
746
850
896
951
924
880
823
845
816
907
1055
1374
1687
2075
2136
1969
1686
1242
943
803
742
739
767
742
723
738
752
767
764
787
759
822
919
1080
1333
1467
1458
1339
1275
1103
1032
976
844
805
738
736
709
698
724
695
736
772
763
840
877
926
855
851
857
881
812
733
709
788
816
1001
1134
1184
1229
1193
1075
929
862
804
847
928
969
999
976
871
887
858
914
822
813
830
797
797
722
698
708
719
695
739
719
673
714
744
798
764
733
721
778
721
747
744
767
779
729
686
697
667
659
704
719
646
705
696
759
751
735
756
711
709
757
789
711
731
706
702
682
746
753
772
767
721
768
743
767
759
770
702
769
769
715
750
762
896
928
1045
1130
1172
990
934
849
746
745
711
738
815
896
1114
1477
1872
2094
2089
1767
1497
1244
966
881
785
729
683
711
693
656
671
673
710
699
677
688
680
662
692
669
648
613
583
653
696
707
687
723
723
713
741
754
786
801
874
905
873
859
850
882
811
802
782
757
784
736
714
718
712
743
852
1022
1152
1362
1373
1191
994
819
655
695
667
633
608
683
663
668
718
781
819
835
814
822
791
740
727
679
739
680
637
754
639
682
647
650
652
704
711
763
745
667
665
673
684
774
802
800
800
750
724
698
624
672
657
649
670
706
635
655
638
660
758
875
1072
1359
1923
2234
2447
2546
2184
1809
1407
1082
852
772
718
703
671
689
660
727
734
803
954
1287
1858
2586
3418
4228
4571
4393
3701
3041
2254
1647
1315
1080
922
853
847
824
819
734
732
793
818
947
1241
1765
2556
3387
4140
4793
5278
5922
6472
6462
5636
4413
3411
2919
2967
3360
3509
3463
3097
2431
1848
1333
1000
863
795
790
794
803
723
757
780
750
776
785
759
785
782
791
846
746
758
688
720
715
676
676
658
707
738
900
1179
1424
1819
1924
1988
1750
1482
1171
946
803
746
718
702
669
782
765
770
790
723
681
645
629
627
564
585
614
609
676
663
605
643
638
687
719
660
628
622
657
712
665
690
690
671
709
636
647
627
595
602
588
614
640
679
655
652
621
731
690
754
806
796
828
773
766
767
826
836
775
807
741
662
628
630
579
637
632
609
601
627
611
628
659
727
698
706
795
805
924
1026
1079
1059
946
782
732
631
644
656
605
646
654
643
754
829
899
882
958
888
796
720
672
640
688
889
1340
2420
4391
7163
9954
11887
11500
9467
6414
3952
2200
1197
771
640
619
610
620
630
609
551
565
552
524
542
520
558
611
677
678
790
799
743
675
657
580
552
586
558
637
702
821
886
985
886
859
828
858
876
925
832
741
679
567
576
578
535
542
564
568
546
555
619
579
561
618
562
565
542
564
589
578
534
574
577
564
561
627
674
701
712
726
701
674
567
590
578
641
671
667
665
680
638
678
670
650
624
644
656
689
696
800
850
975
1197
1575
1889
2260
2336
2377
1949
1598
1096
925
757
665
656
577
673
618
631
666
698
757
751
808
781
724
687
654
667
616
643
720
803
1002
1237
1545
1737
1828
1634
1372
1043
787
728
714
672
625
698
678
682
701
700
703
695
719
723
671
690
667
653
689
652
683
644
685
674
674
670
704
695
701
698
681
679
685
658
677
661
703
672
691
784
944
1036
1240
1299
1341
1328
1151
1031
847
732
673
666
674
678
721
697
741
722
722
689
679
646
719
726
756
757
771
795
693
632
722
711
641
670
662
701
714
675
662
668
719
712
631
638
685
643
608
636
667
668
655
675
663
615
570
600
615
565
596
560
586
571
603
575
575
618
547
582
593
613
613
589
576
596
588
658
632
580
616
626
606
592
587
569
575
566
580
602
563
580
571
602
594
545
540
567
546
562
584
583
603
595
610
561
538
608
615
612
543
612
551
537
608
570
562
556
563
599
545
659
682
696
747
777
832
845
829
848
827
821
952
1012
1258
1557
1829
2026
2080
1975
1727
1370
1042
876
760
673
645
581
604
571
616
632
615
616
641
616
633
628
609
642
697
617
646
662
604
604
598
622
582
629
626
607
636
555
599
650
645
631
686
632
649
575
615
603
606
602
631
614
663
621
691
700
644
659
603
656
652
632
620
591
601
593
611
625
541
606
561
583
554
568
637
599
577
535
651
562
558
579
602
611
577
558
564
603
591
548
555
504
525
551
570
581
578
568
596
631
535
571
539
547
556
554
539
599
583
632
623
649
723
791
952
1121
1319
1581
1665
1886
1778
1483
1263
1016
759
639
598
524
507
536
522
510
518
520
486
478
515
486
526
498
542
513
512
506
520
555
532
563
650
662
665
739
797
678
706
736
779
732
847
847
832
847
826
753
649
591
521
518
485
533
473
539
523
507
515
536
522
564
514
472
535
498
535
551
450
524
544
532
526
513
534
494
582
721
1099
2021
3648
6178
8958
10966
11385
10231
7562
4810
2821
1498
930
616
504
533
507
483
533
579
675
987
2021
4030
7667
12991
18400
21567
21431
17773
12656
7436
3837
1763
901
585
486
472
463
438
442
406
387
410
390
392
420
423
400
395
404
408
413
412
502
758
1387
2664
5492
9552
13703
17362
17729
15829
11499
7119
3853
1913
836
518
370
367
421
525
570
605
597
495
483
381
283
327
279
280
300
265
260
278
280
289
311
307
319
326
354
344
359
392
404
357
293
296
266
274
260
229
245
265
251
261
245
259
260
251
292
265
247
253
269
318
324
305
344
334
346
393
423
414
367
353
310
300
276
258
278
263
257
257
275
293
300
253
299
309
288
355
364
456
561
590
667
632
660
681
733
792
771
742
612
451
361
348
319
280
273
281
286
291
287
316
283
261
296
302
304
271
311
317
342
295
286
281
290
265
228
252
234
234
249
268
247
251
245
221
232
227
268
262
280
349
294
251
225
250
251
234
189
207
211
210
194
235
220
233
214
206
209
205
219
270
245
216
255
255
262
275
295
316
303
291
296
241
243
185
255
241
237
270
255
256
250
245
256
230
229
200
222
198
200
243
205
253
221
267
232
236
245
220
217
233
237
240
247
215
260
205
265
258
247
262
263
222
224
218
230
237
227
241
239
242
233
212
223
248
246
241
247
242
235
210
221
243
230
270
293
322
333
318
316
283
293
267
264
252
263
259
274
283
331
494
990
1951
3589
5906
8283
9908
9830
8294
5806
3632
1954
975
538
390
295
215
180
171
197
190
162
160
216
196
202
182
179
206
256
268
361
504
588
652
620
514
402
303
262
229
245
238
302
367
414
386
426
306
250
221
184
176
182
187
165
155
157
169
153
163
185
170
189
206
192
190
178
201
177
167
192
157
151
196
177
152
173
168
161
160
146
174
149
148
150
164
136
160
171
162
171
178
175
182
168
138
160
143
156
136
169
248
331
477
669
773
886
835
644
481
349
247
199
165
173
161
173
147
173
145
153
170
195
232
352
416
701
869
1118
1244
1167
1054
789
586
390
286
233
177
183
180
163
185
152
166
185
201
182
210
233
251
239
203
225
257
244
236
208
211
205
184
199
204
184
230
186
174
171
200
177
182
180
177
157
154
156
148
130
154
154
148
160
168
160
141
149
150
155
174
154
150
137
152
156
167
167
165
171
177
185
203
198
267
318
458
694
878
1029
1066
1025
867
959
1299
2308
3980
6125
8027
9042
8597
6674
4505
2603
1323
609
308
165
153
130
145
144
177
215
204
203
208
196
204
203
217
228
201
173
126
141
139
129
125
120
119
125
141
140
164
189
198
199
218
176
185
153
143
130
121
135
121
135
146
159
175
221
212
223
195
158
160
135
125
108
102
99
100
125
95
93
101
100
112
102
94
88
98
102
103
111
107
94
94
89
87
97
99
89
107
91
110
73
100
88
86
115
76
90
97
87
83
115
124
153
161
184
192
184
189
162
148
118
110
88
91
72
103
111
100
94
95
88
93
122
128
176
192
246
237
210
215
179
148
111
101
105
76
103
77
112
96
75
94
92
71
89
90
67
98
103
106
118
91
101
113
99
105
120
103
98
125
105
104
103
96
98
98
113
100
106
127
134
130
139
131
140
138
141
129
165
180
152
178
136
148
103
112
102
69
94
98
93
97
99
101
101
99
97
101
94
72
79
96
99
104
100
102
88
104
98
73
77
107
104
120
122
130
168
164
183
140
158
153
152
160
148
143
154
149
242
292
403
504
576
507
391
290
213
143
127
103
106
89
108
96
105
106
87
92
81
112
99
107
106
90
104
104
113
111
96
87
103
128
114
118
96
109
109
92
104
103
101
114
128
118
109
116
115
109
109
115
126
139
129
129
124
109
119
129
101
108
120
108
105
98
131
146
166
174
155
138
155
123
85
102
109
86
103
77
96
98
90
87
89
105
80
96
103
83
119
138
146
189
156
188
162
142
128
101
93
104
134
118
111
95
102
122
115
120
105
103
87
100
94
93
97
112
112
104
95
89
98
97
83
94
101
76
86
90
91
94
87
94
104
107
91
104
108
104
93
85
87
91
90
91
110
100
75
83
97
69
90
96
86
109
92
73
92
96
94
103
87
107
102
99
103
82
86
80
99
85
98
72
82
84
93
98
94
81
94
82
94
91
100
96
92
106
83
83
82
79
102
103
101
109
105
110
94
111
108
111
151
178
246
264
262
266
224
172
148
113
96
97
101
125
108
77
104
100
109
100
101
113
111
99
97
92
92
103
102
94
93
120
100
103
94
98
111
109
87
96
108
95
99
104
88
85
99
107
95
82
78
86
86
88
88
86
95
101
106
85
84
82
87
94
73
97
102
82
78
82
76
95
85
99
119
179
190
204
228
248
175
146
108
102
75
77
76
93
107
83
105
88
85
107
94
86
81
100
93
85
95
102
108
84
77
86
75
67
85
75
82
88
84
89
85
80
72
79
82
81
89
79
69
74
77
64
76
65
61
59
78
82
76
70
89
81
77
72
75
76
83
74
93
75
94
83
70
98
99
95
102
93
96
104
90
92
94
110
110
111
87
98
99
88
86
71
74
82
94
86
94
115
90
89
87
93
91
93
112
105
98
101
98
85
86
112
93
87
94
94
109
113
102
102
98
115
143
229
484
1068
2037
3136
4468
5345
5471
4879
3537
2291
1293
574
279
141
89
58
85
72
83
81
142
174
271
379
464
496
527
446
360
213
146
125
89
68
57
55
42
58
49
54
58
66
68
58
58
62
54
55
49
43
57
49
62
56
56
60
43
54
47
36
56
37
47
61
63
74
93
100
78
96
97
81
70
61
58
61
55
47
61
71
66
57
53
55
43
58
39
72
75
82
86
96
73
82
59
59
63
60
37
37
43
47
64
57
53
44
54
51
50
50
42
50
51
64
90
85
100
116
134
117
103
84
54
84
65
75
127
212
283
365
394
408
315
234
191
105
82
63
75
95
131
194
300
389
464
534
571
524
452
317
239
163
94
76
62
55
72
65
58
60
65
42
31
46
48
37
32
38
31
33
52
31
38
44
44
35
39
45
35
51
44
51
33
32
41
28
37
36
35
37
32
37
45
37
32
41
39
37
58
47
40
52
50
63
57
52
35
51
27
34
40
40
49
37
47
46
30
37
32
46
37
49
45
50
47
25
37
26
34
41
41
30
34
41
40
30
46
51
63
46
64
101
101
117
117
97
79
49
53
50
39
43
39
34
48
48
47
53
83
124
145
197
195
200
173
123
99
64
38
41
34
40
28
37
29
32
37
23
23
38
40
23
33
31
33
39
37
36
36
48
49
50
43
51
66
71
68
55
52
46
34
45
75
123
172
306
361
480
467
391
341
232
153
81
67
38
38
31
37
26
36
41
35
33
33
20
38
32
38
27
39
40
31
28
34
35
39
32
32
31
28
32
28
27
31
28
30
35
40
36
43
33
43
45
32
42
49
57
56
51
51
53
60
44
42
32
28
31
44
27
25
38
40
43
33
35
35
43
32
39
31
33
31
30
44
33
37
25
34
29
30
39
29
30
32
38
49
34
39
41
29
39
31
44
36
24
27
26
32
34
33
28
32
47
53
54
59
42
44
39
42
42
41
38
32
32
30
39
35
31
26
34
26
35
34
42
32
32
44
27
35
31
40
33
26
37
30
52
32
37
36
47
31
27
31
40
34
42
51
42
61
46
40
40
34
40
37
33
38
30
34
37
38
44
34
39
35
36
36
29
41
29
37
34
35
45
28
40
32
36
36
32
31
33
36
41
38
35
30
26
26
33
35
45
35
28
34
27
32
35
32
41
42
29
40
36
35
33
23
40
40
35
28
36
30
37
41
32
43
39
39
35
34
31
27
31
33
29
28
39
23
30
37
32
40
41
31
36
34
35
29
35
38
29
27
33
40
35
32
30
28
39
35
31
25
31
40
40
31
32
30
34
37
50
37
28
38
22
32
35
30
39
30
44
37
26
31
29
42
47
23
38
32
39
32
25
32
36
24
42
39
36
31
24
43
29
32
25
44
48
61
62
98
64
81
63
62
49
61
84
87
89
89
65
58
58
34
35
36
36
53
74
67
62
60
53
40
47
51
43
41
59
37
41
28
25
27
35
29
24
33
26
31
39
48
40
48
59
57
71
50
44
46
30
34
37
31
41
38
20
27
28
43
50
44
55
60
107
127
131
113
117
84
58
42
33
24
20
29
41
34
32
31
34
39
46
60
72
92
126
123
135
130
98
62
53
38
26
41
22
43
31
36
32
29
28
23
26
32
26
22
27
27
25
24
20
25
28
33
25
28
36
23
31
28
37
56
84
120
246
425
583
794
898
982
767
541
337
193
104
56
39
29
25
30
25
26
32
44
45
56
83
77
74
55
52
38
30
35
26
22
24
21
20
25
30
25
25
24
20
30
30
20
21
24
18
29
24
32
22
32
30
26
21
31
22
16
18
18
18
24
23
24
20
26
30
32
36
34
39
40
44
37
38
29
24
33
23
27
19
19
24
17
22
13
32
40
23
29
33
39
38
80
107
173
267
293
324
284
222
174
99
66
58
37
58
55
65
69
75
68
42
40
52
43
27
28
31
38
26
19
23
16
29
28
18
28
18
24
20
26
18
29
32
23
25
36
27
25
29
29
33
17
25
21
24
26
22
21
28
23
27
32
33
65
75
65
66
52
43
32
30
29
18
20
15
24
19
16
25
13
32
21
18
18
15
16
24
28
19
16
15
22
22
15
23
26
26
33
42
42
56
48
33
43
42
18
28
26
26
23
26
21
22
24
25
18
16
21
20
13
16
18
18
16
14
26
30
17
22
14
14
16
13
15
24
16
20
20
18
15
24
21
21
27
14
18
24
24
18
16
25
37
26
19
19
15
13
12
23
18
14
22
23
27
29
12
26
18
20
28
23
26
26
31
33
29
32
44
61
110
112
113
102
93
71
46
36
22
28
19
26
12
12
24
15
24
19
22
21
28
20
17
15
21
12
17
22
20
27
26
32
27
29
24
34
41
25
23
22
25
25
16
11
25
21
19
14
20
13
18
12
17
24
16
19
29
23
37
43
40
54
91
147
190
281
327
324
318
248
172
139
95
56
36
22
33
18
22
34
33
30
40
35
20
35
32
28
27
26
25
20
21
21
17
19
17
21
14
31
22
24
20
26
29
10
21
21
19
29
21
29
32
31
27
44
39
29
24
27
23
21
25
19
30
23
22
16
17
18
22
17
21
11
22
15
21
14
18
27
21
30
25
22
29
20
27
30
33
26
27
29
27
24
27
25
26
21
21
14
26
24
22
31
21
23
24
22
16
13
29
18
28
19
24
21
25
14
12
26
17
16
23
21
22
11
16
24
18
19
27
28
16
19
27
32
19
20
13
19
22
20
27
22
14
22
16
13
13
13
22
24
24
20
35
32
38
40
27
38
27
29
33
28
23
21
10
17
19
25
21
28
22
23
19
18
24
24
25
22
26
21
20
16
22
21
17
26
21
23
13
21
21
14
21
18
24
17
22
12
21
9
19
13
26
22
25
19
22
14
16
20
19
15
16
19
9
18
24
25
26
15
24
17
16
24
16
20
10
29
29
23
23
18
26
18
30
20
16
16
19
24
19
21
27
39
28
44
37
28
24
23
17
26
22
15
21
9
18
18
26
17
20
14
17
13
20
16
24
17
18
31
15
11
28
24
19
21
23
27
27
24
17
23
32
43
56
68
87
97
85
63
66
44
34
20
19
17
20
21
40
30
54
75
118
123
133
123
127
104
68
48
30
28
18
16
36
36
26
20
28
10
13
22
16
17
23
25
19
20
19
15
19
15
16
11
18
24
21
27
16
24
25
21
31
20
16
18
20
28
28
16
31
22
14
27
26
21
25
18
27
28
22
29
27
21
20
21
31
20
20
20
21
32
18
17
17
21
15
23
12
23
17
23
11
22
17
20
24
19
18
17
15
14
30
26
15
14
14
24
18
26
25
20
24
19
27
29
19
28
19
27
23
21
17
26
14
32
20
18
18
20
20
23
15
13
22
21
17
22
23
19
20
16
24
14
19
12
15
25
23
15
18
17
15
23
18
19
12
19
29
22
11
16
14
23
27
12
24
15
18
18
24
20
16
14
17
14
17
28
28
23
17
22
17
11
20
27
20
18
25
11
20
26
21
26
24
19
16
31
26
50
58
80
118
151
166
206
215
142
136
117
72
47
54
35
27
29
31
21
18
18
16
17
19
22
22
17
22
19
28
18
18
17
25
26
18
14
26
14
19
20
22
19
29
18
21
21
18
22
30
19
28
30
24
19
22
22
27
20
22
15
27
24
17
20
35
21
16
12
19
19
14
24
20
19
28
21
19
17
21
18
19
15
17
14
17
17
21
24
22
26
33
20
35
36
25
23
44
28
22
23
11
11
14
16
13
14
19
16
15
20
22
13
23
21
21
14
19
20
12
9
16
17
13
15
12
16
20
13
16
15
13
15
18
16
20
7
10
7
11
15
12
12
15
17
18
14
11
12
11
16
10
23
18
14
18
18
12
16
30
14
22
17
16
17
12
12
12
15
14
7
16
23
20
10
15
10
15
15
12
10
18
15
15
10
13
13
16
21
19
11
18
14
20
18
25
25
20
26
14
21
21
21
26
13
17
14
16
23
10
14
17
17
17
15
11
19
19
20
17
17
12
16
22
15
24
26
65
101
207
387
623
858
1108
1250
1161
1032
697
445
272
115
48
28
19
6
14
18
35
34
73
81
75
89
45
48
49
30
25
21
10
12
10
9
9
1
9
3
7
4
13
8
9
5
8
9
12
8
7
5
10
12
7
5
8
7
10
8
9
11
10
16
11
6
7
7
8
6
5
6
6
7
10
6
12
10
10
6
7
6
10
9
9
7
7
14
30
37
36
44
53
44
31
27
25
16
17
11
12
8
5
8
8
8
3
10
7
3
6
5
7
5
8
5
1
8
5
3
7
7
3
4
8
13
5
6
9
6
7
8
9
6
4
4
8
2
6
7
5
3
15
10
15
8
12
4
11
8
10
15
24
32
48
65
71
86
79
62
35
37
19
8
7
1
5
2
7
8
15
5
5
2
8
3
4
8
2
8
7
4
5
6
6
7
2
4
4
4
2
5
3
9
6
9
6
5
5
12
3
6
2
8
7
4
3
10
8
6
5
5
9
3
5
3
7
4
7
4
6
3
1
4
4
2
4
4
6
6
7
4
4
5
7
5
14
13
27
14
28
18
28
16
11
10
9
14
8
8
8
3
5
9
4
6
5
2
4
4
4
3
4
5
4
7
6
5
8
6
4
3
3
5
7
6
3
7
3
4
4
3
4
8
9
10
8
4
6
7
3
5
5
5
6
10
7
6
1
3
3
6
5
8
5
5
6
6
4
2
2
1
4
4
5
6
12
9
7
5
6
5
3
5
4
6
5
2
3
3
7
5
5
8
4
4
6
8
7
5
12
5
6
4
10
4
4
4
10
10
5
4
7
3
9
5
2
1
7
7
2
13
6
4
5
4
2
6
6
1
3
3
9
8
8
6
5
8
2
6
7
6
5
4
4
8
3
3
11
5
8
2
7
5
5
9
2
5
4
3
3
6
5
2
10
4
7
7
5
8
6
8
10
14
7
1
6
8
4
7
8
10
3
5
5
6
3
3
3
6
6
5
5
7
2
4
3
6
6
4
5
3
10
3
10
3
3
3
5
8
8
7
9
6
2
8
4
2
8
4
6
5
6
5
4
3
6
3
8
3
6
5
2
7
2
3
1
4
3
5
5
9
6
2
5
4
5
5
5
4
9
4
3
3
8
8
3
4
2
4
2
10
6
7
9
5
7
5
4
4
8
3
6
7
4
4
4
3
1
3
8
4
6
3
8
5
4
3
5
4
5
5
5
9
1
7
9
3
5
4
2
8
4
4
4
7
7
2
2
5
5
2
4
9
6
5
7
6
6
2
1
3
3
9
0
7
8
6
3
3
5
5
3
5
11
4
6
4
5
8
12
10
10
30
14
20
29
18
12
9
7
6
8
12
7
7
4
6
5
5
7
7
11
16
15
13
13
14
6
8
8
7
4
4
2
2
7
8
3
3
5
7
6
5
6
3
8
7
7
3
7
2
7
3
4
2
1
5
5
4
11
3
3
4
5
4
4
8
11
6
3
3
9
3
2
5
2
6
6
4
8
8
3
2
6
2
6
3
5
5
4
4
2
6
1
5
10
7
8
13
8
12
9
12
5
10
7
8
4
8
6
2
10
4
4
1
9
9
7
4
4
7
7
5
4
7
4
8
3
6
8
8
4
4
5
7
2
3
6
8
3
3
7
6
3
1
6
3
8
6
6
8
2
4
3
8
4
1
2
6
7
7
6
13
20
24
27
35
29
25
13
14
3
5
5
5
4
4
6
3
3
4
4
4
9
2
6
5
4
6
6
4
2
3
3
1
5
2
1
4
4
5
9
0
4
9
4
3
5
2
3
5
4
4
5
7
4
7
1
2
5
6
2
7
7
20
20
27
31
48
18
24
23
11
10
13
14
9
6
6
4
10
9
2
4
1
3
5
4
5
4
5
1
3
1
1
1
7
1
4
1
0
9
1
4
4
4
5
6
4
4
7
4
0
5
5
6
3
7
3
4
4
2
3
5
3
1
2
3
4
3
5
4
3
3
2
5
1
3
1
2
6
3
4
2
6
2
5
4
1
5
3
2
4
7
5
3
11
8
9
5
9
4
5
5
3
3
2
2
5
7
4
6
3
2
4
4
1
6
4
4
4
5
3
4
5
2
4
6
7
6
8
5
2
3
1
2
3
6
7
7
7
6
3
2
2
4
6
10
5
7
3
6
11
22
37
39
52
55
39
43
53
29
24
17
14
13
3
3
1
5
2
1
3
4
2
7
3
2
4
2
2
2
4
4
4
2
5
4
8
3
7
2
4
6
3
0
5
4
2
7
6
6
6
4
0
3
1
2
5
5
3
5
7
3
3
4
2
5
3
6
0
1
4
8
4
1
3
2
3
2
2
6
5
4
1
2
6
6
4
4
2
6
5
2
3
3
1
1
3
2
4
8
3
3
2
7
3
3
7
5
3
7
2
1
1
5
5
2
4
4
5
7
3
2
6
2
5
1
2
4
7
1
4
3
2
4
5
8
1
2
1
7
6
5
2
3
0
2
5
3
1
4
4
2
1
2
4
2
2
1
2
2
0
2
5
2
2
7
5
5
3
5
5
3
2
4
0
1
6
2
8
4
2
3
2
2
3
5
5
6
4
9
10
7
9
5
2
6
4
2
3
5
2
3
5
3
3
3
1
3
2
2
5
6
7
8
7
8
4
4
1
3
3
2
3
6
3
4
6
1
3
1
1
2
3
4
4
2
4
4
3
3
4
5
5
5
1
1
1
0
1
2
3
6
5
4
5
6
4
5
2
5
2
1
5
7
3
3
1
2
6
2
2
5
5
2
5
1
4
2
2
1
4
6
5
4
2
1
5
2
2
7
1
4
6
4
3
3
4
9
5
3
3
4
2
1
5
3
1
4
7
2
2
6
4
5
3
1
0
6
4
5
4
3
1
3
2
5
3
6
2
4
6
6
1
6
0
3
4
3
3
8
2
4
6
3
1
3
3
1
8
5
0
3
1
3
4
2
2
3
1
2
2
5
2
6
1
2
4
2
2
2
4
6
4
2
4
4
2
5
6
4
3
4
4
2
7
7
5
5
4
3
2
1
1
3
4
1
1
5
4
3
5
5
4
7
4
2
2
1
2
5
3
1
4
1
0
1
3
2
3
7
2
5
5
3
4
3
4
4
5
4
4
3
1
7
1
2
3
1
6
4
4
3
3
6
7
4
1
1
3
4
2
4
5
4
1
3
2
7
2
4
5
0
3
1
3
3
0
4
5
5
3
2
3
4
7
0
2
3
2
4
0
6
2
4
3
2
6
2
2
4
1
3
5
3
0
4
2
1
5
2
2
4
9
4
8
3
8
3
4
4
1
3
6
3
6
8
4
2
0
4
3
2
5
3
5
2
7
2
4
3
2
8
7
4
1
3
2
7
4
5
2
5
2
2
5
2
7
4
3
3
1
2
2
4
4
1
2
2
3
1
3
2
2
4
1
4
1
5
4
3
7
3
11
4
3
4
6
2
5
4
7
2
2
2
1
3
3
5
1
5
5
2
3
2
3
4
4
4
0
1
1
3
3
3
4
6
7
3
3
3
1
2
2
3
1
3
4
3
7
1
2
6
5
5
2
2
6
8
1
3
7
2
8
3
2
4
2
2
2
1
4
2
3
5
3
6
6
6
2
4
2
0
7
6
4
3
5
3
5
8
5
9
12
12
22
13
17
6
12
11
4
5
4
1
1
0
1
3
4
4
4
3
2
3
2
4
4
5
1
4
2
2
3
0
2
2
2
4
4
1
3
1
2
3
6
3
6
1
4
4
4
7
1
4
5
5
5
1
5
1
3
1
3
3
1
4
5
5
2
1
3
1
1
2
1
3
4
0
7
0
0
3
3
3
4
3
1
1
1
1
1
3
6
2
1
1
2
5
2
1
3
4
2
6
4
4
4
4
5
2
4
5
4
2
2
3
5
3
2
2
5
3
3
2
5
1
4
3
6
1
3
3
2
1
5
0
1
3
0
5
2
11
6
3
3
6
6
9
0
4
6
4
5
4
4
3
0
2
3
1
2
2
0
1
3
3
2
2
5
4
2
2
5
5
3
4
2
4
7
3
2
3
0
2
6
5
3
1
2
2
1
4
2
4
1
3
2
5
6
4
2
7
1
4
1
3
3
2
7
3
4
3
5
3
5
4
4
3
6
1
1
0
2
3
3
1
2
3
1
6
1
5
2
5
1
4
0
7
4
1
5
2
4
10
7
13
14
21
20
15
15
3
6
3
3
7
2
4
1
4
3
2
4
3
6
2
8
8
11
15
15
13
14
14
5
4
10
3
4
1
1
3
3
3
4
8
2
3
5
2
7
5
4
1
2
2
4
1
1
2
6
2
8
0
6
3
3
1
4
3
3
6
3
5
2
2
2
3
1
4
5
3
3
3
1
4
2
2
1
4
4
5
1
5
2
2
4
1
1
1
6
2
5
2
2
4
4
4
4
2
3
1
2
3
3
2
4
5
3
4
2
2
6
3
3
2
3
3
3
4
3
3
3
2
3
8
9
6
8
2
4
6
4
3
2
4
8
4
2
1
5
1
4
1
6
1
3
2
1
4
4
1
1
2
1
4
3
2
3
2
2
3
5
2
4
3
5
3
3
4
2
3
5
3
5
2
3
6
5
5
11
7
7
11
8
1
7
2
6
6
5
2
5
4
2
4
5
3
5
7
3
5
4
4
3
3
1
3
7
4
3
5
2
5
4
1
4
2
2
3
6
3
10
0
0
5
5
1
1
4
5
4
6
4
9
4
4
4
4
4
6
8
2
3
4
5
6
4
5
2
4
4
6
2
2
6
3
8
3
2
6
4
5
2
2
2
1
1
7
6
3
4
6
4
2
6
5
1
4
2
3
8
7
4
5
3
3
5
4
0
2
2
1
5
2
4
5
2
4
3
5
3
4
3
1
3
3
5
2
1
5
2
5
3
5
4
3
4
4
3
4
3
2
5
2
7
4
3
4
2
3
6
5
5
0
2
5
1
3
5
6
1
4
4
0
6
1
6
5
4
4
3
3
5
3
4
1
3
3
1
6
4
5
1
3
4
1
5
5
2
3
2
1
5
7
5
3
5
4
11
4
6
9
3
3
3
0
6
7
2
1
8
4
7
5
5
2
3
7
4
7
3
1
7
2
4
2
5
5
6
2
6
3
5
5
4
2
1
5
6
6
14
18
12
25
32
27
42
27
28
20
13
13
7
5
6
8
5
3
4
4
3
3
3
3
4
4
4
3
2
5
2
5
4
3
4
5
2
6
6
3
3
5
5
4
4
3
5
4
2
5
2
4
8
6
11
4
5
7
3
7
4
4
6
6
3
3
6
5
2
2
3
7
5
1
5
3
5
5
2
7
4
4
4
3
6
7
5
3
1
3
2
3
3
7
4
6
4
1
7
2
3
3
2
4
3
5
6
5
9
4
2
4
4
7
4
5
3
6
5
7
7
4
2
2
4
4
2
5
3
6
8
2
7
5
3
3
5
2
4
6
8
5
8
5
2
6
4
3
5
5
6
8
11
9
3
4
6
7
3
3
4
5
1
4
4
1
7
4
4
7
7
6
5
6
1
3
0
6
3
8
3
3
3
1
4
4
3
2
5
4
2
7
3
3
4
2
6
3
4
7
6
1
7
1
1
4
6
3
2
4
2
4
4
3
2
5
3
6
7
6
4
4
7
2
6
5
5
5
4
3
2
2
4
5
7
1
3
3
8
3
4
2
2
5
4
2
5
6
1
1
7
3
4
7
8
2
4
6
4
6
4
6
4
6
5
4
5
3
7
5
4
0
1
7
1
3
7
1
2
3
6
2
1
4
3
5
5
5
1
4
5
2
6
4
2
4
7
6
6
6
2
3
2
5
8
3
4
10
5
10
15
26
25
40
65
86
101
126
94
106
86
57
59
33
24
16
21
8
10
9
5
4
3
6
7
5
3
9
4
4
5
3
7
7
3
4
7
5
6
10
8
7
2
3
9
2
4
6
5
7
6
8
8
9
4
11
4
3
1
7
5
4
4
4
3
4
3
5
3
2
4
6
10
6
7
2
7
7
5
5
11
9
1
5
4
5
5
2
4
6
6
4
6
6
7
4
7
11
3
3
7
2
7
9
8
6
5
4
10
2
7
5
7
2
3
5
5
3
2
4
4
7
2
7
8
3
7
7
3
7
6
7
7
5
1
4
6
6
8
2
6
6
4
2
6
5
5
5
4
7
4
7
4
6
8
2
2
2
6
5
2
5
3
2
4
3
2
5
5
2
5
0
3
9
3
4
5
5
4
8
4
3
7
4
5
4
3
8
6
6
8
5
3
6
4
2
7
4
5
2
3
5
4
3
4
2
4
8
4
4
3
4
3
2
5
4
5
2
3
2
5
2
1
5
1
9
2
3
9
8
6
7
6
3
4
2
4
2
4
5
7
6
4
6
7
7
5
8
4
4
4
7
8
10
5
6
4
2
3
4
8
8
2
5
8
8
5
9
7
9
14
3
5
7
6
7
5
3
3
3
3
4
3
4
7
6
1
8
3
3
8
3
6
3
6
4
8
3
5
5
7
3
3
1
2
7
4
4
4
2
2
9
3
6
2
7
4
9
1
10
2
5
1
2
4
8
4
5
7
10
5
5
3
3
6
5
5
6
4
8
6
8
4
7
2
8
5
5
8
8
5
5
7
6
4
8
10
17
3
6
5
7
8
3
9
12
6
7
4
10
7
9
7
8
8
8
12
3
8
8
7
6
6
5
5
4
5
7
5
6
4
10
7
5
6
5
2
5
4
10
8
5
8
6
8
6
6
7
18
27
45
64
65
88
80
79
74
64
41
18
12
10
4
6
4
1
4
9
6
5
3
5
3
4
3
4
4
6
0
7
7
5
6
5
5
4
5
2
7
5
4
4
6
8
2
4
5
9
5
1
4
3
6
5
1
2
8
3
2
6
4
2
4
5
5
7
8
6
5
2
3
0
4
4
3
2
6
4
8
7
3
3
3
4
4
3
3
5
4
4
4
4
6
3
7
5
2
5
8
2
6
1
2
3
6
7
8
8
2
6
6
5
6
1
3
3
3
2
4
4
4
3
4
5
3
8
5
4
11
5
9
6
6
3
5
6
3
2
4
6
5
5
8
4
4
9
3
2
4
5
3
2
4
2
9
5
4
6
3
6
3
6
3
6
8
4
2
3
9
2
3
4
5
2
2
3
4
6
10
6
1
4
6
6
3
2
0
6
7
2
6
3
2
1
8
3
3
3
5
9
0
5
5
2
2
3
2
4
0
4
3
4
1
0
0
3
4
2
2
2
4
4
2
2
1
0
3
4
4
0
4
2
6
3
6
4
6
7
6
4
0
2
3
3
3
2
6
2
2
0
5
5
2
1
2
6
6
5
3
2
5
1
2
4
3
2
4
5
1
5
2
2
4
2
3
0
1
3
4
4
6
3
6
3
3
4
1
4
4
1
2
6
4
4
0
3
2
5
2
7
5
2
8
3
5
7
12
9
20
30
70
111
179
230
316
344
367
328
267
196
132
96
43
21
14
4
3
1
2
1
1
0
3
1
1
0
2
2
1
3
0
0
3
3
1
0
0
0
1
1
0
0
1
1
0
0
1
0
0
0
0
0
1
2
0
0
2
0
1
0
0
0
0
1
0
1
2
0
0
1
0
0
0
0
0
1
0
0
0
0
0
1
0
1
0
0
0
0
0
0
0
0
0
0
0
0
2
2
0
1
0
1
0
0
2
1
0
0
1
0
0
0
0
0
3
1
0
0
0
0
0
1
0
0
2
0
0
0
0
0
0
1
0
0
0
1
0
1
1
0
1
0
0
0
0
0
0
1
0
0
0
0
0
2
0
0
1
1
0
0
0
0
0
0
0
0
2
0
1
0
1
0
0
1
1
1
0
1
0
1
0
0
0
1
0
0
0
0
0
0
0
0
1
0
0
1
2
0
0
1
0
1
1
1
0
0
1
0
1
0
0
0
0
1
0
1
1
0
0
0
0
0
0
1
0
0
0
0
0
1
0
0
0
0
0
1
0
0
0
0
1
0
0
2
0
0
0
0
0
1
1
0
0
0
0
0
0
0
0
1
0
2
1
1
0
0
1
0
0
0
0
0
0
1
0
0
0
1
0
1
0
1
0
0
0
0
0
0
0
1
0
2
1
0
0
0
0
0
0
0
0
0
0
0
0
0
0
0
0
0
1
0
0
0
0
0
1
0
0
0
0
0
1
0
1
0
0
0
0
0
0
0
0
1
0
1
1
0
2
0
0
1
0
1
1
0
1
0
0
0
0
0
0
0
0
0
2
0
1
0
0
0
0
0
0
0
0
0
0
0
0
0
0
0
0
1
0
0
0
0
0
0
0
0
1
0
0
2
0
0
0
1
0
0
0
0
0
0
0
0
1
0
0
1
0
0
0
0
0
2
0
0
1
0
0
0
0
0
0
0
0
1
0
0
0
0
0
0
0
0
0
1
1
0
0
0
0
0
0
1
1
0
0
0
0
0
1
0
2
0
0
0
0
0
0
0
0
0
0
0
1
2
0
1
0
0
0
0
0
0
0
0
0
0
0
0
1
0
0
0
0
0
0
0
0
0
1
1
0
1
0
0
0
1
1
1
0
0
0
1
0
0
0
0
0
0
0
0
0
0
0
0
0
0
0
0
0
0
1
0
0
1
0
0
0
0
0
2
1
2
0
1
0
0
0
0
0
0
0
1
0
0
0
0
1
0
1
0
0
0
1
0
0
1
0
1
0
0
0
0
0
0
0
0
0
0
1
0
0
0
0
0
0
0
0
0
0
0
0
0
0
0
1
0
1
0
0
0
0
1
0
1
0
0
0
0
1
0
1
0
1
0
0
1
2
0
0
0
0
1
0
0
0
0
1
0
0
1
0
0
0
1
0
0
0
0
0
0
0
0
0
0
1
0
0
0
1
0
0
0
0
0
1
1
0
0
1
1
0
0
1
1
1
0
0
0
0
0
0
1
1
1
1
0
1
0
0
0
1
1
1
0
1
0
0
2
0
0
1
0
0
0
0
1
0
2
0
0
1
2
0
1
0
0
0
0
0
0
0
0
0
0
1
0
1
0
0
0
0
1
2
1
1
0
0
0
0
0
0
0
2
0
0
0
4
0
0
0
0
1
0
0
0
1
0
0
0
0
1
1
2
1
0
0
2
0
0
0
1
0
0
0
1
0
0
1
0
0
1
0
0
0
0
0
0
1
0
0
0
0
0
0
0
1
0
0
0
0
0
0
0
0
0
0
0
0
0
0
0
0
2
0
0
2
1
0
0
0
0
0
1
0
0
0
0
0
0
0
0
0
0
0
0
0
0
0
0
0
1
0
0
0
0
0
0
0
0
0
0
0
0
0
0
0
0
1
0
0
0
0
0
0
0
0
0
0
0
2
0
0
0
1
0
0
0
0
0
1
0
0
0
0
1
0
1
0
0
1
0
0
1
0
0
0
1
1
0
0
1
0
0
1
0
1
0
0
0
0
0
0
0
0
0
0
0
0
0
0
0
1
0
0
0
0
0
0
0
1
0
0
0
0
1
0
0
0
0
0
0
0
0
0
0
0
1
0
0
0
0
0
0
1
2
0
0
1
0
0
1
0
0
0
0
0
0
0
0
0
1
1
0
1
0
1
0
0
0
0
0
0
0
0
0
0
0
0
0
0
0
0
0
0
0
0
0
1
0
0
0
1
1
0
0
1
0
0
0
0
0
0
0
1
0
0
0
2
1
1
0
0
0
0
0
0
0
0
0
0
0
0
0
0
0
0
0
0
0
0
0
0
0
0
0
1
0
0
0
1
1
0
1
0
0
0
1
1
0
0
0
0
0
0
0
0
1
0
0
0
0
0
0
0
1
0
1
0
0
0
0
0
0
0
0
0
0
0
0
0
0
0
0
0
0
0
1
0
0
0
0
0
0
1
0
0
1
0
0
0
0
0
0
0
0
0
0
0
1
0
0
1
0
0
0
1
0
0
0
0
0
0
0
0
0
0
0
0
0
0
1
0
0
1
0
0
0
0
0
0
0
0
0
0
0
0
0
0
0
0
0
0
0
0
0
0
0
0
0
0
0
0
0
0
0
0
1
0
0
0
0
0
0
0
0
0
0
$ENER_FIT:
-0.6030 0.711300 0.000000e+000
$MCA_CAL:
3
-0.6030 0.711300 0.000000e+000
$ENDRECORD:
