$SPEC_ID:
Sample title.

$MEAS_TIM:
70418.88000 87974.45000
$DATE_MEA:
05/02/2018 3:28:07 PM
$DATA:
0 16383
0
0
0
0
0
0
0
0
0
0
0
0
0
0
0
0
0
0
0
0
0
0
0
0
0
0
0
0
0
0
0
0
0
258521
262601
261860
265015
265332
268330
268720
270549
271545
272797
274718
280307
284080
283838
276234
272799
270084
267716
264766
263054
259040
257458
255140
251675
248256
245239
241819
238418
234372
230060
227423
222586
218371
216764
212098
207472
204432
199322
195590
191828
186533
183117
180650
177478
174499
174367
171874
172123
171652
171239
172584
174905
176189
176128
177386
178579
178736
178113
178766
179352
179897
180821
181941
183910
185665
187156
187974
189042
189610
196404
215983
239538
252133
277186
317638
306249
270029
260835
244882
212188
191983
186332
185491
185841
187431
190611
200408
218748
233016
228026
222983
229868
229243
213369
201445
200205
198186
194437
192182
192333
191161
192547
193099
193657
192967
194270
193793
195322
195076
195730
196281
196291
196697
197278
198583
200076
199345
200183
200206
201601
202028
202359
204354
205753
206010
206784
208477
209719
210369
213109
214702
215235
216609
217504
217444
220765
221338
222557
223868
227928
233882
254610
370274
726922
1186492
1180351
707071
345991
238640
224331
223766
224080
225648
226962
227504
227291
229926
232627
239125
279907
484960
939999
1230331
930159
473043
272300
235218
230986
232721
234134
236472
241711
246276
255576
278858
341031
419235
421255
343056
284753
268418
266620
267106
268691
269329
269643
271010
273590
275090
277252
288953
334371
407469
425459
360515
302633
283763
281326
281935
282732
285056
286417
286244
287706
288328
290332
291105
291196
292393
293717
295085
297710
298538
300501
308117
317589
321416
315736
309404
307157
308274
309156
310663
311614
314312
314489
316048
317346
318523
320147
320858
321104
321923
320225
319772
320075
318694
316963
312962
308736
301017
293335
281658
271255
257077
244205
234474
226765
219744
211172
205731
201644
203928
231786
331263
459130
451245
314209
212655
181429
175917
173762
172735
171033
170032
170228
170445
170878
172129
174358
177476
182700
185752
190634
192279
192700
192653
190938
189092
185446
182511
178356
174452
170109
167282
163786
161476
158252
157176
156536
155222
155210
153726
151737
149985
150193
149538
149101
147632
147360
146079
145623
145007
145039
144864
143798
144342
144434
143701
148056
159112
170979
168594
154646
145857
143142
143389
142362
141487
141947
140680
139882
140015
141525
140766
140826
140776
144079
143921
140966
138659
138397
137539
137229
136870
137089
136684
136596
137540
137157
137057
137209
137389
137903
137624
138732
139155
141980
141384
141318
141921
141842
142418
143574
144786
144697
145471
146668
148013
148113
148748
149756
149106
148461
148720
148445
148006
148020
147951
148055
146930
145574
145237
145014
144196
144469
142544
141357
141266
142070
148749
172620
209405
221541
187288
152332
138941
135667
134838
134634
133945
133428
132588
132298
132613
131951
132012
132126
131667
131796
130956
131374
130795
130972
130512
130308
130054
130310
130226
130084
130027
130149
130266
130539
132042
138146
162571
209481
230679
197918
154246
133911
130137
129772
130006
130474
129996
130552
130225
130772
131249
131966
133869
136140
137800
137971
138208
139625
144189
148918
155954
166781
185892
224477
337814
1075119
4730417
13613440
21339546
17707834
7786408
1889338
326266
108737
86655
81825
78343
76945
74305
73415
72988
72645
75346
76006
73819
69974
67300
66945
67111
68095
68080
66623
67048
67071
66976
65216
63351
63033
62372
62042
61759
62045
62141
62359
62089
61139
60913
60484
60183
60696
59895
59805
59695
59575
58818
59305
60542
60622
59485
59654
64042
74592
85184
81194
69413
61433
58997
57670
57429
56865
57469
57388
56382
56913
56514
56664
56822
56617
57023
56818
56903
56450
56173
56046
56101
56048
55840
56704
56200
56820
57759
58071
57209
56452
56000
55937
55676
55804
55914
56357
55870
55356
55812
55594
55695
56091
56755
56839
56229
55964
55504
55669
55497
56691
60470
76416
118790
157071
144042
97241
68070
66180
79283
90117
82907
67456
60055
58612
58010
57610
55917
55726
55173
55636
55979
57005
61084
68138
75097
94098
152190
211354
193743
122382
73144
58076
55636
55371
55515
55077
55668
55367
55608
55785
55823
55414
55643
55554
56672
56089
56167
55742
55334
55783
55636
56344
56456
57315
57112
57525
56859
57427
57863
56805
56318
55454
55371
55512
55452
55411
55800
56333
56417
56023
55895
55092
54876
55034
55128
56869
58142
58981
60572
61289
62078
62054
62554
63087
63766
64688
64118
63926
62651
62924
62032
61394
60575
59409
57628
56758
55301
55125
55056
55037
54952
54751
54789
54850
54736
54532
55226
54944
55383
55968
55867
56112
57034
58719
62636
67143
67675
61715
57901
55885
55975
56456
57929
61111
62021
62174
65663
78774
112588
181590
278471
360989
373577
307864
207419
127120
83748
65357
58200
56045
55448
55377
54990
54672
54845
54152
55300
57540
65555
74697
75546
65764
58247
56391
56739
57072
55937
54757
54114
54677
54618
55628
56633
56307
55157
54557
54957
54617
54980
55035
55758
57738
59503
58656
57045
56026
56388
55330
55752
55559
55185
55209
55506
55400
55537
55762
55407
55464
55540
55625
55284
55584
55579
56210
55867
56002
55749
56797
56973
56731
56459
55861
55814
55875
56431
57597
57515
56958
56176
56643
56498
56542
56504
56821
56119
56606
57661
58589
59063
58692
57663
57257
57039
57067
56846
56680
57334
57228
57350
57843
57275
57503
58043
58833
58213
58198
58407
57551
58412
58792
59109
58754
59480
60479
61603
60962
59578
58922
58322
58532
58707
59309
59443
59198
59154
59150
59128
58836
59513
59050
59730
59117
59637
59554
59608
59786
60070
60043
60938
61121
60916
60914
63490
67007
69489
67026
63017
61088
60573
61091
61182
62176
62555
62534
61578
61762
60940
60876
61105
60963
61105
61680
61670
61905
62251
61729
61903
62420
63503
64968
64887
63836
63087
62436
62162
62993
63352
63662
67530
75157
84963
85309
76161
67223
64426
63999
64488
71667
103465
188891
284091
285426
188828
103605
71709
65007
64036
63989
63755
63768
63514
63679
64254
64932
66197
66404
65437
65009
64833
64518
64460
64513
64597
65117
65157
65751
65370
65317
64962
65303
65505
65654
65077
66512
68242
71399
72387
70980
67654
66372
66088
65948
66364
65947
65648
66291
66695
66935
67523
68225
71550
76543
80806
81510
77460
71823
68183
67470
68034
68409
68540
68848
69367
69489
69883
70328
69752
70074
69165
69437
69859
70094
73769
79892
83765
80214
73959
69937
69150
69314
69284
69285
69219
69822
69687
70026
71129
72089
72921
73338
73194
71550
71863
77811
85321
87877
82448
74945
71698
70498
70072
70566
70646
71020
70658
70673
70705
71499
70543
71262
71312
71736
71916
71533
71668
71036
72353
72086
71919
71539
71708
72076
72090
72993
73218
72810
72359
72292
72805
72712
73240
73177
73732
73582
74765
76123
77878
80240
79288
77122
74767
73502
73715
74226
74855
75111
75833
75689
75152
74884
75258
75826
76227
77218
80165
83345
83540
80162
77525
77374
77420
78071
77948
76601
76425
75919
77445
78519
78859
78203
77292
76531
76341
77007
77276
77528
78342
77684
77340
77810
77821
78118
79059
81041
81289
81073
79412
79205
79932
82073
83766
82717
79580
77276
76749
76930
76837
76953
76989
76603
76455
76467
76903
76211
77917
83324
102390
131524
144373
125173
97754
82693
79996
79399
78945
78101
79348
80987
80902
80235
79926
80585
81758
82507
81735
79540
79060
77890
77612
78029
78825
82511
87274
88785
85014
81779
80166
79207
78855
78046
78504
78422
78555
79252
78820
78710
82384
94820
124393
157555
156025
123952
93725
81911
79390
79219
78931
79222
80066
80409
81217
81784
81894
81816
84927
87463
88406
85651
81710
80419
80345
80649
80483
83253
84104
82728
80867
80783
82984
93521
116882
141626
139757
116054
95730
87187
84264
82140
81110
80823
80969
81359
81566
82463
82318
81894
81270
81316
81172
81250
81200
82159
83132
83605
83407
82929
82917
81945
82729
83947
84856
84854
85444
88739
94379
101597
104894
103483
97283
91163
87532
85223
85114
83446
84332
86076
90768
95287
96295
91588
87140
84787
84956
83923
84188
84857
85299
87077
88825
88524
87576
86177
85637
85763
86195
86153
86340
86237
86916
86779
87285
86957
87099
87339
88306
88907
90062
90871
97738
112456
131152
133522
117590
99296
89815
87762
87939
88185
87697
87774
87340
88309
87685
87975
87834
88487
88846
88835
89215
89017
92630
106629
130549
146045
134610
110519
95330
91288
90343
90793
91404
91231
90272
89022
89438
93780
101606
106466
102988
98124
97221
97547
95698
91960
89373
88473
89229
89513
89623
89676
90221
91161
91525
92942
94504
96831
99142
109352
128956
143271
134195
113529
99480
94535
92571
91889
91844
91769
92198
92132
92092
92382
92431
91981
92261
92624
93013
93492
93240
94650
94661
99239
103311
106371
102944
98575
95836
94626
96032
95924
95330
95603
96432
97410
97250
96906
97158
98942
100633
102973
103974
101291
100345
99909
100574
100905
101258
101763
102120
104041
111171
142608
256523
490165
704136
670442
424106
214663
130059
111478
108777
108650
108867
108916
108434
109293
109496
110482
110462
111602
111741
113759
116956
121766
125583
126364
126090
125420
128268
134465
136329
131376
127332
126320
125301
125981
126731
128266
129979
130859
131580
132733
133795
135224
137465
141129
144150
146430
146038
145303
145935
148128
149950
150207
151546
153267
154705
157224
160794
162178
164023
163239
163329
164437
165592
168142
169430
171260
172090
174651
176957
178576
179945
181506
183075
183711
186017
187478
190953
195400
198150
201092
200162
200034
200653
200939
203764
205595
207140
209091
214604
224812
235694
240923
233486
223655
220078
219667
221597
223373
224647
226486
226927
229806
231292
232588
233079
234941
237256
238317
239536
241427
241580
244340
247040
250009
252203
252426
251631
253494
253698
254780
256985
256739
261359
267800
273998
276790
274075
272153
269960
272850
274700
275497
275103
275036
274699
275019
274436
276560
276912
277259
278693
279817
280682
281793
282559
284123
286381
287813
288431
288978
289195
290424
292058
292857
294212
295351
296675
297222
296921
298163
299526
300034
302014
303225
304493
305321
305904
307212
307849
308340
309384
309479
309927
310928
311567
312405
312821
315616
316379
316865
318305
320456
321208
321507
322214
322509
324466
324873
325552
328283
331055
337418
357585
414940
531571
663880
727731
697791
600477
477280
387137
350806
342388
340471
342726
343430
344511
345468
345990
347824
348249
349081
354430
364723
384614
401402
398899
380082
364230
359540
358805
360705
362216
363742
363948
365368
365629
365776
365593
368168
368155
369047
370047
372541
373183
372272
373580
375821
379893
385378
387325
384261
380069
378295
378497
378120
378911
377270
378033
378108
377992
374997
370751
366720
363868
359778
353390
350521
346216
344842
338103
320894
306160
296671
290723
288279
287845
288345
291659
291193
286331
275703
268399
264642
262420
260657
260329
258127
257725
257229
257669
257325
256812
253614
250736
249790
247859
245177
245605
244799
244084
243442
242436
241740
240634
240122
239554
238391
238943
239764
242584
246765
251995
251324
242984
235753
230499
228850
227811
226257
226311
225836
225096
224004
223920
225734
229302
230849
228140
222435
218505
216777
215688
215042
213300
211764
211054
209876
209173
207354
206577
204919
204097
202676
201257
200817
200094
198950
197497
195546
194205
193145
191941
190489
189937
189631
188491
188009
185603
185660
184511
183722
183042
181209
181181
179498
179160
177314
178467
178898
177618
174159
172668
172984
173710
176371
178159
176091
171552
167771
165142
163805
162617
162402
162481
163100
164748
165665
163129
161427
159662
158558
159248
160889
161598
159354
156397
153631
150206
149519
149855
149077
148426
146701
145309
144069
143801
144131
141699
141952
141708
142041
140801
141092
140563
140656
141841
142604
142441
139672
136675
134407
133968
133153
132910
131802
131395
129819
130582
136184
150320
170799
180679
167629
145625
129544
123934
121620
120898
119646
118987
118473
118229
117191
117377
117361
117123
117188
116970
115991
116389
115283
114747
115083
114465
113952
113707
114032
113910
114736
115572
116543
116009
116108
115954
118838
121057
120550
118379
118639
128946
164371
224795
269752
251242
191576
141874
121680
115847
115579
116030
116019
115913
117095
116080
117132
117989
119805
120856
121249
121536
121532
126342
141930
166793
183142
175177
151877
135666
130139
128159
127117
126209
126458
124870
123004
120891
119900
119123
119740
119867
118763
120418
119688
120450
121873
121684
120315
119735
119140
119109
118781
118770
119121
120093
122222
126560
130201
128916
124431
120624
118456
116130
116147
115936
116964
122318
131830
139833
136710
126616
118176
112771
111613
111008
110941
110105
108507
106322
104552
103007
102644
101451
100580
100158
100822
102609
102734
102291
102411
102200
102636
102846
104094
110460
134282
237171
792801
3081335
8948990
17132984
21013994
16436230
8200333
2662953
611738
155239
86862
76580
74540
75551
83439
95556
101154
92645
78570
67735
63891
61416
61437
61237
60565
60741
60278
61126
61852
62841
65192
68159
69592
65801
61354
58720
59785
62127
63230
61582
60559
59592
58473
57109
56414
57220
59977
63710
64862
61948
57425
54240
53199
54259
57657
62390
65467
62220
57086
53695
52789
52840
53785
55229
55891
55700
53779
51977
51643
51419
51520
52485
54351
65972
119285
285910
590542
844985
807220
519846
263900
169211
157806
137097
98383
66980
54338
51166
50206
50097
49423
49128
48189
48103
48299
49108
48690
49235
50223
53924
66916
88005
103088
97750
77130
59744
50885
48870
48342
48106
47943
47780
47287
47326
47116
47722
48005
48126
47678
46926
46648
46847
46489
46835
46908
46602
46872
48385
52717
65039
81046
88192
79377
62560
51059
47239
45927
46535
47255
49262
51302
52265
51190
49784
48415
48595
47741
48798
50253
51869
54421
56028
56706
54875
51278
49336
49492
50620
50813
50086
48422
48676
52576
62908
101501
227482
518048
917851
1124020
920238
506690
203114
81430
51711
46749
45780
45632
45881
46120
46337
46338
45733
45802
46323
47018
47076
47985
48360
48027
47912
47751
47371
46912
46483
46273
46688
46921
47139
46838
46370
46682
46689
47550
48782
50446
50659
51301
50987
50026
48540
48204
47536
48047
48196
47297
46985
47093
46542
47712
48850
52202
55190
56015
53620
49662
46971
46018
45047
44246
43345
43284
42611
42479
42011
41810
42251
44442
49288
58852
67433
69039
66489
83307
155298
283281
386918
360446
232697
118324
68383
62599
76545
90297
87132
68190
50839
42135
39709
39063
38984
38873
38855
38800
39064
39261
39045
38915
38068
36956
37010
37161
37249
36497
35873
36190
35947
36296
36088
35342
35367
35992
36052
36446
38136
41114
47169
78419
223496
662482
1449797
2135240
2071140
1339014
630083
307357
228001
179081
111346
60132
38511
31723
31039
30796
30426
30389
30102
29771
29611
29234
29319
30271
30388
30011
29175
28633
28218
28280
27928
28442
28761
29354
31571
34574
35809
34819
32975
32431
33250
35222
37203
37438
34810
31510
29214
28410
27589
27074
26804
27806
29700
35014
42374
47503
45303
37387
29446
26073
24790
23983
23832
24346
24116
25063
25532
27228
28903
30175
30266
29391
28296
27120
25520
24763
24050
23364
23537
23466
23656
23878
24091
24642
24863
25980
27693
29994
32222
32252
29582
29082
32994
38148
38320
33093
27197
23661
22634
22099
21390
21163
20629
20684
20638
20266
20238
20567
20199
20655
21333
22720
25962
28915
31699
33357
33504
30230
25195
21455
20029
19435
19122
19679
22205
32488
55691
87214
102576
86223
55136
31306
21333
18877
18826
19452
21372
23681
25667
24672
22309
20272
20497
24186
31773
39449
41164
34479
26652
21366
19425
19148
19078
19457
20523
21957
22940
22834
21130
19291
18247
17851
18017
18067
18507
18063
17979
18476
20309
22578
24147
22843
20230
18736
17976
17777
18604
18903
18865
18451
18069
18186
19410
20277
21297
20968
20491
20097
19968
19038
18317
17761
18132
19722
24756
32137
36848
34648
27409
21688
18713
17611
17146
17316
17287
17324
17128
17849
18327
18833
19017
19899
20317
21141
20626
19070
17881
18190
18768
19153
18885
17854
17708
17583
17006
16781
16612
16708
17381
17578
17950
18040
18204
19227
19788
19820
18488
17330
16753
16873
17701
18870
19160
18887
18649
21214
39998
117769
333196
697214
994709
962304
621384
275864
91042
31337
19003
16632
16118
15432
15430
15147
15080
14918
15163
15411
15899
17143
18941
21563
27508
43658
78529
124695
149554
130828
83185
44534
24990
18565
15561
14907
14484
15196
16085
16737
16637
15984
15370
16533
23158
52203
140057
303063
464554
482303
341703
168754
63672
26278
18459
16956
16231
16219
16032
16164
15667
14776
13708
13554
13596
13684
13658
13440
13412
13280
13315
13573
13452
13705
13926
14315
14926
14890
15021
14224
13602
13566
13653
13852
13573
13667
13610
13409
13535
13464
13811
15455
17475
18609
17765
15673
13788
12961
12713
12652
12876
12822
13085
13026
13016
13259
13151
13179
13221
12997
13377
13695
14667
19247
35062
70676
120346
147981
127873
78408
38105
19169
13993
13049
12784
13139
13833
13972
13770
13092
12968
13306
14196
15639
17821
18503
18280
16528
14911
13685
12693
12675
12481
12632
12582
12689
12733
12960
13139
12956
12962
12769
12677
12404
12406
12674
12723
12626
12578
12518
12515
12847
13009
12932
13034
13737
15988
20217
24375
24924
25588
34470
62854
106028
133875
120128
76428
38358
19431
13867
12604
12421
12493
13153
13549
13453
13529
13337
13318
13763
13677
13892
13266
13031
12549
12463
12366
12724
12584
12607
12842
12527
13030
12753
12842
13634
13913
13981
13633
12938
12784
12418
12235
12326
12284
12590
12584
13488
14648
16777
18405
18659
16591
14255
12950
13080
13649
15006
16120
16550
15998
14803
13822
13232
13604
14846
16328
16481
15764
14017
13337
13108
13249
13967
14432
14908
14293
13380
12586
12294
12710
14606
20289
30549
41279
43499
34479
22934
15779
12932
12345
12038
11998
11916
11938
12060
12174
12350
12525
13216
14631
17412
19846
19211
16647
13696
12612
12248
12388
12345
12378
12055
11974
12233
12054
12019
11862
12038
11959
12034
12300
13103
14261
15294
15765
15061
13903
12568
12399
13426
15092
15848
15577
14293
13598
12967
12045
11730
11698
11814
11810
11856
11776
11813
11889
12266
12516
12239
12409
12621
12789
12738
12670
12244
11832
11731
11629
11551
11647
12177
12953
14661
18481
21749
21975
18677
15711
14839
15712
15817
15283
14546
13669
14392
15062
15362
15247
14746
14429
14511
14069
12945
12151
11431
11272
11103
11217
11492
11757
11861
11778
11461
11344
11427
11583
12080
13208
13955
13862
12891
12502
13410
16756
22882
28196
27619
22649
16831
13229
11839
11270
11188
11232
11138
11224
11490
13416
17907
24574
30510
30270
24890
19752
17517
16975
15960
13922
12456
12058
13058
17879
31593
56049
79002
82539
61936
36239
19772
13241
11382
11429
11325
11878
12224
12163
11741
11589
11155
10954
11150
11185
11273
11343
11812
12600
13708
14603
15483
15875
15550
14305
12754
11756
11205
11923
13853
17629
22696
26198
26841
26076
25000
22669
18087
14225
12345
11639
11062
11117
11087
11452
11459
11767
12924
15134
17503
19335
20503
22519
27949
33642
34455
28379
19873
14779
13951
15878
18628
20322
19061
16048
13524
12053
11453
11140
11230
11534
12295
13365
14590
14986
14441
13086
12397
12332
12059
12091
12823
14068
15388
16520
15600
14172
12454
11881
11282
11216
10856
11124
11207
10894
11224
11295
10979
11219
11397
11593
11929
12033
12043
12242
12549
12229
11953
11737
11739
11535
11843
12126
12528
12644
13992
15426
16905
17075
15163
13655
12555
11944
11681
11563
12070
12467
12816
12713
12480
11687
11535
11611
12331
14358
19400
25213
27827
25685
19511
15167
12852
11897
12002
12067
11977
11858
11846
11739
11784
11785
11381
11370
11356
11528
12337
14922
20577
28834
36236
36035
29251
21172
15508
12732
12081
12055
12487
13098
13303
13583
13350
12843
12386
11615
11700
11258
11243
11626
11378
11718
11485
11322
11343
11400
11427
11506
11551
11386
11155
11515
11365
11337
11169
11366
11374
11147
11275
11270
11143
11181
11237
11497
11792
11688
11856
11724
11974
12175
13120
14392
16236
19854
29194
44024
56365
55102
43547
32659
33824
41628
46376
40365
28938
19879
14385
12311
11722
11589
11566
11653
11623
11659
11722
11484
11419
11618
11792
12523
12990
12937
12632
13124
14564
17610
20737
21564
18571
15313
12898
12106
11839
11717
11370
11308
11368
11245
11515
11705
11457
11695
11828
11903
12561
12948
13496
14515
17352
23885
30115
31403
26299
19429
14234
12013
11851
11916
12483
12761
12604
12155
11793
11560
11703
11791
11653
11720
12200
12284
12685
13162
12732
12233
11908
11863
12217
12927
13846
15553
16190
15835
14231
12709
12249
12517
13422
14568
15212
14842
13775
12626
12335
13031
13685
14203
13554
12483
11921
11684
11381
11274
11471
11203
11459
11451
11475
12197
13191
14618
15524
15293
14787
14031
13548
13349
12858
12179
12092
11828
11478
11677
11711
11753
11704
11582
11493
11405
11395
11322
11729
11536
11786
12793
13529
13856
13389
12815
12248
11948
12174
12333
12578
12924
13575
15045
15897
15831
14893
13580
13154
12853
13084
12939
12813
12614
12145
12476
12528
12777
12969
12799
12497
12406
11965
11978
11768
12170
11938
12002
12361
12786
13397
14408
15269
15393
15020
13984
13179
12521
12408
12097
12148
12245
12018
12115
12211
12063
12226
11930
11925
11930
11904
11866
12268
12392
13778
16789
22737
29151
31738
27645
21208
16196
13398
12493
11955
11880
11884
11940
12064
12093
12235
12232
12449
13203
14813
16952
18133
18017
16278
13909
12857
12585
12605
13013
13031
12992
12811
12452
12405
12691
13442
14125
14813
14570
15099
17650
22625
28628
30306
26624
20137
15440
13293
12892
12550
12746
12803
13602
13968
14816
14288
14052
14339
16183
18969
19928
18719
16062
13827
12514
12060
11876
12014
11863
11998
12224
12447
12615
12579
12535
12950
13838
14682
14509
13996
13298
13383
15764
23680
36439
49826
53029
43202
28773
18706
15704
15574
16492
15916
14283
12776
12085
11794
11676
12045
12448
12401
12365
12017
12656
13461
14465
14763
14354
13284
12267
11921
11624
11943
12036
12644
12835
13228
13134
13476
14644
15652
16705
16981
15989
14812
13423
12087
11829
11553
11684
11853
12071
12024
11980
12007
11897
12055
12110
12345
12322
12232
11836
11778
11640
11891
12002
11983
12314
12292
12512
13080
13159
13216
12593
12248
12260
12651
12806
12878
12306
12137
11709
11606
11799
12254
12592
12679
12850
12963
12462
12507
12635
12371
12562
12604
13278
14779
17546
21300
23678
22584
19173
15439
13314
12286
12091
12358
12568
12507
12869
12600
12172
12177
11899
11818
11729
12005
12367
12700
13054
13584
13618
13859
13827
13615
13439
12969
12819
12466
12939
14755
20993
33253
50702
62146
59042
44449
28199
18393
14757
13626
13171
12727
12445
12224
12083
12330
12330
12632
13634
15537
18598
21065
21036
19490
17743
18279
20902
24055
25993
25830
22810
18765
15661
13731
12859
12914
13128
13074
12970
12844
12731
12496
12305
12244
12040
12180
11852
12126
12186
12454
12558
12769
12564
12334
12524
12389
12624
12882
13779
14495
15103
15265
14664
14026
13508
12925
12566
12312
12343
12654
13075
14097
16359
19251
21615
21405
18730
16031
14206
13490
13192
12966
13144
13102
13042
12914
12900
12876
12921
12910
13259
13272
13384
13405
13132
13481
13776
13641
13546
12966
12890
13110
13795
14064
13941
13582
13274
13037
12962
12752
12692
13125
13152
13388
13742
13931
13749
13444
13188
12991
13140
13084
13261
13104
13134
12960
13099
12896
13055
13242
14133
15153
15884
15903
15217
14690
14765
14920
14886
14629
13915
13494
13519
13642
14087
14521
14514
14389
14166
13669
13490
13261
13313
13229
13289
13430
13542
14600
17524
24893
36434
48027
51076
42814
29794
19935
15415
14529
16426
22751
32871
43266
47907
42944
32412
23259
17502
14953
13943
13695
13937
14218
14339
14566
14450
14137
14113
14871
15212
16536
20000
25570
32526
37459
37749
36942
33139
27860
21804
17027
14878
13944
13449
13686
13801
13641
13564
13551
13789
13616
13963
13534
13576
13634
13707
13724
13561
13775
13582
13842
13800
13959
14127
14283
14458
14596
14565
14874
15024
15310
15182
14513
14563
14352
14664
14802
14983
15168
15181
15054
14878
14810
14856
14988
15481
16053
16462
16080
15468
15419
15404
15484
15866
15943
15978
15703
15581
15617
15979
16100
15804
16023
15545
15535
15670
15191
15377
15558
16005
16211
16090
16045
16018
15807
16170
15984
15942
16186
16592
16662
16524
16497
16313
16037
16460
16173
16380
16702
16688
17131
18125
20601
23875
26954
26548
24204
21448
22438
26796
33194
35761
33501
27954
22635
19437
17942
17507
17509
17877
18095
18008
17820
17366
17492
17844
18260
17812
17197
16989
16292
16473
16471
16437
16418
16673
17959
21549
27400
34138
37866
34298
28467
23005
19767
18726
17617
16827
16364
16192
16273
15981
16291
16188
16081
16297
16537
16464
16395
16778
16401
16401
16399
16493
17034
17092
17170
17432
17289
17360
17034
17047
17130
16944
17564
18089
18701
18428
17941
17551
17543
17957
18763
20327
22893
25867
27271
26209
23129
20272
18208
16881
16348
15966
16210
16123
16188
15946
16199
16536
16444
16545
16307
16222
15949
15738
15650
15930
15774
15894
15759
15924
15545
15681
15986
15754
16004
16148
15861
16271
16101
15785
15574
15497
15433
15675
15824
16198
15783
15600
15354
15382
15634
15491
15384
15108
14803
14407
14314
14176
14122
14140
14461
14215
14018
13947
14158
14511
14513
14211
14345
14206
14020
13931
14191
13823
13713
14480
14886
15214
15568
15600
15853
15703
15698
15778
16180
16346
16589
15758
15034
14105
13926
14416
14721
14450
14674
14663
14121
13875
13717
13481
13312
13297
13697
13801
13597
13861
14421
16419
23998
41279
68124
91817
96205
77853
51449
30205
19279
14984
14696
16809
20432
24568
25539
23684
19741
16678
15384
14274
13836
13274
13267
13832
15280
16809
17788
17370
16280
14686
14034
13563
13341
13211
13132
13628
14339
15245
15849
15673
15734
15760
16824
18126
18574
17458
15544
14195
13425
13892
14186
14769
15399
16716
17087
16626
14800
13464
13031
12817
12702
12731
12489
12110
12142
12230
12666
12913
13544
14686
15997
16764
16122
14373
13644
12696
12443
12651
12744
13299
13817
13677
13142
12676
12413
12474
12447
12287
12064
11705
11481
11477
11338
11644
12136
12303
12759
12769
12600
12302
11647
11264
11264
11271
11184
11071
10994
10987
11214
11126
11187
11031
10982
11002
10899
11015
10967
11151
11417
11547
11939
11577
11763
11875
11530
11219
11236
10943
10908
11069
11070
11291
11409
11480
11898
12110
12086
11672
11444
11201
10905
11086
11550
13142
17905
31442
58527
95377
122495
120939
90811
53870
27921
15750
11640
10748
10345
10428
10197
10481
10455
10268
10648
10923
11117
11014
11127
10997
11356
11950
13257
15183
16557
16850
15877
15655
16318
17827
19533
19965
18970
17404
15612
14273
13057
12036
11583
11352
10975
10575
10589
10423
10584
10720
10713
10610
10602
10689
10727
10999
11447
11566
11530
11068
10673
10325
10346
10317
10450
10651
10970
11465
12810
16828
23430
31184
34634
31628
24100
16890
12604
10947
10040
10156
9931
10076
10435
11907
15476
22065
31366
38003
37365
29420
20794
14352
11767
10557
10242
10047
10159
10306
10401
10919
11351
11780
11685
11330
10970
10706
10502
10670
10887
11288
11596
12007
12009
11464
11181
11244
12831
19552
40187
87783
163406
237241
259387
214077
133720
65980
28585
14872
12016
12054
13800
15114
15585
14749
12766
11057
10380
9814
9610
9729
10245
10895
12270
13136
13924
14396
13607
12769
11892
11638
11367
12092
13197
15966
22264
30358
36066
35215
28393
19450
13640
11174
10057
9869
9675
9851
9962
10092
10379
10607
10657
11062
11069
10807
10356
10035
9889
9620
9430
9514
9763
10018
10621
11114
11619
11650
11328
10661
10272
9816
9579
9405
9994
11062
15078
22067
31798
38136
37578
30032
20788
14145
11109
9941
9559
9711
9760
9761
9748
10532
11674
12749
13224
13000
11823
11025
10780
10350
10607
10284
10185
9869
9627
9388
9624
9625
9865
9822
9750
9756
9701
9680
9592
9545
9441
9684
9437
9564
9621
9644
9669
9605
9634
9680
9578
9441
9698
9663
9878
9874
10023
10172
10205
10003
10292
10415
10109
10285
10207
10488
10700
11040
11058
10890
10964
10998
11886
13204
14128
14183
13251
11912
11029
10434
10317
10216
10464
10554
10572
10826
10804
10818
10934
10733
10828
11160
11093
11181
10885
10633
10654
10610
10639
10716
10748
10669
10573
10715
10777
10762
10897
11237
11428
10981
10699
10942
10626
10751
10823
11044
11152
11454
11328
11177
11247
10888
10716
10939
11144
11344
11165
11261
11063
11206
11325
11485
11626
12100
12409
12856
12903
12940
12344
12241
11961
12064
12058
12085
11612
11711
11614
11652
12281
13415
15822
19537
23405
25515
24100
19910
16004
13538
12062
11661
11591
11928
12215
12636
12565
13275
14539
15737
16821
17037
15826
14419
13295
12558
12470
12729
13407
14854
17520
20610
21376
19949
17109
14431
12580
12105
11979
11784
12048
12266
12730
12730
12530
12578
12282
12184
12501
12877
13190
14602
16268
18835
21444
24709
28447
31265
31806
29183
23606
18483
16131
17495
23798
34911
47795
54473
50492
38139
25286
17849
14553
14013
13921
13466
12903
12610
12334
12244
12117
11978
11570
11524
11568
11388
11359
11520
11483
11446
11599
11393
11533
11607
11595
11510
11918
12004
11638
11634
11546
11387
11691
11457
11537
11490
11618
11629
11857
11424
11570
11721
12013
12090
12242
12043
11936
11853
11798
12160
12904
14334
16133
17017
16959
15483
13714
12155
11760
11516
11878
12171
12731
12456
12171
11850
11607
11881
12739
14802
18522
21989
23771
22084
18484
15480
13565
12399
11875
11413
11281
11217
11214
11175
11195
11036
11097
11039
11278
11343
11272
11364
11241
11290
11273
11245
11649
11814
11590
11444
11207
11141
11093
11403
11764
11815
11638
11406
11285
11127
11102
10883
10935
10815
10934
10773
10682
10704
10685
10582
10649
10404
10549
10587
11129
12078
14029
15949
17089
16851
15015
13274
11827
11531
11690
12865
14273
15306
14984
13973
12946
12220
11600
11357
11114
10866
10541
10296
10323
10148
10257
10352
10586
10747
11527
11735
12039
11959
11635
10970
10827
10233
10431
10225
10180
10317
10435
10349
10323
10318
10141
10266
9983
10270
10145
10315
10234
10537
10814
11081
10888
10928
10694
10467
10358
10296
10321
10546
10792
11222
12290
14017
15415
15522
14834
13192
11697
11075
10890
10793
11200
11255
11553
11434
11221
10724
10378
10447
10339
10356
10656
10278
10153
10338
10432
10492
10865
11071
11261
11508
11354
11126
11135
10880
10621
10907
10706
10712
10901
10802
10735
10518
10497
10423
10741
11128
12037
12853
14033
15074
14792
13926
13654
13642
14970
16582
18726
19206
18607
16751
14357
12677
11570
11069
10919
10582
10741
10488
10704
10856
10949
10649
10780
10584
10770
10705
10804
10923
11234
11688
12696
13515
14380
14172
13377
12344
11407
11130
11222
11359
11904
13065
14598
15523
15234
14142
12796
11704
11161
10978
10657
10772
10745
10707
10726
10807
10539
10500
10669
10756
10777
10980
10755
10991
10757
10921
10556
10595
10660
10885
11395
11615
11839
11909
11592
11397
11045
11055
11122
11293
10969
11243
11818
13277
15077
16285
16785
16189
14921
13631
12375
11661
11254
11848
13884
20047
35365
64334
106433
145945
159375
136001
91172
49941
25209
14803
11368
10794
10775
10786
10862
10678
10556
10634
10656
10707
10681
10670
10494
10341
10030
10162
10219
10141
9868
9651
9861
9922
9878
9664
9693
9762
9816
10184
10039
10389
10760
11480
12136
11830
11527
11004
10485
9926
9895
9655
9749
9748
9921
10204
10390
10175
10125
9863
9617
9923
9842
10280
10588
10624
10597
10074
10156
9664
9589
9593
9465
9647
9678
9920
10112
11304
14010
17934
22225
24483
22732
18713
14899
12388
12164
13086
14898
15795
15858
14117
12201
10705
10085
9803
9588
10280
10441
11304
11656
11261
10887
10280
9807
9537
9472
9488
9583
9894
10742
13007
19253
32686
51835
69671
75313
65104
45555
27026
16530
11765
10531
10386
10390
10577
10773
11044
11913
13954
16001
16806
16367
14255
11783
10349
9877
9610
9474
9298
9391
9592
9868
10281
10534
11198
11318
11393
11516
11518
11649
11317
10812
10343
10207
10203
9887
9669
9280
9377
9204
9309
9191
9187
9719
10013
10594
11354
11470
11169
10517
9832
9726
9707
9521
9946
9860
9748
9617
9487
9263
9278
9229
9120
9239
9222
9164
9331
9379
9382
9492
9498
9623
9740
10092
10389
10497
10129
9911
9719
9315
9431
9428
9510
9358
9184
9491
9320
9650
10107
10178
10116
10048
9867
9548
9240
9041
8996
9215
9281
9228
9426
9813
10340
10697
11217
11727
11571
11023
10905
10842
10649
10546
10095
9717
9238
9128
9438
9261
9303
9015
9132
9014
9024
9028
8882
8915
9187
9394
9607
9994
10213
10235
9810
9427
9320
9112
9155
9087
8935
8947
9039
8998
9160
9466
9873
9913
9845
9663
9584
9274
9004
9101
9110
9190
9231
8950
8886
8955
9251
9324
9171
9190
9321
9523
9491
9868
10594
11375
11869
11828
10976
10214
9698
8994
9121
8998
8705
8763
8884
8916
9599
10982
12530
13625
13691
12835
11429
10378
9849
9264
9075
8883
8814
8528
8644
8776
9039
9102
9560
9511
9494
9008
8914
8560
8432
8572
8954
10016
13770
21320
34399
48378
57717
55132
42720
27984
17060
11658
9788
9285
9528
9498
9495
9584
9221
8975
8859
8593
8601
8267
8183
8098
8296
8172
8464
8660
8902
8804
8564
8830
9054
10339
14640
26387
49719
82906
113196
122450
105521
72557
40857
21594
12803
9880
9266
8870
8633
8430
8359
8269
8147
8150
7988
8111
8541
8626
8967
8905
9046
8577
8339
8141
7836
8147
8055
8187
8180
8038
7984
7847
7849
7768
7768
7709
7978
7632
7812
7898
7949
8013
8180
7896
7996
8628
9565
10630
11546
11815
10939
9961
9212
8962
8988
8988
8947
8835
8850
8638
8526
8064
7745
7564
7639
7534
7682
7683
7522
7598
7731
7657
7735
7748
7834
7895
8150
8004
7993
7860
7799
7635
7598
7641
7589
7815
7818
7792
7966
7921
8263
8598
8355
7904
7655
7523
7265
7388
7402
7319
7618
7975
8285
8683
8987
8665
8377
8225
7890
7426
7392
7410
7162
7261
7256
7302
7328
7372
7309
7081
7427
7479
7738
7985
8319
8633
8426
8318
8447
8246
8028
7493
7352
7450
7169
7244
7486
7629
7590
7675
7466
7640
7615
7658
7656
7921
7844
7652
7803
8076
8801
9497
9925
10398
10522
10325
10186
9716
9534
9431
9583
9544
9163
8801
8222
8058
7484
7290
7419
7521
7709
8128
8897
9944
11586
12732
12904
11808
10317
9106
8049
7801
7478
7258
7380
7389
7482
7500
7556
7587
7930
8290
8587
9099
8893
9022
8942
8983
8974
8732
8244
7816
7621
7549
7507
7379
7288
7378
7484
7524
7645
7692
7932
7816
7841
7770
7730
7737
7726
7502
7659
7661
7513
7518
7535
7687
7623
7605
7648
7669
7579
7603
7637
7555
7670
7630
7639
7858
7809
7827
7862
8043
7976
7852
7890
7857
7852
7895
7687
7847
7658
7759
7789
7949
8587
10324
15300
27251
48231
78240
104474
114270
98153
67934
38809
20205
11561
8622
7947
7900
8044
8312
8616
8636
8610
8350
7805
7759
7607
7775
7581
7659
7718
7694
7600
7753
7466
7766
7774
7964
8083
8370
8705
9222
10258
10702
10299
9689
8897
8531
8142
7964
7956
7902
7747
7676
7900
7719
7852
8016
8026
8134
8063
8108
8025
7828
7960
7992
7866
7810
7860
7781
7596
7663
7762
7709
7491
7731
7628
7672
7873
7878
7904
8004
8283
8339
8155
8275
8235
8405
8509
8347
8290
8345
7935
8009
7865
7971
7883
7936
7719
7957
7948
7946
7982
7912
7920
8009
8044
8289
8290
8823
9091
9529
9535
9153
8775
8390
8146
8019
8092
8099
7994
8135
8058
8053
8061
8090
8075
8194
8153
8283
8481
8272
8388
8771
8994
9095
9007
8818
8783
8921
8874
9248
9456
9558
9415
9260
8832
8709
8407
8196
8420
8274
8420
8503
8674
8746
8807
8962
9352
9947
10916
12213
13056
12870
11985
11053
10158
9710
9621
9531
9159
9090
8728
8594
8365
8359
8430
8517
8344
8451
8557
8403
8629
8567
8743
8599
8531
8326
8509
8712
8611
8640
8677
8684
9034
9178
9433
9556
9329
9165
9149
8964
8627
8587
8560
8572
8608
8421
8731
8474
8476
8504
8797
8444
8862
8974
9356
9585
10082
10383
10981
11000
10640
10468
10170
9737
9369
9250
9154
8947
8872
8768
8783
8611
8735
8716
8798
8947
9242
9222
9201
9257
9082
9031
9014
9447
9469
9514
9462
9092
9109
8593
8795
8585
8608
8746
8795
8698
8821
8876
9395
9672
9981
9418
9371
9011
8966
8844
8667
8826
8817
8914
8849
9040
8898
8875
8905
8849
8910
9070
9116
9966
10990
12037
13191
13230
12477
11030
10182
9384
9220
9330
9244
9605
10024
10811
11390
11518
10915
10155
9769
9437
9258
9436
9641
10387
11142
11695
11760
11210
10517
9741
9265
9142
8856
8830
8795
8994
8594
8854
8817
8872
8852
8781
8820
8921
8904
9345
9745
10651
11649
12295
12201
11466
10535
9729
9337
8962
8993
8945
9035
8858
9101
9431
10032
11109
11984
12785
13163
12815
11855
10596
9890
9399
9115
8930
8995
9064
8975
8979
9429
9604
10039
10743
10828
10889
10274
9933
9449
9087
8990
9127
8955
8989
9191
9053
8997
9046
9098
8984
9060
9227
9191
9109
9273
9216
9027
9138
9297
9464
9550
9473
9636
9397
9465
9700
9645
9508
9450
9540
10028
11231
12415
14201
15637
16467
16212
14542
12460
11049
10329
9960
9847
10256
10220
10283
10104
9983
9827
9658
9634
9530
9203
9305
9025
9372
9514
9350
9400
9213
9333
9289
9030
9213
9020
9167
9346
9644
10780
11797
13027
13286
12645
11231
10459
9471
8750
8940
8919
9036
9017
8915
9301
9448
9650
9690
9741
9504
9300
9054
8929
8968
8764
8883
8810
8873
8932
8810
8985
8667
8984
8949
9174
9535
9570
9424
9450
9397
9083
9086
9122
9625
10461
10874
11764
11646
11176
10525
9676
9271
8976
9085
9140
9618
10161
10512
10591
10211
9671
9352
9242
8833
8999
9114
9297
9507
9489
9470
9187
9201
9164
9045
9119
9455
9279
9515
9297
9268
9269
10647
12162
15006
17710
19435
18559
16027
13238
10605
9524
9158
8899
9110
8872
9116
8932
9010
8914
8987
8892
8906
9100
9211
9221
9269
9632
9522
9553
9376
9700
9947
10193
10345
10073
10089
9507
9752
9501
9365
9208
9118
8842
9004
9015
9250
9254
9144
9471
9259
9136
8988
9225
9305
9424
9440
9568
9828
9601
9809
9546
9643
9512
9230
9295
9234
9385
9208
9478
9440
9336
9426
9372
9592
9601
9504
9707
9469
9683
9615
9701
9614
9517
9791
10040
10256
10386
10276
10365
10088
9981
9924
10173
10192
10905
12601
15802
20977
28368
33860
35067
31003
23946
17288
12905
10859
10256
9732
9889
9934
10101
9859
9811
10051
10371
10970
12394
14762
19474
26724
35353
42652
46483
43901
37702
28924
21491
16092
13100
11808
11357
11133
11243
11119
11039
11083
11162
10626
10725
10719
10681
10844
10820
10748
10688
10959
10954
10864
10674
10895
10794
11005
10890
10994
10921
10863
10832
10861
10812
10855
10740
10852
10906
11010
11155
11148
11172
11139
10868
11045
11148
11091
11386
11324
11523
11650
11515
11377
11225
11306
11193
11046
11218
11382
11280
11669
12079
12665
12927
12641
12110
11630
11391
11202
11314
11346
11207
11483
11182
11247
11443
11297
11291
11608
11502
11345
11326
11192
11180
11035
10945
11034
11379
11131
11032
11143
11012
10989
11042
11055
10825
11209
10996
11053
11288
11148
11465
11616
11308
11392
11108
11562
11608
12067
12659
13856
15482
17470
20715
24420
29234
33151
34943
33127
28731
23520
18827
15339
13360
12159
11887
11681
11470
11628
11728
11462
11917
11898
11932
11667
11560
11335
11424
11357
11521
11424
11396
11082
11460
11213
11322
11323
11380
11268
11587
11526
11630
12023
12149
11976
12150
11822
11987
12006
12228
12288
12269
11886
11771
11711
11618
11670
11762
11784
11755
12041
11920
11908
11886
11785
12013
11938
11967
12106
12102
12146
12090
11877
11693
11945
12180
11756
12071
12327
12229
12323
12143
12311
12132
12328
12319
12523
12501
12479
12714
12536
12969
12717
12731
12892
12720
12545
12570
12724
12569
12857
13002
12826
12786
12944
12982
13005
13130
13435
13392
13252
13458
13587
13618
13469
13460
13470
13815
13810
13957
13937
14074
14018
13726
14093
14032
14014
13993
13910
14202
14032
13922
14069
14168
14081
14260
14326
14018
14118
14033
14102
14215
14565
14675
15097
15675
15699
15833
15430
15140
15045
15090
15447
15207
14967
14717
14870
14563
14556
14750
14877
15127
15124
15181
15206
15160
15138
14749
14840
14998
14937
14693
14871
14752
14854
14967
15012
14894
14982
15045
14918
15021
15125
15143
15109
15149
15291
15086
14932
15258
14935
15397
15212
15267
15295
15241
15067
15436
15309
15220
15241
15334
15207
15440
15553
15796
15471
15551
15889
15706
15915
15972
15902
15862
15730
15789
15667
16024
15780
15945
16119
15810
16075
16041
16073
16249
16226
16450
16421
16596
16594
16713
16842
16919
16779
16595
16592
16643
16686
16681
17040
17032
16756
16918
16927
16862
17019
17063
17214
17310
17457
18120
18179
18283
18322
18043
17879
17906
17927
18348
18713
18958
18704
17911
17557
17065
16477
16675
16337
16010
16277
16078
15712
15963
16000
15854
16210
16073
16073
16110
15897
16118
15999
15634
15977
15968
15958
16026
16274
16197
16188
16334
16861
16909
16723
16603
16301
16116
15913
16351
16316
16360
16325
16349
16010
16216
17294
18978
23659
31395
40683
49052
51277
46215
36996
27689
21165
17622
16157
15498
15568
15616
15423
15603
15719
15568
15550
15598
15633
15643
15457
15718
15731
16050
16526
17096
17507
17476
17149
17084
16339
16374
16276
16114
16120
16304
16623
16725
16941
17003
16750
16208
15974
15732
15763
15252
15361
15316
15225
15140
15408
15299
15875
17062
20473
27638
40381
56961
71363
75827
68836
53025
36728
24591
18604
15828
15124
14691
14570
14338
14623
14597
14634
14272
14604
14339
14128
14113
14061
14103
13921
14122
14008
14215
14491
14866
15382
15363
15035
14530
14175
13682
13316
13097
13040
13035
12874
12835
12773
12640
12764
12883
12881
13336
13682
14267
14422
14570
14165
13520
13196
12784
12614
12844
12814
12869
13090
12945
12970
12740
12525
12220
12208
12263
12244
12380
13052
13229
13997
14311
14263
13449
12591
12366
11759
11502
11636
11739
11870
12036
12180
12447
12349
11746
11860
11461
11609
11244
11152
11136
11043
10949
10958
11058
11320
11216
11289
11306
11186
11275
11381
11377
11196
11182
11044
11095
10868
10901
10798
10719
10842
10711
10850
10800
10582
10669
10699
10603
10675
10599
10451
10597
10462
10584
10386
10635
10655
10494
10616
10456
10453
10320
10350
10091
10287
10309
10368
10537
10647
10605
10669
11078
11103
11058
10696
10439
10321
10167
10373
10126
9928
9634
10029
9847
9880
9849
9827
10036
9621
9901
9883
9968
9733
9906
9740
9671
9913
9658
9561
9760
9723
9760
9775
9822
9824
9630
9513
9618
9562
9857
9744
9671
9690
9506
9593
9550
9347
9276
9503
9251
9312
9181
9069
9019
8971
9149
9173
9334
9314
9112
9274
9293
9453
9277
9393
9622
9608
9332
9435
9234
9034
8974
9215
9085
9136
9071
8985
8972
9080
9255
9201
9022
9150
9055
9103
9329
9966
12140
18341
34709
69523
126994
199887
261516
282244
250529
181064
109044
56450
27625
14933
10259
9089
8595
8563
8667
8429
8659
8701
8650
8747
8675
8584
8569
8553
8570
8656
8764
8532
8627
8843
9086
9180
9578
9583
9727
9362
9259
8772
8602
8407
8408
8301
8405
8324
8343
8296
8484
8387
8306
8249
8327
8473
8464
8480
8518
8324
8423
8437
8359
8292
8598
8681
8673
8618
8550
8458
8576
8358
8479
8567
8323
8426
8712
8799
8609
8686
8722
8511
8633
8601
8652
8621
8591
8422
8272
8442
8446
8422
8495
8576
8651
8533
8638
8831
8630
8668
8709
8852
8564
8422
8468
8376
8221
8430
8446
8354
8721
8718
8767
8671
8703
8827
9280
9794
10272
11261
12734
17254
28681
51537
88624
132991
168268
174578
150213
106442
63062
33763
17739
11107
8861
8554
8398
8289
8583
8337
8263
8320
8176
8204
8179
8178
7932
8346
7997
8128
8165
8072
8094
8169
8039
8048
8242
8447
8695
9518
10837
12193
13089
13393
13002
11511
10152
9133
8640
8365
8454
8304
8538
8581
8634
8472
8677
9175
9551
9905
10336
10178
9890
9390
9118
8695
8331
8290
8007
8069
8129
8081
7893
8210
8209
8102
8085
8206
8173
8126
8255
8400
8262
8194
8077
8195
8167
8114
8130
8094
8177
8090
8059
8071
8107
8048
8029
8033
8166
8192
8223
8207
8184
8315
8449
8236
8231
8217
8293
8322
8192
8334
8218
8267
8419
8171
8326
8471
8597
8941
8867
8922
9006
8555
8375
8350
8131
8300
8267
8274
8298
8381
8569
8722
8568
8493
8675
8734
8530
8559
8507
8472
8785
9021
8957
9057
9046
8559
8768
8570
8531
8578
8786
8828
8859
8858
8895
8808
8509
8656
8449
8416
8410
8328
8164
8192
8090
8145
8408
8605
8603
8804
8909
8806
8902
8526
8675
8551
8560
8366
8334
8542
8414
8305
8469
8507
8321
8242
8309
8282
8208
8180
8350
8590
8378
8487
8426
8469
8562
8565
8544
8518
8386
8440
8373
8431
8448
8476
8428
8365
8499
8445
8599
8458
8730
8761
8614
8638
8615
8494
8509
8415
8533
8603
8632
8734
9128
9510
10247
11045
11721
11835
11755
11007
10448
9807
9427
9385
9224
9372
9712
9991
10009
9977
10015
9691
9551
9393
9269
10056
11491
13164
14866
15826
15416
14057
12166
10404
9572
9352
9222
9406
9585
9331
9385
9176
8814
9001
8937
8980
9274
9571
9667
9607
9522
9509
9115
8692
8930
9149
8897
8932
8910
9100
9138
9340
9336
9132
9279
9159
9015
8982
9104
9286
9252
9054
9362
9374
9373
9478
9248
9488
9203
9274
9264
9124
9115
9013
9209
9058
9123
9154
9300
9156
9049
9274
9072
8983
9202
9281
9126
9257
9212
9046
9156
9358
9446
9564
9149
9257
9390
9339
9463
9767
10337
10845
11592
12302
12387
12485
12709
12672
12262
12014
12333
13261
15001
17095
18334
17508
15763
13400
11614
10445
9801
9468
9468
9524
9653
9588
9868
9964
10078
10019
9771
10028
10070
9829
10177
10207
10106
9787
9969
9615
9737
9690
9481
9595
9523
9732
9507
9625
9755
9889
9596
9818
10213
10316
10505
11149
11822
11995
12397
12095
11877
11318
10629
10462
10232
9935
9563
9673
9625
9680
9549
9825
9726
9885
9882
9850
9768
9877
9716
9928
9965
9923
9940
9849
10050
10148
10119
10261
10350
10315
10515
10354
10415
10212
9958
9991
9902
9906
10057
9827
9958
9856
9824
10128
9934
9904
9892
9915
9832
10047
9997
10140
10100
10296
10236
10409
10357
10490
10495
10165
10074
10127
9838
10022
9900
10074
9885
10054
10035
10262
10169
9986
10071
10114
10060
10243
10119
10197
10159
10158
10139
10123
10440
10374
10425
10477
10787
10637
10812
10746
10772
10744
10732
10571
10717
10721
10986
11030
10919
11139
10999
10795
10754
10507
10487
10323
10208
10205
10295
10172
10182
10215
10249
10151
10090
10302
10623
10629
10715
10782
11164
11558
11958
11858
11668
11186
10678
10588
10392
10586
10537
10232
10606
10459
10419
10224
10410
10486
10579
10540
10268
10317
10228
10415
10229
10404
10440
10324
10352
10578
10369
10440
10202
10565
10475
10416
10330
10365
10352
10317
10456
10328
10438
10310
10391
10396
10409
10385
10508
10446
10615
10313
10468
10323
10458
10442
10523
10486
10322
10602
10628
10573
10474
10617
10699
10500
10493
10578
10492
10653
10696
10829
10907
11065
11319
11255
11307
11167
10983
10922
10757
10923
10888
10935
10863
11487
11793
12230
12342
12719
13305
15777
19699
26413
33351
38023
38144
33730
26699
20256
15342
12928
11941
11751
11576
11612
11410
11474
11444
11421
11560
11586
11703
11870
12023
12365
12199
12147
12137
12146
11706
11797
11495
11668
11772
11698
11779
11750
11781
11757
11457
11826
11549
11643
11435
11663
11751
11750
11779
11919
11826
12040
11861
11982
11943
11726
11546
11683
11730
11827
11869
11608
11623
11636
11753
11651
11680
11710
11772
11811
12033
12068
12013
12064
11864
11856
11788
11764
12026
11729
11806
11736
11701
11759
11664
11743
12073
11909
11881
12000
12052
12218
11940
12113
12113
12032
11873
11844
11826
11908
11873
12023
12070
11936
11813
11829
11821
12008
11971
12053
12110
11930
12262
12803
13184
14501
16498
19099
21348
22168
21495
19296
16676
14445
13090
12455
12322
12329
12125
12207
12462
12321
12539
12200
12113
12177
12194
11969
12087
12318
12186
12256
12590
12696
13027
13035
12891
12937
12776
12730
12746
12497
12489
12355
12323
12254
12469
12750
12503
12637
12688
12902
12777
12840
12999
12931
12841
12859
13831
15190
17892
21234
23906
25350
24415
21787
18340
15522
13894
12977
12682
12651
12316
12662
12639
12667
12652
12881
12923
12772
12773
12851
13097
13281
13530
14791
15669
16788
17629
17498
17026
15734
14626
14172
13433
13358
13396
13483
13506
13459
13482
13695
13753
13696
14157
14441
14771
14905
14939
14718
14752
14838
14792
14616
14559
14594
14345
14253
14446
15122
16319
17049
18495
18664
18513
17551
16185
15368
14712
14372
14237
14262
14577
14286
14534
14688
14753
14735
15010
15057
14943
15204
15258
15136
15202
15194
15342
15618
15779
16110
16256
16220
16133
16020
16434
17022
17367
17783
18392
18093
17545
16986
16231
15956
15924
15614
15367
15409
15729
15330
15541
15455
15416
15342
15417
15441
15278
15490
15297
15551
15496
15584
15643
15577
15887
15903
15881
15577
16087
15646
15713
15699
15676
15574
15744
15666
15648
15602
15888
15648
15554
15805
15654
15914
15888
15602
15633
15880
15977
15968
15749
15844
15869
15955
15984
15619
15784
15952
16126
15933
15869
15679
15954
15990
16238
16128
16156
16457
17302
18756
22029
26354
31465
35010
35457
33070
28772
23563
19818
17741
16790
16593
16582
16149
16240
16263
16199
16280
16625
16495
16457
16331
16398
16398
16411
16506
16257
16700
16569
16608
16342
16577
16671
16649
16554
16749
16707
16751
16738
16536
16944
16693
16567
16642
16865
16773
16874
16842
17053
16814
16951
16986
16954
16993
17105
17199
17102
17100
17291
17355
17343
17581
17134
17391
17173
17332
17513
17141
17747
17231
17424
17315
17322
17591
17312
17463
17587
17227
17522
17755
17461
17665
17730
17906
17785
17593
17859
17842
18027
17766
17759
17833
17921
17786
18039
18051
18274
18430
18168
18106
17984
18333
18202
18288
18369
18493
18587
18478
18353
18213
18468
18323
18171
18506
18496
18552
18512
18364
18507
18778
18492
18509
18360
18336
18441
18739
18670
18449
18387
18612
18332
18654
18697
18700
18658
18736
18724
19152
19444
20967
24097
30379
39501
49706
58387
61484
56185
46709
35986
27973
23134
20833
19963
19666
19787
19573
19560
19698
19655
20014
21414
23791
27056
30635
33106
33692
31826
27941
24143
21865
19974
19647
19258
18955
19095
19082
19254
19269
18989
18814
18954
18843
18997
18915
18945
19233
19248
19060
19144
18873
18880
18849
19127
18618
18828
18913
18655
18755
18816
18761
18621
18554
18722
18599
18757
18499
18436
18636
18708
18641
18570
18551
18685
18492
18446
18804
18759
18445
18337
18456
18341
18643
18570
18427
18542
18521
18518
18618
18603
18583
18575
18442
18743
18620
18587
18799
18390
18784
18510
18390
18464
18397
18654
18245
18438
18224
18459
18502
18310
18496
18549
18775
18844
18385
18344
18478
18771
18470
18456
18695
18565
18818
18784
18636
18849
18702
18888
18469
18388
18544
18305
18370
18429
18502
18545
18511
18387
18236
18279
18428
18437
18579
18575
18214
18428
18968
18588
18503
18610
18513
18666
18626
18615
18617
18674
18610
18773
18543
18664
18577
18598
18711
18806
19064
18935
18914
19171
18763
19142
18904
18914
18782
19199
19113
19035
19302
19659
19462
19491
19537
19534
19584
19554
19230
19466
19354
19302
19238
19570
19394
19478
19316
19439
19611
19528
19642
19543
19587
19753
19767
19681
19798
19739
19949
19911
19998
19872
19877
20016
19882
20036
19993
20000
20132
20105
20372
20549
21182
21908
23130
23559
24173
23559
23026
21806
21705
21046
21098
21256
21119
21419
21360
21727
22918
25285
30772
41143
60368
91895
134745
183767
226489
249321
242353
209464
161358
113436
75238
50411
37468
30955
27522
26139
25372
25449
25566
25443
25278
25443
25111
25960
25473
25291
25398
25199
25304
25259
25351
25615
25432
25454
25357
25472
25693
25487
25450
25085
24942
25484
25097
25608
25235
25272
25741
25280
25575
25335
25407
25080
25047
25396
25448
25381
25538
25301
25452
25413
25459
25239
25547
25813
25706
25348
25885
26185
27035
27324
27855
27720
27453
27494
26598
26364
26219
25934
25794
25847
25789
25665
25462
25614
25985
25823
26016
25799
26325
25986
26249
26037
26346
26143
26301
26430
25801
25867
26089
26090
26023
26048
25949
26270
25835
26600
26419
26482
26284
26664
26608
27384
27378
27927
28508
28421
28621
28221
27431
27183
26968
26523
26833
26787
26805
26936
27191
27062
27064
26720
27011
27034
26879
27051
27040
27358
27391
27419
27636
28187
28889
29737
31283
31939
32512
32189
31759
30908
30245
29358
28953
28884
28901
28763
28746
28465
28997
28788
29362
29298
29373
29559
29423
29626
29292
29439
29692
29737
29877
30253
30109
30116
30176
30289
30244
30714
30740
31121
31223
31067
31572
31615
31500
32107
31939
31937
32226
32509
32807
33591
34189
35208
37476
41274
46539
54251
62883
69211
71805
70457
64275
56448
49056
43248
39992
38277
37172
36939
36780
37062
37444
38066
38895
40090
42010
43341
44621
44541
44133
42480
41562
40593
40174
39729
40040
40614
40193
40492
40730
40718
41265
41389
41877
41782
42197
41696
42603
42204
42598
42627
43249
43266
43758
43906
44194
43935
44755
44672
44916
44868
45312
45496
45613
45799
45974
46516
46792
46994
47095
47137
46418
46256
46171
45885
45862
46176
46330
46135
46274
46011
46391
46368
46319
46822
46397
46687
46896
47611
46950
47115
47050
47133
47107
46611
47149
46800
46786
46936
46866
46823
47156
47212
46695
47022
47263
47292
46892
47424
47345
47130
47132
46949
47066
47245
47288
47274
47114
47433
47704
47461
47404
47312
47576
47644
47448
47868
47725
47873
46933
47146
47288
47878
47307
48048
47528
48060
47736
47585
47803
47372
47872
47668
47954
48134
47814
48346
47758
47967
48172
47834
48601
47968
47909
48283
48329
48250
48079
47890
47522
47736
47749
48228
48103
48066
48039
48220
48156
47981
48185
48426
47828
48512
48317
48283
48237
47967
48531
47970
48046
47948
47460
47737
47149
47439
47133
46907
46118
45903
46174
45378
45292
44627
44291
44099
43686
43591
43595
43277
43034
43359
42800
43236
42954
42870
42496
42863
42771
42834
42782
42655
42803
42461
42561
42516
42726
42358
42355
42173
42847
42721
42496
42519
42273
42471
42203
42503
42131
42497
42233
42498
42077
42431
42141
42008
42159
42070
42118
42222
41848
41929
41840
41663
41728
41991
41768
41776
42162
41705
41880
42028
41909
41971
41785
41722
41850
41762
41781
41549
41582
41690
41319
41144
41088
41416
40782
41049
40684
40666
40606
40905
40975
40486
40370
40782
40038
40053
40149
40188
40072
39574
40017
40311
40203
40439
41096
42610
45708
53391
68675
96274
141255
202670
274030
337717
374824
369875
326684
258535
186825
127755
87624
64561
53648
47770
44702
43682
42330
41492
40696
40241
39972
40106
40011
39952
39781
39574
39221
38666
38977
38714
38515
38317
38670
38553
38320
38156
37707
37836
37346
37028
37048
37055
36823
36714
36857
36455
36765
37018
36658
36601
36327
36121
35690
35404
35039
34698
34643
34501
34343
34442
34429
33925
34021
33596
33633
33294
33790
33101
32876
32677
32767
32458
32338
32480
31892
32088
31721
31573
31429
31578
31332
31250
30771
30731
30884
30416
30553
30304
30126
30021
29302
29403
29332
29156
28850
29015
29100
28838
29134
28962
28275
28188
27755
27878
27937
27860
27426
27804
27665
28101
28033
28110
27615
27614
27690
27415
27655
27715
27886
28374
28498
27854
27714
27141
26674
26393
26513
26290
26415
26311
26143
25990
26090
25797
25865
26023
26117
25914
25834
26089
26079
26141
26573
26301
26467
26617
26046
26659
26630
26779
26566
26174
26571
26619
26654
26816
26983
26863
27263
27638
28071
28235
29045
29398
30135
30087
30019
29664
29086
28965
28874
28605
28617
29288
29231
29718
29871
30260
30278
30373
30265
30167
30349
30160
30587
30152
30863
30628
30837
31136
31401
31468
31428
31692
32399
32281
32477
32516
32534
33075
33192
33481
33421
33543
33930
34283
34567
34581
34460
35202
35482
35313
35817
36067
36483
36477
36867
36833
37455
37350
37571
38022
38324
38701
39361
39618
39914
39863
40139
40884
41228
41699
42196
45120
52306
73173
120570
218800
382418
614206
865224
1057825
1109229
995367
767363
509691
296455
160739
90343
59598
49349
46167
45400
45186
45212
45303
45212
45216
45059
45417
45474
45553
45625
45823
45214
45822
45886
45553
45696
45751
45902
45819
45865
46233
46493
45890
46302
46188
46141
46388
46515
46227
46806
46681
46654
46583
46800
46557
47090
46783
47020
47207
46563
46643
46942
46925
46638
46656
46966
46843
47142
47532
48384
49446
51599
54600
56445
58001
57186
55890
53824
51507
49640
48962
48405
48189
47734
48027
47469
47646
48023
48089
47873
48121
48455
49169
49273
50366
50894
50774
50387
49749
49025
48704
48112
47943
48443
48125
48231
48376
48638
48140
48666
48610
49190
48838
48654
48917
48771
48859
48758
49023
49010
49079
49164
49173
48546
48634
48878
48827
49307
48862
49169
48608
48900
49218
48876
48521
48549
48031
48432
47931
48001
47280
47363
47387
49124
50992
54822
58893
61776
61972
59923
55427
50437
46462
43872
42357
41516
41208
41191
40855
40882
40874
41083
40725
40845
40716
40299
40539
40065
39907
40104
39527
39917
39782
39391
39085
39377
39325
39355
39337
39128
39257
39119
38840
38734
38463
38855
38591
38808
38927
38365
38031
38332
38598
38858
40094
43947
52963
69382
97264
134452
173271
201647
206416
185516
148033
107451
74589
53813
43441
38631
36779
36253
36130
36174
35666
35534
35661
35174
35668
35331
34925
34845
34549
34542
34513
34353
34400
34227
34386
34360
34055
33765
33576
33153
33022
33172
32809
32579
32857
31727
32073
31945
31581
31551
31428
31301
30935
30429
30443
30539
30107
29788
29632
28901
28700
28472
28019
27798
27625
27501
27255
27046
26742
26619
26224
26163
25962
25981
26125
25391
24901
25093
24724
24516
24549
24403
24290
23706
23656
23464
23463
23077
22811
22775
22610
22538
22317
22056
21933
21523
21384
21478
21150
21118
20816
20160
20262
20211
19918
19589
19516
19179
19099
18921
18822
18358
18181
18106
17903
17722
17409
17018
16804
16844
16472
16322
16272
15864
15677
15263
15249
14831
14750
14848
14428
14517
14084
13814
13636
13416
13305
13519
13438
13930
14125
15029
14932
15075
14556
14104
13450
13159
13070
13121
12911
12631
12230
11832
11170
10350
9889
9889
9579
9223
9121
9020
8851
8866
8530
8837
8395
8316
8421
8242
7975
8076
7928
7934
8029
7983
7702
7707
7567
7388
7491
7308
7371
7305
7291
7159
7300
7178
7387
7142
7194
7102
7039
7005
6972
6874
6784
6738
6771
6656
6597
6679
6717
6748
6593
6563
6579
6756
6722
6918
6961
6838
6960
6896
6767
6493
6532
6447
6572
6335
6328
6358
6619
6458
6475
6575
6627
6478
6625
6539
6675
6539
6428
6463
6374
6315
6108
6233
6030
6032
6109
6098
6024
6042
6118
6132
6365
6376
6265
6190
6247
6209
6018
5890
5755
5896
5674
5763
5726
5666
5760
5728
5718
5700
5740
5836
5778
5653
5804
5840
5851
5805
5991
5845
6055
6026
6113
6280
6502
6852
6860
6988
7038
7427
8317
10961
19339
42947
98351
212362
412200
700549
1039159
1332380
1470269
1393397
1129039
784634
466319
238262
107850
46736
23545
15786
12519
10256
7617
5412
4022
3125
2501
2261
2204
2093
2072
2040
2138
2101
2147
2127
2042
1944
1977
1955
2002
2052
2100
1999
1902
1803
1743
1713
1710
1982
2498
3316
4170
4831
5200
4983
4294
3306
2638
1975
1701
1650
1709
1898
2184
2323
2550
2423
2251
1993
1767
1632
1414
1345
1322
1250
1239
1269
1218
1227
1195
1200
1204
1259
1213
1276
1281
1326
1428
1622
1699
2004
2192
2286
2378
2170
1954
1842
1632
1469
1476
1344
1403
1371
1405
1482
1695
1697
1869
1980
2227
2412
2515
2569
2489
2345
2148
1804
1715
1490
1450
1435
1422
1485
1590
1559
1617
1566
1521
1452
1399
1428
1345
1388
1404
1402
1387
1415
1407
1435
1370
1339
1408
1339
1388
1426
1371
1416
1327
1419
1381
1402
1410
1419
1392
1379
1397
1349
1356
1390
1403
1460
1464
1554
1849
2608
3811
5752
8147
10482
12125
12038
10511
8019
5524
3676
2436
1874
1493
1438
1382
1435
1416
1375
1412
1404
1337
1422
1388
1381
1375
1447
1466
1509
1398
1374
1451
1434
1421
1563
1524
1556
1613
1656
1658
1639
1539
1438
1429
1472
1459
1519
1639
1741
2007
2254
2212
2169
2043
1930
1654
1507
1500
1447
1462
1412
1425
1490
1559
1528
1538
1442
1467
1480
1491
1427
1451
1386
1351
1360
1335
1373
1438
1395
1469
1432
1309
1400
1344
1276
1378
1290
1344
1259
1307
1338
1323
1375
1297
1348
1358
1310
1330
1320
1309
1363
1354
1281
1389
1354
1323
1315
1328
1326
1349
1315
1278
1334
1358
1376
1276
1281
1340
1328
1244
1328
1312
1268
1305
1337
1276
1264
1304
1361
1362
1321
1306
1320
1349
1354
1352
1339
1334
1314
1355
1327
1380
1301
1265
1329
1379
1285
1306
1339
1346
1325
1279
1313
1319
1311
1331
1351
1322
1384
1337
1322
1354
1408
1394
1411
1365
1336
1359
1261
1309
1274
1283
1284
1225
1220
1191
1238
1305
1250
1324
1280
1202
1237
1286
1272
1229
1208
1235
1228
1220
1201
1215
1253
1199
1153
1171
1226
1170
1146
1170
1188
1191
1225
1125
1220
1216
1246
1126
1176
1173
1171
1172
1178
1169
1168
1220
1150
1184
1133
1227
1135
1127
1100
1126
1143
1111
1173
1139
1085
1110
1054
1080
1024
1053
1058
1113
1081
1086
1099
1075
1101
1171
1220
1181
1372
1359
1270
1270
1210
1184
1102
1014
996
1013
1013
991
970
1030
970
986
996
995
1027
973
994
977
1061
970
1025
939
963
1002
994
954
1012
935
986
962
965
955
919
975
939
993
920
924
919
953
923
1009
1115
1141
1203
1278
1368
1316
1276
1267
1372
1581
1962
2362
2702
2764
2582
2109
1642
1324
1076
946
876
889
843
828
807
886
865
833
885
1025
1300
1532
1868
2192
2213
2180
1959
1630
1325
1049
911
835
773
822
810
841
829
777
749
815
768
705
770
830
877
805
850
888
933
945
976
961
949
881
840
779
767
776
771
699
745
810
779
809
785
814
817
830
897
882
949
900
884
870
836
784
798
760
718
708
721
673
722
737
679
674
733
734
698
686
725
751
696
728
691
704
736
722
682
774
781
739
819
1031
1381
2177
3558
5829
8448
10938
12669
12650
11584
9403
8041
7617
8126
9354
9896
9653
7963
6006
3924
2290
1423
953
736
685
643
645
717
665
620
636
637
684
670
708
713
658
670
662
577
580
617
520
570
552
545
526
510
488
535
527
540
538
529
493
513
497
505
499
520
519
448
480
476
482
487
441
502
494
518
532
575
680
853
1137
1258
1488
1659
1748
1621
1425
1155
950
754
630
570
531
580
529
506
487
512
520
509
473
544
476
490
493
466
483
468
495
481
525
527
556
674
846
1093
1491
1881
2230
2468
2219
1931
1461
1162
904
762
659
653
601
564
547
525
511
518
474
508
470
500
492
465
481
493
464
486
494
494
475
475
514
545
591
677
664
642
675
661
562
587
565
513
511
501
517
508
532
496
547
464
527
536
525
501
553
581
613
660
704
724
744
718
630
648
619
721
871
1062
1377
1661
1944
2021
1954
1945
1700
1762
1879
2172
2376
2499
2243
1874
1380
1053
777
609
557
518
505
548
522
540
506
525
568
568
701
992
1407
2184
3258
4243
4800
5053
4622
3741
2778
1874
1179
847
600
592
533
523
538
515
528
528
534
509
529
558
574
632
848
1204
1816
2622
3435
4202
4510
4325
3632
2842
2043
1439
972
731
619
609
519
489
515
555
521
555
535
523
478
480
551
507
546
528
488
474
495
524
510
544
471
522
467
526
518
474
534
538
502
498
540
554
533
519
512
567
550
569
536
579
580
555
567
526
579
575
587
569
595
575
586
518
574
531
609
590
509
544
569
542
553
542
557
539
555
507
588
572
615
568
563
628
606
592
592
603
551
564
563
556
543
574
540
606
569
568
586
651
601
636
608
676
634
674
639
642
672
606
653
605
595
608
584
617
587
552
615
650
628
586
633
627
605
621
628
668
674
597
598
602
592
619
612
662
749
794
898
986
1077
1044
992
881
808
706
643
608
627
673
626
699
672
671
632
648
631
538
657
583
633
569
587
595
620
625
564
544
605
543
606
580
575
549
609
590
601
645
592
579
600
652
594
568
609
592
590
601
623
576
558
567
564
568
617
664
592
590
651
609
558
624
589
556
577
598
585
576
549
590
593
573
574
548
560
576
549
561
603
590
555
543
560
527
582
595
606
587
587
639
683
702
766
872
943
1122
1134
1371
1315
1256
1110
986
833
693
634
604
639
603
581
548
585
589
569
556
559
561
555
565
580
560
550
566
595
574
568
518
554
581
556
534
590
538
566
566
600
551
561
490
534
589
542
577
516
588
540
590
538
545
566
547
581
584
595
599
589
609
580
592
565
570
576
540
542
566
531
575
576
530
527
506
585
574
505
528
525
529
540
568
535
511
486
536
545
591
557
474
532
543
527
527
513
542
527
509
539
514
527
545
519
524
546
550
552
519
491
520
532
493
557
519
556
579
534
559
555
514
533
559
503
529
593
600
771
927
1243
1638
1862
2076
2060
1817
1450
1063
837
616
586
481
525
446
460
479
451
477
483
467
437
427
464
443
465
435
468
456
453
448
450
442
400
412
461
441
436
450
428
426
413
413
413
463
438
441
438
422
479
474
481
499
506
575
626
820
926
1203
1290
1469
1430
1368
1153
893
744
565
512
437
443
442
449
453
434
453
492
506
592
630
796
866
866
875
794
715
587
516
448
443
405
423
401
372
398
396
406
418
402
382
400
391
478
393
417
450
523
469
508
492
536
519
478
501
436
455
447
432
449
453
410
423
420
435
416
405
399
422
415
402
424
449
406
422
447
460
433
399
431
394
434
440
454
436
498
556
663
750
857
897
953
864
769
604
579
494
467
452
448
415
397
399
410
425
387
432
404
366
418
381
385
388
391
383
389
407
398
379
362
362
368
392
353
431
389
509
682
1132
1686
2579
3430
4240
4540
4503
3810
2896
2027
1258
787
537
447
407
354
367
389
454
386
393
365
398
354
379
412
343
406
419
431
470
461
494
450
496
485
448
462
490
503
593
695
899
1002
1212
1324
1246
1155
1038
802
657
580
470
419
387
326
358
389
358
320
346
400
342
387
383
370
373
371
437
433
518
608
679
780
853
927
909
823
666
540
458
374
383
397
381
368
355
360
383
366
384
360
356
354
366
371
329
388
364
361
315
407
393
393
470
490
622
744
927
1242
1375
1622
1598
1382
1193
873
698
539
440
397
376
376
362
400
350
343
347
363
331
323
351
334
337
325
374
370
370
343
348
384
369
365
355
362
345
377
342
336
388
342
333
354
338
329
380
394
372
372
368
369
385
379
396
428
382
362
385
440
598
746
1036
1181
1303
1475
1308
1197
918
670
528
436
403
350
374
387
385
382
389
357
351
366
347
348
347
329
336
333
315
356
319
288
331
353
340
338
328
291
336
338
359
351
345
371
341
372
407
518
434
445
494
455
460
427
368
379
361
380
368
379
392
404
352
390
380
377
397
372
357
380
367
357
371
367
382
343
347
365
313
347
353
340
362
347
383
340
376
338
331
309
363
347
334
338
345
347
319
341
386
333
372
371
335
348
413
385
395
444
407
399
389
340
321
346
336
352
358
322
397
378
406
403
398
362
379
385
357
337
325
330
344
419
395
469
489
537
522
566
489
435
447
414
385
328
323
306
311
317
342
314
314
321
343
314
319
345
344
314
327
341
335
312
308
352
295
333
329
295
327
311
334
314
329
339
335
335
295
311
315
337
307
336
301
324
310
334
367
340
330
313
343
302
286
325
289
292
310
295
327
304
289
287
307
298
301
313
309
305
297
273
286
301
320
300
294
286
322
307
310
297
293
298
299
338
300
321
328
382
436
462
504
607
820
1209
1627
2028
2590
2766
2703
2234
1778
1229
767
574
386
323
294
287
273
268
274
267
279
255
234
249
267
261
259
267
285
239
245
238
262
256
262
265
252
254
269
226
239
242
239
261
268
236
248
267
266
272
253
266
264
275
264
260
241
211
246
238
234
236
248
222
243
264
240
220
242
257
224
265
237
232
238
264
228
225
226
254
216
246
212
225
247
240
233
228
248
226
218
225
251
222
228
239
239
203
225
236
215
222
194
217
219
224
220
218
207
199
240
253
199
263
235
237
192
206
222
210
225
212
221
212
197
239
201
229
217
205
206
227
204
223
196
218
207
206
213
219
223
192
206
187
191
192
182
201
193
202
183
207
182
201
191
204
189
215
198
190
177
193
215
183
212
160
187
192
165
199
197
191
190
196
194
182
185
198
211
169
228
245
254
298
367
466
654
963
1210
1577
1757
1880
1746
1464
1110
720
485
293
235
171
155
132
141
169
119
137
141
136
154
124
140
126
130
121
157
136
129
120
142
128
151
123
135
145
139
124
145
127
110
152
119
141
119
138
151
121
137
143
125
132
195
150
184
182
198
208
225
232
243
223
212
225
164
164
148
142
119
126
128
156
169
149
183
193
202
206
176
197
161
138
133
132
135
118
135
119
119
130
112
105
121
117
130
120
116
128
148
140
128
167
157
150
115
120
107
112
126
126
118
106
103
104
105
102
133
142
120
110
107
118
112
114
129
106
121
115
88
128
112
106
115
115
92
122
113
122
111
119
98
105
108
98
111
104
109
122
116
101
105
135
116
121
99
103
148
165
184
235
246
314
348
343
306
335
347
404
544
818
1223
1765
2372
2824
3002
2860
2383
1849
1243
815
559
329
185
161
121
114
107
114
100
104
108
81
91
101
81
97
92
89
99
78
95
88
69
89
101
76
92
96
90
88
88
98
87
93
84
99
100
95
104
111
94
87
85
114
95
110
106
104
87
91
107
98
79
72
100
94
96
88
91
83
112
117
109
110
121
123
106
106
93
126
96
111
97
116
84
100
93
80
98
84
112
84
74
94
89
90
101
82
112
86
97
88
86
85
92
71
96
85
97
100
108
92
107
116
129
173
194
222
230
264
279
236
211
195
156
138
107
109
106
127
105
82
105
115
94
101
86
120
92
97
139
108
147
133
133
129
120
124
78
100
84
97
110
77
91
108
85
108
112
100
109
97
102
96
94
82
97
107
99
112
147
213
283
359
499
518
574
552
482
339
256
160
127
108
110
86
96
84
82
90
109
93
94
128
141
160
209
201
209
206
206
164
144
125
104
105
103
91
90
81
81
85
93
80
82
82
94
78
106
85
75
97
85
100
109
89
95
101
85
91
78
96
70
70
94
96
98
93
98
69
79
100
109
113
87
98
91
92
83
107
88
100
88
99
93
99
103
96
75
105
108
73
97
83
94
102
99
88
80
94
101
98
86
101
99
83
92
94
91
88
85
89
89
88
100
81
90
87
104
103
106
78
77
95
95
84
87
91
81
87
96
84
117
96
91
97
100
107
88
95
93
116
103
100
109
128
115
117
147
118
124
108
116
109
85
90
96
114
79
97
95
92
99
110
80
93
96
92
88
101
105
106
112
85
106
97
98
112
107
114
120
120
121
124
118
105
99
99
113
104
113
96
136
154
179
157
173
156
187
131
111
102
101
89
111
96
130
77
106
106
109
125
125
136
117
136
125
110
119
106
105
110
83
106
105
99
102
119
111
124
103
92
97
100
105
131
140
116
137
125
133
131
122
122
111
111
106
95
104
81
114
82
98
80
87
70
99
87
86
92
84
80
91
89
90
88
107
87
88
94
88
88
82
98
99
100
88
95
88
100
93
94
80
83
99
92
105
90
66
90
80
95
102
103
97
102
81
93
86
87
83
101
85
96
94
102
88
94
107
96
91
109
96
86
93
62
99
85
83
84
90
86
83
84
77
95
99
77
91
89
92
79
109
100
80
96
89
92
87
87
107
93
77
86
89
88
97
96
81
88
92
87
92
94
82
80
99
84
93
72
104
85
99
94
88
76
103
101
99
78
96
92
85
86
90
86
96
78
104
88
95
88
90
104
116
96
96
93
82
90
88
104
113
108
102
82
78
102
84
95
79
78
83
91
97
90
92
94
78
99
93
95
97
95
88
92
83
89
87
90
105
101
91
106
92
78
101
102
105
125
154
204
288
374
522
615
755
827
767
822
666
503
375
283
181
177
124
110
123
98
111
98
122
95
102
91
95
100
99
100
104
124
107
103
122
103
116
93
108
90
100
101
79
91
98
87
83
94
96
98
112
100
100
111
127
86
106
117
96
80
118
117
96
95
103
94
107
99
98
103
90
86
105
89
106
116
96
86
102
92
106
110
92
101
81
96
83
87
105
93
90
102
88
89
90
104
90
97
92
98
95
83
99
99
105
87
100
90
82
89
87
120
93
84
99
83
96
96
88
104
87
97
115
95
105
90
84
89
73
112
88
88
94
94
104
101
108
104
102
101
108
109
87
110
114
81
87
95
94
93
100
76
91
98
93
93
97
91
107
99
93
106
104
102
87
98
111
82
89
87
95
106
85
102
100
98
101
118
118
126
121
135
136
153
126
129
142
119
110
125
103
111
115
86
103
104
96
115
121
106
108
99
104
102
103
117
114
124
100
108
103
108
110
111
109
121
138
108
125
130
117
112
126
117
111
115
130
109
113
129
105
101
139
90
117
126
117
129
115
110
139
128
140
120
135
114
138
128
138
138
124
150
158
183
235
301
398
462
550
590
626
604
565
450
340
290
205
173
170
153
149
177
170
169
179
162
183
141
155
156
150
176
157
128
158
135
152
144
152
151
135
133
157
145
137
134
150
147
152
155
136
122
137
146
149
151
133
160
138
161
126
133
141
159
154
149
161
134
166
144
198
160
130
168
153
142
142
131
116
134
181
165
164
141
149
148
165
163
146
137
157
165
148
152
153
147
145
156
149
147
142
141
156
162
154
152
159
138
156
147
148
177
154
147
145
131
169
181
172
134
155
165
158
176
154
148
155
175
157
162
140
142
137
155
145
150
157
169
136
169
136
158
152
154
135
129
129
147
131
142
152
146
142
178
128
133
137
144
155
137
128
126
112
140
140
133
116
131
153
143
120
141
156
133
114
133
159
164
150
130
170
180
175
187
215
197
219
202
185
166
152
126
133
143
166
118
163
161
154
150
125
133
139
145
140
126
139
134
149
154
144
158
127
125
133
149
131
131
146
153
146
119
133
162
161
134
133
148
144
162
150
131
160
132
160
139
140
134
130
152
133
139
145
129
167
149
132
151
183
130
131
134
126
148
133
124
131
133
169
128
151
144
145
130
134
139
161
120
140
133
121
129
144
125
135
139
118
120
134
126
128
130
137
139
121
132
144
123
136
125
130
156
143
111
132
133
131
126
129
141
143
127
116
121
122
128
149
131
126
117
115
124
131
127
127
138
126
118
112
110
123
110
102
102
107
108
98
121
121
112
123
119
108
109
125
130
130
109
115
114
104
127
120
119
118
135
96
104
111
109
99
104
110
127
119
102
97
118
122
96
107
119
111
113
125
107
122
106
116
114
118
114
126
128
121
119
99
98
111
106
87
119
111
110
127
98
96
113
100
97
114
88
110
97
88
103
111
99
113
113
95
94
90
99
100
111
91
89
81
96
105
109
95
78
91
102
128
99
83
81
115
99
108
96
84
114
97
93
102
91
101
80
90
91
85
99
91
69
74
93
104
91
102
78
104
85
91
94
81
96
95
86
95
98
116
93
89
102
80
74
87
96
90
83
91
112
142
230
310
570
804
1245
1594
2076
2080
2132
1848
1458
1036
673
372
222
140
101
88
93
75
77
105
94
80
78
74
68
77
76
70
74
83
76
76
80
68
68
68
62
68
71
60
71
68
78
67
62
78
59
62
68
57
72
77
97
90
65
69
86
60
65
73
63
62
69
55
59
57
53
53
63
61
53
45
75
60
48
62
76
52
67
55
66
67
51
56
52
56
52
59
69
58
54
46
54
33
50
49
53
55
55
43
49
59
56
52
49
60
48
55
56
53
55
45
50
51
40
51
58
48
45
49
34
45
59
44
46
45
43
46
46
42
49
57
61
67
84
83
69
81
71
57
56
49
28
40
49
30
36
36
33
51
49
25
36
42
40
28
31
43
47
42
51
46
42
43
41
51
40
35
52
47
41
43
52
45
39
67
67
77
102
112
146
111
139
125
102
78
62
56
46
45
43
39
36
53
31
25
45
38
41
33
41
51
31
34
41
42
30
35
32
36
40
40
31
42
29
45
30
38
33
29
44
48
43
52
36
48
48
47
32
32
39
33
36
41
36
35
45
43
37
31
52
34
41
37
44
43
36
44
44
74
117
198
335
525
755
983
1270
1307
1355
1281
980
703
476
284
151
108
60
44
39
44
36
41
31
30
24
25
30
24
42
24
33
30
30
33
23
28
27
29
29
31
28
47
29
32
23
29
45
23
26
26
23
34
26
32
42
28
30
28
35
21
34
34
36
26
35
30
40
31
35
38
26
35
28
35
26
27
32
33
38
32
31
34
39
41
60
64
66
77
65
80
66
60
60
52
45
40
38
35
31
32
30
35
28
35
28
27
32
28
28
31
27
30
30
32
34
34
26
40
33
38
32
32
36
46
28
38
15
41
32
39
43
39
37
37
35
31
25
31
41
26
27
34
39
42
40
27
43
25
28
37
30
33
32
37
27
39
33
35
28
32
32
28
25
32
29
22
34
17
22
33
36
26
28
24
29
27
34
26
37
40
29
30
32
23
33
34
34
21
35
35
33
25
30
31
35
31
32
34
23
26
30
19
42
37
27
37
29
23
25
40
35
29
28
32
33
34
26
33
24
32
36
45
32
28
33
24
31
29
29
34
27
33
18
30
35
29
19
36
32
34
22
28
36
33
30
36
26
29
32
34
30
31
31
31
23
26
29
31
41
31
23
28
24
27
20
27
34
27
35
27
33
27
30
28
32
17
22
30
41
23
29
27
30
21
36
31
32
22
38
23
27
27
35
17
36
25
32
30
28
29
25
38
27
32
27
33
34
31
25
44
37
34
32
33
31
21
26
21
34
24
28
27
30
38
27
30
21
26
26
45
34
29
34
38
34
44
37
42
62
37
50
37
42
29
34
39
35
30
27
37
30
31
26
36
30
30
24
33
30
31
35
25
29
35
42
37
30
34
42
37
35
35
44
30
33
26
30
36
30
25
28
27
35
26
29
27
23
35
26
26
29
32
27
20
27
28
35
29
32
26
19
20
20
30
18
24
26
26
29
30
32
29
28
31
30
28
29
31
37
22
24
30
27
31
23
28
31
26
25
30
32
34
24
29
28
26
32
32
28
32
32
23
28
20
31
21
33
31
30
22
43
37
40
41
35
42
34
30
31
23
32
26
21
38
38
30
25
35
29
31
30
19
35
30
38
51
38
37
35
43
28
31
48
36
28
31
29
41
29
30
35
24
31
32
32
31
31
28
36
29
26
34
18
21
19
30
35
28
23
25
34
27
29
33
22
31
32
18
26
34
37
36
49
31
27
31
26
34
28
29
28
36
16
36
28
29
20
32
25
31
39
29
32
29
30
43
38
28
31
30
23
32
29
32
33
37
28
38
26
29
36
19
35
25
21
40
36
47
35
53
56
58
55
47
36
44
24
29
34
28
33
26
23
43
21
32
32
39
32
33
40
25
42
37
30
28
41
37
27
40
29
29
17
28
27
31
36
32
32
31
17
34
33
34
29
23
28
28
35
30
29
33
30
41
35
25
46
34
30
28
30
37
32
38
32
24
38
23
20
23
29
30
28
22
25
36
42
27
30
35
31
41
32
35
35
42
44
39
38
30
26
34
36
29
28
32
34
19
33
32
32
30
31
32
29
37
29
32
37
26
25
18
24
28
25
37
28
23
29
38
33
19
46
35
30
41
27
26
33
43
25
33
30
28
23
29
29
35
35
41
40
27
41
31
28
31
24
30
37
32
37
32
46
39
42
38
37
34
42
23
40
29
31
36
31
30
37
19
28
27
24
26
24
32
26
29
36
34
26
27
43
24
32
19
32
26
30
29
31
42
35
32
38
33
23
41
34
29
33
42
26
40
25
27
29
34
26
44
31
28
34
33
34
30
28
39
33
32
26
32
34
34
22
49
32
25
37
36
35
50
33
35
31
30
27
35
34
28
29
27
38
33
23
40
30
39
28
29
31
35
29
27
32
36
30
23
30
24
29
22
42
28
40
33
44
24
39
32
33
23
23
23
36
36
35
27
36
38
37
39
36
35
40
40
26
34
17
40
34
31
32
41
28
28
25
28
39
34
39
36
28
33
30
37
31
18
30
28
29
25
34
29
38
39
23
25
24
40
35
30
30
38
27
18
25
26
34
23
26
25
40
33
33
30
28
21
28
30
29
36
39
22
27
35
31
30
30
30
26
32
34
28
19
34
25
29
28
21
29
33
26
25
25
26
29
27
26
24
25
30
27
25
30
28
33
29
33
14
27
19
19
21
29
30
26
23
31
30
27
19
29
28
17
29
22
23
27
16
24
26
36
33
23
32
31
37
21
34
38
27
25
26
22
23
37
24
30
30
31
25
28
30
22
18
23
25
25
33
15
28
27
25
30
24
26
27
30
34
30
26
24
31
31
28
29
32
36
31
20
32
19
30
36
25
34
29
31
25
29
22
25
30
31
28
25
23
22
27
33
26
29
22
28
25
29
33
43
32
62
75
101
110
151
180
208
224
168
208
157
134
87
61
56
32
26
35
38
28
27
27
24
30
26
33
43
26
34
28
25
32
37
32
37
32
31
32
29
29
33
25
34
28
31
28
25
35
30
29
26
27
23
32
33
32
29
37
36
35
33
30
23
38
36
28
21
34
23
31
36
22
36
31
27
35
23
29
29
30
25
22
45
33
35
25
21
30
16
29
27
28
21
28
32
25
28
32
39
30
25
37
33
28
38
43
29
23
24
33
24
32
35
22
25
36
34
33
29
30
24
36
27
30
21
43
21
36
27
34
27
26
28
25
30
26
36
25
23
33
25
40
27
25
30
41
34
32
41
39
38
42
39
50
49
33
45
44
36
34
25
32
25
38
33
16
23
24
18
28
32
30
31
31
27
26
27
43
23
25
29
26
30
26
36
28
35
25
31
36
42
47
36
26
20
19
24
29
25
27
38
23
26
32
34
37
40
32
41
30
37
34
30
37
37
25
28
35
24
32
35
49
43
41
33
36
33
43
44
35
29
47
35
46
43
40
38
31
30
31
35
43
46
35
36
41
23
29
42
27
41
35
40
36
34
41
47
38
48
47
40
48
56
40
54
49
47
49
39
39
37
43
52
42
36
30
39
43
46
36
37
45
40
31
39
36
38
38
43
33
30
39
35
33
42
51
52
54
52
56
39
44
44
48
36
38
35
36
35
45
32
51
39
46
52
35
39
40
37
37
50
40
38
41
33
44
46
36
42
43
40
51
49
40
47
40
37
34
42
43
40
32
46
42
42
38
48
39
37
37
48
38
35
34
44
44
42
44
45
42
58
34
37
32
31
44
48
31
47
50
32
44
46
46
30
36
44
45
45
30
43
40
30
47
29
44
44
45
42
34
32
36
29
32
30
27
39
49
48
29
48
37
53
43
39
35
35
35
43
33
46
38
40
27
38
31
42
39
47
40
27
44
35
40
30
41
37
39
45
37
28
25
46
49
42
43
46
37
34
52
27
36
32
48
44
35
42
34
37
42
35
39
34
51
54
35
36
40
40
40
40
38
41
31
27
42
33
28
30
30
36
30
40
38
33
40
44
34
32
29
41
46
37
31
42
24
40
31
32
35
34
41
31
35
25
38
33
38
39
31
31
31
27
35
39
31
39
34
37
29
28
40
43
45
46
53
43
39
39
37
26
36
28
32
35
22
30
28
16
31
34
30
34
34
32
35
18
23
24
16
30
28
31
29
26
31
30
25
32
23
25
33
23
26
28
31
32
23
32
21
24
31
22
24
26
23
14
25
18
32
25
31
25
27
26
27
16
26
22
21
26
20
20
22
25
24
26
22
19
13
25
20
27
29
16
18
20
25
20
19
27
19
27
32
19
21
17
30
22
32
27
21
18
16
27
21
26
36
21
21
18
26
27
24
16
19
15
20
25
27
19
25
29
21
25
21
20
27
23
21
23
26
27
18
18
24
21
26
28
22
24
29
19
24
23
15
26
28
22
22
22
28
17
23
14
24
29
20
29
18
23
20
26
21
19
23
21
22
20
20
20
20
16
12
21
35
27
25
16
26
33
24
35
29
22
22
27
16
26
31
20
17
15
22
21
18
26
23
24
16
24
21
27
21
46
30
42
79
119
181
261
339
417
429
463
407
366
265
209
129
81
35
30
25
27
16
24
17
16
18
14
18
11
32
21
20
17
17
17
23
29
23
23
21
25
18
24
15
24
21
16
14
27
12
21
21
28
35
24
21
29
18
18
24
36
27
26
26
27
27
14
20
24
13
23
23
25
26
18
21
21
18
16
17
23
28
20
23
22
27
22
25
15
18
21
26
19
21
22
21
22
24
23
21
24
28
16
20
25
19
25
16
18
22
21
23
26
20
25
15
22
22
20
18
25
17
13
17
23
19
20
17
20
22
27
22
21
13
15
14
16
13
13
16
15
20
17
21
19
16
17
19
18
13
26
22
21
14
17
15
20
26
27
19
15
29
20
12
16
14
13
20
22
12
14
17
27
19
13
20
15
15
18
22
15
20
23
23
19
17
18
19
24
15
28
24
23
17
26
16
12
22
15
23
14
25
29
16
22
17
24
17
17
27
23
29
28
24
22
39
20
25
31
28
24
26
16
17
22
16
26
14
20
17
28
24
25
26
21
17
15
20
21
21
16
13
23
25
13
19
17
17
22
19
18
13
20
17
20
16
21
22
22
19
13
17
18
26
21
21
14
20
26
27
21
26
21
27
19
26
26
24
23
29
22
15
20
22
24
13
18
15
20
19
22
21
25
22
19
25
24
18
20
21
28
22
21
15
17
23
13
20
20
18
27
21
14
30
23
27
12
26
23
24
22
19
12
22
19
26
21
22
28
24
31
28
33
26
22
21
21
20
38
17
22
24
19
16
14
15
23
20
17
22
15
21
30
30
28
18
23
15
24
15
21
23
16
20
18
18
23
22
25
17
26
17
27
19
28
36
19
23
19
16
17
26
30
27
23
18
26
18
21
28
18
17
13
20
20
27
15
20
23
25
24
26
19
21
21
21
21
25
21
22
17
25
19
19
23
26
21
27
21
20
23
19
14
18
15
16
19
24
23
19
18
14
28
24
20
11
14
17
13
28
15
15
21
21
21
20
14
15
19
23
15
22
20
29
15
27
22
21
21
20
24
20
27
16
15
25
22
23
36
22
24
14
22
21
14
20
19
16
16
19
20
21
18
20
16
15
14
17
17
16
22
25
20
14
23
21
20
21
17
23
21
26
18
13
19
19
18
19
19
20
26
24
26
16
11
20
22
23
14
18
17
28
18
16
23
21
21
19
17
20
16
26
16
22
17
14
20
26
22
19
11
19
19
19
19
12
21
16
17
16
16
15
13
23
18
22
29
22
14
19
18
22
23
25
19
15
28
16
22
27
18
14
21
26
18
28
20
18
20
24
18
30
20
21
19
11
25
23
20
16
16
14
24
15
19
20
23
23
22
20
17
21
22
17
18
24
22
16
18
20
8
30
19
14
19
21
9
13
25
23
16
17
20
21
22
22
24
20
25
14
27
17
20
22
17
25
26
22
27
24
20
17
29
23
23
21
16
20
16
20
23
17
17
20
16
12
25
24
16
15
21
28
24
22
21
15
21
20
19
22
15
19
19
24
23
20
18
29
23
31
17
23
19
11
25
25
27
23
26
28
37
32
45
38
28
30
30
36
25
29
24
19
23
19
27
27
15
23
21
21
26
14
19
20
22
14
26
17
25
14
22
21
17
25
23
22
17
25
16
12
14
17
11
12
13
12
26
19
14
20
24
24
18
13
21
27
13
21
16
18
24
12
24
21
19
15
18
23
15
21
27
17
22
18
27
15
27
10
12
16
19
13
23
15
16
18
18
21
20
29
21
16
21
25
22
15
16
20
12
15
15
12
20
21
26
18
17
23
17
21
23
20
14
12
15
18
21
22
23
24
27
30
37
26
27
30
30
27
21
20
22
21
26
13
19
18
25
16
23
13
27
19
14
22
22
11
25
25
13
20
21
21
16
15
25
9
22
25
18
18
18
19
28
18
19
21
24
17
17
19
24
22
19
11
21
23
18
26
17
19
21
22
20
15
14
16
13
24
20
17
26
20
21
17
14
18
22
19
24
18
19
22
14
18
23
24
13
20
20
20
18
19
14
27
20
20
24
25
16
12
22
16
15
20
9
22
17
20
27
23
18
17
27
30
25
31
24
36
34
43
29
48
34
37
26
29
31
17
19
15
18
19
22
21
18
21
22
13
21
16
16
18
10
18
16
20
16
16
11
20
18
15
17
16
21
21
23
23
28
27
18
14
21
23
14
22
25
9
18
23
14
25
20
15
15
20
17
20
15
23
18
17
26
23
21
30
13
17
20
20
26
19
14
20
20
15
20
22
18
15
16
16
15
20
25
13
20
10
22
18
16
20
22
23
18
17
25
18
27
21
16
15
21
21
13
23
19
22
19
25
15
18
19
16
17
27
28
33
33
25
22
24
33
34
33
22
20
29
28
21
20
26
21
17
22
23
19
24
18
17
24
23
16
21
15
13
16
19
15
17
29
20
16
12
19
21
12
19
17
18
16
16
12
16
27
20
25
20
21
30
15
21
18
24
30
20
26
24
16
23
16
23
25
19
29
18
24
27
23
28
23
26
14
20
20
20
21
20
21
17
26
18
20
18
18
10
24
16
21
14
16
22
19
21
9
17
17
24
22
14
18
21
23
23
13
16
14
22
17
20
18
27
19
18
22
22
13
18
20
20
21
20
16
25
19
19
18
22
17
18
16
18
18
24
18
21
11
25
27
17
19
21
12
19
27
16
13
16
16
17
22
11
20
16
17
23
13
17
12
15
18
18
16
23
20
13
20
15
23
20
24
17
17
15
17
23
21
16
18
21
13
15
12
23
19
18
20
12
23
19
15
16
12
18
21
15
25
32
20
20
17
20
18
13
12
13
20
19
19
19
22
13
17
19
15
17
20
20
21
21
22
23
16
19
15
22
21
19
13
21
18
19
14
14
21
14
8
18
23
16
15
25
23
13
18
11
15
13
14
18
18
18
17
20
21
11
17
19
15
15
14
21
18
10
21
13
18
19
9
21
18
22
16
18
11
17
15
15
13
12
14
17
21
18
16
16
21
13
14
11
18
15
9
16
17
15
17
17
15
11
20
13
20
22
17
20
18
19
19
19
19
14
22
11
20
14
20
15
19
7
21
17
23
18
19
16
15
14
16
18
15
14
23
17
15
22
23
24
15
20
20
14
20
18
19
13
19
11
17
21
16
27
18
24
28
24
31
30
27
25
36
38
35
38
33
29
21
27
28
21
11
29
15
14
21
20
14
14
15
18
13
17
21
19
18
18
12
14
15
16
14
15
17
13
16
14
14
18
19
14
18
16
15
18
18
12
14
19
15
23
18
13
12
$ENER_FIT:
-1.6700 0.713300 0.000000e+00
$MCA_CAL:
3
-1.6700 0.713300 0.000000e+00
$ENDRECORD:
