$SPEC_ID:
Sample title.

$MEAS_TIM:
69814.96000 84854.30000
$DATE_MEA:
05/05/2018 3:32:05 PM
$DATA:
0 16383
0
0
0
0
0
0
0
0
0
0
0
0
0
0
0
0
0
0
0
0
0
0
0
0
0
0
0
0
0
0
0
0
0
229367
230755
232508
233643
234292
235684
237755
238347
238459
239827
241724
246821
250297
249271
242996
238815
235725
234191
232196
230504
228724
225796
224021
221990
219450
216108
213028
210142
206986
203070
199440
196428
193449
189531
187924
184082
178931
175308
170729
166227
163162
159708
156822
156004
153904
152279
151216
150279
150853
151267
152477
152642
154217
154638
155398
156351
156765
157418
157864
156679
158010
159332
160148
163258
163501
164135
165130
166805
166908
172487
189802
211055
223480
244504
280340
272411
238895
228758
216235
187227
168555
163968
162567
163055
163929
166274
174884
191936
204914
202533
195062
201390
200889
186662
177283
175266
172985
169956
169259
168010
168665
168484
169431
169140
169118
169287
170196
170073
170210
170715
171370
171655
172098
172592
172750
174503
175214
175203
175486
175704
176683
177598
179262
179921
181132
180967
182458
183564
184068
185478
186818
187959
189015
189938
190983
191718
192717
194056
197227
199474
203849
220431
315606
618826
1024670
1040827
634652
308701
209784
195998
194797
196588
197449
197381
198348
199297
200447
202264
207023
241679
410914
803404
1072621
827220
425185
240975
204966
202443
203726
204184
207645
210404
215695
223799
243025
294817
363602
367915
301710
249515
233957
233100
233233
235102
235293
235531
237011
237539
239008
241552
251498
289398
354020
370465
318167
265456
248653
246161
245958
245931
247446
248770
250094
249737
251448
252522
253802
254889
254213
255864
257260
257793
260372
262644
268435
275675
279510
275663
270234
267860
268426
269836
270532
272475
273773
274498
275893
275165
276800
277684
278588
279793
280698
279936
279269
278512
277307
274449
271634
268512
263652
256817
246966
236800
223939
213580
204331
196966
190426
184965
179187
176411
176559
199802
283657
397622
395206
277516
187056
159254
153079
151766
151659
149247
149370
148955
149601
149617
150168
153070
155590
160403
164229
167913
170285
170450
171470
168762
166562
165164
161070
156952
153516
149746
146596
143568
141435
139303
137821
136509
135638
134764
134021
132726
131207
131013
130515
130343
129184
127395
127834
126815
126797
126890
126068
125715
125253
125299
124971
128793
137651
148712
146836
135469
127336
124973
124805
123964
123836
123185
122280
122285
121440
122906
123003
122805
123368
125198
125537
122051
120973
119655
118665
119062
119781
119223
119432
118944
118525
118955
119771
119108
119526
120162
120283
120604
121397
123319
123652
124045
123225
124119
125365
125475
126224
126520
127628
128739
128853
130199
131237
130842
130119
130084
130471
130537
129869
129398
129658
128890
127878
127337
126714
126622
126229
125531
124891
123264
123205
123946
129463
148575
181081
192241
164920
133852
120670
117740
116664
115968
115205
115711
115330
114895
115064
114067
114123
113884
113746
113873
114026
113123
113301
112970
112850
112409
112573
112954
112643
112829
113305
112959
113087
113399
113651
118759
139491
178670
200572
173723
134220
116235
112924
111449
112034
112000
112559
112488
112446
111869
113136
113688
115389
117480
118602
119562
119007
120674
122570
127915
133845
142149
158100
187467
275293
860021
3849621
11403718
18429920
15766568
7142847
1775581
301753
93628
73052
69364
66003
64547
63206
62553
61595
62121
63557
65490
63123
60030
58211
57071
57518
58346
57999
57157
56719
58165
56948
56453
54628
53786
53986
53254
53641
53015
53412
53607
53275
52851
52519
51863
52363
51784
51423
51511
51409
51166
50986
50811
51602
52369
51388
51403
54855
63465
74090
70979
60664
53865
50954
50022
49731
49420
49361
49453
49064
49213
49278
48962
48787
48940
49413
49278
49060
48645
48722
48711
48464
48513
48375
48662
48648
49377
49440
50031
49712
48671
48280
48023
47623
48405
48104
48586
48480
47958
48177
48290
48346
48475
48690
48933
48667
48201
48148
47950
48482
48510
51305
65135
100125
135858
126353
87058
59389
56614
67733
78235
72374
58939
51537
51040
50248
49664
48084
47947
48208
48140
48247
49367
52812
59331
64525
80085
128708
182267
171437
109215
64922
50458
48393
47969
47961
47541
48076
48111
48086
48251
48529
48345
47961
48729
48490
48279
48255
48247
48409
48221
47905
48207
48602
49080
49432
49660
49877
49950
49688
49526
47786
47791
48357
48039
47673
48135
48539
48746
48816
48522
47792
47863
47778
47719
48297
49245
51082
52381
53853
54514
55325
55545
56190
56417
57217
57512
57252
56880
56294
55339
55015
54076
53432
52439
50801
49777
48274
47805
47182
47499
47708
47842
47334
47317
47519
47683
47603
47378
48101
47890
48217
48882
49336
51023
53795
58329
58830
54513
50426
48645
48121
48741
50423
52273
53326
53444
56010
67222
95314
152242
237059
311490
326711
272347
185591
113609
73588
57060
50520
48441
47748
47303
47142
47293
46906
47228
47411
50344
55864
64580
65534
57560
50542
48630
49427
48926
48419
47447
46865
46869
47320
48113
49044
48500
47512
47061
46947
47061
47028
47228
48483
50459
50998
50231
49212
48479
48082
48191
48141
48276
47540
47682
47622
48221
48011
48091
48162
48095
48131
47880
47655
47524
48061
48795
48461
48421
48488
48697
48976
49120
49011
48360
47925
48619
48488
49480
49971
49194
49210
48837
49043
48752
49038
48883
48758
49196
49770
50382
50864
50534
50046
48832
49412
49339
49386
49356
49302
49642
49267
49824
49602
49722
49918
50690
50560
50157
50221
49736
50573
50805
50744
51448
51277
52295
53118
52542
51338
51089
50234
50997
50849
51155
51651
51236
50976
51024
51192
51174
51005
51588
51540
51547
51881
51866
51966
51787
51606
51916
52766
52754
52990
52791
54347
58002
59632
57627
54635
52787
52437
52393
53428
54134
54288
53321
53315
52956
53406
53124
53189
52770
53069
53625
53667
53547
53425
53541
53742
53943
54583
55926
56268
55712
54397
53863
54639
54331
54261
55114
57705
64642
72822
73933
66108
58526
55407
55469
55975
60913
86896
158043
244466
249880
169338
92793
62618
55816
55730
54775
55156
55331
55124
55794
55873
56196
56891
57294
56565
55917
55775
55764
55863
55742
55687
55665
56180
56889
56600
56744
56114
56763
56375
56389
56649
57147
58744
61190
62700
61091
58835
57029
57255
57356
57420
57143
57274
57485
57848
57589
57917
59000
61634
65817
69416
69881
66423
61900
59385
58685
58462
58977
59218
59854
60176
59682
60339
60568
60736
60492
60291
60894
60802
61350
63289
68604
72461
69764
64139
61044
59677
59850
59917
60150
60193
59948
59960
60692
61749
62574
62938
63714
62848
61850
62442
66671
73057
75912
71735
65898
62065
61523
61221
60558
60439
60860
61158
60896
61261
60900
60943
61820
62152
62127
61364
61893
62155
61520
61824
62090
62034
61876
61616
61980
62248
62916
62972
62979
62240
62919
62852
63190
62848
63457
63314
64071
64613
65285
67287
69074
68987
67295
64924
63852
63335
64185
64497
64987
65661
65507
64940
64792
64994
65852
65950
66555
68803
72103
72076
69865
67779
67430
66995
68259
67026
66964
65866
66240
66697
67892
68333
67839
66794
66464
66812
66026
66613
67316
67374
67166
67726
66928
67116
67258
68320
68919
70893
70369
69133
69207
68836
71079
72280
71677
69237
67304
66613
66664
66258
66788
66570
66427
66424
66360
66097
66004
66173
72383
87602
113261
126723
110423
85225
72293
69146
68985
68193
67610
67973
69897
70374
69520
69055
70102
71438
71635
70301
69576
68297
68042
67448
67484
68099
71249
75393
76386
73292
70806
69696
68747
68684
67854
67566
67454
67924
68153
68096
69201
70876
80738
105550
135254
137257
109240
82069
71275
68573
68364
68190
68311
68438
69060
70366
71188
71002
71285
72591
75624
76794
74356
70468
69484
68934
69623
70534
72031
73031
71476
70822
70285
71972
80100
99935
122425
122239
102751
84699
76262
73099
71254
70391
70267
70449
70284
70869
71362
71231
70725
70420
70160
70137
70144
70538
70764
71338
71904
72793
71778
71533
71083
71581
72297
72762
73710
73686
75906
81198
87241
90768
89192
84502
78895
76068
74271
73300
72173
72819
74311
77839
82713
83898
79631
75616
73318
73063
72345
73235
73476
74401
75396
76333
76934
75823
74881
74230
74530
74337
74797
74873
75048
74694
75238
75322
75111
75857
75793
76337
77091
77364
78166
83383
95613
113533
116874
102328
86169
78142
76111
75975
76531
75684
76142
76539
76369
76137
76767
76068
76439
77336
76865
76937
76753
79705
91051
110833
126226
117846
96908
83420
79551
78397
78390
79227
79075
77951
76721
77588
80834
88105
91971
90107
85118
83798
84008
82596
79946
77688
76886
77237
77152
77718
77977
77830
78449
79715
79993
81574
83204
84963
93452
109967
123601
116804
99051
85998
81466
80198
79627
79137
79326
79731
79217
79792
79695
80106
80128
80168
80095
80415
80136
80663
81147
82389
85778
89823
91529
89167
85237
83088
83040
82950
82663
82919
83261
83350
84095
84425
84677
84476
85694
87266
89352
89566
88322
87653
86286
86741
87450
87743
87354
88530
90045
94506
120167
212729
410527
605755
591284
382078
194164
115256
96244
95065
94328
94467
94175
93552
94213
95028
94427
96094
96598
97196
98175
100502
104333
108477
109412
108164
108366
111350
116548
118782
115239
110806
108325
108610
109641
110023
111360
112147
113015
113811
115140
117000
117192
119279
122931
125478
127449
126286
125598
126329
128090
130362
130653
131341
131822
133762
136098
139282
141016
141726
141768
142401
143169
143979
145574
147554
148114
150024
151628
153267
155006
156433
157294
158869
160582
162212
162070
165733
169410
173059
174801
175392
173415
173860
175136
176300
178207
179689
182436
185321
194971
205306
210089
203706
195651
191770
191722
192277
193599
195099
197322
197723
199550
200702
202401
203539
204796
205612
207136
208906
209506
210649
211349
213987
216834
219719
219836
219108
219398
220268
221059
222608
223479
226414
231951
236690
241053
239134
235720
235067
236300
238257
239400
238114
238433
237752
238312
239197
238983
241473
240773
241962
242725
242481
244637
245589
247008
247771
249033
251550
248820
250264
251888
253695
254185
255211
255205
256154
257550
258232
257705
258612
260017
262475
262441
263573
263479
266020
265427
266683
267588
268212
267844
268278
269221
270127
271129
272691
273788
274399
276105
275380
277143
279701
278739
278658
280251
280572
281479
283131
284636
287236
292018
308037
353904
452259
567944
629751
608797
528832
420956
339361
304897
296554
295892
296273
296858
297837
299893
299245
301280
301310
303045
306705
315405
332481
346158
346105
330568
316953
311666
312452
311536
314796
314981
315524
315881
317173
316335
316810
317612
318184
320101
320805
321468
323225
323365
322925
325409
329241
334708
335554
333447
330303
327675
327603
328361
327503
327834
328418
328233
327726
325494
320758
318486
315647
311693
307652
302660
300961
298686
292468
280760
267377
257617
252503
249307
249505
251141
252499
252803
247906
240959
233527
229146
227176
225856
224208
223480
222874
222808
222862
222869
222003
220363
218357
215743
214304
214278
212836
212463
210814
210729
210207
208942
208240
207427
207224
206223
206790
207020
209351
214001
217152
217453
211804
204500
200898
198184
197020
195919
195497
194782
194183
194290
193988
194436
197203
200049
197675
192871
190177
187163
186538
186018
185221
184053
183118
181929
181133
180433
179010
177510
176882
175269
174661
173950
173362
172192
170547
169290
168502
167022
165735
165522
164828
164122
164291
163201
161175
161004
160953
159480
158157
157781
156820
155174
154067
154532
154695
154821
154062
152034
149740
149397
150823
152465
154393
152277
149719
145366
143363
142140
141544
140845
141557
141431
142319
142816
141897
140476
139393
137501
138178
138988
139992
138780
135364
131938
131319
130289
129829
129368
128158
126787
125875
125583
124920
123440
123101
123584
122846
122748
122438
121379
122032
122220
122953
123803
123502
121587
118064
117156
116399
115252
114831
114604
113841
112813
112161
116792
128601
147188
156519
145548
127275
112717
107296
105478
104549
103175
102496
103118
102136
101738
101483
100942
100854
101309
100773
100882
100517
100079
99191
98969
98901
99212
98508
98080
98264
99276
99591
100070
100217
100127
100257
102203
103578
104068
102754
102170
109990
138893
190778
232954
220843
169634
124508
105425
100839
99922
99687
100113
100709
100732
100897
101354
101891
103746
104291
104736
103504
104655
108181
120968
142362
157008
152427
132939
118532
112051
110826
108362
108474
108647
108426
106182
104776
103684
103028
103321
103336
103102
102826
103720
104281
105159
104937
104225
103214
102883
102508
103157
102918
102255
102960
105465
109814
113017
111543
108524
103914
102352
101205
100209
100004
101408
104752
112805
120625
119921
110385
102632
97822
96633
96139
96407
95081
93847
93063
91353
90132
88745
87799
87127
87281
87152
89101
89135
89142
89100
88971
89170
89372
89504
94159
111702
188654
612610
2417183
7246244
14351633
18238472
14771877
7637486
2554289
595124
142515
73336
64416
61929
63325
69732
80842
86254
80273
67419
58149
53697
52594
51941
51474
51362
51284
51790
52112
52687
53907
55990
57733
59293
56364
52634
49836
51208
53314
54053
53328
51640
51154
50153
48977
48701
49086
51713
54870
55744
53819
49449
46625
45978
46947
49386
54278
56085
54245
49842
46667
45937
45414
46207
47559
48143
47677
46593
45072
44461
44486
44867
45366
46868
55550
96581
231296
487846
724505
714932
473004
242155
149045
136978
121501
87829
59439
47555
44042
43684
43464
42769
42337
41874
42045
41696
41793
42537
42155
43140
46250
56866
74609
88778
85671
68811
53111
44653
41985
41509
41478
41262
41179
41175
41153
41059
41190
41392
41708
41320
40720
40071
40458
40389
40257
40337
40003
40461
41673
44933
54803
68610
76753
69652
55456
45179
41308
39838
40295
40478
42052
44867
45657
45010
42825
41677
41225
40984
41547
43080
44679
46926
48858
49169
47587
44446
42744
42748
43547
44414
43006
42316
41828
44556
53179
83240
182526
420901
769301
972408
821679
466281
191147
74791
44891
40248
39526
39053
39549
39699
39693
39745
39514
39021
39849
39879
40623
41466
42096
41668
41224
41324
40986
40470
39687
39523
39923
40073
39877
40159
40247
40035
40326
40762
42243
43559
43962
44227
44252
43889
42178
41396
41218
41126
41416
40938
40533
40338
40491
40737
42234
45155
47944
48460
46398
43308
41025
39788
38849
38276
37911
37101
36702
36397
36224
36245
36633
37811
41402
49816
57861
60052
57346
69394
126849
235194
331451
318821
212995
109213
60636
53125
65298
77276
75903
60398
45075
36985
33957
33579
33677
33809
33943
33482
33513
33632
34208
33724
32728
32099
32050
32194
32040
31482
31466
31525
31058
31517
31292
30842
30885
30842
31263
31695
32669
35229
39687
62949
174493
526495
1190217
1818138
1830158
1227790
587179
278644
199836
159553
100998
55178
33614
27738
26593
26377
26352
26173
25674
25772
25267
25337
25452
25993
26135
25702
25241
24711
24441
24291
24203
24390
24668
25302
27154
29482
31299
30310
28610
27810
28815
29841
32147
32734
30566
27316
24991
24388
23883
22871
23065
23809
26128
29776
35879
40958
39243
32882
26001
22529
21481
21105
20717
20885
20964
21332
22201
23569
24638
25841
25896
24962
24398
23037
22150
21578
20712
20273
20378
20389
20161
20554
20754
21033
21423
22440
23801
26040
27636
27885
25655
25102
28100
32497
33232
28890
23890
20679
19392
18827
18575
18156
18153
17896
17724
17736
17421
17659
17579
17632
18143
19544
22109
24665
27169
28840
29161
26297
21986
18742
17164
16862
16383
16981
18852
26451
45703
73105
89082
77463
49988
28603
18868
16093
15978
16450
18080
20258
21918
21750
19535
17474
17474
20319
26875
33898
36284
30638
23400
18597
16790
16398
16393
16565
17327
18631
20019
19868
18138
16781
15740
15532
15623
15506
15685
15440
15883
15847
17314
19241
20591
20022
17955
16254
15506
15712
16210
16499
16182
15698
15575
15466
16469
17485
18305
18272
17728
17260
17337
16679
15438
15156
15309
16402
20055
25439
29563
28560
23206
18630
16524
14920
14995
14668
14901
14707
14775
15221
15654
16474
16370
16813
17826
18616
17886
16458
15447
15406
15980
16734
16305
15581
15011
15046
14720
14355
14302
14693
14796
15215
15316
15676
15532
16439
17420
17257
16207
14846
14333
14505
15082
16247
16466
16464
16015
17900
31551
90196
263432
571359
848871
850926
571988
263420
87852
29439
16422
14277
13744
13594
13121
12911
12732
12796
12893
13222
13672
14576
16021
18079
22722
35646
64364
104376
129919
116897
76461
40693
22702
16023
13665
12654
12588
13179
13764
14389
14311
13561
13034
13961
19067
41182
110396
246514
391830
425934
312074
159037
60996
24457
16036
14520
14059
13838
13904
13898
13640
12710
11802
11708
11576
11632
11675
11477
11551
11536
11496
11482
11636
11735
12302
12253
13006
12802
12777
12385
11940
11726
11757
12003
11617
11670
11641
11534
11513
11700
12012
13016
14893
15877
15309
13579
11924
11288
11016
11065
11096
11028
11098
11081
11269
11252
11248
11301
11255
11332
11355
11526
12479
15569
28272
57601
100331
127629
114539
71977
35552
17625
12201
11277
10913
11294
11832
11971
11863
11318
11332
11408
11956
13517
15196
16259
15655
14561
12938
11714
10939
10719
10691
10760
10727
10831
11014
11352
11424
11446
11248
11101
10842
10773
10783
10844
10721
10867
10785
10679
10982
10976
11153
11106
11270
11824
13759
17111
20567
21669
21469
28120
50825
87730
115504
106565
70261
35564
17808
12022
10773
10853
10921
10958
11488
11619
11571
11378
11493
11455
11877
11942
11559
10948
10834
10615
10497
11023
10811
10756
10996
10890
11162
10999
11140
11665
11925
11984
11738
11199
11042
10781
10625
10683
10485
10619
10913
11343
12445
14209
15988
16226
14416
12561
11448
11100
11776
12713
13488
14249
13641
12965
12037
11547
11538
12484
13497
14213
13619
12398
11393
11416
11541
12046
12446
12692
12298
11476
10853
10524
10824
12077
16884
25383
34990
37705
30788
20714
13913
11404
10518
10235
10234
10126
10067
10210
10513
10742
10749
11278
12612
14971
16830
16878
14623
12146
10857
10502
10618
10632
10573
10567
10496
10356
10405
10345
10326
10328
10313
10146
10640
11131
12114
13103
13639
13171
11991
10984
10707
11562
12783
13693
13510
12635
11754
11009
10720
10333
10039
10129
10296
10240
10147
10084
10295
10790
10711
10750
10660
10778
10935
11090
10868
10567
10066
10247
10091
10016
10073
10485
11175
12691
15540
18712
19350
16628
13736
12830
13304
13603
13220
12510
12160
12169
12694
13091
13199
12470
12565
12635
12266
11436
10557
10025
9758
9577
9713
9997
10130
10148
10275
9978
9933
9788
9933
10300
11277
11905
11844
11448
10798
11422
14110
19090
24088
24282
19973
14769
11665
10105
9707
9536
9644
9647
9612
9877
11096
14771
20486
26138
26843
22361
17306
15249
14782
13938
12308
10935
10369
10891
14469
25779
46064
67293
72006
56691
33583
17971
11647
10015
9706
9937
9929
10415
10385
10212
9972
9451
9602
9332
9433
9663
9604
10039
10683
11685
12605
13253
13819
13590
12530
11137
10150
9854
9961
11420
14596
19301
22543
23037
22681
21587
19690
16332
12809
10859
9935
9647
9683
9539
9778
9859
10076
10680
12691
14922
16790
17714
19515
23434
28737
29683
24929
17787
12953
11920
13423
15835
17409
16744
14278
11942
10363
9859
9704
9675
9892
10429
11305
12629
13163
12312
11311
10864
10385
10174
10326
10866
11951
13283
14189
13465
12364
11029
10288
9964
9766
9627
9640
9656
9557
9552
9786
9652
9638
9673
10120
10057
10348
10265
10664
10635
10577
10210
10153
9850
9723
10292
10623
10574
11059
11714
13519
14717
14488
13467
12021
10685
10279
10140
10008
10258
10690
10979
11006
10515
10122
10038
9923
10379
12126
16154
21579
24220
22624
17562
13215
10959
10395
10148
10103
10308
10177
10063
10137
10085
9913
9846
9676
9582
9818
10365
12489
16977
24060
30771
31763
26161
18942
13632
11190
10321
10178
10705
11203
11616
11525
11480
10967
10604
10099
10029
9836
9902
9837
9987
10134
9769
9670
9655
9609
9949
9775
9715
9710
9372
9964
9983
9719
9620
9857
9536
9592
9523
9714
9608
9779
9497
9973
10163
10047
10225
10180
10060
10202
11119
12218
13885
16803
24167
36903
48180
48355
38618
29249
28983
35148
39716
36123
26517
17716
12787
10801
10153
10011
10169
10014
9966
10141
10016
9803
9813
9876
10244
10833
11095
11113
10798
10841
12439
14979
17650
18504
16631
13548
11331
10466
10175
10157
9981
9787
9706
9614
9912
10068
10166
9856
9960
10400
10629
11416
11460
12243
14602
19638
25599
27279
23460
17148
12632
10518
10297
10300
10527
11081
10755
10406
10046
10027
10022
9926
10024
10102
10212
10839
10962
11206
10891
10367
10186
10180
10525
10972
12096
13371
14160
13707
12520
11047
10412
10689
11359
12461
13035
12912
11615
11077
10719
11293
11715
12310
11917
11119
10195
10016
9799
9892
9838
9843
9794
9744
9995
10598
11255
12398
13418
13218
12732
11987
11595
11504
11285
10791
10396
10099
10093
9997
10228
10098
10093
9968
9866
9862
9743
9908
9919
10035
10371
10879
11596
11897
11661
11081
10484
10461
10309
10430
10633
10956
11814
12998
13680
13698
13102
11858
11389
11171
11193
10908
10954
11003
10732
10845
10814
10861
11070
11056
10865
10600
10369
10234
10285
10363
10348
10324
10473
10859
11554
12162
13162
13382
13089
12374
11404
10698
10585
10245
10479
10407
10557
10750
10635
10455
10546
10314
10257
10183
10282
10271
10197
10494
11527
14082
19068
24950
27215
24410
18769
14225
11831
10793
10386
10263
10498
10056
10456
10352
10732
10697
11029
11466
12634
14185
15721
15527
13985
12370
11126
10965
10991
11118
11207
11211
11209
10729
10580
10912
11377
12028
12852
12459
12835
14748
18976
24224
26358
23648
17980
13630
11634
10975
10762
11034
11073
11225
12213
12504
12607
12033
12264
13949
16068
17062
16359
14075
11979
10877
10568
10318
10148
10045
10365
10434
10792
10845
10836
10846
11313
11704
12381
12589
12051
11300
11384
13273
19228
30513
42314
45960
38690
26041
17248
13326
13325
13911
13544
12273
11322
10360
10335
10141
10545
10673
10540
10476
10567
10807
11469
12286
12792
12474
11312
10654
10246
10122
10129
10456
10581
11038
11143
11233
11647
12555
13311
14331
14556
13930
12676
11429
10581
10304
10102
9976
10077
10190
10349
10130
10293
10336
10242
10383
10785
10505
10493
10215
10008
9996
10181
10289
10406
10556
10621
10894
10921
11301
11341
11196
10550
10514
10591
10962
11033
10898
10170
10201
10213
10335
10441
10605
11009
11020
11118
10943
10757
10727
10633
10738
10900
11368
12624
15064
17949
20401
19752
16854
13480
11510
10576
10528
10564
10774
10790
10836
10761
10578
10397
10124
10038
10201
10272
10480
10898
11361
11446
11676
11629
11807
11818
11420
11323
11129
10633
11047
12203
17073
27249
42035
53495
52171
39884
25709
16292
12935
11478
11220
10867
10576
10466
10348
10541
10585
10771
11474
13461
15943
18299
18489
16737
15401
15583
17583
20520
22133
22019
20027
16408
13722
12025
11009
11169
11297
11162
11311
11222
10905
10713
10675
10679
10442
10554
10448
10061
10373
10656
10675
10662
10725
10843
10728
10677
10608
10895
11663
12520
13010
13015
12647
12123
11604
11086
10739
10533
10642
10807
11192
12263
13810
16221
18548
18611
16605
13966
12335
11705
11344
11071
11056
11132
10975
11023
11105
11096
10895
11172
11006
11317
11607
11563
11486
11452
11776
11737
11404
11087
11135
11321
11621
11738
11853
11508
11498
11072
11116
11114
11242
11067
11023
11655
12099
12190
11777
11732
11516
11371
11169
11330
11446
11120
11322
11166
11008
11206
10892
11478
12057
12903
13634
13858
13218
12607
12503
12634
12778
12475
11991
11744
11634
11922
12237
12510
12686
12486
12077
11999
11751
11508
11447
11376
11469
11542
11771
12568
14706
20471
30445
40990
44695
38669
26939
17966
13486
12421
14043
18842
27223
36701
41468
38020
29389
20674
15844
13091
12171
11995
12029
11942
12381
12344
12179
12416
12262
12761
13056
14101
16674
21397
27005
31665
32915
32079
29613
24810
19597
15112
12801
12120
11905
11737
11698
11693
11707
11694
12008
12043
11794
11870
11668
11707
12011
11751
11793
11700
11855
11687
11877
11951
12212
12395
12281
12560
12790
12807
12966
13137
13156
12842
12410
12373
12434
12895
13074
13155
12776
12917
12753
12818
12717
12899
13347
13672
14132
13835
13691
13192
13364
13359
13676
13794
13949
13647
13342
13623
13601
13749
13764
13817
13783
13277
13367
13257
13319
13320
13750
13824
13791
14030
13707
13880
14027
13853
14114
14031
14114
14087
14389
14002
14062
14195
14203
14081
14284
14335
14465
14669
15587
17404
20151
23009
22901
20869
18872
18999
22688
27533
30939
29864
25050
19816
16887
15522
15301
14993
15537
15872
15459
15309
15175
15304
15657
15671
15674
15191
14807
14231
14434
14280
14308
14297
14375
15470
18151
22987
29014
32152
30491
24829
20331
17321
15903
15334
14548
14121
14039
14017
13911
13846
13859
13734
13915
13843
13812
14190
14294
14184
14105
14017
14417
14279
14753
14989
14919
14906
15067
14849
14553
14375
14696
14941
15352
15820
16116
15778
15311
15325
15346
15907
17021
19017
21322
22479
21876
19600
17384
15843
14859
14455
14133
13866
13970
13935
14052
14117
14315
14120
14325
14189
13922
14041
13634
13584
13990
13682
13601
13509
13485
13653
13641
13553
13562
13608
13846
13805
13925
13766
13802
13436
13295
13301
13510
13775
14101
13710
13468
13311
13153
13180
13421
13530
13292
12605
12439
12473
12289
12137
12497
12117
12367
12302
12000
12379
12339
12294
12453
12407
12211
12175
12056
11803
11942
12370
12374
12716
12899
13272
13393
13473
13561
13624
13587
13934
14283
14296
13563
12819
12133
11979
12122
12523
12505
12581
12303
12301
11894
11946
11760
11544
11809
11734
11781
11828
11817
12262
14015
19687
33198
55700
77115
84165
70321
47403
27809
17478
13328
12538
14011
17308
20539
22322
20768
17413
14959
13368
12417
11771
11551
11396
11917
13106
14328
15420
14837
14206
13017
12226
11701
11681
11533
11509
11601
12180
12902
13635
14005
13601
13702
14220
15803
16132
15383
13698
12308
11619
11946
12043
12505
13252
14418
14863
14463
13036
11786
11012
11072
10856
10841
10631
10440
10445
10491
10846
11190
11599
12502
13558
14473
13912
13058
11643
11212
10839
10823
11110
11314
11821
12017
11567
11087
10562
10534
10836
10697
10490
10074
9845
9862
9889
9887
10254
10682
10875
10940
10783
10656
10345
9880
9634
9658
9516
9764
9471
9360
9335
9438
9523
9467
9535
9589
9413
9401
9566
9613
9780
9990
10019
10116
10292
10006
9956
9643
9697
9507
9306
9568
9509
9705
9787
10196
10306
10457
10392
10259
9791
9544
9436
9396
9687
10770
14631
25267
46895
77782
104476
106783
82731
50685
26310
14510
10331
9125
9034
8893
8983
8939
9173
8981
9265
9263
9348
9629
9392
9545
9588
10420
11043
12930
14127
14410
13890
13402
13793
15339
16607
17150
16666
15012
13690
12269
11022
10394
9949
9714
9422
9189
9171
9337
9042
9115
9312
9365
9040
9053
9244
9326
9762
10000
9805
9736
9153
9035
8868
9162
9055
9225
9466
9763
10780
13799
19294
26105
29854
28148
21587
15484
11286
9511
8911
8779
8679
8771
8889
9957
12841
18363
25963
32299
32771
26866
19157
13069
10164
9115
8827
8570
8751
8814
8850
9301
9742
10116
10149
9871
9631
9357
9186
9272
9287
9515
9821
10169
10290
10135
9696
9728
10766
15423
31100
69201
131157
197733
225118
193376
126502
63414
27724
13801
10131
10277
11664
13116
13582
12786
10996
9854
9092
8498
8363
8313
8813
9363
10015
11154
12044
12229
11637
11002
10565
9994
10162
10243
11064
13239
18413
25268
30911
30987
25432
17655
12336
9719
8691
8450
8422
8384
8666
8831
8863
9044
9263
9430
9543
9326
8931
8749
8372
8233
8153
8361
8312
8558
8997
9364
9865
10059
9745
9291
8919
8377
8315
8133
8477
9457
12488
18278
26343
32954
33192
26845
19127
12796
9725
8523
8485
8198
8387
8330
8389
8884
9922
10871
11545
11176
10232
9635
8977
8947
8903
8734
8603
8574
8268
8260
8318
8480
8493
8464
8445
8532
8372
8419
8330
8084
8239
8352
8329
8407
8333
8234
8318
8154
8219
8200
8172
8515
8217
8333
8529
8568
8535
8720
8670
8788
8718
8828
8961
8628
8868
9056
9291
9628
9515
9588
9291
9483
10349
11121
12074
12182
11446
10614
9639
9157
9118
8927
8993
9088
9309
9376
9372
9425
9583
9241
9353
9599
9608
9556
9501
9276
9245
9208
9378
9326
9190
9188
9172
9133
9330
9364
9608
9697
9545
9661
9470
9321
9142
9272
9303
9575
9662
9758
9682
9586
9322
9412
9399
9314
9707
9684
9730
9536
9734
9718
9802
9886
9906
10247
10771
11097
11085
10919
10671
10502
10494
10400
10387
10241
9922
10085
9959
9907
10487
11413
13142
16484
19962
21838
21269
17728
14424
11769
10447
10210
10042
10303
10642
11030
10969
11476
12280
13354
14490
14995
14023
12731
11491
11010
10767
11002
11532
12688
14712
17506
18607
17783
14988
12730
11042
10610
10251
10227
10474
10747
10839
11097
10900
10612
10673
10803
10813
10950
11424
12504
13801
15546
18275
21150
24076
26703
27790
25724
21169
16616
13950
14791
19479
28884
40045
46912
44298
34121
23312
16030
12861
12017
12051
11910
11328
10820
10627
10514
10523
10374
9844
9949
9978
9980
9962
9812
9921
9969
10034
9871
9900
9722
10121
10383
10291
10105
10152
10184
10058
9977
9974
9973
9952
9930
10196
10115
9994
9796
9978
10035
10112
10356
10408
10498
10288
10070
10250
10389
11199
12222
13600
14890
14730
13456
11992
10856
10235
10036
10247
10728
10982
10754
10439
10247
10094
10366
10698
12504
15582
18661
20206
19759
16629
14050
11948
10777
10394
9895
9969
9790
9686
9592
9463
9681
9500
9773
9785
9914
9891
9851
9760
9730
9686
9825
9837
10166
10057
9879
9788
9675
9499
9550
10009
10098
10427
10003
9833
9666
9797
9363
9293
9419
9221
9099
9242
9258
9125
9285
9232
9083
9210
9239
9349
10349
11631
13329
14760
14583
13278
11683
10268
9812
9963
11077
12583
13342
12883
12243
11399
10611
10216
9784
9577
9255
9267
8826
8964
8815
9011
9014
9130
9458
9686
10199
10409
10362
9912
9582
9138
9076
8913
8920
8990
8751
8954
8945
8818
8805
8997
8643
8825
8780
8626
8869
8916
9133
9433
9484
9483
9448
9165
9101
9001
8916
8813
9056
9202
9513
10340
11883
13252
13929
12978
11792
10170
9513
9141
9279
9477
9970
10094
10149
9695
9383
9006
8857
9028
9058
9061
8860
8685
8810
8885
9011
9355
9455
9840
9871
9753
9584
9552
9392
9220
9404
9305
9293
9259
9401
9342
9167
9162
9023
9226
9657
10418
11046
12146
12728
12561
12048
11629
11702
12381
14057
15804
16800
16555
14582
13014
11077
10097
9444
9294
9118
9171
9463
9379
9197
9327
9276
9150
9217
9145
9217
9245
9293
9476
10036
10773
11779
12484
12185
11665
10545
10178
9849
9503
9769
10226
11207
12489
13445
13474
12560
11125
10279
9613
9480
9296
9337
9229
9336
9175
9306
9219
9153
9275
9265
9333
9447
9383
9387
9415
9356
9245
9377
9296
9195
9564
9948
10262
10311
10025
9796
9574
9630
9440
9633
9579
9645
10147
11186
12879
14271
14427
14178
13012
11871
10776
10091
9665
9912
11670
16504
27597
51440
87153
122630
137859
122442
85080
48083
23784
13492
10217
9299
9230
9171
9147
9325
9402
9381
9103
9338
9095
9206
9079
8767
8851
8693
8660
8717
8400
8628
8557
8595
8555
8456
8396
8543
8441
8334
8543
9099
9391
10066
10242
10143
9974
9613
9076
8884
8552
8479
8261
8306
8439
8660
8890
8865
8791
8442
8307
8546
8514
8767
9142
9108
9074
8792
8657
8444
8412
8422
8350
8404
8348
8380
8818
9705
11682
15162
18393
21261
20092
16556
13270
11146
10200
11008
12482
13584
13689
12493
10699
9485
8823
8571
8540
8597
8975
9506
10042
9801
9468
8928
8710
8297
8178
8233
8312
8753
9073
10844
15677
26210
41980
58152
65493
58718
41496
25328
15186
10362
9217
8819
8985
8935
9198
9728
10136
11835
13283
14862
14415
12423
10439
8956
8321
8258
8207
8116
8121
8095
8553
8795
9202
9609
9854
9834
10009
10083
10038
9576
9338
8932
8966
8859
8671
8332
8188
8005
8008
8130
8206
7958
8193
8484
8895
9554
9908
9752
9170
8789
8223
8264
8418
8459
8524
8578
8483
8067
7876
7943
7949
7979
7800
8070
8026
8080
8142
8191
8331
8127
8253
8438
8718
8899
9098
9060
8731
8304
8053
8027
8030
8104
8157
8204
8165
8137
8414
8674
8703
8874
8736
8384
8151
8079
7869
7853
7866
7813
8072
8188
8346
8675
9080
9822
9939
9968
9556
9490
9285
9433
9168
8614
8435
8118
7963
7951
8123
7960
8012
7887
7795
7563
7676
7708
7842
7843
8273
8297
8558
8932
8633
8527
8127
7948
7849
7770
7545
7842
7809
7722
7832
7981
8027
8347
8404
8613
8335
8177
8075
7874
7983
7928
7665
7791
7813
7691
7896
7847
7852
8045
7937
8111
7883
8256
8597
9145
9824
10301
9999
9668
8792
8417
8130
7977
7607
7437
7369
7395
7672
8343
9496
10844
11756
11955
11292
10127
9144
8428
8275
7926
7488
7527
7312
7364
7562
7687
8045
8114
8403
8166
7791
7614
7404
7348
7303
7557
8460
11216
17095
27753
40511
48887
48563
38763
25936
15933
10472
8556
8278
8045
8144
8225
8230
8022
7734
7572
7495
7280
7218
7022
7089
7254
7290
7268
7222
7441
7454
7646
7637
7810
8485
11769
20657
39402
67164
94927
106802
94672
66602
38954
20532
11599
8618
8029
7650
7363
7352
7096
7266
6977
6967
6935
7000
7242
7486
7632
7819
7505
7636
7267
6990
7021
7052
7109
6898
6876
6944
6995
6885
6606
6791
6671
6831
6763
6832
6746
6722
6785
6972
6896
6876
6939
7284
8096
9062
9917
10257
9631
8791
7962
7731
7805
7681
7479
7492
7653
7374
7181
6950
6848
6580
6476
6511
6567
6611
6476
6475
6589
6642
6676
6791
6755
6784
6953
6871
6838
6697
6634
6397
6505
6421
6613
6620
6596
6694
6706
6894
7248
7209
7150
7215
6810
6551
6402
6299
6522
6377
6498
6803
7074
7386
7682
7727
7410
7111
6842
6696
6459
6345
6216
6290
6405
6360
6218
6454
6235
6344
6396
6332
6610
6855
6836
7236
7205
7298
7385
7264
6873
6590
6386
6112
6300
6300
6301
6433
6543
6533
6520
6502
6542
6560
6678
6608
6615
6632
6695
6935
7311
8191
8617
8961
9300
9085
8855
8542
8338
8242
8315
8158
7882
7644
7203
6744
6475
6533
6518
6577
6601
6713
7463
8391
9717
10729
11213
10308
9092
7887
7220
6582
6419
6320
6417
6431
6429
6250
6453
6757
6750
7238
7388
7597
7656
7815
7724
7786
7767
7512
7273
6890
6663
6575
6363
6472
6382
6330
6518
6308
6584
6720
6755
6742
6617
6738
6685
6554
6453
6532
6496
6676
6570
6590
6574
6627
6711
6406
6552
6415
6558
6732
6598
6591
6560
6594
6664
6563
6814
6769
6843
6839
6912
6805
6892
6774
6818
6664
6670
6792
6802
6762
6663
6723
7217
8535
12238
20979
38220
63374
87447
98248
88358
63403
37446
19143
10493
7488
6854
6547
6817
7251
7423
7624
7483
7282
7065
6772
6520
6621
6488
6492
6501
6631
6651
6720
6657
6434
6683
6812
6872
6996
7188
8073
8668
9158
9108
8555
7748
7344
7120
6812
6878
6739
6700
6684
6692
6627
6839
6829
6972
7015
6920
7049
6872
6861
6853
6781
6727
6755
6791
6665
6787
6749
6729
6611
6573
6616
6744
6735
6756
6821
6823
6949
6980
7186
7173
7163
7056
7139
7126
7253
7138
7038
6901
6807
6827
6841
6878
6700
6880
6876
6705
6835
6808
6911
6876
6828
6938
6925
7116
7650
7753
8100
8059
8014
7666
7360
6956
7088
7024
6780
7003
7058
6910
6939
7066
6976
6963
6945
6958
7052
6939
7058
7453
7596
7616
7650
7656
7843
7413
7655
7760
7790
8120
8266
8108
8032
7770
7491
7273
7116
7151
7285
7094
7238
7264
7357
7475
7597
7873
8504
9241
10217
11102
11315
10769
9583
8910
8314
8332
8187
7997
7796
7631
7593
7350
7103
7108
7300
7181
7219
7313
7410
7506
7575
7520
7322
7211
7226
7201
7283
7326
7472
7463
7723
7561
7837
8267
8211
8118
8088
7874
7728
7469
7469
7345
7486
7476
7306
7323
7392
7417
7439
7339
7386
7560
7771
8036
8336
8695
8953
9281
9530
9416
9245
8800
8330
8205
8055
7838
7703
7527
7687
7512
7426
7405
7456
7725
7616
7845
7960
7866
7990
7818
7921
7867
8029
8061
8322
8147
7820
7582
7701
7485
7427
7590
7475
7589
7742
7713
7845
7945
8261
8369
8472
8145
7863
7724
7570
7388
7664
7647
7562
7546
7600
7377
7666
7677
7825
7926
7774
8033
8337
9310
10321
11391
11424
10886
9826
8943
8149
7800
7825
8038
8003
8712
9217
9836
9850
9296
8965
8481
8240
8042
8106
8350
8793
9444
9938
9982
9976
9236
8625
8032
7872
7634
7781
7623
7592
7566
7600
7420
7453
7677
7619
7510
7709
7550
7893
8533
9162
9916
10615
10667
9951
9149
8587
8145
7611
7603
7772
7574
7748
7702
8066
8595
9548
10332
11094
11519
11408
10506
9305
8744
8027
7850
7722
7837
7699
7681
7838
7903
8287
8324
9123
9275
9533
8883
8456
8059
8005
7592
7696
7779
7844
8014
7897
7905
7873
7890
7902
7911
7948
7893
7889
7915
7850
7783
7982
7911
8115
8079
8136
8339
8332
8117
8309
8163
8530
8196
8348
8717
9406
10586
11923
13376
13961
13895
12739
10993
9715
9063
8579
8545
8620
8903
8879
8500
8624
8407
8435
8309
8233
8244
7981
7997
7943
8171
8139
7953
8083
7994
7840
8071
7810
7804
7998
8120
8298
9159
9875
11015
11558
11139
10252
9072
8272
7874
7552
7701
7647
7715
7816
7970
8271
8273
8350
8454
8160
8060
7914
7646
7658
7524
7729
7643
7744
7794
7565
7645
7697
7697
7821
8066
8102
8176
8106
8128
8112
7842
7748
8100
8159
8601
9401
10002
10124
9687
9196
8407
7997
7978
7838
8015
8164
8733
9057
9263
8934
8673
8080
8049
7771
7796
7979
7981
8135
8210
8275
7938
8031
7818
7840
7946
8025
7867
7954
7899
7906
8090
8858
10188
12561
14975
16422
16424
14110
11506
9656
8285
7906
7726
7690
7822
7709
7705
7801
7870
7764
7677
7723
7789
7526
7999
7964
8159
8280
8234
8189
8356
8723
8638
8702
8714
8799
8270
8449
8206
8233
8022
8002
7821
7988
7951
7846
7795
7998
8057
8140
7818
7860
7927
7979
8116
8214
8466
8349
8428
8214
8358
8008
8143
8187
8218
8063
8058
8290
8171
8213
8137
8153
8345
8306
8137
8283
8127
8206
8374
8297
8466
8332
8368
8199
8383
8748
8807
8879
8885
8856
8527
8556
8637
8822
9301
10535
13027
17414
23352
28644
30659
27964
21912
15907
11765
9608
8760
8547
8639
8557
8601
8577
8661
8543
8946
9464
10382
12360
16099
21779
29272
35881
40034
38920
33573
26401
19757
14396
11813
10185
9779
9588
9385
9781
9540
9395
9354
9473
9164
9062
9197
9397
9186
9348
9259
9216
9332
9463
9344
9292
9386
9537
9353
9468
9597
9504
9326
9411
9219
9137
9541
9234
9363
9632
9636
9613
9710
9518
9684
9790
9597
9842
9668
9794
9970
9906
9759
9765
9602
9848
9753
9680
9852
9634
9744
10235
10436
10851
11035
11070
10731
10159
9735
9869
9719
9697
9799
9636
9668
9785
9648
9709
9849
9933
9965
9829
9698
9820
9684
9636
9609
9612
9606
9608
9714
9425
9474
9403
9563
9345
9640
9396
9599
9588
9583
9665
9645
9839
9789
9889
9879
9968
9904
10418
10828
11774
13324
14715
17315
20531
24878
28301
29980
29331
25800
21309
16476
13526
11727
10721
10282
10020
9905
10086
10069
10114
10126
10282
10352
9953
9936
9844
9972
9822
9875
9895
9947
9751
9783
9752
9707
9670
9772
9927
9962
10205
10259
10310
10583
10260
10463
10521
10219
10477
10430
10816
10476
10446
10350
10129
10018
10125
9946
10284
10115
10065
10390
10369
10294
10336
10290
10322
10531
10671
10489
10473
10445
10240
10284
10355
10230
10378
10403
10484
10558
10437
10519
10464
10592
10687
10667
10621
10557
10828
10853
10953
11065
10833
11004
11227
11054
10986
11005
10934
10821
10963
11047
11109
11089
10988
10931
11350
11597
11544
11497
11721
11515
11641
11780
11776
11455
11748
12045
12120
12157
12158
12144
12206
12211
12107
12148
12107
12306
12197
12201
12234
12299
12227
12362
12081
12270
12228
12258
12211
12119
12118
12301
12324
12682
13198
13624
13675
13676
13232
12876
12980
13021
13062
13156
12808
12745
12767
12787
12769
12701
12943
12877
12992
13171
13122
13137
12972
13029
12854
12848
12764
12744
12870
13085
13066
12855
12958
12925
12732
13147
13124
13088
12942
13321
12961
13229
13070
12978
13190
12985
13104
13177
13366
13027
13144
13042
13036
13246
13320
13177
13055
13221
13363
13291
13374
13284
13339
13610
13677
13673
13894
13652
13969
13711
13990
13497
13690
13563
13663
13664
13846
13677
13882
13847
13860
13956
13992
14064
14146
14347
14505
14663
14623
14514
14406
14616
14496
14540
14490
14701
14573
14629
14689
14515
14618
14759
14708
14785
14695
15004
15023
15155
15605
15770
15846
15675
15613
15582
15514
15917
15837
16250
16258
15600
15074
14646
14318
13994
14187
14059
13937
14120
13929
13907
13748
13815
13992
13954
14041
13768
13752
13723
13854
13830
13776
14007
13681
14041
14110
13946
13780
14070
14210
14520
14548
14267
14279
13811
13851
13986
14104
14065
13936
14037
13914
14096
14638
16301
19770
25725
33957
41714
44486
41239
33722
25573
19057
15497
13984
13620
13595
13239
13463
13462
13630
13434
13581
13448
13583
13465
13243
13310
13613
13808
14298
14406
15068
15180
15156
14582
14302
14232
13814
13953
13898
14045
14248
14641
14731
14883
14749
14038
14082
13567
13388
13298
13319
13150
13187
13191
13305
13299
13387
14423
16949
22598
32767
46522
59736
65985
61275
48440
34042
22545
16627
13732
13032
12689
12512
12442
12484
12588
12527
12609
12430
12193
12327
11997
12173
12104
12009
12029
11871
12196
12387
12818
13050
13099
13024
12644
12365
11962
11719
11312
11373
11131
11297
11152
11267
11117
11051
11089
11166
11533
11754
12604
12521
12459
12136
11681
11387
11059
10800
10987
10940
10775
11271
11287
10958
10922
10654
10780
10714
10557
10352
10666
11061
11701
12033
12412
12175
11926
11196
10594
10306
10227
10235
10087
10220
10433
10607
10519
10753
10358
10304
10021
10095
9883
9812
9685
9624
9549
9388
9626
9576
9334
9526
9816
9858
9678
9921
9780
9685
9629
9674
9434
9463
9352
9437
9190
9400
9119
9392
9295
9200
9098
9203
9221
9112
9142
9162
9080
9058
9093
9184
8950
9085
9127
9191
9032
9068
8856
8899
8931
8814
8769
9000
8855
8869
9150
9170
9572
9608
9502
9348
8880
8826
8669
8796
8735
8715
8547
8530
8511
8374
8379
8453
8614
8472
8556
8523
8497
8736
8555
8472
8226
8373
8427
8347
8384
8431
8578
8431
8594
8368
8302
8191
8244
8418
8424
8460
8375
8393
8425
8286
8077
8195
8040
7903
7967
7945
8121
8045
7766
7816
7848
8006
7964
8004
7860
7951
8043
8099
8201
8156
8248
8234
8093
7966
7894
7877
7856
7734
7787
7722
7739
7863
7728
7764
7993
7805
8046
7841
7910
8002
8095
8490
9722
14270
26501
53027
99523
161261
217810
245075
223995
169617
106417
56106
27606
14297
9451
7909
7591
7322
7280
7307
7379
7478
7607
7561
7624
7291
7201
7332
7240
7350
7611
7312
7606
7453
7360
7717
8116
8268
8336
8368
8018
7725
7573
7359
7137
7014
7241
7355
7248
7335
7198
7266
7131
7193
7234
7176
7415
7324
7367
7310
7374
7237
7399
7180
7333
7238
7297
7527
7301
7264
7414
7485
7268
7171
7412
7451
7427
7565
7624
7498
7464
7423
7505
7236
7334
7519
7286
7355
7398
7215
7334
7297
7294
7451
7323
7426
7280
7453
7561
7641
7625
7335
7405
7469
7114
7226
7287
7242
7319
7403
7535
7493
7406
7572
7517
7644
7742
8229
8871
9651
10873
13840
21968
39884
70272
108649
141736
152165
135979
99797
61714
33294
17046
10432
8020
7501
7297
7301
7253
7022
7130
7124
7130
7015
7044
6996
7088
6955
6997
6915
6884
7039
6949
7068
6991
6973
7106
7215
7445
8151
9265
10268
11290
11671
11044
10003
8908
7941
7365
7256
7233
7330
7281
7282
7372
7476
7563
7566
8091
8718
8691
8826
8590
8307
7813
7608
7398
6997
7047
6984
7030
6954
7026
7138
7178
7148
7153
7063
7170
7138
7252
7190
6861
7014
7111
7116
7085
6935
7027
7043
7074
7016
6945
7026
7065
6997
6931
6961
7092
6923
6900
6885
6922
7151
7228
7181
7175
7166
7180
7110
7097
7156
7252
7261
7169
7174
7293
7168
7662
7542
7754
7692
7675
7409
7290
7437
7218
7074
7081
7228
7024
7047
7339
7249
7405
7646
7461
7467
7405
7310
7488
7325
7666
7858
7905
7999
7850
7528
7569
7404
7317
7527
7697
7847
7605
7682
7627
7497
7401
7407
7272
7311
7310
7134
7135
7274
7290
7124
7143
7126
7415
7585
7571
7681
7498
7393
7431
7212
7246
7248
7204
7125
7186
7147
7056
7155
7171
7229
7261
7194
7158
7045
7165
7312
7138
7205
7302
7362
7338
7351
7266
7297
7471
7440
7366
7230
7334
7244
7372
7233
7230
7412
7251
7443
7480
7409
7350
7308
7256
7399
7314
7430
7409
7276
7447
7468
7743
8281
8910
9655
10109
10290
10367
9877
9161
8650
8174
8059
7921
8224
8385
8618
8711
8754
8577
8230
8306
7938
8048
8515
9622
11058
12541
13792
13420
12463
10689
9295
8438
7908
8039
8037
8165
8122
7973
8075
7811
7714
7736
7792
8010
8212
8379
8423
8324
8109
7974
7817
7803
7675
7786
7848
7595
7660
7857
7869
7785
7959
7908
7848
7963
7684
7701
7713
7912
8092
7943
8125
8033
8086
7981
8099
7869
7968
7801
7946
7900
7788
7841
7826
7801
7812
7723
7886
7819
7740
7724
7902
7958
7846
7917
7785
7884
8035
8008
7937
7986
8137
8057
8079
8069
8179
8137
8497
8658
9191
9911
10189
10711
10871
10999
11151
10626
10507
10533
11192
12507
14334
15672
15372
14117
12269
10390
9126
8461
8274
8136
8314
8076
8389
8511
8598
8584
8676
8692
8601
8624
8524
8748
8795
8517
8638
8363
8455
8466
8216
8157
8209
8205
8453
8119
8206
8413
8454
8539
8464
8449
8779
9139
9433
9980
10599
10591
10498
10258
9981
9342
9024
8744
8363
8334
8314
8356
8419
8203
8424
8374
8170
8346
8384
8300
8480
8556
8532
8502
8589
8666
8626
8722
8795
8609
8759
8969
9022
8963
9034
9004
8774
8625
8744
8530
8704
8536
8529
8571
8685
8690
8618
8595
8564
8620
8496
8616
8812
8601
8587
8612
8893
8925
8956
9076
8811
8852
8976
8763
8720
8635
8576
8766
8560
8585
8646
8624
8602
8648
8718
8719
8834
8789
8567
8706
8630
8724
8734
8836
8876
8894
8943
9031
9098
8959
9007
9138
9268
9289
9103
9025
9117
9226
9174
9445
9279
9590
9684
9590
9489
9395
9280
9029
8839
8868
8825
8720
9015
8820
8847
8853
8850
8866
8924
9061
9058
9227
9246
9797
10361
10370
10487
10286
9842
9489
9163
9140
9080
9188
9094
9065
9305
8911
8795
9074
8727
8887
8856
8914
8772
8843
8929
8767
8956
8874
9050
8988
9052
9192
9016
8857
9008
8980
9028
8883
8826
8917
8835
8837
9081
8813
9045
9076
8745
8816
8967
9025
9015
8911
8923
9093
9051
9168
9057
9015
9225
9069
9124
9101
9291
8994
9140
9144
9183
9119
8968
9125
9136
9174
9617
9575
9631
9718
9930
9752
9602
9720
9480
9459
9365
9288
9271
9465
9941
10207
10393
10729
10515
11239
12679
16130
21200
27273
31853
33008
30118
24095
18122
13887
11453
10414
10269
9923
10092
9890
9856
9850
9948
9848
10044
9905
10288
10452
10418
10534
10367
10241
10305
10208
9910
9973
9812
9925
10020
10092
10170
10183
9948
10033
10049
10113
9936
10046
10182
10123
10034
10066
10175
10194
10169
10209
10436
10310
10236
10164
10041
9997
10019
10141
10284
10087
10044
9958
10082
10050
10136
10252
10266
10261
10297
10149
10277
10391
10202
10274
10231
9911
10075
9937
10206
10279
10294
10169
10064
10399
10242
10317
10384
10391
10255
10272
10420
10245
10266
10183
10253
10194
10205
10150
10188
10291
10236
10329
10341
10281
10252
10459
10448
10369
10508
10593
10847
11401
12340
13837
15821
18088
19131
18909
17077
14878
12722
11376
10924
10504
10464
10373
10429
10544
10619
10600
10498
10561
10532
10286
10436
10520
10491
10457
10690
10937
10853
10924
11015
10993
11208
11079
10992
11063
10927
10707
10699
10727
10722
10512
10806
10674
10643
10791
11246
11018
11124
11042
10975
11086
11144
11738
12869
15039
17470
20401
21633
21415
19515
16657
13914
12159
11205
10914
10914
10941
11027
10874
11018
11110
10922
10882
10953
11113
10921
11104
11506
11673
12418
13427
14089
15295
15257
14744
13734
12690
12259
11576
11548
11489
11656
11580
11607
11659
11688
11887
12223
12328
12698
12768
12939
13010
12833
12833
12588
12593
12627
12417
12600
12404
12268
12367
12667
13996
14870
15501
15917
16004
15229
14152
13290
12962
12558
12381
12552
12333
12460
12489
12545
12627
12779
12687
12894
12906
12937
13185
13119
12933
13283
13216
13480
13665
13714
13861
13882
13808
13606
13789
14384
15027
15328
15796
15822
15541
14945
14243
13781
13671
13742
13372
13458
13515
13228
13371
13213
13267
13562
13465
13391
13400
13316
13331
13482
13484
13353
13536
13584
13605
13778
13686
13753
13789
13574
13580
13514
13497
13663
13615
13564
13621
13583
13622
13480
13743
13618
13664
13646
13649
13498
13767
13606
13727
13765
13608
13821
13515
13675
13708
13567
13913
13865
13998
13480
13896
13835
13912
13636
13709
13890
14205
14046
14954
16075
18551
22226
26369
29585
30848
29317
25653
21254
17960
15970
14737
14186
13934
14039
14162
14152
14228
14106
14050
14077
13966
14372
14299
14349
13879
14060
14154
14233
14151
14409
14159
14310
14452
14341
14444
14343
14513
14481
14314
14574
14560
14388
14613
14684
14523
14542
15003
14825
14511
14677
14722
14662
14684
14703
14796
14848
14649
14796
14736
15150
14851
15034
14765
14834
15035
15038
14871
14997
15138
15132
15127
15014
15124
15006
15285
15003
15262
15124
15082
15284
15184
15325
15442
15190
15338
15349
15405
15528
15601
15241
15508
15298
15795
15378
15721
15751
15697
15986
15634
15476
15601
15849
15810
15944
16019
15918
16044
15943
15822
15903
15563
15983
15952
15998
15892
15886
16049
16151
16161
16127
16137
16106
16086
16194
16140
16073
15997
15939
16163
16002
16156
16196
16394
16285
16230
16226
16242
16471
16789
17930
20230
24801
31943
41242
48877
52509
49543
41946
32709
25535
20671
18239
17341
16937
16785
17081
16782
16959
16591
17256
18290
20280
22648
26146
28654
29259
27742
25178
21892
19085
17434
16956
16626
16381
16492
16683
16276
16249
16712
16491
16448
16232
16217
16424
16372
16389
16667
16556
16484
16383
16320
16390
16235
16240
16140
16343
16173
16317
16150
16094
16182
16087
16111
16120
16211
16082
16266
16178
15987
15920
15924
16191
16149
16153
16193
16315
15874
16003
16193
15944
16022
16000
15968
16166
16095
15988
16245
15991
15756
15927
15862
15990
15925
16087
15781
15996
15986
15914
16133
15926
16209
15884
15980
15769
16013
15671
15857
15980
16095
16004
16092
16248
15966
16167
15774
15907
16051
16083
16061
16057
16642
16139
16089
16109
15914
16309
16003
15815
16035
15826
16167
15863
15929
15936
15820
15950
16003
15920
15848
15959
15996
15739
15965
16007
16046
16062
16048
16003
15835
15978
15919
16220
16272
15972
16171
16217
16061
16311
16309
16192
16329
16363
16107
16369
16483
16308
16517
16719
16644
16418
16408
16554
16236
16591
16471
16630
16907
16737
17239
16989
16691
16922
16916
16573
16920
16629
16967
16677
16774
16923
16695
17036
16783
16828
17118
16942
17066
16921
16848
17258
16934
17207
17151
17252
17215
17194
17238
17236
17194
17506
17386
17373
17431
17385
17469
17688
17929
18044
18735
19710
20303
20878
20244
19872
19421
18519
18199
18166
17768
18283
18312
18380
18631
19681
21632
25501
33516
47699
72219
107894
149605
189303
213919
214034
188582
149775
107325
71981
47962
34403
27277
24202
22849
22413
22034
21984
22089
21749
21901
22019
22041
22226
22021
22162
21649
21782
21831
22158
22016
22006
22057
22090
22182
22106
21872
21929
21965
21703
21713
21898
21928
21704
21827
22144
21792
22035
21958
22026
21868
22081
21922
22062
21661
21755
22064
22151
22130
21975
22025
21996
21879
22104
22169
22368
22665
23420
23477
24142
24148
23837
23715
23208
22951
22686
22516
22236
22246
22394
22447
21940
22180
22372
22229
22322
22614
22595
22697
22784
23009
22847
22942
22635
22759
22873
22564
22641
22680
22664
22766
22651
22853
22703
22688
22756
22887
22909
23130
23132
23306
23808
24054
24756
24868
24708
24434
24156
23764
23218
23003
23013
23208
22813
23253
23140
23399
23268
23331
23451
23531
23550
23675
23378
23458
23754
23530
24104
24382
24839
25618
26613
27615
28215
27970
27641
26762
26340
25760
25736
25085
24871
24739
24819
24811
24747
24857
25137
25528
25620
25453
25848
25983
25618
25933
25679
25826
25699
26060
26023
26167
26267
26254
26283
26769
26787
26832
26772
27503
27156
27397
27646
27574
27963
28172
28109
28341
28567
29067
29410
30410
31692
34782
39558
45666
52356
58938
62348
61416
57091
50509
43916
38559
35182
33280
32481
32043
31644
31968
32359
32567
33308
34378
36101
37814
38838
38460
38436
37548
36369
35335
34871
34532
34948
34595
34557
35309
35302
35632
35681
35767
35975
35937
36298
36301
36598
36884
37160
36883
37416
37583
37556
38169
37973
38641
38846
38687
38576
39234
39191
39304
39471
39432
39607
40168
40272
41056
40737
40584
40791
39790
40114
39768
39884
40418
39923
40230
39775
40089
40182
40151
40328
40054
40322
40900
40697
41019
41312
40875
40790
40558
41058
40941
40505
40520
40635
40723
40731
40760
40758
40688
40527
40788
40321
40782
40991
40812
40829
41029
40878
40973
40493
41310
40760
41069
40865
41036
40720
40626
41002
41052
41068
41187
41173
40652
40881
41284
41337
40910
41163
40998
41340
41384
41395
41813
41389
41379
41088
41353
41433
41698
41674
41517
41593
41737
41840
41205
41499
41218
41629
42092
41734
41900
41457
41360
41563
41547
41639
41644
41738
41583
41535
41697
41902
41650
41806
41461
41696
41529
41721
41325
41566
41581
41790
41261
41452
41621
42022
41412
41609
41583
41224
40669
41000
40344
40434
40314
39790
39835
38987
39093
38488
38132
37826
38112
37578
37504
37461
37765
37183
37522
37309
37592
37053
36810
36918
36876
36825
36856
37022
36797
36824
37130
36838
37009
36661
36485
36922
36623
36994
36728
36630
36743
36927
37331
36857
36971
36875
36875
36674
36703
36559
36431
36909
36182
36416
36487
36528
36628
36341
36399
36298
36179
36652
36275
36307
36212
36743
36341
36611
36175
36434
36374
36162
35827
35976
36078
35864
36012
36003
35865
35642
35745
35511
35812
35176
35302
35709
35194
35313
34843
35148
35126
35100
35301
34629
34709
34824
34938
34718
35020
34725
34498
35092
36356
39104
44382
55532
77002
112016
162088
222841
280446
319479
325074
294527
239640
175885
121329
83485
59424
47631
42174
39312
37824
36748
36072
35483
35260
34885
34403
34359
34697
34205
34342
34457
33710
33774
33530
33606
33326
33406
33281
33099
33115
32890
32690
32386
32207
32228
31755
31935
31935
31575
31976
31924
31745
31769
31838
31296
31253
30700
30874
30463
30203
29934
30004
30026
29704
29658
29613
29389
29198
29047
28997
28764
28470
28510
28456
28178
28188
27738
27969
27746
27653
27609
27430
27137
26774
27300
26916
26843
26827
26533
26504
26099
26284
25996
25963
25745
25810
25323
25388
25335
25208
24895
25064
25136
24576
24490
24515
24379
24050
23948
23807
24026
24071
24366
24514
24119
24108
24124
24041
23904
23818
23591
23940
24153
24431
24420
24544
23814
23599
23442
22850
22959
22731
22794
22702
22599
22781
22601
22369
22668
22661
22223
22644
22786
22803
22249
22937
22805
22719
22707
23082
22877
22882
23046
22796
22870
22776
23099
23170
23081
23062
23638
23527
23563
23710
23776
24521
24956
25824
26002
26197
26025
25927
25430
25240
24842
24802
24991
25068
25212
25785
25899
26220
26290
26036
26428
26153
26398
26341
26452
26437
26487
26697
26751
27102
26916
27429
27635
27846
27781
27880
27675
28530
28386
28531
28637
28795
29072
29463
29605
29567
29846
29959
30624
30617
30692
31229
31236
31235
31555
31696
31911
32045
32482
32463
32607
33026
33057
33543
33661
34216
34460
34621
35354
35588
35583
35959
36673
38466
43976
57731
92073
164209
292044
480218
697778
883298
960640
897884
718616
493921
296920
162912
89226
56734
44322
40695
39466
39325
39140
39216
39329
39371
39001
39534
39502
39886
39554
39732
39590
39626
39900
39634
39865
39982
39797
39912
40244
39917
40237
40024
39802
40058
39958
40251
40221
40210
40501
40077
40379
40258
40301
40481
40287
40512
40924
40423
40500
40654
40777
40881
40762
40601
40953
41140
40668
40911
41803
42632
44328
46356
48727
50240
50275
49147
46596
45134
43109
42665
41577
41947
41412
41551
40948
41608
41180
41180
41725
41844
41948
42634
42847
43249
44001
44329
43425
43303
42899
42524
42036
41820
41854
42003
42025
42020
42256
42063
42344
42122
42316
42295
41682
41965
42227
42273
42391
42436
41935
42391
42301
42809
42148
42375
42283
42497
42249
42106
42282
42395
42739
42091
42248
42189
42021
41904
41561
41539
41409
41062
41046
41039
42108
43754
46874
50544
52564
53701
52518
48867
44638
41074
38319
37013
36071
35708
35581
35159
35421
35416
35578
35184
35127
35306
35144
35002
34569
34850
34686
34528
34192
34278
33990
34293
34132
33713
34202
33886
34220
33961
34064
33857
33480
33790
33536
33564
33292
33076
32949
33516
33030
33152
33453
34581
36996
43181
55894
77991
107980
142638
170505
179639
167117
137193
101385
70782
50365
39162
34150
32290
31539
30835
31160
31221
30875
30687
30545
30750
30418
30142
30128
30424
30247
30038
30022
30015
29857
29697
29782
29421
28997
29276
29029
28697
28552
28218
28146
27956
27535
27635
27680
27552
27344
27199
26691
26896
26514
26494
25994
26366
26046
25596
25604
24857
24789
24370
24344
23957
23828
23552
23392
23320
22860
22958
22766
22563
22569
22316
22059
21807
21753
21599
21349
21230
21109
20792
20807
20476
20526
20387
20173
19968
19576
19749
19568
19296
19274
18936
18814
18448
18157
18407
18227
17997
17869
17506
17341
17227
17100
16830
16705
16348
16432
16287
15828
15884
15550
15477
15145
15116
14924
14890
14518
14291
14422
14077
14037
13450
13319
13223
13007
12831
12706
12559
12382
12098
11871
12062
11833
11679
11547
11678
11926
12456
12785
12947
12922
12785
12381
11807
11872
11246
11284
11321
11168
10922
10175
9694
9012
8697
8608
8296
8057
7872
7896
7726
7631
7689
7390
7400
7438
7132
7123
7063
7021
6985
6742
6894
6731
6719
6523
6480
6413
6481
6251
6186
6162
6144
6342
6125
6328
6220
6218
6139
6146
6033
5932
5794
5825
5878
6066
5961
5851
5836
5770
5865
5782
5689
5756
5586
5926
5821
5926
6007
5995
6036
5905
5950
5601
5693
5617
5656
5563
5546
5632
5618
5352
5605
5442
5589
5675
5806
5677
5658
5700
5718
5623
5657
5464
5403
5465
5333
5154
5114
5442
5302
5277
5205
5446
5434
5501
5524
5435
5377
5283
5308
5275
5125
4960
5162
4980
5006
4953
4997
4940
4977
5000
4922
4968
4938
4933
5124
5030
4967
5055
5069
5019
5154
5334
5339
5444
5522
5748
5858
5924
6129
6345
6963
8570
14405
30383
69519
153235
306252
537521
825642
1097470
1256977
1237957
1043499
755384
467711
247627
115347
50267
23331
14433
11338
9253
6869
5048
3476
2586
2129
1881
1721
1629
1667
1743
1715
1692
1760
1731
1670
1684
1612
1615
1666
1668
1674
1737
1663
1626
1441
1483
1505
1625
1937
2713
3297
4078
4233
4322
3793
3096
2370
1762
1454
1329
1439
1648
1819
1962
2103
2147
1988
1676
1560
1325
1255
1118
1048
1066
987
1026
1066
1040
1027
979
1013
1035
1028
1014
1116
1085
1194
1319
1444
1684
1836
2001
2036
1854
1706
1604
1354
1326
1213
1176
1177
1229
1144
1199
1334
1448
1584
1685
1808
1953
2093
2140
2235
2075
1842
1640
1521
1342
1268
1285
1260
1305
1333
1342
1327
1264
1306
1253
1223
1196
1129
1155
1163
1112
1178
1141
1158
1113
1122
1148
1225
1163
1103
1173
1185
1166
1187
1155
1213
1251
1192
1238
1168
1187
1125
1196
1116
1149
1180
1181
1311
1303
1503
2050
2898
4353
6524
8675
10185
10556
9592
7628
5277
3573
2346
1715
1348
1265
1205
1188
1155
1193
1203
1206
1250
1173
1188
1182
1189
1136
1184
1254
1202
1235
1227
1213
1281
1285
1299
1307
1395
1317
1427
1290
1300
1306
1224
1185
1261
1243
1335
1531
1636
1758
1870
1823
1857
1639
1500
1264
1252
1287
1266
1180
1239
1257
1257
1226
1312
1303
1314
1296
1294
1226
1197
1173
1180
1159
1161
1134
1192
1208
1142
1202
1113
1180
1181
1149
1145
1180
1123
1139
1145
1093
1103
1133
1088
1135
1123
1075
1112
1107
1139
1154
1134
1095
1082
1138
1169
1192
1134
1125
1111
1073
1118
1114
1116
1134
1124
1127
1134
1104
1132
1151
1112
1188
1067
1131
1136
1026
1138
1159
1080
1161
1158
1073
1197
1116
1113
1169
1095
1162
1115
1169
1150
1113
1171
1123
1144
1147
1141
1169
1168
1176
1141
1139
1139
1132
1124
1118
1094
1149
1174
1143
1168
1192
1164
1181
1161
1129
1142
1106
1104
1097
1092
1104
1124
1032
1002
985
1100
1033
1094
1093
1014
1040
1032
1000
1048
979
981
1076
1075
1040
1006
1039
1030
995
1013
1024
1026
972
934
967
969
1020
1031
995
1008
1070
1021
1026
1007
1008
994
1041
994
950
996
986
972
983
940
900
986
980
943
950
966
884
904
952
932
919
848
955
937
870
884
875
917
923
845
931
946
939
1021
1086
1151
1084
1092
997
975
954
860
855
857
920
843
866
871
887
925
825
854
865
845
819
792
883
849
830
839
831
823
839
813
795
861
794
779
743
801
781
740
770
808
788
789
842
819
785
821
882
948
991
1176
1170
1082
1100
1065
1139
1347
1629
1963
2144
2286
2128
1932
1478
1151
986
833
695
688
691
656
698
709
724
732
759
920
977
1161
1365
1692
1848
1723
1668
1408
1128
916
781
709
694
746
707
656
654
640
612
663
651
689
662
654
671
726
698
758
765
797
811
860
773
705
699
687
666
597
651
603
635
644
638
671
686
660
737
721
716
757
788
728
825
687
702
649
647
637
613
655
620
603
579
572
624
571
632
598
642
587
598
605
594
602
587
579
538
615
617
595
604
635
698
824
1038
1606
2722
4411
6602
8963
10488
11287
10287
8682
7310
6587
7002
7800
8508
8337
7141
5544
3784
2299
1312
865
603
543
527
566
530
537
539
497
554
566
542
597
546
589
581
548
495
471
475
442
428
422
445
424
442
452
422
461
427
460
418
393
416
428
466
428
412
424
431
395
396
395
432
485
413
448
440
425
501
602
655
839
1046
1206
1440
1455
1341
1218
1017
815
705
540
498
419
442
434
428
414
423
405
417
409
434
420
411
418
374
426
390
395
391
424
450
425
557
689
848
1123
1475
1799
1981
1991
1713
1389
1057
825
683
585
518
528
483
453
465
406
413
431
391
406
408
402
392
391
382
412
436
355
402
426
456
426
440
485
504
557
590
536
533
550
506
465
473
464
437
428
484
468
418
459
404
427
404
461
477
460
518
513
566
585
612
603
571
553
580
570
581
707
824
1038
1279
1565
1689
1724
1589
1462
1406
1589
1855
1979
2194
1935
1650
1313
920
704
541
481
419
420
408
404
426
437
429
457
464
602
744
1082
1734
2497
3488
4179
4453
4182
3451
2596
1739
1059
728
541
457
438
389
443
395
434
426
399
427
413
440
473
507
632
959
1349
1970
2759
3442
3873
3821
3369
2659
1841
1370
924
613
482
474
452
402
469
430
454
453
438
424
441
419
451
462
418
421
436
423
440
422
441
425
418
426
402
434
410
430
425
433
383
443
449
483
446
461
424
417
416
469
457
445
487
486
473
466
474
471
524
488
497
472
464
465
474
452
476
500
465
451
444
500
468
477
480
467
469
464
467
464
474
520
507
504
471
496
499
474
500
500
480
434
468
497
462
473
499
469
524
470
499
490
523
522
547
541
511
549
506
543
488
533
483
463
480
478
465
491
486
487
532
542
514
517
496
537
524
511
554
543
507
543
523
499
537
555
637
639
728
787
839
870
807
786
694
675
609
519
546
580
591
571
580
576
534
493
489
534
497
470
442
484
498
491
535
490
487
480
511
483
480
493
513
474
502
504
542
541
517
468
502
537
498
489
492
496
496
499
513
474
470
476
492
474
467
497
494
474
456
486
511
477
526
469
488
497
485
496
478
472
538
536
476
439
498
493
484
477
487
465
457
507
458
486
443
460
488
521
497
495
538
570
567
692
728
831
964
1120
1100
1044
934
868
678
617
566
511
486
473
507
460
444
503
440
475
518
518
488
437
469
482
491
453
473
511
447
452
503
471
475
469
458
464
479
453
445
470
444
482
469
498
440
444
490
432
499
438
489
436
431
465
445
467
464
481
459
490
475
500
482
453
471
468
442
427
482
456
454
473
441
442
477
468
465
397
491
412
435
467
431
460
444
475
421
413
403
475
422
428
459
417
418
421
450
407
382
401
423
420
453
430
467
414
407
451
425
431
400
416
437
456
410
416
441
502
471
424
449
435
459
412
412
488
566
762
988
1293
1506
1735
1711
1553
1325
1041
747
566
460
402
417
375
348
368
400
401
355
404
382
378
340
364
359
375
377
348
404
429
348
346
350
366
371
371
363
347
368
371
345
322
347
382
354
343
340
351
393
333
387
359
381
474
502
641
752
922
1094
1196
1230
1118
1017
806
634
495
465
406
341
323
338
383
327
347
386
373
407
529
625
677
708
753
726
602
515
367
384
298
358
349
350
374
338
360
343
353
325
313
304
322
302
324
341
341
360
385
428
408
451
409
411
410
347
378
341
349
330
348
385
369
373
378
331
333
327
344
321
351
323
342
359
342
350
374
341
350
329
339
342
321
368
384
388
435
523
630
734
781
768
743
614
560
460
386
377
381
367
333
375
338
342
314
276
333
313
321
284
308
319
313
350
316
332
305
312
333
334
310
307
307
340
317
351
428
547
819
1233
1986
2771
3460
3919
3913
3459
2784
1993
1258
842
522
345
324
330
310
293
320
315
347
332
338
305
289
293
314
307
349
332
368
331
395
358
402
419
376
345
419
388
464
602
673
872
965
1095
1083
1053
913
731
556
491
453
340
329
307
298
277
293
306
315
313
288
321
285
317
324
326
340
325
350
481
564
618
790
769
770
695
540
474
381
328
339
295
289
271
274
291
306
307
295
274
290
305
302
271
291
295
308
301
300
306
314
326
355
372
461
510
684
915
1018
1198
1270
1130
926
787
580
475
364
341
301
303
305
259
314
278
283
278
252
262
285
260
272
269
315
274
326
308
290
307
321
308
315
286
297
315
298
260
274
284
280
293
319
286
282
317
258
316
312
330
301
296
331
338
293
309
334
374
483
642
764
959
1115
1210
1184
1063
851
629
444
358
322
304
286
328
329
275
332
267
294
291
280
253
270
240
253
255
268
278
268
245
252
292
272
263
282
256
280
267
252
288
265
266
268
290
340
354
365
387
420
415
349
356
331
311
291
290
339
322
303
291
285
292
277
327
318
316
292
303
299
297
302
278
274
314
272
285
267
265
282
306
296
283
285
275
272
274
250
305
253
269
272
264
281
276
271
274
273
295
251
291
300
293
307
352
325
342
348
351
322
302
291
235
284
289
270
315
292
290
307
318
336
339
280
296
317
263
307
305
300
266
331
309
370
410
418
441
420
415
326
319
327
264
258
253
273
280
258
276
248
264
260
245
249
250
259
294
254
247
256
235
246
236
258
247
234
250
277
270
261
243
258
266
265
260
230
263
249
264
243
264
272
279
256
246
291
281
259
245
261
277
258
266
256
249
254
260
236
245
264
208
253
240
247
244
261
237
241
249
276
258
252
252
224
228
281
217
228
233
239
256
229
234
276
263
286
292
307
390
437
497
601
949
1315
1726
2119
2391
2310
2106
1685
1213
753
534
373
283
260
229
216
212
193
229
199
203
219
227
224
245
191
193
208
228
230
187
243
185
220
210
211
182
195
188
236
206
206
189
201
201
242
237
226
221
198
208
213
201
219
228
186
193
188
196
201
175
165
195
210
214
193
193
179
211
195
192
189
175
183
199
190
207
172
191
190
201
196
182
206
195
168
198
207
205
195
214
205
200
175
193
190
200
190
184
207
174
178
184
183
185
191
187
173
173
158
171
181
192
178
177
178
191
173
185
181
180
179
181
184
152
174
184
185
160
169
157
181
179
158
159
174
145
162
165
170
171
169
174
173
161
150
172
141
145
162
174
158
162
165
157
171
145
136
155
141
156
167
175
139
137
148
139
160
156
163
132
143
160
154
157
159
171
158
179
188
176
216
231
271
332
430
597
883
1192
1335
1400
1359
1192
913
632
383
252
195
163
126
150
111
129
122
118
119
116
117
116
125
114
124
94
116
101
110
91
118
104
113
122
113
118
98
112
116
104
112
90
114
103
94
135
113
112
101
104
101
110
107
119
121
115
162
159
198
195
158
192
192
158
154
135
135
124
105
87
99
118
115
135
127
159
141
128
164
136
123
131
128
110
108
95
91
99
89
106
88
94
92
129
89
103
94
92
111
115
116
122
123
120
95
111
85
102
101
84
92
92
82
94
101
92
101
100
97
85
90
97
79
97
71
81
91
93
99
101
77
119
100
96
96
95
100
86
91
92
93
77
81
95
85
72
80
92
87
71
94
93
90
100
72
85
91
134
138
178
225
231
267
275
282
270
251
323
393
591
933
1421
1887
2393
2557
2591
2263
1740
1232
813
528
316
230
144
120
105
101
90
61
89
81
77
80
100
86
76
75
79
75
52
65
77
72
71
74
76
72
70
66
85
63
74
67
69
75
78
59
79
56
69
90
61
79
85
81
84
69
95
70
70
97
68
75
83
81
60
70
86
73
92
91
89
80
106
96
84
83
100
74
76
90
90
73
78
84
83
91
87
83
67
71
80
74
61
69
70
63
65
76
78
72
87
74
82
90
92
88
72
78
89
79
70
96
85
106
99
135
163
209
179
223
190
199
149
135
112
105
89
106
77
90
79
77
78
82
74
69
78
79
88
90
116
150
119
105
102
91
99
110
91
71
63
81
79
82
98
73
84
82
91
96
101
88
77
80
79
64
98
73
88
117
144
199
277
355
470
500
508
394
360
234
166
99
74
82
84
57
75
60
69
68
90
90
102
106
103
155
170
165
186
182
134
116
94
93
83
75
86
57
68
67
87
57
61
68
67
72
69
74
59
78
87
77
70
63
72
77
58
74
69
80
66
76
89
57
69
81
72
76
63
73
79
80
65
86
79
80
80
73
72
73
78
80
53
63
79
67
67
65
62
79
63
86
60
70
68
77
89
64
81
68
69
59
83
77
81
75
85
81
75
90
65
90
76
66
72
71
78
80
63
77
72
70
73
81
97
84
77
55
76
80
78
72
59
74
69
71
72
80
87
95
100
78
72
91
88
104
115
103
102
100
99
103
91
71
81
84
69
91
76
77
63
76
70
67
80
94
65
69
91
79
64
70
91
75
96
69
90
69
88
84
86
99
81
91
79
100
88
93
96
98
96
103
92
120
148
119
142
129
120
108
97
87
79
68
75
74
74
80
98
91
97
109
108
123
125
84
92
95
102
92
82
82
83
87
77
94
102
98
87
87
75
85
77
88
76
94
94
98
116
141
119
95
116
92
73
72
87
73
89
76
80
75
76
84
85
74
78
66
82
76
79
89
72
65
78
80
71
67
55
79
72
68
80
76
92
80
68
76
84
69
61
92
73
80
83
84
77
74
80
80
76
61
74
82
68
79
79
82
75
86
62
71
89
85
92
66
74
85
79
99
83
81
85
92
85
64
56
77
67
76
77
79
68
66
78
74
87
84
77
78
74
81
68
105
70
83
76
89
93
72
84
64
76
60
87
69
83
70
74
81
78
69
75
66
83
68
59
77
71
69
66
85
78
72
73
91
83
76
68
77
66
67
70
95
71
76
80
70
74
60
81
69
73
78
77
81
69
80
82
79
78
84
69
72
81
68
73
91
61
70
67
74
80
69
64
70
82
72
86
71
78
76
92
79
79
70
75
65
70
83
64
82
60
80
72
94
68
83
100
114
136
231
300
388
485
596
707
705
731
605
442
397
269
186
147
114
94
101
83
98
100
82
106
83
89
72
88
91
69
108
72
72
82
76
76
91
75
67
85
90
93
83
68
97
93
103
75
82
75
77
94
80
93
90
80
89
102
80
82
88
79
80
87
87
76
101
91
76
93
64
79
73
88
95
68
75
87
81
81
72
75
82
82
74
85
88
64
77
89
65
81
76
81
82
80
80
86
78
97
65
68
66
66
76
88
79
83
80
69
85
76
53
60
82
70
84
75
85
84
77
89
81
71
74
79
93
84
79
81
78
66
81
94
76
85
89
85
85
85
87
80
65
71
74
79
76
85
74
75
70
82
78
74
85
83
82
73
67
74
66
99
82
83
83
75
79
84
78
91
81
79
66
70
84
84
86
94
83
85
109
100
94
104
105
115
103
105
107
105
111
106
94
100
74
88
88
104
72
96
97
86
83
76
84
83
96
96
91
75
99
86
92
94
104
87
98
91
106
123
85
92
98
105
83
108
96
87
92
91
103
114
103
97
109
101
90
82
107
103
110
98
111
123
116
131
128
104
105
130
126
135
139
171
200
258
332
376
455
490
545
543
465
401
373
257
213
181
149
141
128
168
152
131
167
175
151
180
128
145
155
143
133
119
145
120
118
145
113
105
119
127
130
120
115
137
107
124
107
113
126
115
124
125
132
131
127
128
117
117
137
115
131
122
127
128
113
111
122
122
135
119
137
118
121
135
127
123
123
109
121
115
129
128
140
137
121
112
125
125
144
136
133
120
144
122
133
116
121
122
139
121
124
131
112
125
115
112
123
128
124
142
137
127
113
112
124
132
130
130
122
122
133
108
127
109
103
127
121
147
114
122
115
115
135
136
124
124
110
125
112
132
130
118
95
114
113
120
110
102
129
121
134
106
105
127
111
126
104
111
109
119
120
118
118
130
126
106
103
114
93
133
124
120
95
101
141
113
129
136
133
158
176
159
161
179
185
183
177
153
123
147
97
106
120
110
116
119
138
101
123
113
137
110
100
121
108
139
116
122
110
108
114
113
121
123
128
139
113
101
114
120
120
130
118
106
139
119
106
130
104
123
103
90
109
95
120
125
114
134
103
118
125
139
111
120
128
120
100
122
124
98
122
117
118
114
143
110
119
135
131
113
118
105
105
131
111
134
105
119
117
136
119
130
111
105
109
116
123
116
107
127
124
116
118
108
105
108
116
113
111
103
114
109
95
117
108
92
108
106
111
87
107
107
108
100
116
110
100
100
101
94
84
82
89
103
99
94
106
95
89
90
101
111
108
100
116
99
74
88
88
104
92
92
97
108
84
85
83
99
87
90
94
90
85
98
110
91
89
118
94
92
90
98
105
88
79
104
87
89
87
87
95
82
110
101
98
97
91
75
88
87
87
98
97
87
87
77
83
97
99
84
78
82
76
99
85
89
78
84
68
94
89
86
87
80
82
76
66
83
86
85
72
74
84
85
75
83
88
85
86
78
79
72
81
67
62
96
68
85
77
79
76
103
76
93
83
85
69
73
70
75
75
58
75
86
64
92
59
88
83
92
75
86
74
81
88
96
95
83
79
83
79
61
79
80
90
70
68
82
72
79
88
75
68
97
125
162
265
405
582
939
1302
1593
1845
1866
1685
1365
1030
662
420
237
152
105
77
64
61
60
63
64
59
58
51
57
65
61
51
62
65
54
51
54
54
54
69
58
37
61
65
48
53
61
52
54
57
56
64
50
69
81
66
57
51
57
47
55
55
60
60
49
53
41
52
58
41
35
49
47
49
47
41
47
42
42
51
43
42
40
56
58
46
48
46
50
50
33
38
36
56
42
42
45
44
51
33
42
33
38
39
44
48
40
42
51
36
46
55
40
42
36
29
24
36
29
31
40
35
41
33
34
41
34
41
32
47
30
31
30
38
51
64
52
57
70
69
85
62
64
49
60
48
31
26
30
25
31
38
33
26
29
43
31
32
33
32
29
23
28
42
37
31
38
26
40
27
32
30
28
33
40
29
34
32
25
40
45
67
81
95
122
133
121
94
101
88
56
55
32
45
42
29
28
29
36
37
34
27
30
37
32
28
33
34
32
26
27
33
28
33
36
25
30
28
28
26
39
31
27
33
30
33
39
32
48
44
33
32
38
33
28
29
31
28
35
35
37
34
23
34
23
26
23
23
31
30
26
27
37
43
74
123
217
407
558
740
1026
1174
1196
1134
858
678
414
308
165
100
61
35
28
31
39
30
33
18
31
33
24
18
25
29
25
23
32
33
23
24
30
38
32
23
19
22
21
26
22
32
27
22
23
27
21
22
24
20
24
30
23
28
28
19
22
20
29
29
21
20
24
22
28
16
23
22
28
24
26
18
25
26
15
32
18
28
36
34
45
27
43
43
54
38
57
47
34
32
38
37
42
31
38
20
23
30
23
20
20
26
21
14
32
25
37
27
24
25
33
30
28
20
19
22
25
29
25
30
26
26
23
28
25
25
24
32
21
25
25
26
21
23
25
17
30
31
22
26
33
32
16
27
24
28
17
22
15
26
19
15
24
24
21
31
25
17
28
21
15
24
18
23
30
19
36
17
24
18
26
27
25
21
18
18
21
23
24
23
29
29
25
19
23
24
20
23
22
34
19
24
25
25
26
22
31
20
24
27
19
15
21
22
24
29
23
18
19
29
25
15
25
20
22
24
31
25
27
24
26
22
23
28
28
18
26
13
17
22
22
22
28
22
31
29
31
24
25
22
31
16
28
21
26
24
23
20
31
37
23
19
13
13
17
27
22
30
24
22
16
24
27
23
20
18
18
16
17
15
16
19
33
21
23
30
23
36
19
25
27
26
22
18
16
33
25
21
29
17
27
23
28
20
19
27
28
35
25
34
14
21
22
34
26
35
32
24
20
27
21
25
22
21
23
22
29
16
19
21
22
23
17
26
24
18
28
21
22
26
27
32
33
31
38
47
34
37
27
23
31
18
15
15
22
17
27
30
20
17
29
17
26
21
19
29
20
27
21
31
31
26
31
33
28
26
18
30
16
24
32
24
20
26
23
23
22
21
34
23
19
18
13
28
21
24
17
14
29
21
19
31
25
21
29
25
23
18
23
21
20
20
18
18
18
21
21
20
29
20
25
16
20
20
26
30
29
15
21
16
17
32
24
23
24
30
30
21
19
19
14
16
23
12
24
24
15
20
26
19
30
28
19
29
32
25
15
34
30
15
30
35
26
20
29
16
23
16
17
15
24
21
22
21
28
27
27
27
22
31
29
25
28
33
37
27
26
30
25
27
27
28
16
23
32
30
24
21
20
23
24
26
14
16
20
25
21
23
19
25
21
32
21
23
22
23
18
17
16
14
21
23
24
21
25
17
19
24
20
22
23
22
23
21
20
20
27
17
17
29
26
21
29
36
23
15
27
21
21
20
18
17
19
22
20
24
25
17
27
25
22
21
22
22
19
29
26
24
20
23
19
25
31
32
28
36
36
47
29
36
36
37
35
26
24
25
20
21
26
13
21
23
28
17
19
16
24
22
23
26
26
24
19
21
34
18
24
24
29
14
25
19
19
24
23
25
25
25
20
28
19
25
16
24
25
23
23
27
22
22
18
20
21
25
26
17
20
24
32
23
25
24
25
25
26
17
23
24
20
24
33
23
17
25
19
32
25
25
32
21
23
24
25
19
33
16
25
20
28
22
28
29
26
21
22
23
19
20
28
21
27
14
32
21
29
16
21
29
29
18
22
20
22
18
27
15
19
29
31
16
18
26
27
24
25
21
27
15
18
22
24
28
29
24
26
37
26
23
28
26
30
24
20
31
18
26
34
41
43
28
24
33
36
21
23
14
23
23
26
21
25
25
21
29
29
30
23
23
25
17
27
18
39
19
28
23
23
23
22
24
29
34
23
19
21
23
32
25
20
31
17
23
27
21
27
17
19
21
17
19
28
22
25
24
32
37
36
26
25
22
21
23
16
26
27
24
29
28
29
25
23
13
32
24
29
28
27
26
36
29
30
28
30
27
33
21
27
35
34
32
25
30
23
31
26
30
18
24
16
27
25
31
42
21
23
29
22
36
21
31
27
15
27
33
18
30
25
26
29
26
23
39
27
39
34
28
39
35
28
27
25
19
20
22
23
25
23
31
27
21
25
20
17
31
16
16
22
26
22
21
26
20
30
33
32
24
25
31
24
23
29
22
10
27
32
21
17
17
21
24
22
22
23
32
23
16
20
20
16
25
28
26
28
18
23
17
20
27
23
22
16
33
25
25
24
17
20
27
26
23
31
21
20
12
22
24
27
21
20
22
26
19
26
22
21
17
22
18
25
17
14
14
21
23
24
25
21
22
20
17
20
23
22
21
24
18
18
18
21
21
26
23
22
14
16
22
28
32
19
26
23
18
19
24
25
15
28
25
21
18
18
22
24
20
18
18
23
24
21
21
25
22
26
19
30
13
11
13
23
24
15
29
23
19
21
22
15
28
17
19
21
15
23
13
27
21
21
26
35
22
24
26
31
10
19
21
16
23
30
20
16
27
15
22
24
28
14
23
24
25
31
22
29
41
43
48
73
109
124
145
190
180
164
175
138
104
77
64
38
38
28
22
30
22
25
26
15
25
25
24
29
25
22
26
30
24
19
24
25
30
24
26
27
30
32
24
15
21
25
24
18
26
30
19
29
35
24
27
17
26
22
24
23
25
33
20
27
26
28
17
21
33
29
27
22
18
25
26
21
22
20
28
25
30
25
34
24
19
19
24
24
25
24
29
24
18
25
23
26
18
17
23
17
25
21
26
20
27
20
17
12
22
20
20
24
23
26
29
18
19
23
33
24
24
23
15
26
24
21
26
24
24
25
21
29
28
29
24
23
29
26
20
25
19
26
20
24
30
30
25
24
21
29
31
21
21
33
47
24
27
31
24
25
31
22
23
15
29
26
21
24
18
25
22
24
22
35
19
24
17
28
26
30
28
24
24
23
22
23
21
24
21
35
33
21
27
23
26
24
30
30
32
21
31
31
29
25
19
24
23
35
18
29
25
25
31
33
30
28
32
27
21
32
30
23
33
22
28
27
30
27
28
41
29
38
37
30
32
30
29
25
30
28
30
31
23
25
32
28
31
29
39
33
33
26
35
32
20
32
34
33
40
37
32
45
30
32
29
34
38
36
36
24
30
23
33
30
31
41
30
30
29
29
32
25
32
41
32
26
40
39
31
40
39
37
32
33
31
44
42
46
36
52
33
42
32
36
45
31
25
39
35
39
30
26
39
42
41
33
35
35
42
40
43
33
26
42
27
25
39
34
45
25
49
40
32
45
46
32
56
37
37
35
31
32
39
20
32
28
36
29
41
36
32
43
38
32
29
33
34
32
37
34
33
32
32
44
35
31
37
25
38
31
36
30
32
32
36
27
29
49
40
28
21
27
37
37
36
15
41
28
23
33
24
22
30
20
21
37
38
28
35
33
32
26
33
28
25
23
29
32
21
26
38
32
29
29
32
20
32
29
30
39
36
38
27
38
29
26
20
26
30
33
31
36
28
21
26
31
30
34
34
27
24
25
28
26
28
27
39
24
35
25
23
27
27
29
26
22
20
30
29
18
30
25
33
17
18
29
38
29
25
25
34
28
35
29
23
23
35
27
29
29
27
27
36
24
35
34
21
22
25
25
19
26
29
25
31
26
27
23
23
24
26
24
26
25
23
31
25
23
40
31
16
22
20
35
38
30
26
24
26
35
31
22
26
25
22
24
30
23
19
9
19
25
20
16
19
24
25
12
22
22
27
21
20
19
21
22
22
11
22
26
27
29
18
12
21
14
21
14
19
27
11
19
15
12
26
22
21
15
17
16
15
20
19
26
26
21
16
22
21
20
18
23
19
15
16
20
22
17
14
22
15
14
17
16
25
13
22
15
19
20
10
14
23
16
19
8
14
26
16
21
17
21
17
13
21
14
15
18
15
15
11
17
15
21
17
18
19
17
16
25
17
20
11
15
13
13
12
16
17
21
12
15
17
23
24
18
18
14
18
13
21
24
15
18
12
16
14
22
15
23
20
15
14
17
21
14
8
14
13
16
18
12
13
16
16
18
16
11
18
13
14
21
16
15
20
18
14
15
17
18
26
19
19
15
24
20
21
16
15
19
14
20
22
23
16
15
16
19
17
22
20
12
11
29
16
18
43
37
70
79
130
194
280
362
370
419
361
320
255
181
125
78
57
28
20
17
19
17
14
18
16
11
10
16
12
13
14
15
18
14
12
9
18
13
13
12
18
16
13
8
18
13
9
14
9
16
14
6
13
22
7
21
15
9
22
22
23
22
19
14
23
16
13
15
15
27
14
18
13
13
16
12
11
21
5
11
10
14
12
8
15
17
11
13
10
13
8
20
16
15
10
9
15
13
11
15
22
17
16
15
12
11
12
18
17
13
15
16
18
12
9
16
15
13
17
14
17
10
13
12
13
25
14
15
13
17
18
18
14
16
18
14
18
19
21
17
10
21
18
19
14
9
8
17
17
11
15
19
17
6
9
13
15
9
17
11
13
9
18
13
15
11
19
6
13
6
14
15
13
12
20
15
13
15
21
11
16
22
11
17
17
8
15
18
19
14
15
10
14
17
22
20
12
13
13
17
16
16
19
14
17
21
18
27
20
15
20
15
20
25
26
22
21
19
21
16
14
17
10
11
13
15
9
13
12
19
17
15
14
10
13
14
10
17
7
9
7
16
13
15
14
10
18
23
15
14
12
17
18
13
24
13
11
12
9
18
14
12
15
16
20
7
14
8
19
8
12
14
17
10
21
20
14
12
15
9
23
16
9
11
22
16
17
21
12
21
19
11
10
21
13
10
10
13
17
15
20
21
7
8
16
17
20
11
15
13
14
17
10
13
9
10
8
9
13
11
12
19
9
19
12
22
21
17
12
16
28
24
18
15
16
22
16
22
18
19
16
21
15
21
23
15
9
15
17
15
14
11
18
19
18
8
14
15
23
14
18
20
20
14
16
17
15
14
16
16
15
17
18
16
10
14
12
12
13
12
15
20
11
13
17
17
15
13
13
17
10
16
10
13
24
10
15
12
18
13
13
22
15
14
16
18
17
17
16
12
17
7
17
10
13
13
13
15
12
14
21
12
14
8
16
19
12
27
19
16
14
17
12
17
16
11
9
12
15
15
19
13
12
12
15
19
27
18
17
20
19
16
10
13
22
19
13
9
14
12
16
18
20
18
13
14
14
15
20
11
22
16
13
16
13
20
9
21
23
15
10
18
19
17
15
20
20
14
12
22
21
13
14
16
18
19
10
16
15
12
21
17
18
13
12
22
23
13
10
20
15
9
21
16
25
19
14
21
11
12
10
19
10
13
11
15
16
16
17
18
12
14
15
15
16
13
17
13
19
17
24
12
14
16
12
16
15
17
13
20
15
15
15
20
11
14
20
24
13
25
16
15
14
14
21
17
14
19
11
9
22
12
19
15
16
11
13
14
13
18
17
12
10
13
15
13
16
13
15
16
18
12
19
16
10
12
13
15
18
9
16
11
12
22
16
14
6
17
19
10
13
18
15
16
13
15
12
21
19
12
20
12
12
16
20
8
16
12
13
10
19
19
10
13
15
20
15
15
15
13
14
13
17
13
13
14
16
11
14
23
11
14
15
22
16
11
13
12
19
8
18
12
15
18
12
11
15
22
23
19
16
18
10
16
19
17
12
17
10
12
15
20
19
17
16
11
20
13
20
16
21
27
22
30
33
32
25
31
15
19
15
20
13
14
12
18
12
10
10
24
15
23
14
17
15
14
12
15
20
13
15
17
17
16
16
10
10
14
15
15
11
24
10
12
7
11
16
12
18
12
16
26
15
13
17
11
17
22
15
14
18
18
17
19
17
17
12
10
15
23
7
12
15
17
20
12
19
16
21
4
28
19
16
12
16
13
15
13
13
8
12
16
13
17
13
19
14
18
13
16
12
20
9
11
11
18
22
16
18
14
15
17
19
14
14
20
10
11
22
13
11
15
15
17
19
23
19
25
15
19
12
25
14
11
13
20
15
14
15
10
16
16
17
7
15
20
11
18
18
9
15
17
6
17
10
14
14
17
18
16
20
19
24
16
18
10
15
7
13
17
22
7
7
17
17
16
7
15
13
13
18
13
18
10
13
12
17
17
11
12
16
18
15
17
17
12
11
9
17
14
14
13
19
14
11
13
21
17
18
12
16
13
14
11
16
14
13
13
18
11
13
10
13
12
15
13
10
21
14
12
14
14
10
24
17
16
23
25
15
34
25
19
29
18
24
14
22
23
15
14
13
7
15
16
5
19
4
14
20
19
21
17
15
13
17
11
19
13
21
16
11
13
12
12
10
13
21
12
9
14
11
11
15
9
9
17
17
15
9
11
14
19
9
8
14
18
13
10
13
13
9
10
11
12
13
9
13
15
15
14
10
15
9
13
22
12
13
10
10
5
13
9
10
13
15
18
12
10
16
18
14
4
13
11
19
10
15
13
17
19
15
26
8
21
13
19
16
10
14
13
16
18
16
18
17
19
23
23
19
26
21
22
20
18
30
22
19
14
26
12
20
14
13
9
15
21
20
9
15
13
18
16
18
13
14
15
14
23
21
19
11
21
8
14
12
11
19
25
13
13
19
15
17
13
15
12
7
15
14
5
8
20
19
11
16
9
10
18
14
19
17
11
29
20
15
15
20
20
18
23
16
11
28
15
13
12
14
14
11
12
17
9
9
10
21
13
16
8
14
16
16
10
12
20
10
24
14
10
20
19
13
18
9
18
11
14
15
18
13
13
15
14
16
11
14
17
18
13
17
19
11
12
22
28
11
18
23
18
21
17
18
12
12
21
13
10
13
13
13
13
14
10
7
19
12
8
8
16
11
10
10
10
15
13
10
9
10
13
16
15
11
8
15
10
12
14
14
12
7
10
7
13
13
15
9
24
7
15
15
11
12
14
11
11
17
10
12
8
16
16
18
13
13
15
9
11
12
24
28
14
13
7
17
12
14
16
15
7
12
16
15
8
12
11
15
12
12
9
12
11
10
11
8
10
16
13
10
21
15
12
12
10
13
13
17
15
17
8
16
18
13
11
9
15
13
12
15
10
13
13
18
14
16
17
11
13
7
14
13
4
12
11
14
6
15
10
16
18
14
19
15
15
14
12
16
7
7
8
21
14
12
12
12
23
6
11
12
16
12
24
10
14
12
16
13
15
6
8
9
11
11
14
7
7
10
9
13
15
23
15
13
18
4
9
6
13
19
7
14
15
17
10
8
6
13
12
15
14
12
8
14
16
12
13
12
14
7
9
11
11
15
11
11
16
12
16
18
7
8
11
8
16
10
14
9
16
19
23
28
32
29
17
38
26
25
32
13
17
20
7
15
18
22
18
11
6
15
14
12
17
12
16
8
8
14
7
8
15
7
14
13
13
18
13
11
15
18
10
15
13
13
12
15
22
9
8
15
9
15
7
9
15
$ENER_FIT:
-1.6700 0.713300 0.000000e+00
$MCA_CAL:
3
-1.6700 0.713300 0.000000e+00
$ENDRECORD:
