$SPEC_ID:
Sample title.

$MEAS_TIM:
80312.56000 102362.04000
$DATE_MEA:
10/11/2020 11:04:42 AM
$DATA:
0 16383
0
0
0
0
0
0
0
0
0
0
0
0
0
0
0
0
0
0
0
0
0
0
0
0
0
0
0
0
0
0
0
0
0
76469
79722
82339
78531
75588
75400
76786
76957
76746
77690
78629
79487
81282
82297
84209
86078
87817
89305
90175
90244
90840
90125
89056
86486
82002
78289
75873
74177
72351
71801
71500
71693
71474
71849
72076
71246
71195
71247
72159
72711
73073
74006
78287
81933
81535
79205
79225
80383
82014
83989
85999
87739
89431
90757
91541
91876
93531
94817
96575
97702
100403
103718
105365
103410
103619
106335
108820
109778
115908
141404
184173
195932
211171
277745
272594
198212
172869
161647
128156
109442
105807
106761
110425
115461
121557
132594
159923
189404
185025
162817
166093
170483
153291
135958
132675
130878
127141
126059
125403
124892
124761
125111
125702
126524
126255
127579
129201
129693
130846
132537
134329
134857
136984
138025
139876
142336
144003
146409
146913
149358
151849
154276
158151
160316
163321
166655
171201
170846
170664
173497
176392
178338
181232
183700
186763
189909
213998
455693
1902815
5228507
6566767
3682847
1029353
243634
128644
117422
117016
116045
115638
115924
116051
115922
116769
116922
117177
117727
119267
137129
261234
637264
935061
676295
288304
143336
122619
122175
117958
113921
114203
114429
114535
115956
117012
119375
122169
125518
129424
132078
134638
135537
135694
136058
136483
136635
136685
137041
137372
138559
138941
139591
140791
142775
143990
143663
142730
142780
144228
144792
144147
143277
144398
150277
164669
177254
169491
154631
147323
147131
148293
147859
148617
149635
150587
151771
152783
153130
153500
155175
156424
157345
157016
159532
159725
161395
162165
164262
166729
168347
171150
173442
176262
179188
180876
181918
182935
185001
188468
189931
192502
194712
197283
199118
203942
206304
210222
215409
221940
225960
224286
221459
219464
219453
219180
216077
213555
207588
202589
196768
191875
187883
184991
182650
181107
179386
178817
179042
180020
178231
177866
177774
178655
178461
177120
177134
176034
174444
173319
171974
169522
167388
164791
163755
162270
160586
158619
157193
157015
156506
162639
216774
537017
1289302
1678197
1082573
416248
185051
146216
141779
141724
139924
140643
140081
140523
140128
140781
140554
140446
140078
140349
140699
141622
141308
141696
141397
141575
141584
141537
141587
140266
139129
138523
137639
137618
135866
136220
133680
132621
130624
129770
128518
128137
128102
127841
127509
127649
126297
127442
125744
124656
124319
123827
124010
123572
123047
122783
123736
123232
122932
123329
123621
123588
123278
123702
124394
124586
124669
125628
127048
128369
128571
126218
126162
125923
125611
125822
125970
125979
125783
125808
131699
159523
210903
223642
176294
135826
122718
121116
120121
119724
119373
118745
117759
117892
117342
117417
116911
117241
116855
116366
115967
115503
115101
114696
114884
114916
115058
114054
113285
112736
112629
112163
111615
111963
111413
111561
111397
110808
111164
110877
111012
111137
111176
110436
110700
111501
115609
123921
127021
119870
112209
110164
110173
109919
110286
110549
110517
111217
111755
111188
112115
112079
111705
111252
111766
112387
112108
113029
113311
113539
113803
114881
115572
117281
130986
188231
283249
296729
209401
140268
122046
118987
118481
118567
119976
123277
125957
131517
137723
145680
162329
312189
1457127
5694474
11390381
10872783
5038211
1242943
241277
95828
80089
77817
76860
75479
75517
75929
76968
79103
81957
82154
80850
94050
220511
796149
1837622
2113526
1201083
380913
113746
69749
64684
64179
63039
63177
62799
63150
62795
63136
62551
62406
61757
61972
61784
61817
61645
61716
61133
61267
61595
62580
64020
64781
63483
61845
61528
61053
61302
60810
61163
60981
60576
60390
59764
59855
59503
59514
59543
60024
60360
59961
59058
59430
58557
59107
58792
59049
59003
59530
59780
59516
60203
59943
60510
61508
74881
171039
525352
1018371
1005190
513973
168631
70794
55642
54297
54133
54895
55935
54977
54081
53568
53509
53699
53429
53129
53003
52802
53011
52810
53213
52673
53006
52797
52763
52495
52774
52701
52739
52311
52376
53133
53586
54543
53997
53498
52603
52467
53066
53055
52853
52345
52076
52535
53806
53899
53143
52633
52731
52547
52723
52508
52781
52958
52894
52664
52493
51943
52262
52722
52843
52930
53669
54020
54712
57854
69751
97119
124263
112951
79566
60432
54127
53101
53225
52888
52940
53147
53134
52872
52889
52695
53324
53888
54698
55666
56852
57974
57685
57459
58424
62188
64485
62535
59448
57348
56409
57392
58532
58944
57962
57470
57538
56803
57155
57009
57998
58815
60051
61211
64241
67421
66811
64877
63721
64292
64869
66119
67429
68448
69087
69659
69551
70544
71050
70943
70803
71547
71773
71817
71775
71602
72359
78281
95816
135032
217026
364767
552712
685549
673571
523114
333782
193733
117770
81642
67900
61930
56955
54277
53574
53308
53218
52248
51740
51395
52525
57366
66581
70760
67225
59262
53694
51157
50942
50494
50743
50355
50202
50143
50435
50677
51741
52740
53502
52482
51610
50529
50132
50116
50411
50571
50653
51123
51139
50177
49792
49614
50130
50249
49800
49921
51009
51836
51728
50883
50889
51369
50787
49871
49835
50253
52035
53080
54471
56031
57720
55360
51437
49596
49639
50131
50179
50690
49282
49444
49375
49137
49846
58964
115298
272995
434904
382991
197567
84269
52495
47675
47683
46588
46201
45935
45232
45469
45626
45696
46204
46765
45976
50727
65394
82714
80830
62158
48783
44713
43492
43739
43481
43429
44467
46086
48076
47305
44685
43775
44547
48746
57600
61736
54866
48331
45411
45066
44544
44583
44750
44491
44165
43948
44563
44784
44795
44578
44601
44605
45438
45382
45463
45631
45364
45572
44986
45106
44613
44543
44547
44337
43894
43768
43143
43199
43171
43057
42674
42220
41966
41885
42144
42142
42947
42802
42918
45386
48654
50073
46260
43133
41458
41489
41784
42533
43696
46739
49069
47746
43771
41869
41460
42148
44676
47359
46457
43726
41922
41211
41613
41785
41870
41749
41809
41996
43071
51440
85403
146074
169297
124325
70120
47256
43037
45766
53617
61801
59296
49767
44285
42817
42422
42955
43919
45561
45534
45321
47233
57111
68625
70314
59268
49538
46027
45490
46415
46558
46335
45606
45453
46192
46216
46800
46486
47319
47547
47995
48709
49052
49907
51170
51505
52289
52675
53017
53112
55239
58875
62552
61352
58023
57025
59004
87027
303556
1207274
2889207
3688253
2487359
926205
225986
68815
46752
44398
43641
42950
42822
42146
41196
40435
40051
40434
41005
42828
48282
76387
140349
192455
161463
91154
52027
41558
39789
39097
38406
37767
37646
37403
37590
37781
38006
38740
40865
41838
41521
39805
38113
37573
36640
36905
36151
36475
37018
39984
47456
54422
51690
43097
38121
37291
41166
46005
46728
43606
41002
46093
62778
75481
68781
50314
39510
36563
35043
35075
34852
34772
34954
35645
36592
36124
36054
36371
39091
42259
41032
37761
35562
35471
35341
35471
35446
34835
35020
35096
34727
35010
35293
35564
34986
34857
35075
36205
41848
50124
53233
47748
40927
38745
37305
36000
35277
34766
35156
35130
35442
34865
35189
35121
35095
34608
34620
34322
34710
34501
34922
35029
34841
35112
35720
36862
37838
36854
35632
35553
35224
35362
35149
35430
35893
35810
35752
35380
35563
35578
35648
35433
35438
35605
35720
35679
36055
35802
35875
36391
36351
37585
37743
37672
38619
38290
37849
37209
37891
38406
38321
38125
38798
38557
38862
39077
45294
89009
255547
540333
660745
452855
190311
69984
40947
36424
35403
34523
33863
33852
33397
33961
35494
40127
44878
43561
39623
36240
34266
33883
33979
35381
40609
44800
43389
38327
34671
34439
34664
34181
32789
32272
31953
31889
32414
32204
32463
33988
34981
34527
32777
32258
32231
32167
31851
32786
33013
33581
34534
36038
36488
35663
34993
34824
35690
36140
34765
33518
33328
33679
34005
34834
35986
36774
35836
34550
33277
32589
32504
33053
33152
36023
53545
106802
179205
190013
124914
63457
39421
33871
33780
37402
53246
84920
106098
89265
58240
41243
35911
35353
35128
36291
37364
37982
37707
36384
34605
33817
33768
33485
34040
33564
33977
33787
34286
34920
35380
35576
34743
34606
34148
34294
33343
33930
34303
34263
34756
34885
36163
48792
138332
452029
954493
1146265
777180
319257
110072
55661
39925
33345
30972
29690
29959
30216
30135
30034
30174
30313
30597
31252
31919
31901
31444
31809
30967
30074
30043
29358
29581
29511
30808
39549
89783
238138
425476
445402
271033
109105
44580
30632
28393
28732
29137
29493
29173
28418
30336
41253
66826
90952
84568
56939
36556
29085
27749
27248
27317
27449
27208
26956
27064
26890
27090
27187
26834
27239
27378
27391
26966
27337
27622
27836
27930
27975
28154
29126
30408
30079
28528
27268
27340
28403
30169
33698
34606
32078
29163
27761
27494
27203
27556
27634
27531
28083
28587
29343
29606
29302
29029
28907
28332
28468
30097
33486
35353
35257
32949
31679
29923
29251
29010
29122
29815
29801
29687
29310
29503
29628
29427
29428
30049
32513
36821
38616
36523
32545
30328
31141
32562
33103
36472
47187
58472
60021
58548
64886
68486
60688
49546
41041
34890
31157
30485
30099
30654
29752
29578
29394
29492
29950
29501
29843
30009
30485
32082
34713
35495
34428
32139
30724
30503
30508
31132
31139
30789
31205
31238
31147
33777
55225
171649
500111
907989
946655
575369
223875
84942
55845
45585
36734
32389
31251
31184
31008
30740
31465
32532
34115
35255
36535
36681
36789
35664
34355
33501
32422
31730
31703
31750
31927
31693
32237
32292
32678
32731
33412
34286
35404
36401
36257
35762
34675
33452
32531
31895
31721
31369
30902
30743
30062
30073
29661
29211
29720
31883
34655
35720
33524
30772
29305
29417
29790
30141
30301
29640
29103
28786
28978
28712
28695
28619
28591
29231
31156
32357
32352
30512
29048
28952
28704
28784
28560
28784
28813
28641
28401
28609
29619
30758
33594
38656
41484
38887
33589
29221
28208
27992
28425
28932
28782
29126
29361
29407
28893
29330
30489
31833
35306
40833
43587
40236
33972
30623
30623
33163
37722
39966
38806
36960
35373
33933
32497
30924
30226
32179
38460
49680
55433
49689
42096
46001
59044
66067
56801
42170
33456
30175
29858
30017
29979
29959
29880
30289
32296
35020
36722
35000
32547
31074
30488
30141
30107
30389
31105
31485
31564
31579
32500
35707
39737
39738
35782
32143
30667
30336
30500
30584
30447
30216
30832
31365
32805
33998
33402
31796
31798
31562
30971
30371
29528
29431
29440
29748
30641
30753
30537
29765
29468
29033
28757
28638
28876
28546
28585
29009
29000
29351
28855
28484
28325
28168
28236
29472
30414
31416
32813
35951
36659
33990
30397
28200
27919
28049
27868
28054
27499
28097
27823
27590
27659
27640
27620
27840
27796
27453
27905
27867
27579
27809
27553
27158
27390
27703
27410
27703
27835
28927
31222
32736
32532
30630
28983
28276
28141
28123
28544
29196
29716
31202
33023
42919
72540
113279
123738
93421
63025
58327
63312
57185
43090
32716
30080
30201
30599
29976
29665
28947
30150
32841
36210
35437
33209
32758
34700
39083
42144
41887
40058
38359
37449
40239
48587
53035
47002
38044
33522
33560
34279
34684
33170
30913
29417
29105
28681
28691
28636
28433
28806
28864
28916
29417
28868
28539
28736
28749
28911
30145
33236
44511
62737
76488
71735
55409
40707
32783
29773
28939
28599
29017
29198
29683
30422
30694
29830
29396
31188
40603
59491
76961
73882
54586
38091
31410
29512
29334
29026
29636
30438
39481
98177
322146
768488
1124953
989276
531561
189166
63869
42201
45196
45435
38947
32311
30948
31912
31252
28985
26683
25597
25726
25662
25723
25664
25400
26191
27860
30138
30893
29113
28654
32785
44946
59238
59747
45867
33214
27306
25997
25369
25861
26356
27187
27477
27499
27595
26755
28953
39256
61696
83295
80354
56643
36603
28920
28463
29510
29324
28298
28692
29303
27842
26225
25399
25381
25739
26158
27926
29802
30626
30269
29714
31664
33120
31487
27861
25570
24847
25080
25223
26366
30028
35042
38375
35632
30605
27085
26003
26323
27503
28431
31217
34173
34808
33006
30851
28603
28163
28460
28757
27645
26283
26471
29261
34499
39035
38249
32625
27903
26069
26110
25702
25893
25674
25941
26039
26857
29533
36891
48767
55153
48852
36871
31640
32136
35394
34807
30910
28164
26809
26657
26439
26639
26629
26874
27253
27196
27638
30132
45585
105934
230744
342305
320515
192354
86862
44201
33893
32295
35492
41527
43737
39141
33264
29424
28518
28335
28737
29399
30425
30651
32339
33287
34215
33952
32603
31278
31411
31316
31512
32492
34315
36553
38375
37636
35915
35188
35038
35131
35420
35327
36531
38644
39840
40231
38381
36550
35655
35506
34591
33454
33138
32472
31946
31692
31752
31227
30656
30617
30402
30289
30084
30175
30749
29592
30321
29663
29562
30069
33247
40010
47642
50431
45754
44641
57380
87314
108083
95266
62933
39973
31042
28928
28368
28005
27898
27698
27692
28151
28264
28716
28657
29216
29302
28336
27897
27812
27942
28466
28842
29208
31389
36011
43215
45625
40759
34160
30254
28447
28518
28588
28550
28379
28622
28958
30050
31214
30938
29971
29431
29200
30108
31890
34580
38245
44233
48730
45390
37859
32897
31609
33009
34606
33778
32286
31298
30636
30233
30382
32035
36315
42238
44606
42501
37084
33633
31806
31985
33369
34577
34736
33733
32515
32795
33601
34008
33266
32879
32076
31922
32079
32454
32806
33092
33734
34012
34122
34144
34428
34641
34235
34511
34647
34496
34915
35551
35709
36084
36265
37248
40870
47994
56791
59111
53766
48853
54238
70711
84650
80148
62422
48501
43862
42617
41015
40702
40554
40881
41271
41632
41579
41782
42059
41184
39807
37870
37428
36525
37408
41628
48433
52821
49604
41965
37692
35640
33755
34533
36561
39164
42196
43226
41627
37755
33485
31439
30022
29746
29202
29419
29180
29141
28826
28590
28787
28666
28453
28510
28594
29160
30258
33332
35359
34869
31714
29412
28636
28538
28370
28337
28346
27960
28126
28115
28606
30874
32792
33044
32210
32042
32957
33799
32035
29642
28659
28325
28670
29285
29550
30291
31210
31453
30525
29373
28941
28842
29103
30795
34278
37925
38203
34828
31401
29517
29197
29370
29493
29036
28924
28950
29052
29280
29260
29251
29446
29594
29770
30456
32587
38901
48339
53780
49771
41371
36150
34557
33376
32208
31014
30334
30561
30269
30565
30451
30499
31154
32649
36426
46137
60787
70521
63821
48466
37932
38356
45657
54076
53124
42943
35370
31520
30664
30320
30390
30630
30305
30602
30859
31087
32898
34067
34067
32247
30852
30368
30525
30582
31575
31404
31409
31319
31435
31328
31460
32415
37726
76977
267667
803819
1606390
2035789
1616564
819856
282289
82303
37092
29728
28008
26725
25711
24594
24004
23511
23994
24808
26842
28933
36136
59648
104798
139753
129345
83038
44127
27497
23839
26997
39450
64108
89950
98071
87711
66168
44869
30399
27227
35642
53079
65557
59799
42288
27991
22146
21460
23085
27584
32685
34396
31622
25972
22251
20521
19931
19713
20003
20328
22244
30031
48129
72019
81025
65030
41110
26271
20908
20156
20707
22149
23245
23927
23419
21893
20670
20039
20467
20827
21489
20405
19773
20426
22743
27564
32654
35464
41591
61739
90853
103701
84738
54053
34889
31696
31865
29350
26493
26087
27104
27063
24649
22024
20211
19413
19324
19216
19210
19075
19182
19150
19006
19461
19901
21253
22414
23057
21974
20826
20133
20170
19815
19785
19420
20123
20504
22496
26068
30807
32703
31514
29854
28580
27098
24741
22520
21093
21138
24940
36167
51686
60998
54446
39202
27982
22902
21562
21471
21962
21802
21721
21941
22503
25023
34921
64068
114830
174652
298503
696141
1472505
2132784
1991117
1193994
470722
131534
36458
18226
15382
15097
15135
15281
15103
15209
15518
15915
16807
18050
18971
22182
26917
29226
26119
20465
17515
18315
22748
26400
24864
20317
16572
14612
14499
14372
14690
14456
14938
16105
18830
21253
21860
19663
16579
14868
14593
14531
15091
18186
26299
37835
44045
38290
26725
18812
15544
14815
14514
14344
14176
14300
14526
14332
14267
14091
13789
13531
13297
13491
13779
14243
14256
14348
13700
13735
14104
15177
16356
16699
15524
14248
13765
13648
13895
14064
14745
14828
14647
14126
13740
13845
13890
13830
13603
13623
13494
13520
13553
13511
13697
13770
13977
14302
15442
17225
18536
18546
16846
15726
14796
14262
13785
13481
13230
13191
13362
13335
13318
13349
13618
13881
14412
14711
15123
15728
16010
16293
15806
15109
14508
14486
14466
14088
14131
14341
14230
14756
15225
15480
16286
17892
19065
19202
17116
15719
15115
15423
15814
16092
15670
15236
14659
14655
14648
14520
14592
15089
15526
15899
15735
15376
16785
21148
28728
34756
33218
26067
20020
17784
16816
16280
15997
16475
18678
19806
19178
17047
17262
21541
28350
33192
30926
24519
21468
25146
33340
37603
32707
24161
17710
15117
14223
14503
15290
17539
21070
23081
21855
18499
15712
14752
15232
15505
15542
14897
14581
15238
17250
21049
23061
22468
20019
18049
16984
16241
15488
14873
14852
14722
14460
14433
14283
14627
16001
19863
28211
38086
43292
40138
31025
22982
18074
16131
15200
15351
15666
15892
16196
16465
17008
17111
16373
15546
15563
15312
15403
15373
15932
16328
16332
15786
15405
15107
15943
18493
22983
26873
26764
22461
18173
15672
14648
14430
14969
14901
15181
16750
18766
21418
21747
20701
21986
29303
40049
44461
38067
27297
19291
15788
15156
14577
14910
14634
14677
14661
14666
14442
14507
14559
14634
14862
15085
15914
17558
19173
18727
17330
16152
15681
15895
15669
15363
15144
15140
15251
15483
15465
15764
16900
17936
17676
16550
15397
15082
15073
15113
15468
15549
15617
16553
17677
18182
17199
16616
16445
18908
22791
27524
29026
26348
21534
17944
16248
15506
15235
15157
14978
15017
15000
15206
15228
14824
14803
14437
15237
17367
23462
34696
43878
42500
35093
32491
37793
43901
39741
28686
20253
15878
14798
14900
15615
16701
17872
18371
17608
15932
14962
14316
14495
14739
14947
15349
16225
15910
15294
15030
14580
14790
14628
14824
14947
15077
15220
15136
14873
15213
16551
18473
22951
32490
50293
68709
70928
53689
32899
20415
15974
14816
14358
14520
14289
14192
14546
14358
14202
14098
14235
14537
15454
16661
20676
26165
30871
29785
23992
18481
15654
14903
14558
14693
14390
14171
14085
14218
14442
14465
14393
14303
14179
14294
14488
14308
14354
14016
14009
13877
13907
13948
13966
14016
14500
15664
17808
19864
20367
18306
16546
15373
15362
14817
14700
14397
14239
13887
13671
13876
13797
14504
16030
20078
25203
27454
24877
20117
16363
15163
14880
14737
14484
15046
15747
17418
18479
18363
17343
16074
15615
16928
24471
48033
95609
148093
160715
122166
67975
34526
26399
30282
33889
29987
22926
17154
15064
16229
18418
19097
18126
16374
15138
14058
13417
13336
13561
13678
13621
13623
13721
13679
13642
13383
13441
13568
14412
16938
25830
43024
63449
70673
56752
36354
22804
17986
16444
15366
14936
14837
14870
14249
13529
13101
13371
15047
19337
26731
34587
35693
30749
24958
20911
17708
15201
13715
13331
12998
13004
12770
13345
13254
13626
13686
13782
13848
14271
14638
14661
14114
13767
13482
13470
13759
14457
14930
15123
15504
16454
16835
18172
26893
59567
125734
196391
212270
157417
84036
36746
18832
14300
13757
14349
16832
25170
43793
67554
77902
65672
41536
23907
15936
14221
14477
15130
15325
14810
14018
13384
13541
13466
14349
16504
23969
40569
60370
68544
56031
38818
28638
25124
22131
18940
17387
17200
16926
15944
14828
14408
15007
17021
21194
26045
28134
26487
21172
16667
14389
13439
13208
14524
17785
22502
25922
25234
21044
17207
14400
13775
13243
13103
13215
13014
13193
13352
13333
13202
12945
12982
12955
13170
13622
14585
16977
21349
26814
29214
25932
20341
16322
16345
22669
36972
53579
59278
48240
31253
19956
14664
13299
13033
13470
13424
13238
13482
14283
14796
14926
14295
13795
13593
15994
20984
28592
33701
33159
29923
26833
24581
21609
18833
16167
14480
13356
13664
14758
17359
20070
21085
20224
18416
16123
14850
14217
15108
17656
20803
21335
19442
16676
14686
13863
13331
13268
13124
13190
12988
12901
13397
13327
13504
13524
13740
13562
13294
13363
13103
13364
13551
13930
13994
13897
13941
13298
13316
13324
13655
13960
14201
14497
14227
13599
13160
13073
13244
13730
14076
14498
15820
16645
17767
18078
17294
16053
14839
15119
17229
21341
24338
24467
20812
18713
21001
27140
31815
30367
23986
18287
15290
14738
14510
14054
15027
18846
28555
42980
51716
47560
33909
21694
15601
13573
13208
13273
13408
13257
13474
13205
13379
13733
14130
14883
15166
15513
14937
14675
14356
14039
14611
15168
15742
15669
15097
14542
14053
13739
13401
13484
13632
13531
13488
13951
13540
13644
13452
13532
14037
14824
15534
15405
15022
14204
14026
14728
15251
15708
15933
15683
15749
15401
14520
14019
13824
13768
14042
13767
13545
13351
13437
13702
13679
13723
13672
14343
14767
15145
15830
16648
17628
17802
17947
17758
16504
16111
17075
21211
27395
30990
28463
22576
17480
15443
14317
14082
14110
14900
16640
19562
21177
20502
17928
16189
15259
14424
14220
14435
14506
14384
14303
13482
13624
13148
13530
13584
13763
13715
13479
13119
13456
13370
13948
14321
14148
13736
13501
13449
13374
13707
14446
15630
17066
17286
17072
16614
15844
15108
14762
15077
17466
22489
28679
30743
26847
20542
16110
14229
13929
13429
13451
13602
13357
13655
13303
13562
13343
13375
12837
13257
13564
14034
14154
15149
18036
25344
36519
44903
42389
32263
21841
16137
14010
13867
14279
14236
14207
13521
13668
13557
13390
13078
13276
13166
13461
13523
13446
13322
13562
13844
14166
15125
15374
15116
15768
19212
27888
38600
44701
40213
29309
20408
15874
14110
13884
14003
14163
14888
14794
14832
14726
15051
15346
14957
14491
14403
14358
15514
18279
25284
33723
38346
34865
26160
18760
15394
14431
14386
14885
15628
16582
17624
19411
22557
24803
23801
20801
18064
17532
19491
20634
19700
17211
15750
14904
15067
15860
16168
16662
16793
16812
17185
16744
16265
15886
15734
15416
15625
15776
15441
14974
14598
14377
14347
15000
15638
17130
17934
18077
17523
16482
16570
16825
18400
20068
21239
20680
19340
17774
17033
18018
25255
43976
75697
104543
110732
93190
65553
42189
27447
19782
16720
15619
15858
16479
17102
18059
18653
20029
22041
23365
21940
19800
18987
21308
24848
26702
25886
22040
18426
16295
15008
14629
14466
14738
14408
14549
14278
14385
14462
14453
14655
14755
14797
14195
14049
13983
13831
13699
13936
13991
14249
13974
13914
14279
14291
14909
16436
18340
19863
19517
18025
16321
15679
16421
18023
18775
17959
16441
15029
14409
14490
14738
15241
16019
17753
19335
19434
18007
16184
15802
17533
26981
49256
81859
105468
100107
70459
42334
25784
19330
16479
15298
14523
14695
14685
14654
14669
14362
14492
14474
15249
16500
17151
17932
16962
16073
15295
14783
14955
14779
14593
14280
14225
14499
14756
15035
15436
15488
15616
15023
15721
16609
17453
17823
17014
16652
16297
16826
16797
16441
16114
16676
18832
22546
26597
28238
25162
21058
17689
15881
15349
15259
15227
15061
15044
14719
15474
16970
22782
33837
46670
51605
44323
31534
21748
17442
16954
17199
17531
18563
22423
28789
33246
31274
26217
20250
16699
15527
15214
15100
15083
15455
15821
16167
17473
18374
19095
19146
18541
17445
16088
15297
15272
14891
15429
16121
17585
18614
18468
18482
19454
24021
29058
31689
28488
22147
17650
14995
14291
14074
14173
13933
14148
13968
13918
13912
14164
14321
15081
16745
19832
23260
23706
21769
17894
15330
14174
13921
14402
14227
14454
14600
14368
14716
14939
15171
14582
14055
14208
14307
14554
14419
14725
14898
15139
15437
15932
15546
15118
14708
14215
14148
13739
13708
13878
13597
13741
13325
13535
13468
13598
13807
14803
16299
17856
18734
17788
16027
15467
17511
22829
28434
31678
30073
24918
20992
18089
17387
17336
17468
17015
15699
14665
13979
13665
13952
14473
15288
15837
15601
14996
14108
13956
13711
13929
13844
14163
14482
15196
16630
18702
20121
20166
19749
18691
17614
16686
15993
15294
16845
23811
42938
75067
103691
106002
81745
50847
30110
23003
20456
18629
16366
14874
14495
15325
17728
21326
23844
23336
20924
21286
30045
49413
70780
79638
70328
53234
38908
29873
22266
17377
15164
14443
14714
15184
15391
15314
15194
15047
15000
14840
14547
14385
14380
14404
14908
15824
16123
16985
17138
17019
17500
17450
19818
31990
71605
153417
256714
312008
274470
175289
86258
37965
22227
22143
27394
30044
28424
23365
18589
15433
14317
14020
15345
20197
30379
40902
45293
38953
27557
18641
14269
12912
12501
12378
12488
12816
13295
13812
14083
13951
13462
12698
12473
12669
12994
14970
20354
29709
40164
42780
36264
25908
18874
16792
17815
20060
21337
21562
19429
16889
14632
13664
12840
12791
12470
12472
12531
13232
14048
15399
16441
15856
14470
13708
13223
13302
12936
12990
12718
12811
12617
12486
12694
12741
13116
12927
12951
13574
14272
15546
17578
20508
22790
22344
19295
15956
13764
13000
12396
12648
12601
12735
12814
13707
14952
15978
16236
15366
14377
13393
12732
12679
12490
12793
13449
14771
17875
22834
27316
27771
23463
18116
14510
13159
12734
12449
12776
12515
12639
12860
12866
13004
13706
15017
18004
23412
29848
32959
31215
25778
20871
17912
16789
17040
18728
20185
22088
25323
27671
27910
24593
20187
15979
13960
13226
12880
13030
13220
14021
15350
18874
25869
37934
53537
69941
84935
99589
113164
113558
93210
61370
34308
19847
15537
15019
15405
15675
14760
14193
14194
14515
14570
14600
14303
14196
13746
13956
14630
14631
14348
13801
13009
12682
12769
12524
12578
12521
12411
12428
12596
12842
13077
13309
13514
12960
12794
12655
12871
12963
12929
13071
12471
12792
12684
12605
12867
14321
18432
29832
50649
75306
87930
79909
60687
42639
29836
21314
15933
13337
12340
11838
11696
11828
11839
11823
11977
11997
11993
12039
11921
11889
11769
11859
11775
11715
11958
12073
13198
15195
17252
18825
17922
16306
14085
12675
12604
12648
13645
15425
18175
21275
23437
23539
21598
18891
16949
16024
15563
15213
14178
13616
13107
13132
13142
12911
12901
12632
12666
12777
12741
12750
12929
12691
13147
13963
15084
17655
19401
19727
17938
16900
17618
20433
23675
26048
25980
23641
20651
17580
15295
14285
13846
13871
13694
13554
13942
13493
13398
13387
13597
13615
13707
13499
13485
13687
13788
13978
15612
18595
23556
27992
28628
25107
20167
16636
15064
14387
14278
14021
14591
17483
25772
43289
65414
79235
76287
60398
44374
32835
24412
19058
15650
14624
14217
14028
13685
13279
13172
13611
14098
16009
17960
19136
20954
24127
29612
35355
37629
34696
29693
25327
23462
22598
21815
20200
18863
17309
15656
14050
13237
12951
12625
12827
12917
12885
12805
12559
12788
12974
12939
12852
12824
12831
13075
13405
13741
13930
14119
13978
14060
13617
13869
14075
14316
14580
14416
14194
13655
13432
13181
13388
13555
14201
15379
17187
17406
17016
15187
13676
13265
12738
12825
12837
12836
12905
13116
13509
13688
14160
14510
14159
13996
13419
13294
13262
13784
13960
14286
14243
14437
14055
14139
14108
14057
14025
14879
17116
22035
28600
33307
32177
26027
19869
15880
14027
13645
13422
13356
13244
13372
13367
13241
13309
13105
13169
13174
13191
13561
13613
13568
13230
13481
13647
14079
14516
15224
15567
15350
15565
15446
15347
14689
14317
13856
13449
12925
13091
13109
13009
13282
13787
16097
22075
31904
40815
43377
37033
26826
18965
14859
13533
13133
13195
13135
14293
16297
21478
28117
33186
31904
26216
20118
15688
14302
14093
14485
14740
14645
14006
13413
12772
12467
12597
12508
12566
12468
12626
12815
12754
12942
13363
13809
14333
14006
13872
13514
12955
13008
12801
13093
13547
14568
15239
15342
15594
16020
17614
18494
18445
18371
21531
35579
65611
103710
128667
118420
83248
47710
25747
16532
13863
13015
13213
13681
14211
16334
19824
24775
27625
26661
22870
18306
15178
13712
13165
12957
13110
13168
13436
13581
13592
13489
13203
13417
13327
13246
12854
12771
12529
12399
12369
12528
12462
12495
12355
12706
12777
12756
12762
12716
13026
12823
13133
13151
13040
12974
13556
13574
13565
13335
12919
13243
13111
13345
13630
13223
13368
13340
13023
13180
12982
13405
13528
13749
13950
14040
13855
13457
13137
13097
13504
13994
14834
15789
16285
15634
15454
15436
16628
17859
18550
19068
22378
32319
51636
72172
81205
69988
48085
29245
19141
15256
14045
13828
13771
13858
13888
13746
13942
14135
14738
14855
15262
15517
16820
19264
24267
37417
64230
102282
131370
127621
95223
55991
30305
18421
14631
13478
13338
13252
13704
13936
15053
16695
17843
18113
17154
15261
13831
13168
12723
12679
12735
12954
13652
14188
14017
13653
12774
12267
12040
12002
11995
12034
12025
12168
11988
12194
12036
12105
12190
12145
12428
12155
12138
12312
12174
12168
12339
12498
12689
13913
18266
28282
46230
63944
71082
60432
42023
25566
16862
13499
12301
12249
12390
12320
12989
14216
15048
15090
14734
14585
16536
23917
38271
56554
66432
60575
44498
27772
18112
14018
12471
12269
12105
12311
12144
12216
12280
12117
12244
12002
12280
12480
12867
12540
12659
12406
12462
12641
12272
12292
12538
12438
12818
12549
12696
13334
13419
15014
21011
37129
72252
127021
184612
210844
189680
131946
74217
36196
19225
13833
12314
12744
12954
13635
13747
13644
13134
12775
12725
13646
14372
15219
15836
16630
17321
18792
19449
18645
16115
14352
13347
13468
15525
21334
33239
49991
62246
62049
49045
31875
20201
14842
12848
12977
14550
16741
18432
18409
16341
14474
12754
11988
11868
11641
11664
11406
11341
11508
12085
12586
13392
14643
14792
14200
13303
12254
11734
11667
11659
11964
11953
11823
11584
11536
11724
11758
11681
11981
11812
11509
11218
11489
12880
15947
20398
23387
23191
19588
15732
13245
12409
12519
12828
12926
12900
12211
11764
11264
10991
10936
11112
10737
10723
11175
11262
11924
13377
16088
18863
20426
21032
19766
17215
14258
12368
11434
11157
11032
11161
11322
11481
11446
11195
11753
13626
19789
32225
49696
63035
62066
48346
31089
18907
13150
11024
10192
10402
10348
10528
10710
10647
10738
10538
10435
10738
11514
13503
15976
18401
19046
17610
15079
13121
11660
10641
10471
10198
10319
10348
10339
10291
10171
10373
10428
10691
10876
11360
11608
11382
11032
10762
10375
10201
10257
10068
10281
10226
10395
10427
10356
10667
10981
11561
12644
13737
13927
13766
13113
11958
11306
10741
10504
10399
10437
10405
10522
10327
10169
10419
10409
10780
11154
12617
17977
33844
72911
141281
220545
261748
233895
159283
83500
37941
18254
12302
11391
10917
10865
10490
10269
10225
10381
10587
10624
11215
11745
12802
13693
14145
13574
12580
11190
10658
10445
10771
12231
17411
34207
77618
151406
233812
272485
237474
156713
80283
34891
16525
11181
10214
10793
11393
12381
12293
11235
10403
9575
9130
8995
9191
9511
10398
12150
15201
17386
17758
15910
13243
10813
9914
9602
9579
9441
9198
8933
8732
8664
8535
8675
8803
8778
8908
9270
9052
9146
9089
8958
8823
8886
8997
8996
9068
9140
9164
9068
9152
9060
8924
8872
8868
8985
9150
9236
9456
9412
9374
9088
9581
11797
18223
32192
52660
70077
72644
58178
37993
21927
13329
9954
9064
8770
8760
9012
8971
9045
9256
9134
9424
9655
10411
11840
14069
18948
26125
33893
37253
33769
26294
21531
23385
30673
37160
37089
30282
21091
14480
12008
12124
13961
15142
14356
12369
10484
9502
9077
8933
8972
8947
9133
9017
9136
9390
9582
9744
10135
10373
9928
9463
9282
9055
9030
8998
9498
10447
12542
14654
16122
16380
14476
12299
10801
10038
9577
9451
9541
9512
9892
10575
11588
12340
13054
12463
11771
10603
10183
10351
10891
10726
10609
10015
9754
9823
10653
12026
13131
13481
12602
11278
9798
9219
9016
9039
9180
9443
9730
10120
10175
10471
10690
10321
9989
9792
9824
9844
10416
10493
10236
9979
9393
9279
9229
9185
9087
9038
9102
8989
8968
9189
9364
9388
9992
10085
10539
10783
11701
12292
12461
11975
11115
10499
10182
10184
10469
10615
10642
10570
10546
10613
10194
10175
10004
9947
10166
10541
10835
10776
10547
10122
9799
9612
9752
9933
9732
9721
9744
9778
9776
9835
9810
9835
9859
9985
10117
10009
10106
10205
10814
10764
11249
11840
13206
14757
15587
15327
13787
11886
10501
9665
9485
9435
9581
9558
9236
9474
9374
9202
9104
9436
9278
9466
9582
9620
9502
9836
9939
10900
12527
14385
15314
14592
12799
10958
9896
9566
9395
9516
9432
9572
9552
9827
9665
9671
9623
9552
9825
10232
10497
10327
10152
10244
9916
9842
9556
9338
9580
9755
9877
10371
10659
10893
10720
10713
10266
9783
9630
9423
9555
9740
10983
13933
18678
24344
27395
25367
20066
14977
11496
10242
9770
9969
10098
10777
11361
11721
11063
10524
10403
10642
12363
14670
17477
18717
17785
15377
12537
11186
10825
11049
11811
12422
12315
11818
10714
10205
9756
9767
9885
9510
9494
9463
9371
9712
9456
9418
9469
9904
10520
11518
12495
12946
12328
11766
11187
10560
10297
10489
10877
12204
15387
20915
28630
37057
41807
40777
34833
26628
20386
16565
15084
13629
12622
11575
10667
10093
9949
10037
9784
10145
9903
10008
9908
9958
9776
9947
9761
9874
9999
9957
10245
10162
10307
10146
10150
9761
9666
9614
9865
9946
10433
10684
10817
10673
10466
10186
9957
10072
10330
10647
10948
10957
10608
10212
10402
10052
9986
9704
9724
9527
9671
9510
9495
9613
9383
9803
10117
10515
11235
12115
11998
11538
10704
10120
9840
9695
9690
9561
9861
10062
10365
11250
12371
13527
13963
14023
13294
12620
11529
11033
10533
10443
10468
10373
10653
10735
10611
10585
11618
14960
22428
33957
44065
46697
39388
27831
18216
12725
10443
9817
9398
9539
9650
9471
9592
9788
10476
10867
11661
13354
16318
22791
31055
38666
40307
35444
26013
18145
13335
11423
11549
11510
10935
10119
9584
9258
9389
9750
9426
9829
10044
11011
11095
11040
10398
10060
9633
9480
9666
9725
9680
9687
9662
9775
9715
9635
9635
9646
9511
9775
9855
9781
9569
9657
9345
9380
9529
9939
11234
13493
16632
19147
18753
16988
14031
11467
10100
9588
9406
9363
9344
9415
9767
10059
10191
10278
10059
10244
9909
10315
12126
16433
25354
37530
47268
48475
39710
27714
17916
12612
10491
9857
9609
9857
9881
10672
13781
23981
48980
94360
146948
178661
166394
120949
70036
34175
16876
11044
9435
8911
8811
8845
8995
9135
9326
9578
10172
10419
11062
11443
11355
11013
10874
9974
9579
9135
9148
9075
9166
8989
9236
9262
9409
9344
9116
9469
9740
10615
11302
11610
10886
10206
9759
9721
9443
9455
9469
9507
9590
9881
10059
9995
10024
10316
11455
13707
16916
20295
23001
23087
20717
17412
13691
11562
10227
9641
9415
9222
9348
9347
9563
9576
10313
11192
11977
12253
11833
10963
9915
9326
9096
9042
8956
8991
8875
8982
8997
8964
9089
9020
9282
9066
9355
9378
9181
9126
8995
9040
9122
8904
9091
9510
9594
9716
9832
9460
9564
9120
9056
9192
9501
9717
10174
10503
10593
10404
9784
9512
9291
9255
9152
9090
9272
9521
9543
9551
9892
10356
10650
10988
11118
11079
10738
11477
11877
12556
13138
13784
14289
14288
13514
12887
12873
13467
14971
16088
15940
14564
13402
12395
12476
12765
13228
12827
12608
12479
12533
12596
12830
12949
13190
12641
12174
11707
11338
11317
11482
11440
11373
11511
11677
11506
11296
11017
10897
10989
11346
12001
13581
15016
15761
15205
14169
13299
13480
14121
14083
13525
12281
11115
10474
9815
9828
10177
10266
10543
10918
11213
11442
11919
11740
11209
10890
10516
10176
9799
9914
10007
9894
10239
9991
9985
9961
9884
10156
10275
10142
11104
13450
18861
28664
42529
53285
56983
49605
37110
24609
15988
11646
9983
9531
9607
9555
9835
10019
10097
10125
9980
9940
9636
9549
9574
9464
9733
9819
10022
10136
10226
10027
9637
9620
9414
9601
9576
9566
9597
9543
9631
9675
9687
9407
9612
9743
9957
10005
10169
10560
10939
10952
10855
10680
10338
10031
10185
9990
10115
9828
9835
9931
9951
10042
9921
10036
9962
9945
9760
10009
9984
10311
10370
10520
10688
10216
10589
10325
10478
10533
10698
10742
10942
10977
10816
10874
11382
12635
15910
21860
28918
33493
32184
26518
19839
15048
12562
11676
11263
11278
10869
10960
10732
11081
11067
11221
10995
10694
10660
10506
10583
10500
10406
10354
10322
10409
10606
11135
12100
13063
14067
13585
12900
11801
11619
11973
12995
13872
13893
13049
11817
10814
10246
10160
9974
9805
9924
9912
9980
9850
10071
10068
9935
10248
10343
10573
10741
10686
10674
10133
9916
9801
9803
9737
9966
10300
9947
9827
9640
9519
9716
9670
9859
10683
11449
12155
12017
11938
10858
10397
9654
9396
9286
9239
9576
9584
9675
9671
9955
9725
9635
9791
10457
11285
12821
13072
12554
11649
10489
9969
9934
9949
10132
10353
10297
10593
10240
10533
10671
9989
10050
9800
9724
9363
9553
9437
9567
9738
10168
11255
13366
16316
18879
19150
17046
14799
12594
12408
12791
13281
13642
13327
12271
11240
10562
9817
9746
9458
9430
9335
9313
9322
9295
9170
9176
9295
9246
9335
9908
10887
11936
12418
12203
11358
10535
9549
9329
9105
9163
9278
9670
9718
9991
10130
10092
10008
10121
10075
10111
10846
12627
15471
18542
19444
18203
15532
12546
10950
10368
10200
10443
10579
10490
10643
10197
9987
9893
9584
9956
10120
10878
12317
13209
14127
13623
12625
11658
10882
10688
11798
16291
31209
72846
158640
280194
391167
423545
357350
235202
122481
53837
22960
11874
9114
8547
8256
8413
8400
8396
8690
9069
9070
8982
8977
8682
8305
8259
8057
8313
8091
8141
8249
8316
8231
8191
8210
8377
8533
8753
8570
8514
8370
8391
8289
8093
8360
8489
8389
8604
8549
8598
8201
8221
8253
8211
8029
7914
8136
8221
8178
8187
8356
8493
8597
8626
8726
8879
8891
8700
8554
8378
8245
8305
8201
8171
8279
8188
8401
8506
8713
9442
12242
19173
31777
47068
58519
58162
47140
31075
18977
12226
9226
8247
8015
7871
7978
7862
8032
8016
8277
8374
8485
8487
8547
8400
8651
8458
8612
8571
8251
8182
7997
8064
8678
9820
11800
15249
18974
22596
24106
23163
20120
16315
12627
10577
9197
8636
8136
7913
7905
7754
7779
7679
7777
7828
7996
8014
8104
8171
8197
8038
8046
7925
7900
7866
8068
8083
8213
8407
8612
9690
10952
12188
13503
14321
14252
13882
12977
11033
9373
8342
7783
7551
7638
7599
7442
7692
7661
7916
7871
7904
7870
7991
7671
7675
7356
7649
7642
7696
7612
7721
7757
7689
8089
8633
9915
11593
13209
13547
12188
10506
9182
8075
7608
7482
7411
7602
7469
7366
7169
7216
7330
7272
7368
7374
7461
7761
8470
9921
12417
15172
17420
17391
15343
12361
9875
8288
7586
7469
7290
7128
7349
7357
7363
7530
7886
8652
10553
14430
19991
26498
30695
30451
25711
19035
13288
9873
8266
7585
7414
7322
7267
7211
7265
7219
7317
7373
7407
7478
7441
7413
7389
7491
7552
7376
7562
7495
7409
7444
7592
7626
7680
7834
8211
9526
15135
30045
61455
109849
157361
178549
158569
112216
64313
32123
16287
10619
9064
8330
7848
7383
7019
6954
6873
6981
6967
6967
6892
6741
6840
6714
6803
6803
6883
6821
7098
7015
7181
6881
6893
6942
6995
7298
7361
7559
7825
7899
8145
8317
8579
8879
9924
11191
12551
13433
13736
12829
11111
9608
8465
7919
8068
8381
9078
9851
10660
10459
9823
8934
7803
7439
7068
7009
6901
7024
7399
8340
9651
11328
13023
13566
13742
14307
16247
20137
25033
30020
35838
44050
52464
54419
47220
34479
21655
13363
9214
7686
6879
6909
6850
6679
6885
6933
6787
6632
6823
6536
6799
6808
6988
7094
7213
7418
7770
7568
7421
7163
7027
7450
7383
7229
7366
7230
7160
6928
7055
7037
6897
6961
6806
6905
7026
7217
7697
8872
11111
13458
15197
14690
12964
10477
8565
7253
6881
6657
6674
6865
6948
7234
7171
7637
8758
10543
12688
14014
13703
12165
10081
8510
7449
6949
6790
6803
6804
6765
6708
6666
6654
6638
6727
6860
6966
6897
7170
7259
7489
7625
7435
7605
7692
7595
7652
7768
8174
9021
10400
11815
12292
11618
10306
8940
8138
7373
6992
7069
7020
6940
6793
7025
7019
7077
6974
6957
6954
7144
7307
7238
7357
7776
7832
7896
7519
7372
7457
7424
7751
8734
10538
13287
16238
17883
17190
14685
12078
10192
9629
9630
9878
9650
9291
8510
7888
7591
7275
7266
7263
7342
7338
7410
7364
7427
7325
7426
7468
7324
7723
7893
7974
7729
7490
7264
7183
7155
7142
7024
7315
7484
7559
7172
7151
7165
7306
8471
10305
12862
15396
16325
15056
12683
9819
8177
7316
6994
6688
6701
6882
6734
6739
6936
6782
6759
6860
6863
6858
6884
6698
6786
6716
6748
6697
6807
6971
6951
6955
6804
6797
6628
6749
6882
6535
6718
6689
6758
6656
6809
6985
6858
7239
7204
7325
7440
7303
6988
7079
6895
6942
7240
7682
8759
9716
10788
11075
10634
9954
9349
8839
8289
7853
7586
7446
7285
6943
7086
7052
7485
7761
8274
8941
9061
8849
8170
7730
7522
7305
7331
7248
7163
7153
7041
7182
7035
7130
7158
7178
7251
7070
7418
7484
7677
7779
8078
8904
10816
12825
14609
15207
13919
12181
10343
9374
8871
8667
8048
7907
7561
7359
7493
7591
7906
7708
7701
7873
8007
8808
11340
16854
26387
37196
45434
45470
37805
27455
18358
12519
9481
8093
7602
7576
7680
7851
7542
7522
7446
7336
7297
7308
7453
7152
7275
7465
7616
7692
7604
7945
7976
8077
8349
8696
8556
8288
7811
7587
7356
7292
7237
7191
7227
7136
7218
7350
7609
7856
8146
8988
9950
11180
12091
12392
11511
10111
8999
8052
7642
7316
6851
6766
6721
6731
6618
6675
6622
6730
6922
7095
7113
7183
7707
8295
8491
8713
8224
7846
7257
6987
6792
6881
6786
6677
6754
6531
6651
6834
6666
6810
7036
6928
6645
6862
6493
6568
6644
6607
6802
6824
7379
7396
7716
7393
7290
7551
8379
8991
9657
9341
8811
7880
7188
6865
6768
6832
6849
7019
7595
7864
7896
7916
7693
7592
7242
7264
6884
6967
6813
7061
6892
6765
6682
6596
6970
7265
7798
8832
10174
11587
12730
12749
12143
10349
9040
7958
7445
7059
6698
7011
6780
6762
6788
6946
7104
7007
7091
7244
7341
7395
7733
7732
7818
7850
7828
7536
7605
7400
7269
7190
7067
7087
7198
7178
7335
7415
7783
8578
10462
12431
14453
15907
15346
13243
10945
8885
7904
8184
10242
17062
33771
66240
107941
145325
155516
132751
91746
52676
26516
13835
8753
7415
6913
6899
6749
6795
6820
6766
6756
6846
7302
8140
8976
9085
8857
8198
7628
7017
6607
6573
6655
7098
8101
8611
9588
9851
9189
8562
7746
7159
6569
6318
6442
6181
6107
6541
6276
6343
6427
6816
7323
8164
9214
9918
10062
9564
8726
7694
7124
6786
6454
6387
6367
6490
6578
6718
6799
6996
6804
6673
6672
6468
6455
6400
6150
6354
6329
6423
6369
6054
6315
6324
6203
6406
6257
6320
6331
6386
6401
6613
6541
6466
6253
6347
6394
6273
6286
6387
6380
6313
6432
6426
6780
6655
6464
6387
6393
6258
6142
6275
6298
6362
6514
6810
6891
6994
7067
6969
6675
6723
6624
6893
6790
7234
7706
8962
11048
12834
13593
12920
11114
9318
7794
7165
6811
6817
6541
6610
6643
6773
6662
6684
6870
6773
6748
6718
6794
6808
6709
6697
6517
6680
6708
6623
6798
6607
6685
6729
7047
6892
6937
7372
7378
7439
7189
7007
6854
6681
6595
6638
6598
6659
6560
6666
6608
6655
6566
6715
6734
6601
6595
6595
6801
6738
6854
6988
7319
7650
7894
7921
7623
7810
8195
9347
12145
18291
30028
46145
61745
68787
62058
46114
29296
16741
10421
7732
6930
6667
6467
6419
6521
6505
6616
6447
6511
6414
6491
6577
6563
6402
6584
6573
6581
6740
6515
6630
6569
6599
6589
6515
6517
6644
6578
6613
6630
6647
6596
6627
6801
6766
6753
7024
7193
7651
8192
8684
8914
8881
8619
8063
7398
7048
6947
6722
6720
6615
6669
6774
6561
6815
7064
7634
8536
10013
12226
14260
14819
13737
12084
10385
9445
9092
8860
8723
8222
7448
7220
7179
6925
7035
6971
6901
6788
7008
6949
7014
7023
6920
6947
6980
7135
7161
7448
7655
7774
7632
7353
7311
7185
7511
7697
7882
8029
7985
7917
7510
7361
7297
7154
7009
7121
7234
7146
7269
7284
7547
7742
7916
7764
7822
7616
7282
7023
7186
7213
7212
7427
7682
8931
10910
13391
15797
16725
15627
13047
10538
8764
7701
7412
7155
7471
7376
7639
7334
7506
7309
7277
7255
7263
7169
7057
7134
7224
7192
7143
7051
7265
7198
7133
7424
7303
7446
7223
7260
7337
7773
8013
8109
8200
8248
8165
7740
7571
7528
7404
7433
7260
7178
7266
7151
7277
7139
7209
7302
7261
7620
7735
8075
8171
8162
7947
8030
8241
8293
8340
8370
8150
7994
7721
7398
7430
7299
7209
7240
7453
7511
7302
7474
7592
7591
7736
7961
8091
8120
8115
8057
7709
7633
7476
7384
7351
7420
7316
7210
7367
7357
7322
7464
7176
7358
7399
7543
7565
7602
7646
7867
7905
7943
7902
7768
7606
7519
7598
7705
7714
7687
7782
8017
8232
8472
8584
8707
8410
8227
8059
7962
7589
7627
7596
7388
7595
7682
7682
7817
8299
10004
12558
16145
19273
20692
19448
16554
12875
10335
9017
7980
7728
7826
7716
7580
7599
7645
7712
7868
7948
7861
8011
7810
7749
7623
7488
7507
7621
7622
7507
7836
7795
7602
7596
7885
7678
8057
8114
8481
8476
8440
8288
8135
7878
7822
7931
7811
7795
7903
7885
7891
7695
7875
8152
8293
8837
9621
10446
10989
10579
9937
9269
8674
8208
7790
7904
8096
7888
7960
7887
7711
7816
7916
7851
7738
7913
7695
7769
7835
7672
7743
7821
7854
8018
7925
7902
7756
7572
7753
7878
7905
7918
7966
7868
8167
8167
8409
8471
8702
8532
8711
8650
8718
8718
8460
8503
8445
8734
9327
10420
10917
11267
10949
9896
9174
8967
8948
9311
9889
10513
10790
10658
9941
9377
9019
8660
8235
8291
8211
8297
8372
8573
8945
9122
9493
9493
9765
9760
9666
9569
9467
9454
9280
9220
9030
8837
8747
8778
8662
8935
8947
9171
9120
8911
8770
8580
8555
8460
8498
8402
8318
8328
8303
8275
8432
8379
8463
8508
8519
8530
8541
8616
8787
8816
8756
8829
9011
9066
9185
9591
10880
12736
14727
16579
17607
17096
15563
13475
11633
10307
9608
9396
9566
9451
9469
9469
9288
9311
9051
9013
8929
8631
8736
8738
8622
8734
8766
8953
8839
8503
8500
8609
8639
8675
8990
9125
9014
9261
9304
9776
10278
11320
12450
13087
13827
14036
13363
12365
11179
10089
9188
8930
8665
8734
8741
8595
8546
8562
8626
8677
8797
8696
8522
8575
8808
8654
8446
8469
8650
8424
8536
8445
8640
8679
8559
8574
8440
8607
8710
8865
8726
8824
8803
8888
8898
8878
8960
8775
8726
8488
8618
8672
8742
8688
8633
8846
9030
9225
9297
9476
9418
9320
9052
8895
8946
9004
8765
8868
8954
8925
9084
9029
8934
8954
8932
8841
8679
8826
8739
8693
8841
8972
9165
9524
10102
11390
13289
15603
17386
18132
16823
14605
12547
10721
9932
9252
9110
9038
8873
8833
8823
8914
8875
9019
8897
9078
8801
9202
9097
9345
9527
9269
9266
9290
9088
9149
8809
8872
8811
8816
8691
8975
8770
8888
8990
9141
8900
8948
9102
9019
8856
9398
9671
10425
11388
11682
11959
11550
10199
9916
9565
9273
9210
9165
9133
9243
9170
9115
9215
8870
9009
9274
9468
10017
11318
13890
19537
29858
45081
63430
80504
87960
85366
71523
53919
36924
24335
16822
13021
11266
10352
9992
9947
9707
9897
9861
9978
9995
10264
10259
10285
10154
10069
9638
9761
9963
10322
10364
10564
10452
10275
10088
9780
9668
9452
9400
9237
9524
9396
9454
9422
9547
9284
9418
9256
9132
9497
9304
9413
9149
9218
9171
9264
9203
9225
9332
9412
9488
9369
9580
9468
9637
9409
9581
9448
9573
9381
9249
9244
9260
9200
9391
9243
9406
9134
9198
9228
9025
9331
9201
9554
9477
9461
9277
9586
9593
9570
9445
9386
9176
9241
9352
9523
9503
9501
9470
9506
9565
9548
9569
9505
9857
9873
10158
10159
10126
9735
9816
9722
9901
10202
10446
10436
10478
10601
11105
12440
14902
18513
21719
23119
21781
18476
14911
12065
10646
9910
9899
9877
9810
10355
10828
12149
15180
22125
34308
51553
72660
90222
98122
92321
76148
56282
37969
24901
17238
13285
11466
10723
10207
10163
10012
9989
10063
10131
10156
10155
10304
10111
10155
10048
9894
10283
10321
10580
10683
10590
10499
10474
10140
10266
10756
11534
12911
14783
15900
16118
15321
13607
11982
10867
10446
10030
10337
10021
10087
10063
10266
10255
10286
10404
10296
10227
9996
10122
9891
10272
10204
10108
10385
10413
10681
10470
10522
10158
10097
9982
10011
9860
9854
9806
10069
10538
11381
12179
13176
13136
13036
11886
10965
10449
9962
9965
9812
9767
9711
9972
9867
9934
9845
9831
9801
9745
9966
9945
10276
10409
10058
10318
10497
10360
10357
10462
10471
10338
10506
10594
10642
10567
10471
10722
10535
10475
10318
10347
10173
10364
10164
10337
10242
10294
10351
10152
10039
10040
10288
10463
10487
10901
11102
11004
11089
11050
10448
10063
10071
10205
10089
10123
9983
10111
10053
9976
10057
10003
10144
9984
10546
10520
10736
10677
10748
10460
10278
10249
10094
9963
10119
10084
10031
10033
10059
9996
10036
10201
10104
10342
10250
10111
10213
10326
10290
10282
10481
10473
10852
10693
10496
10746
10551
10411
10366
10470
10380
10388
10523
10569
10471
10655
10803
10788
11139
11225
11121
11345
11419
11246
11444
11298
11394
12007
12564
13106
13947
14381
14659
13832
13087
12675
12507
12244
12334
12131
12250
12176
12139
12390
12223
12473
12461
12517
12604
12686
12608
12639
12910
12819
12774
12986
12764
12906
12909
12977
12666
12829
12386
12204
12217
12021
11890
11865
12120
11595
11799
11619
11618
11734
11426
11619
11664
11433
11474
11465
11684
12006
12370
12925
13396
13490
13413
12879
12354
11668
11531
11403
11476
11507
11689
11788
11576
11516
11350
11463
11251
11129
11017
10902
11279
10879
10932
10990
10902
10994
10998
10982
11071
11000
11025
10996
11057
11039
10784
11000
10855
11012
11091
11499
11968
12509
13322
13579
13438
12764
12026
11713
11340
11249
11445
11264
11274
11372
11418
11419
11526
11419
11630
11335
11491
11615
11633
11563
11749
11781
11726
11962
11930
11981
12289
12544
13170
14817
16710
19241
21530
22153
21496
19415
17713
16193
15327
14724
14199
13852
13428
13419
13428
13576
13909
14142
14672
15043
15234
15328
15149
15001
14922
14686
14686
14874
14680
15053
15234
14834
15163
15040
15207
15386
15385
15401
15466
15314
15434
15529
15555
15797
15718
15685
15442
15000
14669
14689
14424
14431
14440
14486
14514
14585
15055
15852
17194
18729
20081
20450
19187
18016
15747
14453
13922
13547
13284
13082
13125
13196
13193
13141
12925
12966
12759
12647
12510
12426
12741
12591
12652
12755
12489
12279
12562
12332
12242
12401
12310
12237
12452
12292
12531
12581
12572
12124
12257
11912
11937
11582
11648
11501
11414
11411
11368
11040
11207
11133
11266
11343
11266
11302
11264
11592
11613
11684
11485
11488
11418
11160
11178
11031
10993
11071
10976
11030
11281
11264
11544
11507
11941
11901
11439
11478
11069
11003
10907
11086
10975
10911
10875
10947
10906
11128
11268
11289
11124
11290
11230
11300
11465
11986
12277
12591
12587
12473
12079
11745
11377
11371
11340
11253
11548
11668
11766
11673
11885
12008
12243
11906
12877
13737
14760
16417
17957
18697
18499
17845
16071
14715
13526
12934
12459
12203
12142
12455
12343
12526
12514
12504
12780
13136
12990
12982
13188
12952
12848
13005
13107
12651
12615
12432
12211
12180
12071
12258
12233
12232
12471
12404
12557
12367
12130
12076
12037
11964
12023
12056
11960
12106
12315
12612
13195
13606
13776
13617
13462
13187
13201
13334
13507
13489
13069
12638
12462
12145
12042
12246
12610
14256
20043
37183
80190
162802
289851
430277
530417
535074
447079
310366
179792
90151
40787
19646
11732
9205
8146
7871
7703
7755
7647
7924
7692
7623
7716
7736
7497
7353
7508
7323
7239
7305
7351
7413
7078
7148
7013
7206
7321
7175
7221
7325
7403
7633
7470
7366
7215
7072
6961
7074
7056
7405
7354
7486
7479
7310
7190
7029
6980
6998
7034
6786
6830
6915
6782
6835
6854
6758
6858
6843
6752
6882
6832
6964
6880
6893
6882
6858
6923
6923
6993
7061
7060
7136
7120
7137
7000
7003
7034
6736
6963
7052
6910
6930
6994
7327
7412
7511
7838
7761
7877
7879
7905
7864
7631
7501
7194
7460
7382
7587
7802
8093
8398
8386
8539
8477
8306
7955
7910
7740
7698
7457
7481
7612
7684
7698
7765
8022
7969
8016
8222
8754
8637
8832
9138
9239
9469
11534
17731
37002
81693
167156
293437
430124
520364
521350
430136
295002
168238
81185
35375
15446
8198
5988
5549
5253
5447
5685
5838
5768
5934
5870
5689
5478
5120
5121
5074
5093
5040
5118
5056
5066
5054
5092
5171
5408
5278
5415
5375
5399
5402
5510
5763
6003
6287
6210
5993
5626
5349
5072
4849
4979
4744
5009
4835
4938
5051
5098
5216
5378
5588
6086
6993
7611
8132
8188
7714
6858
6038
5530
5114
5120
5119
5169
4981
4948
5006
5013
5013
5043
5160
5298
5444
5641
5725
5650
5224
5113
5046
4928
4793
4992
4641
4918
4943
4963
4990
4982
5007
5086
5180
5086
5116
5253
5109
5115
5215
5046
5026
4964
4862
4953
4955
4969
4990
4817
5027
4974
5071
5281
5280
5570
5425
5650
5631
5172
5165
5026
5043
5046
5038
4956
5029
4995
5072
5202
4989
5090
5248
5206
5225
5215
5347
5325
5087
5109
5152
4948
5233
5129
5165
5079
5116
5198
5287
5306
5212
5300
5117
5287
5233
5236
5120
5294
5291
5291
5300
5357
5316
5195
5058
5167
5221
5387
5386
5348
5427
5480
5622
5800
6389
6531
6638
6204
6101
5636
5531
5407
5368
5344
5294
5204
5219
5171
5129
5295
5339
5198
5270
5282
5350
5505
5617
5819
6067
6706
7295
7819
7810
7315
6789
5979
5611
5292
5405
5257
5227
5212
5160
5150
5192
5137
5141
5256
5203
5336
5310
5423
5415
5355
5364
5427
5317
5534
5431
5291
5402
5317
5243
5251
5325
5167
5301
5156
5241
5098
5067
5133
5056
5085
5168
5279
5324
5368
5222
5272
5506
5703
5780
6182
6512
6520
6363
5924
5538
5354
5344
5221
5176
5145
5149
5333
5274
5453
5405
5314
5245
5586
5551
5459
5528
5524
5461
5392
5555
5518
5500
5580
5642
5676
5546
5464
5274
5369
5428
5396
5355
5442
5388
5334
5386
5331
5388
5316
5560
5561
5557
5509
5562
5898
5730
5781
5772
5866
5617
5596
5489
5429
5411
5452
5318
5252
5399
5522
5415
5497
5511
5516
5480
5621
5491
5524
5556
5476
5615
6044
6680
7290
8397
8956
9052
8680
7660
6847
6256
5837
5715
5375
5464
5632
5862
6194
6920
8182
9840
11856
13550
13728
12451
10625
8658
7361
6369
5933
5761
5611
5503
5556
5466
5446
5544
5818
5839
5954
6068
5842
5775
5792
5761
5746
5605
5622
5514
5519
5590
5408
5728
6104
6551
7720
8810
9141
9099
8459
7431
6544
5964
5812
5590
5441
5641
5494
5463
5430
5470
5264
5364
5331
5518
5306
5272
5339
5486
5419
5394
5538
5705
5876
6183
6158
6519
6511
6612
6586
6314
6226
6445
6531
7088
7968
8571
9210
9362
8964
8240
7377
6539
6016
5825
5653
5406
5403
5469
5499
5421
5543
5365
5507
5677
6070
6693
7576
8734
9418
9722
9007
7871
7046
6228
5935
5614
5681
5793
5835
5681
5862
5863
5880
5812
5865
5817
5734
5658
5729
5670
5548
5481
5516
5488
5640
5470
5413
5610
5549
5540
5495
5579
5720
5940
5993
6361
6453
6187
6114
5972
5891
5743
5780
5877
5707
6028
5853
5948
5903
5625
5616
5982
6506
7846
11091
17123
26318
36054
43868
45163
39466
29979
19949
12933
8581
6611
5948
5588
5595
5529
5442
5481
5724
5639
5857
5881
6139
6387
6198
5967
5850
5624
5608
5506
5449
5651
5333
5497
5593
5424
5600
5659
5686
5796
6040
6203
6546
6691
6743
6484
6192
5971
6014
6184
6394
6688
6654
6547
6254
5986
5751
5689
5618
5580
5539
5752
5671
5758
5790
5943
5861
5717
5816
5824
5531
5842
5799
5736
5714
5596
5811
5686
5631
5853
5781
5779
5643
5632
5752
5746
5845
5719
5667
5738
5656
5750
5649
5770
5752
5708
5880
6073
6312
6796
6596
6887
6988
6765
6564
6314
6229
5858
6050
6028
6015
5881
5921
5884
5829
5836
5810
5764
5665
5685
5772
5846
5934
6049
6106
6126
6087
6049
5902
6039
5839
5776
5994
5986
5787
5727
5963
5830
5961
5853
5903
5921
5916
5918
5853
5920
5943
5953
5845
5916
5863
5981
5930
5946
5966
6043
6024
6056
6039
5946
5973
6077
6077
6024
6026
6135
6038
5988
5962
6161
6281
6545
6803
6881
6703
6714
6823
7164
8289
9398
10553
11055
10859
9857
8466
7453
6733
6336
6069
6306
6135
6013
6030
6109
6015
6048
6010
6108
6191
6065
6216
6039
6161
6163
6060
6081
5989
6072
6167
6140
6030
6148
6076
6139
6072
6020
6279
6202
6239
6165
6190
6222
6215
6312
6290
6312
6446
6419
6188
6182
6260
6048
6158
6137
6087
6053
6206
6044
6160
6165
6009
6113
6165
6174
6168
6208
6157
6045
6377
6179
6183
6074
6172
6250
6188
6258
6184
6314
6146
6303
6310
6268
6441
6451
6258
6243
6348
6179
6225
6325
6407
6451
6420
6400
6276
6346
6394
6579
6662
6737
6701
6787
6729
6793
6591
6733
6701
6758
6514
6495
6562
6499
6494
6417
6467
6567
6453
6530
6757
6523
6581
6466
6566
6628
6611
6519
6628
6637
6608
6794
6816
6823
7145
7338
7254
7222
6946
6959
6844
6811
7524
9056
11805
15458
19732
22820
23925
22049
17927
14115
10960
8873
8083
7609
7396
7437
7382
7328
7352
7439
7876
9102
10959
14099
17743
21195
22582
21668
18418
14852
11890
9666
8622
7961
7956
7898
7912
7864
8058
7988
7985
7872
8013
8088
8273
8153
8262
8090
7967
7876
7969
7947
7869
8022
8096
8073
8109
7983
8056
8014
7980
7935
8011
8080
8126
8087
8105
8011
8053
7981
7989
7940
7892
7642
7883
8106
8092
8436
8333
8242
8232
8221
8135
8208
8063
7812
7990
7949
7763
7896
8044
7941
7799
7860
7810
7816
7793
7956
7975
7915
7776
7870
7835
7679
8081
7846
7889
7758
8064
8111
8213
8105
8043
7997
7924
7919
8061
8154
7915
7809
7993
8153
7769
7947
7989
7807
7908
8050
7998
7957
8035
8060
7979
8050
7894
8108
7945
8035
8087
7940
8060
7920
8045
7993
8052
8180
8105
8044
8110
8164
8071
8090
7988
8106
8026
7953
7954
8041
8083
7936
7945
8016
8131
8129
8078
8126
8121
8077
7945
8065
8080
8231
8072
8337
8821
8843
9026
8908
9023
8769
9108
9011
9117
9013
9019
8822
8732
8547
8331
8402
8493
8201
8303
8543
8415
8323
8296
8296
8352
8411
8550
8693
9192
9439
9604
9660
9294
9415
9002
8902
8648
8660
8564
8488
8424
8273
8460
8362
8760
8850
9010
9785
11102
13853
18753
25861
34867
44052
50423
51812
47360
39722
30663
22340
16344
12463
10798
10069
9594
9388
9441
9168
9364
9192
9275
9337
9462
9388
9342
9541
9478
9575
9658
9541
9581
9889
9733
9759
9733
9818
9902
9747
9704
9838
9734
9609
9672
9720
9716
9964
9719
9875
9856
9873
10123
9993
9905
9969
9646
9817
9808
9865
9506
9796
9732
9826
9768
9596
9687
9696
9766
9862
9705
9706
9658
9693
9819
9764
9789
9741
9822
9823
9767
9827
9632
9833
9837
10299
10899
12050
13016
14354
14997
14700
13532
12184
11026
10295
10089
9734
9744
9755
9597
9713
9613
9741
9680
9865
9907
9763
9839
9715
9642
9804
9912
9944
9879
9657
9814
9855
9768
9947
9714
9778
9779
9953
9785
9974
9676
9674
9809
9841
9846
9895
9858
9850
9779
9732
9645
9898
9929
9950
9848
9766
10070
9858
10166
9995
9871
10390
10056
10156
10018
10037
9832
9912
10016
9952
10044
9808
9884
10039
10062
9983
9982
10184
9980
10114
10029
10036
9925
10179
10131
10268
10064
10175
9976
10154
10279
10115
10247
10264
10238
10286
10202
10263
10477
10313
10475
10269
10227
10232
10308
10570
10469
10359
10333
10387
10474
10363
10699
10383
10598
10339
10460
10485
10550
10363
10661
10518
10583
10630
10787
10719
10894
10682
10730
10987
10784
10624
10806
10803
10810
10875
10775
10893
10942
11006
10615
11021
11019
11170
11056
10979
11124
11367
11316
11169
11114
11319
11356
11680
11365
11559
11730
11688
11629
11967
11834
12174
12253
12036
12216
12350
12109
12285
12374
12445
12354
12317
12448
12424
12452
12186
12479
12447
12485
12386
12362
12380
12383
12442
12702
12668
12796
13359
14264
15491
17144
17930
18444
17718
16243
14833
13731
12978
12798
12609
12580
12555
12483
12468
12602
12528
12572
12569
12477
12641
12667
12680
12674
12758
12852
12664
12616
12794
12665
12746
12718
12814
12629
12878
12699
12846
12670
12784
13004
12565
12908
12930
12947
13074
12872
12783
12784
12934
12863
12998
13141
13224
13113
13409
13065
13158
13184
13119
12985
13174
13067
12767
12927
12998
13076
12917
12861
12662
13117
12970
13112
12837
12915
12965
12899
12817
13109
13035
13133
13109
13145
12931
12616
12996
13041
13052
12989
13109
12960
12872
13048
13090
12810
13165
12953
12854
12805
12533
12815
12782
12622
12458
12531
12554
12242
12084
12363
12027
11863
12101
12049
11861
11698
11596
11604
11636
11552
11625
11478
11686
11589
11543
11618
11583
11754
11639
11428
11388
11739
11468
11467
11359
11437
11418
11392
11188
11371
11390
11463
11476
11325
11426
11314
11397
11387
11621
11461
11484
11298
11416
11330
11206
11529
11651
11518
11351
11207
11333
11499
11357
11336
11227
11472
11356
11495
11390
11585
11408
11386
11283
11393
11310
11461
11372
11631
11534
11541
11495
11561
11522
11705
11559
11522
11437
11587
11687
11794
11754
11842
11653
11733
11647
11948
11938
11704
11881
12076
11939
11969
11662
12174
12003
12323
12148
12268
12307
12145
12454
12450
12466
12505
12740
12795
12818
12901
13388
13847
15068
18124
23887
36058
57538
89880
131862
174291
206630
217705
202907
169099
126615
86551
55960
36849
25310
20268
17553
17137
17239
19174
23604
31900
48631
74273
108437
146548
177705
192751
186499
160080
123488
87294
58295
38605
27560
21592
18836
17708
16956
16670
16330
16312
16367
16045
16354
16209
16327
16141
16209
15907
16035
15896
15875
15933
16022
15876
15914
15943
15731
15816
15827
15595
15469
15543
15446
15516
15479
15386
15540
15318
15306
15361
15556
15481
15418
15301
15416
15084
15071
15034
14923
14859
14757
14926
14593
14637
14921
14805
14515
14518
14510
14489
14538
14777
14595
14517
14522
14292
14162
14182
14027
14189
14138
14406
14149
14037
14273
14341
14194
14028
13925
14096
14157
14127
14265
14049
13968
13871
13860
13765
13790
13910
13740
13695
13701
13502
13825
13792
13784
13844
13621
13796
13893
13786
13761
13805
13733
13589
13630
13561
13628
13420
13393
13611
13400
13252
13538
13428
13556
13398
13286
13319
13305
13243
13253
13384
13178
13106
13328
13180
13331
13114
13200
13417
13255
13234
13223
13169
13285
13066
13138
13268
13161
13051
13118
13337
13335
13335
13415
13534
14347
15358
16189
17173
17660
17304
16668
15423
14769
13903
13702
13301
13160
13081
13251
13149
13199
13342
13065
13261
13595
13845
14396
15797
17008
18281
19218
19044
17594
16519
14954
14331
13883
13488
13600
13400
13338
13604
13617
13646
13686
13943
14836
17073
23397
37755
65427
107950
157728
201498
221602
208386
168664
117676
73156
42425
24891
16737
13802
12896
12472
12309
12705
12635
12675
12626
12906
12868
13222
13092
13500
13282
13452
13750
14172
14286
14703
14881
15141
15030
14543
14235
14189
14058
13830
13946
13751
14067
14054
14065
14216
14224
14092
13901
14328
14213
14166
13947
13892
13962
13744
13936
13818
13960
13859
13656
13588
13363
13615
13646
13618
13465
13536
13277
13389
13349
13209
13438
13337
13364
13239
13181
13175
13318
13207
13346
13502
13212
13327
13211
13144
13225
13369
13304
13177
13214
13277
13480
13504
13605
13491
13595
13562
13526
13848
13598
13663
13947
13536
14044
13941
14234
14186
14111
13987
14385
14644
14633
14765
14904
14979
15000
15221
15433
15375
15421
15617
15916
16187
16246
16202
16894
16672
16983
17208
17309
17473
17921
17614
18194
18129
18367
18705
18577
18933
19053
19185
19567
19920
20468
20178
20645
20465
20664
20212
20086
20077
20013
19857
19597
19459
19137
19081
18820
18879
18693
18726
18634
18526
18547
18695
18449
18600
18507
18377
17958
18007
17720
17657
17077
17040
16555
16487
16507
16043
16064
15674
15987
15649
15572
15800
15362
15269
15457
15185
14882
15161
15169
15246
15108
15026
14932
15162
15066
14956
15279
14887
14979
15134
15115
14920
15100
15002
15105
14817
15018
14876
14977
15193
15290
15058
14892
15149
15284
15302
15011
15300
15196
15372
15253
15418
15378
15406
15421
15577
15503
15725
15614
15702
15516
15803
15773
15819
15891
15902
16029
16243
16290
15927
16306
16457
16266
16301
16691
16464
16841
17009
16897
17158
17143
17288
17111
17282
17547
17755
17499
17793
17879
17945
17969
18078
17912
18081
18116
18390
18479
18467
18707
18860
18952
19078
19372
19303
19477
19535
19718
19550
19834
19952
20009
19964
19889
20233
20220
20247
20605
20543
20874
20971
21311
21209
20941
21166
21607
21457
21818
21487
21892
21759
21759
21882
21931
22050
21748
22213
22037
22016
22096
22072
22055
21987
21993
22275
22258
21947
21832
22105
21796
21856
21814
21804
22067
22059
21789
21839
21603
21409
21019
20833
20745
20673
20214
20130
19935
19881
19611
19335
19489
19028
18977
18891
18529
18123
17789
17854
17755
17334
17449
16766
16716
16565
16535
16084
15967
15760
15765
15547
15132
14922
14675
14738
14229
14038
14109
13502
13445
13474
13150
13211
12926
12795
12771
12130
12111
12172
11928
11712
11687
11402
11362
11312
11139
11137
10924
10929
10642
10758
10360
10221
10332
10288
10165
10152
10165
9995
9879
9886
9622
9556
9520
9663
9560
9540
9383
9722
9439
9450
9564
9254
9372
9319
9357
9207
9096
9313
9189
9016
9114
9071
8941
9047
9128
9090
9083
9148
9063
9268
8968
9003
8957
9048
9081
9124
9132
9303
9250
9139
9231
9196
9137
9201
9231
9231
9272
9194
9469
9449
9352
9384
9509
9379
9397
9534
9671
9722
9478
9778
9879
9897
9770
9767
9766
9898
10136
10187
10148
10250
10277
10364
10475
10600
10732
10919
10861
11233
11211
11162
11518
11757
12135
12178
12545
12708
12856
13204
13826
14779
17814
27599
52731
110359
218726
390775
605798
806522
917423
897155
749978
537552
333572
179544
85641
39446
19103
11830
9662
9635
11398
17557
34544
75053
157861
293690
474111
656861
782736
792254
689783
513910
327125
180425
85951
36004
14306
5582
2713
1797
1559
1384
1455
1251
1289
1181
1161
1160
1094
1088
1024
1110
1018
974
983
1012
960
971
896
927
919
888
872
870
840
851
831
821
855
832
785
846
808
812
756
745
734
722
737
711
717
731
717
686
683
718
697
702
672
669
654
659
654
649
631
620
639
619
651
607
579
599
644
546
562
593
549
576
573
580
602
581
585
533
526
492
546
519
538
534
503
520
541
511
493
514
461
437
518
469
445
502
482
492
509
560
525
560
618
649
561
573
522
491
493
450
436
437
442
415
435
388
388
417
424
422
424
428
406
439
383
491
466
492
533
484
529
511
440
470
425
413
390
453
450
453
476
495
573
625
564
580
499
474
470
433
412
389
396
392
415
365
424
409
395
403
450
464
513
579
609
611
553
486
460
400
388
380
387
352
352
392
361
354
346
389
426
385
386
382
402
418
356
390
414
420
416
419
462
410
407
384
359
371
393
411
389
354
367
373
428
451
489
452
517
473
515
442
424
404
394
379
369
405
380
376
381
402
380
380
387
436
387
409
413
411
387
398
409
355
385
387
420
402
338
381
366
375
383
421
383
404
406
388
400
375
422
419
379
393
390
393
397
368
388
414
378
391
397
391
414
435
375
390
393
368
379
390
411
400
375
372
423
417
403
386
393
411
374
374
410
541
669
768
1073
1283
1483
1560
1647
1466
1270
1114
994
931
875
879
894
762
708
561
502
452
446
453
362
447
395
426
431
449
443
472
436
466
464
409
404
379
434
363
415
411
421
413
399
397
373
373
354
456
434
426
411
438
420
399
400
411
422
390
434
384
449
408
418
417
403
435
443
394
399
427
387
438
422
376
407
403
398
416
399
419
417
408
463
508
482
550
530
514
491
487
438
402
389
446
400
412
400
385
430
382
404
408
375
389
423
405
428
460
383
426
413
391
424
436
381
382
410
352
375
401
427
401
400
428
369
386
387
387
401
395
418
423
419
446
405
414
421
410
400
413
405
414
435
415
447
396
367
406
428
413
388
401
438
397
424
433
440
427
422
400
436
467
444
461
444
459
428
443
425
356
419
399
434
438
422
424
482
538
614
665
747
806
771
767
684
620
549
481
416
413
390
409
436
449
420
459
466
515
572
616
782
798
795
812
705
561
535
490
435
409
398
427
419
411
400
417
410
406
419
439
468
465
483
470
441
450
423
418
400
432
393
406
432
415
447
406
400
429
411
404
381
429
406
452
398
409
428
404
402
418
407
399
451
466
426
411
447
444
431
440
428
436
480
424
429
456
448
457
402
429
399
419
406
446
454
452
427
418
429
457
440
468
438
469
419
484
458
443
470
489
462
445
442
469
445
427
447
433
427
441
444
397
425
479
439
404
426
437
428
450
445
431
397
424
466
434
446
446
447
443
420
445
394
412
452
439
415
428
438
451
456
454
496
409
427
435
457
418
455
428
447
444
422
434
451
440
457
451
423
462
435
471
485
492
479
438
506
457
483
455
453
497
467
455
431
450
462
428
445
481
458
459
437
518
525
460
465
477
468
459
472
447
473
480
498
464
442
418
474
447
453
485
454
446
467
468
454
443
461
448
498
464
501
477
498
484
465
530
489
459
503
460
465
488
445
484
483
467
535
440
504
465
505
503
529
487
514
480
505
500
473
437
453
453
463
437
471
450
429
454
493
481
457
498
481
483
488
463
470
522
465
470
469
526
482
477
478
480
495
488
473
484
498
498
486
522
465
464
477
489
498
493
472
502
460
520
551
524
527
491
478
477
535
468
512
544
513
532
530
487
538
526
526
504
528
502
518
524
533
516
548
553
563
569
526
553
540
492
491
557
464
508
482
512
523
533
510
566
523
505
498
543
539
514
507
524
514
535
536
511
540
526
538
524
526
533
559
541
555
582
491
526
533
519
514
560
557
511
537
548
557
553
542
545
543
579
542
542
530
514
528
486
506
582
498
530
534
513
502
518
503
547
540
476
477
553
469
515
532
516
507
523
534
489
540
581
645
805
1113
1529
1908
2215
2314
2200
1733
1390
1058
804
690
676
558
597
559
599
560
581
556
529
526
581
527
523
525
511
554
573
526
532
550
547
594
598
549
609
532
538
546
593
512
560
545
532
568
576
565
625
692
783
877
1024
1029
1093
1051
897
840
712
692
572
590
520
516
502
549
561
600
562
632
628
679
669
681
641
586
550
563
563
489
520
581
517
533
513
547
556
578
585
619
692
672
645
632
593
579
611
563
536
540
546
533
542
542
549
585
566
586
562
564
555
562
566
586
528
531
561
528
520
483
608
539
598
564
548
546
615
562
602
648
797
1080
1702
2450
3531
4687
5364
5496
5273
4642
4091
4039
4410
5010
5586
5607
5073
4521
3408
2413
1719
1199
845
716
710
615
598
597
613
588
573
587
592
599
597
608
573
608
651
576
577
580
581
640
566
604
600
598
559
619
615
575
607
593
598
567
618
589
634
571
658
603
591
588
588
566
556
616
611
624
580
647
569
551
587
571
591
565
578
585
584
602
581
592
582
589
555
573
597
592
589
571
573
586
609
583
642
608
563
613
625
586
561
637
644
616
635
622
601
646
660
626
598
610
678
625
678
666
670
630
654
650
659
663
674
707
646
661
678
679
657
688
658
628
676
663
655
599
661
678
638
629
676
619
663
635
597
671
647
615
652
657
641
640
624
600
660
659
677
622
608
617
640
683
614
630
654
666
625
645
711
664
658
623
612
652
609
631
626
653
638
655
606
641
698
636
698
650
630
665
627
633
642
675
649
616
670
629
626
654
650
626
637
622
653
597
660
653
676
655
667
638
655
661
638
685
649
646
624
633
626
646
665
653
641
643
650
711
639
618
691
723
716
694
645
699
714
668
672
686
697
671
640
675
680
671
688
649
685
685
676
686
779
724
750
744
705
693
672
700
732
752
711
744
714
731
725
727
698
677
698
699
770
715
704
719
692
696
757
725
736
790
722
742
708
732
751
675
726
786
709
752
721
736
710
726
698
732
661
724
684
760
764
700
769
687
729
747
758
747
697
768
756
742
743
736
759
733
745
782
796
761
766
787
792
724
773
714
770
798
785
795
830
832
853
781
786
810
862
807
858
861
800
874
843
829
827
849
859
886
854
875
878
848
874
826
869
892
875
892
902
880
870
865
887
903
833
888
894
872
871
922
918
907
896
845
930
940
892
933
919
865
968
1007
1024
950
920
912
938
946
968
909
883
905
823
859
847
913
944
893
918
855
995
955
829
902
917
918
842
863
892
865
885
886
909
828
870
887
877
869
878
910
879
817
889
850
899
880
806
844
807
801
832
797
833
885
820
793
840
795
832
825
829
789
809
838
814
832
848
804
779
769
828
805
790
766
787
794
817
775
787
759
853
815
807
763
798
777
743
796
803
756
871
749
788
791
770
782
786
801
707
769
737
824
781
825
758
758
816
808
797
857
775
800
815
833
840
811
901
939
952
1076
1076
1072
1067
1015
946
893
872
869
817
789
825
787
853
835
838
846
873
792
869
881
855
821
856
787
842
871
890
842
859
809
817
854
800
840
853
801
883
892
855
868
883
861
863
838
826
787
864
885
864
854
883
831
832
783
896
836
824
853
735
794
880
840
870
911
870
851
856
838
809
867
808
804
805
858
837
847
836
885
868
885
892
1028
1214
1600
2467
4040
6461
10020
14170
18517
21670
22790
21553
18393
14393
10193
6722
4241
2712
1805
1414
1162
1011
1059
995
953
936
934
936
960
926
951
968
935
939
992
903
925
918
914
901
971
929
873
930
888
946
931
876
911
834
913
872
916
889
880
886
899
906
885
864
940
795
899
907
918
887
904
880
859
912
922
913
873
924
874
852
880
893
881
889
889
874
909
848
880
907
896
853
918
860
890
895
897
850
921
849
857
915
840
902
850
823
868
869
888
852
876
857
897
907
930
856
874
944
866
954
937
934
897
938
916
910
906
838
868
897
859
867
861
849
904
896
939
861
885
891
967
877
924
871
884
1001
1144
1444
2319
3889
6602
10190
14423
17173
18870
18311
15079
11340
7422
4507
2724
1600
1072
935
832
743
780
748
688
752
730
749
652
723
760
729
700
709
749
724
756
733
731
792
740
758
741
687
725
667
736
756
743
667
685
680
723
702
688
639
670
750
707
676
744
745
705
723
713
646
697
718
700
663
659
704
688
677
650
677
712
731
680
706
684
680
713
643
704
692
712
696
725
680
715
759
664
673
699
695
721
712
677
737
724
741
697
766
731
724
711
771
751
777
815
818
850
949
830
863
866
859
885
882
875
852
830
811
866
856
846
810
750
855
837
799
843
827
810
814
777
819
812
821
819
810
786
766
759
787
778
807
767
751
751
732
804
758
761
772
798
721
758
804
786
765
762
793
778
826
810
787
797
776
794
807
795
804
771
776
814
798
812
772
826
793
745
800
811
786
830
829
782
832
822
776
834
772
809
811
868
859
851
818
898
979
871
891
914
920
904
912
928
913
947
944
937
929
980
1007
1010
975
949
1004
1006
1050
1042
1023
1113
1108
1100
1114
1118
1112
1122
1179
1102
1169
1128
1126
1046
1090
1110
1047
1061
1018
904
948
921
900
961
867
885
938
934
830
901
905
861
885
834
892
869
880
881
831
800
812
884
854
850
902
796
852
819
817
851
855
804
825
832
832
834
796
877
873
854
866
808
840
845
829
859
834
868
860
852
871
821
900
829
841
874
900
841
854
874
883
862
874
906
905
857
919
891
860
837
846
888
877
898
893
900
918
910
973
864
945
967
943
948
941
968
952
942
1020
974
992
1058
987
997
973
988
998
1023
1042
1040
1007
1029
1032
1014
1071
1051
988
1074
1049
1049
1059
1068
1063
1051
1090
1130
1104
1099
1164
1075
1158
1099
1140
1121
1169
1148
1141
1164
1133
1164
1203
1200
1196
1267
1331
1368
1371
1437
1375
1380
1332
1282
1290
1291
1306
1349
1254
1275
1280
1322
1227
1278
1262
1269
1212
1298
1312
1230
1189
1255
1229
1229
1259
1224
1259
1269
1174
1189
1148
1183
1197
1173
1123
1175
1052
1090
1117
1132
1088
1108
1054
1065
1044
1057
1027
1011
965
950
979
911
963
925
875
916
813
886
862
899
819
832
826
804
800
798
717
807
715
729
725
733
696
757
716
683
700
678
617
634
646
656
656
614
624
631
590
593
572
627
607
564
569
546
569
584
561
517
600
558
548
539
561
540
509
546
555
529
535
516
537
640
739
880
1077
1297
1413
1483
1357
1222
1044
838
667
561
532
541
553
535
594
526
562
587
624
597
579
599
529
560
527
549
508
552
520
536
552
543
524
535
522
570
587
534
615
601
614
579
576
546
507
550
546
539
551
572
562
511
548
563
546
536
553
588
550
588
590
601
544
590
602
657
595
658
614
649
583
698
681
735
717
769
747
735
746
795
786
845
941
997
1109
1703
3060
6205
12353
22600
36799
53546
68078
76368
74870
64836
48697
32461
18763
10033
4701
2050
857
356
196
137
108
110
96
87
96
69
93
85
82
76
64
67
69
69
55
58
70
77
65
76
63
67
60
68
66
74
58
68
57
68
69
52
67
68
63
58
56
64
71
53
56
50
39
54
52
47
65
50
46
47
47
60
38
63
43
55
53
54
45
48
48
52
49
49
59
71
95
113
121
157
148
158
145
124
87
61
54
56
36
44
48
46
39
51
38
58
58
83
90
105
121
126
99
97
80
55
50
35
46
40
37
42
51
32
29
37
52
41
33
30
48
35
32
36
35
42
36
31
35
39
42
39
34
23
35
38
36
36
38
48
42
41
31
32
28
32
33
28
39
45
37
34
34
38
40
46
37
39
33
30
28
28
35
33
37
40
55
49
47
51
35
35
45
49
36
34
27
32
39
31
48
40
40
34
36
44
37
34
38
33
22
29
30
31
33
26
25
33
35
26
31
33
26
33
34
36
37
29
29
33
26
39
29
26
34
33
35
30
47
40
37
30
30
26
37
35
29
33
26
31
36
28
31
34
26
27
34
36
35
36
19
50
31
31
40
37
44
32
29
41
31
34
33
30
31
30
46
28
25
32
35
36
34
33
26
38
30
38
36
29
36
30
26
34
28
32
31
35
35
33
39
35
42
23
26
33
35
28
32
33
38
32
35
38
30
32
39
36
33
41
40
37
27
34
43
39
41
39
23
29
35
24
41
29
35
34
38
36
31
38
52
61
74
120
144
215
258
315
296
265
265
211
147
95
63
64
29
43
38
25
28
26
35
32
28
40
43
53
31
31
33
29
34
41
40
52
31
31
41
43
29
44
37
36
29
27
43
29
35
43
36
35
37
32
37
39
31
30
27
39
30
27
37
33
37
35
24
35
34
44
33
32
38
36
40
36
31
33
39
44
40
33
29
42
29
23
33
30
29
37
29
25
35
24
23
28
32
33
34
29
25
30
31
38
35
39
32
34
28
31
42
42
30
26
29
40
31
35
40
27
34
21
31
26
39
36
32
31
25
35
29
30
35
44
36
30
36
27
22
23
34
41
35
34
38
41
34
27
33
40
22
26
33
36
27
45
35
41
28
34
33
34
23
43
26
35
37
32
46
50
65
68
79
62
48
57
43
47
31
33
36
19
32
32
29
29
30
43
32
37
45
44
37
33
38
33
37
32
29
22
24
31
32
23
23
30
28
20
36
22
39
26
22
27
41
33
23
26
30
31
39
34
21
26
30
42
31
30
29
15
30
35
28
35
38
33
31
39
44
45
57
43
35
35
32
26
42
28
38
26
37
41
29
42
33
30
39
44
48
43
31
43
39
30
41
37
35
26
33
26
45
33
36
30
41
46
44
33
43
37
34
41
38
22
37
30
26
38
28
31
30
32
30
34
32
45
26
34
39
27
28
28
21
38
39
34
30
29
25
43
33
27
42
29
36
31
27
28
27
41
38
37
30
39
41
47
37
33
44
28
39
39
44
41
34
29
49
23
35
40
31
30
32
34
34
36
45
50
56
31
47
45
44
45
34
44
37
32
43
39
40
30
43
38
37
34
37
33
36
26
29
36
41
33
47
28
44
46
38
36
38
35
27
42
31
50
40
48
42
50
56
54
65
72
63
63
64
57
43
51
34
36
24
31
35
38
39
52
42
35
34
33
23
33
30
30
30
28
39
36
33
26
34
26
30
44
43
33
43
35
41
32
32
43
31
36
36
32
30
37
37
30
37
44
41
49
49
33
27
38
34
28
40
35
26
35
37
30
35
42
42
46
40
43
42
21
39
41
41
38
29
43
30
38
33
28
23
37
42
49
37
36
39
36
48
32
30
41
42
46
29
35
41
44
35
28
31
44
28
36
38
32
41
32
33
32
40
33
40
38
41
47
40
36
39
36
36
38
35
30
34
48
40
30
37
39
42
40
39
40
41
44
42
43
49
51
27
40
23
36
34
42
35
33
27
32
32
41
53
36
30
53
41
48
41
59
56
45
37
36
43
40
37
30
26
36
42
43
31
42
40
35
32
46
35
22
29
38
33
34
33
25
33
40
24
33
36
39
24
36
37
35
37
53
24
37
25
32
40
32
33
29
33
40
34
32
40
28
38
32
35
26
33
32
24
33
28
25
43
33
31
34
33
22
40
31
32
26
37
43
35
22
35
27
36
22
39
29
31
30
30
38
32
34
30
38
42
28
47
31
43
31
40
40
32
31
39
39
25
23
34
29
37
26
33
34
32
31
35
28
39
30
33
31
24
34
18
32
40
29
30
25
28
33
32
33
31
30
40
33
35
29
25
29
36
33
36
23
23
35
27
31
33
30
34
34
34
37
44
27
42
41
31
29
33
34
37
37
48
79
122
219
350
439
669
805
901
825
640
578
365
222
132
73
28
33
25
31
27
30
29
24
26
18
24
29
26
27
22
23
32
24
27
32
27
23
24
22
33
30
40
29
28
34
28
18
25
25
21
24
22
31
24
32
24
29
24
29
23
18
21
19
36
26
25
29
22
20
22
30
22
23
31
24
31
20
24
27
20
26
27
22
21
28
33
38
30
28
31
22
36
22
30
33
38
31
32
35
24
32
23
38
33
33
39
25
44
32
29
28
29
31
31
25
24
32
34
31
24
22
22
29
29
20
20
30
22
15
35
24
14
38
32
43
37
33
32
42
43
47
33
45
37
26
28
33
31
33
24
32
21
34
31
28
22
28
20
31
19
26
37
30
27
44
33
30
33
33
32
33
31
25
35
27
30
31
22
31
29
25
35
26
23
30
30
29
28
20
28
25
32
31
23
25
20
32
32
20
23
25
31
28
29
29
22
27
21
36
23
24
20
28
28
28
27
45
23
30
40
36
32
30
36
21
27
36
29
28
19
30
23
33
30
21
25
30
20
27
33
25
34
25
23
22
22
24
31
21
28
41
27
35
25
29
27
28
38
27
24
32
26
30
33
23
26
34
27
29
41
16
27
26
33
30
29
48
33
42
38
29
36
32
29
21
20
27
12
22
30
36
23
20
18
36
28
23
26
27
35
28
26
33
27
27
23
26
20
21
26
24
30
21
21
25
24
24
26
36
32
19
24
23
23
26
21
22
34
28
24
26
29
27
27
30
32
33
24
21
24
29
19
28
25
29
24
40
18
28
23
29
25
34
21
19
24
25
24
30
28
24
25
20
28
22
25
18
20
25
16
24
32
26
33
30
31
40
28
23
20
26
27
36
30
55
51
90
113
163
215
293
334
391
438
377
311
233
204
124
87
64
43
42
58
42
38
30
34
45
38
33
32
29
23
33
33
33
33
26
23
36
38
22
20
28
40
39
31
26
20
29
30
29
27
27
33
32
30
41
37
37
51
49
43
37
36
32
27
21
31
27
30
34
25
24
23
44
39
32
39
44
40
36
42
36
32
26
32
23
38
26
35
36
34
29
29
26
26
30
33
24
39
34
26
39
27
28
39
28
32
20
12
25
29
29
21
31
27
35
20
26
29
34
36
24
28
36
36
40
26
26
30
21
31
28
28
27
27
27
36
26
33
28
33
30
20
17
28
36
24
19
23
17
20
29
31
24
29
25
32
22
26
23
28
27
30
22
30
34
36
29
28
18
30
30
25
26
23
31
32
21
23
17
21
30
27
26
16
30
32
32
28
30
27
31
33
20
25
28
33
31
23
25
19
23
17
30
14
27
14
37
34
28
26
28
28
28
30
29
24
39
25
48
35
25
23
33
30
23
27
26
24
27
32
20
17
29
28
29
32
38
33
37
36
34
32
14
25
25
30
31
27
19
36
28
25
17
28
30
28
29
26
36
26
30
25
27
25
27
32
28
18
35
30
33
29
24
31
32
36
29
33
20
39
27
33
33
37
33
25
24
28
22
28
16
26
20
25
19
34
28
23
31
28
25
26
26
38
24
20
26
26
24
27
27
26
22
21
29
31
32
29
26
28
23
23
21
22
27
25
33
28
28
31
29
32
33
28
21
31
26
30
19
30
34
30
26
30
35
27
42
32
33
20
25
21
25
24
23
26
36
32
28
27
27
25
34
29
27
40
29
26
26
31
29
31
26
27
33
31
24
39
35
30
35
28
34
29
32
31
30
35
28
33
25
27
29
23
23
25
24
32
23
33
25
20
32
30
25
28
37
36
28
20
18
31
28
33
18
25
28
30
31
33
41
33
27
40
35
30
29
27
27
22
23
36
29
21
34
22
19
31
33
21
30
28
27
30
17
29
21
39
32
28
30
35
22
23
22
26
19
22
24
30
19
30
29
31
38
30
21
33
28
33
26
22
26
32
30
33
36
32
32
33
24
35
29
23
24
34
32
33
35
33
33
31
34
31
32
24
31
20
35
34
21
26
34
22
36
31
30
39
34
30
32
35
23
35
30
42
29
30
29
35
28
40
34
34
38
23
26
30
39
48
27
34
45
40
53
33
35
43
45
42
30
39
42
31
30
49
30
22
30
32
35
37
27
40
26
38
33
29
30
30
31
44
23
33
34
32
34
24
26
33
30
35
15
21
29
34
21
27
24
19
30
22
30
35
26
28
28
30
31
27
23
31
30
34
27
27
35
24
29
29
24
16
23
13
20
10
18
22
24
33
25
30
27
27
21
22
25
25
20
24
17
18
23
19
23
26
22
22
26
14
22
17
23
25
19
12
27
21
22
21
26
24
19
14
15
20
16
30
19
15
24
21
19
23
25
17
22
20
17
21
26
18
17
18
32
21
22
22
24
21
30
28
19
19
16
18
19
21
26
16
24
26
26
28
30
22
19
21
21
27
20
21
21
20
13
20
20
19
27
33
28
30
32
32
28
36
35
18
32
28
31
36
32
32
22
14
29
32
40
53
95
172
289
423
684
879
1032
1031
1018
842
613
447
275
149
87
50
32
15
15
15
12
8
16
20
13
15
20
6
19
17
12
15
10
13
14
8
14
8
21
12
8
12
16
18
16
11
16
17
11
12
8
15
17
12
9
12
16
17
9
17
15
15
21
19
21
24
28
23
13
18
6
9
12
12
14
10
10
11
16
6
14
12
19
15
12
15
17
13
12
12
13
12
11
8
13
13
11
12
12
17
14
22
15
19
24
23
14
22
10
15
13
11
13
16
14
14
11
17
19
24
21
21
29
25
20
30
26
22
13
14
17
16
17
9
12
21
17
14
16
17
17
11
13
17
18
11
10
17
10
13
9
17
11
14
14
12
10
13
18
11
18
17
12
16
13
17
12
11
18
15
15
13
15
8
13
11
10
13
13
9
11
6
12
12
14
12
7
13
9
11
9
10
5
12
12
14
16
9
12
14
13
16
10
17
13
9
9
13
17
13
18
12
20
16
19
14
4
12
13
13
9
14
6
16
15
15
14
9
22
24
17
14
20
13
11
15
12
7
11
10
14
9
5
13
15
5
7
15
15
10
23
20
14
9
7
13
7
10
9
6
11
8
11
14
19
7
11
8
16
14
14
13
11
9
15
16
25
12
30
13
15
22
21
15
24
9
12
17
11
10
5
13
12
7
5
8
7
14
14
8
18
14
11
16
17
14
13
23
27
20
18
25
15
18
11
15
13
14
13
12
8
13
9
10
27
19
17
20
23
29
20
25
16
23
14
14
16
16
19
16
28
17
28
19
27
16
17
15
19
18
7
9
8
12
8
15
10
11
18
22
22
21
15
14
13
16
21
11
12
10
12
16
5
15
12
12
5
12
10
5
14
11
10
6
10
8
4
8
9
7
9
13
9
7
11
5
7
10
10
5
14
9
15
8
9
9
16
18
8
11
16
11
15
12
10
8
15
11
16
9
12
14
12
8
12
7
15
8
5
11
13
10
17
13
21
21
15
15
13
12
17
6
12
15
10
11
12
10
13
10
11
8
9
10
5
12
13
13
17
18
15
13
12
10
9
9
7
11
16
12
9
15
11
14
10
14
13
10
12
15
13
14
9
14
10
7
7
11
8
17
13
5
11
13
9
13
9
16
10
9
14
15
10
14
9
6
11
8
11
12
8
12
12
14
15
12
17
13
14
14
5
8
4
10
13
7
5
14
8
6
7
9
5
14
12
9
6
9
10
8
12
7
15
10
15
12
14
14
10
16
7
14
8
11
8
7
19
10
16
14
9
15
9
13
13
12
8
8
17
9
7
13
10
10
3
8
9
8
12
11
20
14
13
8
5
4
9
17
8
11
12
11
11
13
12
10
7
9
9
6
13
10
9
12
9
9
8
13
8
7
9
11
5
8
16
8
6
12
7
14
14
7
5
6
12
9
13
15
12
7
11
9
8
8
8
12
8
8
10
16
10
5
8
9
10
10
15
11
8
9
10
14
18
7
9
9
13
14
13
10
12
9
15
10
11
7
8
12
16
2
7
16
11
11
9
17
11
11
10
11
8
22
6
5
10
10
13
9
12
10
8
9
9
13
10
8
13
16
16
10
8
9
10
7
11
9
11
9
9
16
11
17
11
14
3
9
10
9
14
13
20
15
14
11
17
5
11
13
14
9
9
10
12
10
7
11
6
15
6
11
19
22
22
9
22
14
17
8
14
14
12
9
10
12
16
15
8
14
8
9
7
8
12
12
12
7
7
8
12
14
11
9
10
8
12
9
13
6
15
10
6
8
14
5
7
12
13
7
12
6
10
8
9
16
4
12
9
11
10
7
6
9
13
8
11
12
16
12
6
8
9
10
10
12
11
20
8
5
12
19
7
12
10
5
9
10
14
10
12
12
12
8
12
16
7
5
14
9
10
11
19
16
14
11
18
23
20
26
19
18
16
22
8
7
6
11
13
18
8
10
12
8
18
13
14
11
9
10
8
5
6
14
12
9
15
9
15
13
7
9
11
11
8
13
8
12
7
11
11
11
9
9
9
9
8
8
7
7
5
10
7
7
6
8
11
9
9
14
9
12
9
9
17
13
13
9
12
11
14
4
11
9
12
14
10
15
11
12
25
18
16
20
7
18
18
10
12
4
8
13
11
11
10
18
22
23
28
26
14
23
20
15
13
16
10
11
11
6
12
12
13
12
9
10
13
8
11
10
8
14
9
8
10
7
8
6
6
14
15
13
12
10
12
21
13
12
17
20
9
13
11
16
9
9
3
6
11
9
8
13
8
9
15
14
8
7
12
12
14
12
5
7
15
9
9
12
7
5
10
14
11
6
6
6
12
10
6
7
8
10
11
8
9
4
12
7
13
10
7
11
9
12
5
6
8
10
8
8
9
16
6
8
11
11
10
12
9
15
12
17
14
12
9
7
13
7
8
8
10
7
13
5
13
6
13
11
11
7
8
8
9
8
7
11
18
12
14
13
10
10
11
14
16
5
10
6
7
6
9
17
7
11
14
10
12
8
13
14
6
8
9
7
9
10
6
11
6
15
11
9
9
9
7
11
8
10
9
7
4
8
9
13
14
7
5
5
15
10
14
9
15
13
9
6
7
13
9
4
13
12
4
9
12
7
10
12
7
10
7
5
11
11
12
11
6
0
$ENER_FIT:
-0.6030 0.711300 0.000000e+000
$MCA_CAL:
3
-0.6030 0.711300 0.000000e+000
$ENDRECORD:
