$SPEC_ID:
Sample title.

$MEAS_TIM:
1525.15000 2060.27000
$DATE_MEA:
10/08/2020 9:17:08 AM
$DATA:
0 16383
0
0
0
0
0
0
0
0
0
0
0
0
0
0
0
0
0
0
0
0
0
0
0
0
0
0
0
0
0
0
0
0
0
1979
2081
1971
2158
2548
3345
3320
2537
2053
1927
1949
1956
2007
1999
1991
1956
2060
2040
1970
2067
2053
2141
2092
1948
1943
1809
1714
1724
1728
1695
1883
1866
1745
1755
1674
1645
1733
1744
1694
1760
1752
1822
1849
2003
1973
1946
1954
2193
2319
2493
2514
2460
2221
2265
2320
2424
2466
2623
2638
2741
2832
2969
2925
2910
2857
2978
3052
3048
3194
3834
4836
5125
5905
7169
7128
5543
5058
4772
4199
3829
3792
3923
4130
5525
14658
43143
68328
49960
18807
6516
4691
4542
3978
3485
3421
3376
3267
3253
3301
3237
3418
3395
3335
3436
3438
3466
3580
3719
3679
3655
3699
3588
4236
8549
24235
42378
35020
14989
5449
3531
3488
3399
3564
3835
3675
3719
4008
4133
4100
4061
4071
3991
4184
4249
4845
5495
5779
10273
39111
102267
125875
71939
23474
11292
10633
7474
4299
3267
3187
3299
3143
3117
2956
2918
2974
3015
3047
3432
6014
13116
18807
14156
6528
3679
3051
3085
3121
2911
3027
2929
3064
3013
3208
3124
3428
3899
4455
3982
3565
3331
3217
3259
3320
3281
3321
3545
3706
3897
3693
3757
4423
5065
4775
3985
3656
3488
3511
3615
3664
3879
4093
4096
4223
4480
4262
3882
3878
3827
3873
3883
4061
3971
3788
3906
3864
3910
3983
3935
4007
4051
3916
4030
4001
3981
4005
4112
4053
4094
4221
4296
4480
5422
8469
11408
9836
6418
4780
4559
4473
4609
4680
4756
4811
5015
5184
5067
5078
5207
5099
5064
5151
5114
5117
5122
5230
4921
4883
4743
4684
4453
4509
4395
4457
5247
10851
28660
46019
37006
16422
7521
7255
7213
5621
4423
4022
4095
4085
3951
4038
3926
3956
3849
3754
3785
3669
3716
3629
3694
4105
6227
15619
33323
38445
23567
9265
4400
3586
3388
3427
3454
3397
3483
3420
3297
3373
3407
3419
3434
3649
3545
3332
3392
3423
3393
3444
3451
3388
3461
3292
3389
3352
3306
3338
3419
3725
4260
4327
3891
3520
3225
3129
3156
3168
3190
3238
3225
3225
3264
3201
3151
3138
3165
3146
3211
3152
3233
3496
5360
11465
19063
17499
9218
4908
4433
4518
4134
5100
7855
8907
6755
4422
3510
3335
3277
3513
3989
4212
3895
3330
3414
3879
4885
5194
4109
3475
3277
3178
3152
3145
3188
3224
3390
3773
3752
3637
3463
3476
3411
3446
3333
3453
3422
3390
3475
3305
3611
3439
3440
3587
3457
3393
3501
3470
3462
3470
3497
3471
4152
7990
18713
26250
19668
8758
4227
3156
3239
3303
3314
3172
2988
3094
3021
2982
3026
3046
3007
2944
2924
2933
2995
2981
3038
2953
2913
2928
2887
2970
3046
3510
4671
4999
4283
3665
3608
4816
7057
8210
8729
10113
9002
5469
3719
2984
3152
3027
3091
3282
3321
3518
3892
7111
30024
111147
217418
204213
95603
25387
6213
2859
2299
2191
2173
2080
2146
2163
2127
2256
2342
2380
2255
2564
5041
16417
35649
40159
22866
7812
2851
1993
1931
1920
1916
1900
2069
2738
3305
3410
2546
2050
1822
1856
1800
1814
1811
1821
1723
1688
1837
1803
1854
1835
1823
1749
1742
1718
1739
1849
2262
2382
2282
2038
1827
1743
1655
1679
1621
1674
1672
1615
1711
1736
1667
1717
1646
1761
1702
1732
1690
1726
1646
1666
1692
1770
2064
3902
10719
19826
19374
10252
3621
1938
1551
1537
1471
1650
1684
1802
1996
2126
1923
1631
1662
1510
1610
1527
1621
1515
1542
1587
1624
1586
1515
1519
1542
1544
1503
1539
1560
1622
1773
2316
2791
2887
2234
1637
1520
1532
1510
1590
1536
1531
1555
1510
1501
1589
1768
2497
3420
3361
2493
1707
1597
1557
1655
1819
3086
5458
6115
4295
2480
1778
1612
2028
3201
4741
5235
3935
2525
1822
1853
2640
4104
4587
3286
2119
1821
1761
1930
2633
4722
8168
12215
16129
19300
22185
24379
26324
27789
28845
28953
29030
28204
27038
25636
23787
21809
19063
15909
12375
8499
4933
2727
1870
1523
1354
1382
1485
1418
1574
1430
1520
1486
1436
1516
1499
1826
2310
2737
2586
2194
2145
1967
1764
1636
1629
1778
2060
2498
2490
2137
1815
1911
2513
3912
6861
10487
13119
12730
9812
6001
3411
2091
1622
1473
1362
1254
1261
1194
1140
1210
1219
1167
1251
1451
1574
1583
1572
1398
1347
1187
1167
1098
1147
1136
1166
1191
1215
1148
1199
1190
1234
1200
1245
1193
1184
1118
1182
1238
1412
1590
1420
1226
1141
1153
1170
1158
1105
1143
1142
1141
1152
1161
1153
1138
1102
1102
1125
1436
2467
3855
3944
2733
1686
1355
1267
1219
1131
1156
1184
1236
1402
1507
1358
1240
1118
1184
1358
2553
5521
8277
7505
3947
1816
1214
1151
1102
1044
1100
1068
1082
1040
1071
1056
1089
1105
1033
1144
1433
1578
1586
1248
1072
1042
1025
1044
1086
1005
1097
1086
1044
1135
1083
1063
1090
1229
1322
1507
1239
1092
1046
1126
1086
1056
1057
1100
1078
1111
1059
1049
1070
1035
1064
1073
1233
1236
1182
1047
1052
1090
1072
1026
988
993
1153
1036
1087
1040
980
993
1008
999
941
931
1062
986
1049
995
1039
1034
1105
1229
1298
1340
1225
1014
1025
1022
1033
1040
1085
1072
1126
1075
1103
957
1016
1005
1104
1119
1047
1081
1048
1000
1140
1626
2264
2408
1950
1294
1072
1244
1866
2939
3447
2524
1527
1114
973
1044
1144
1317
1266
1149
974
998
990
1057
998
1057
1033
1062
1074
1256
1510
1601
1364
1146
1097
1108
1131
1089
1089
1080
1031
1102
1084
1118
1101
1061
1077
1084
1111
1175
1226
1321
1270
1193
1220
1216
1190
1208
1288
1327
1342
1280
1307
1388
1991
6537
23990
55282
69254
46073
17296
4420
1489
1080
1062
1054
1060
1083
1026
973
928
981
895
952
983
1086
1701
2942
3801
3234
1984
1212
1120
1191
1187
1122
1056
1033
1022
962
1106
1303
1574
1614
1462
1458
1567
1544
1251
1074
1025
986
899
910
935
1187
1382
1286
1243
1113
977
1029
1136
1064
992
996
1072
1408
1662
1485
1213
1113
923
910
884
890
923
872
887
918
877
871
881
963
953
994
1206
1732
2174
1985
1398
985
905
1036
995
904
873
860
874
832
802
822
876
991
1106
1179
1073
941
905
856
904
849
837
828
890
779
829
871
865
826
895
879
843
809
853
889
1054
1547
2655
3437
2775
1768
1123
944
902
845
870
987
1319
1709
1726
1482
1217
1044
902
891
887
835
891
993
1128
1221
1029
916
891
860
937
965
933
953
887
928
924
894
926
906
885
948
914
925
920
1029
1853
5218
10380
12422
8620
3779
1518
972
895
840
927
870
909
967
845
847
971
1049
1133
1293
1332
1259
1024
917
836
958
1024
1070
892
854
833
786
830
919
1149
2197
3567
3867
2715
1490
983
879
840
891
959
955
980
913
808
852
1126
2338
5038
8056
7550
4745
2210
1489
1436
1132
919
856
871
925
962
924
893
904
871
800
816
797
815
761
853
1307
2305
3582
3693
2491
1298
855
802
742
859
1205
1732
2204
1803
1255
953
796
854
859
856
961
1179
1287
1238
1073
857
805
827
783
792
806
827
844
886
861
851
836
765
772
816
807
824
825
803
793
822
852
1153
2998
8982
18501
22099
14956
6269
2417
1391
1027
836
757
728
764
671
734
741
749
798
747
728
757
780
812
754
708
823
702
727
721
730
755
931
1913
4843
8155
8433
5316
2123
1007
755
744
688
706
758
739
818
802
1089
1619
2055
1730
1225
897
711
681
668
713
691
670
653
656
673
701
672
703
705
792
830
948
1058
886
777
750
706
752
853
879
957
893
755
717
686
775
765
819
761
707
672
629
712
691
680
682
770
789
766
723
737
696
714
687
759
767
807
844
861
904
780
749
708
722
721
730
733
750
701
680
696
730
732
780
848
972
1014
966
777
761
745
725
770
908
1053
1314
1341
1259
1394
1463
1321
1124
944
820
792
815
771
769
727
732
803
810
798
759
781
792
723
788
828
961
927
849
798
763
734
698
737
732
725
741
714
850
1275
3559
9669
17411
17784
10847
4276
1768
1370
1246
1124
977
882
873
1055
1314
1268
1087
907
904
975
915
841
871
852
813
813
844
897
885
772
749
775
774
771
816
780
838
830
816
835
796
862
781
744
746
739
705
693
653
728
769
821
1013
1291
1412
1198
992
772
653
734
713
715
697
740
696
679
719
711
699
684
684
667
717
757
752
745
733
706
692
717
711
731
705
743
758
790
734
703
750
799
893
911
901
818
707
711
680
708
725
703
738
724
726
858
928
995
983
873
994
1019
902
779
698
707
821
868
924
920
871
866
854
854
951
811
860
939
1121
1220
1078
1001
1051
1348
1331
1318
1066
821
773
782
753
691
775
750
799
826
954
1081
1113
1144
1020
878
783
729
737
725
763
776
788
821
852
907
883
857
777
782
796
766
839
865
888
1108
1808
2432
2756
2172
1236
956
799
782
728
702
711
735
762
810
885
826
770
779
737
727
661
700
670
706
753
726
784
717
701
762
748
707
715
773
813
822
872
899
798
763
759
732
742
691
666
676
719
710
740
708
718
738
748
815
772
703
634
662
701
756
725
798
843
789
787
802
892
928
862
829
798
838
776
766
752
716
745
748
747
804
960
1658
2352
2541
1923
1323
1387
1441
1387
1073
856
819
801
873
766
757
759
860
923
935
901
838
815
941
1130
1331
1215
1090
993
927
1095
1115
1216
1073
927
831
815
832
861
839
729
734
746
726
737
731
667
717
665
721
714
710
752
754
707
734
721
833
1109
1421
1675
1611
1311
974
778
767
729
679
749
677
763
761
732
767
721
748
911
1341
1550
1512
1178
885
783
789
898
1076
1437
1530
1432
2407
6443
15014
21470
18713
9826
3631
1346
989
1043
1164
1022
933
863
808
789
744
710
728
743
792
815
795
785
630
733
753
797
764
756
829
1072
1281
1340
1062
927
767
673
743
700
688
718
737
664
741
689
838
1037
1613
2007
1902
1357
945
706
709
735
734
700
796
766
814
752
694
636
648
636
680
710
737
758
758
764
753
768
685
718
673
677
651
690
732
833
928
883
852
739
612
671
807
1038
1339
1470
1274
972
743
668
742
767
756
772
677
665
726
784
893
962
866
827
756
677
690
648
661
646
641
665
773
935
1116
1250
1024
871
770
747
877
874
736
722
706
712
695
691
668
693
723
695
716
734
994
2327
4687
6744
6277
3733
1844
998
804
808
854
961
990
885
820
702
707
725
715
705
745
780
864
960
983
902
837
804
785
799
757
823
961
1598
3215
5208
6104
4597
2485
1416
894
845
837
867
874
894
892
905
755
882
863
805
850
782
737
716
774
749
743
788
782
889
1207
2097
2688
2645
1785
1126
821
723
794
869
1062
1133
950
999
1222
1943
2293
2056
1313
861
874
856
878
834
760
776
765
768
689
696
758
713
727
776
768
705
689
718
623
712
696
796
948
1027
1095
1685
3018
4376
4446
2907
1552
881
691
686
742
732
770
705
707
686
696
751
758
840
987
1034
1023
897
771
742
715
769
693
740
714
709
686
693
787
831
902
1002
945
892
761
813
807
738
774
730
724
727
708
741
707
721
704
699
729
764
768
768
736
785
821
792
821
772
763
804
816
781
767
759
785
878
832
831
900
936
1057
1187
1226
1190
1053
1147
1469
1703
1587
1268
975
948
931
973
959
1008
1048
1190
1316
1178
1034
956
918
891
864
883
811
865
992
1210
1420
1617
1891
2166
1829
1487
1056
928
943
968
1037
1169
1234
1120
958
747
684
676
723
700
687
727
753
768
767
811
830
890
1073
1360
1314
1181
997
830
759
651
659
659
663
680
639
716
735
817
924
936
993
954
848
867
785
683
696
625
671
605
661
713
736
671
755
696
666
654
731
796
797
866
911
881
902
883
901
958
960
892
933
1005
949
842
721
703
690
709
654
674
661
717
866
1068
1122
1036
893
764
742
738
728
716
663
696
747
748
727
705
724
731
824
911
1305
1635
1709
1610
1306
1110
1059
1178
1198
990
806
737
747
697
721
686
672
714
697
691
730
801
750
738
731
715
824
855
815
810
748
785
763
728
779
799
887
1649
5487
15911
31201
38213
30082
15249
5219
1765
1115
1182
1057
867
697
636
573
594
579
645
648
783
1027
1570
2344
2860
2524
1667
938
662
547
645
844
1319
1742
1906
1785
1524
1055
765
668
802
1185
1448
1186
989
691
517
541
541
680
776
776
645
622
545
596
609
598
564
621
556
709
1075
1486
1663
1315
960
586
534
521
554
533
603
574
510
569
534
490
533
551
557
530
551
560
572
634
702
828
882
1425
1897
2072
1698
1130
785
717
716
712
634
659
605
607
610
538
487
500
471
471
520
481
497
486
479
502
554
559
574
591
552
526
545
522
498
510
524
467
508
551
601
721
722
731
721
650
675
608
628
557
517
588
808
1075
1279
1103
825
663
606
570
560
681
665
653
552
587
609
890
1391
2490
3670
6143
13712
28353
40675
37393
21944
8691
2676
971
580
458
425
377
437
461
461
405
431
462
437
489
540
706
726
695
566
579
786
990
973
759
584
490
518
734
1095
1233
1057
811
621
522
535
541
488
463
368
377
405
432
511
636
915
1019
965
840
767
614
454
434
400
432
397
403
410
393
408
406
380
396
370
371
449
399
421
449
405
476
531
576
502
474
417
398
402
447
543
602
617
524
457
405
406
378
392
372
382
399
431
510
504
483
470
410
348
436
446
510
549
634
949
1179
1188
910
660
517
435
410
404
394
421
521
757
1221
1492
1406
1146
689
498
446
455
394
404
400
447
466
460
401
444
389
421
448
512
522
516
466
464
424
427
440
456
630
693
745
572
470
424
406
418
423
441
445
366
437
513
705
823
865
650
509
450
433
415
429
459
429
486
445
443
407
503
688
780
754
631
554
630
880
1056
1089
890
598
415
430
389
438
461
534
534
551
513
492
496
450
449
382
363
400
377
434
530
540
516
546
477
522
469
518
570
471
410
399
375
374
408
461
489
726
832
945
838
683
514
406
395
379
413
391
410
397
461
389
463
406
355
403
397
410
454
491
454
468
387
373
396
414
453
566
611
628
498
461
392
429
398
402
378
433
528
677
930
1037
934
770
795
799
968
822
601
473
448
377
398
384
375
405
405
390
385
381
476
489
519
616
585
531
489
453
426
403
417
419
428
410
448
438
429
436
462
414
407
424
432
396
411
451
449
474
438
452
476
482
492
482
506
407
410
522
712
903
912
804
593
507
489
491
459
407
404
446
422
387
388
381
345
390
391
483
682
889
997
927
758
722
841
902
784
694
533
435
401
460
438
448
455
432
463
399
419
466
501
708
944
1007
813
606
487
384
383
381
405
435
396
463
441
472
444
455
444
458
561
734
1048
1398
1447
1107
717
476
418
340
384
389
382
371
374
375
399
400
368
362
384
426
566
736
801
735
590
438
417
384
440
396
409
408
387
362
339
385
358
370
325
317
329
379
370
401
379
447
383
403
357
360
368
389
404
480
441
467
423
446
610
888
1212
1256
970
695
525
386
376
364
391
457
553
620
566
462
396
398
389
371
382
413
425
433
464
530
572
697
897
992
1027
1302
2107
2961
3150
2394
1386
707
529
655
672
677
481
386
385
371
446
496
513
411
357
349
337
358
360
405
390
383
408
367
392
359
421
408
480
656
819
1161
1600
1554
1311
848
613
481
456
384
441
407
450
400
406
433
366
421
492
615
745
836
724
688
598
528
441
403
390
362
374
443
595
731
826
638
498
454
427
350
372
379
376
390
433
464
519
435
445
505
545
459
497
693
1293
2484
3811
4027
3025
1565
721
417
344
376
416
422
591
1013
1439
1676
1316
912
536
395
376
388
433
434
479
487
484
488
504
586
464
577
915
1204
1335
1109
770
646
523
504
389
421
426
452
474
440
392
357
388
469
578
595
616
471
391
369
343
338
356
447
512
595
551
497
404
400
490
639
746
615
480
398
363
407
390
469
471
424
369
375
348
386
478
590
640
526
469
380
376
528
754
1118
1163
1000
637
447
342
324
322
319
332
324
335
359
392
395
367
320
385
416
522
628
752
755
716
697
740
749
547
485
462
398
371
455
503
573
561
509
461
410
362
392
411
521
540
551
458
418
362
353
375
407
410
381
361
339
339
313
337
342
347
359
375
348
345
440
487
491
583
485
429
386
335
302
337
323
349
322
345
306
291
324
289
287
362
394
390
417
431
448
453
395
379
317
451
480
566
618
507
519
495
620
683
587
517
392
371
361
310
342
358
439
648
900
1053
974
748
467
363
311
307
300
314
325
315
342
363
374
394
382
391
363
397
388
348
367
398
357
375
373
365
423
454
541
629
727
563
402
365
338
331
340
331
350
367
361
381
356
342
337
327
350
351
390
449
400
457
444
412
374
333
334
319
340
344
326
321
357
408
455
499
474
527
476
413
407
401
400
398
457
474
442
461
675
927
1181
1114
895
592
473
428
448
383
423
504
532
599
594
533
459
443
403
376
349
357
395
373
375
326
311
329
335
342
340
311
356
338
351
339
374
323
317
319
297
314
325
351
326
389
384
414
426
373
345
371
346
440
560
635
688
732
517
398
343
335
310
339
353
305
328
334
348
336
352
334
340
316
349
338
363
428
603
768
919
834
655
490
391
334
326
315
356
325
323
345
366
365
393
382
379
330
352
318
327
331
351
411
403
395
407
467
569
678
874
972
805
629
479
395
391
356
349
330
375
377
349
352
335
370
337
371
351
365
379
411
591
677
777
733
589
472
409
414
422
407
416
405
395
432
471
494
498
430
450
533
533
611
595
450
389
365
361
376
435
412
419
417
386
412
351
367
366
379
404
411
416
418
426
386
365
408
374
389
384
389
397
394
393
397
472
454
461
467
415
428
352
418
566
940
1503
2052
2232
1879
1410
922
609
501
400
344
374
391
403
421
418
449
438
464
457
407
414
507
516
575
577
506
412
404
356
354
332
352
363
315
334
325
326
320
353
342
349
397
338
367
330
342
325
335
373
335
318
401
392
390
431
503
491
478
460
420
383
399
472
458
414
342
431
437
439
473
391
428
418
428
430
410
410
389
415
625
1055
1695
2087
1936
1353
812
508
397
399
363
386
380
415
375
388
348
364
327
365
345
360
385
394
351
347
352
346
327
338
356
336
355
322
356
362
365
345
320
358
394
446
402
434
408
372
403
453
417
389
405
441
503
607
636
524
491
368
342
326
314
379
399
371
371
377
427
511
725
948
1101
834
668
466
405
361
365
423
463
603
682
779
673
602
442
394
316
343
351
355
354
385
419
430
429
492
562
514
438
441
421
343
360
408
427
486
505
454
509
458
548
641
684
590
491
423
377
380
421
448
456
432
402
350
338
337
318
366
383
465
531
514
484
492
444
439
386
445
456
423
388
360
345
396
421
382
345
340
338
293
384
367
354
332
406
365
356
342
324
329
316
312
332
330
321
347
308
312
313
350
338
323
350
374
398
373
345
340
401
480
590
660
651
518
462
422
391
371
388
384
343
352
333
322
348
332
365
354
385
328
311
320
302
319
335
369
358
390
399
447
491
483
519
554
573
604
508
441
414
492
903
1508
2056
2070
1582
958
622
483
410
398
349
342
353
382
456
523
537
526
457
467
713
1122
1488
1639
1424
1067
795
617
471
397
344
344
345
370
390
379
429
413
437
386
349
382
363
351
376
380
383
360
375
367
394
376
415
717
1495
3014
5002
5915
5172
3270
1623
720
453
505
576
643
642
536
427
375
378
324
370
439
670
867
846
823
591
428
347
326
315
320
306
339
308
301
296
317
309
286
282
296
303
341
477
603
792
868
679
546
399
374
389
383
443
481
420
385
342
316
324
314
310
319
291
335
350
369
389
395
353
334
291
291
303
308
302
302
271
276
281
287
290
345
311
358
361
338
443
484
471
499
424
321
332
290
291
295
316
311
313
298
339
365
350
339
334
316
304
269
260
309
333
355
385
541
622
576
504
442
342
330
315
310
288
321
346
309
330
300
327
351
383
513
614
661
619
523
479
406
399
379
404
465
507
511
611
566
550
426
371
291
314
299
325
302
334
353
474
612
854
1136
1434
1715
1962
2178
2244
1801
1156
701
454
362
377
412
405
398
378
341
326
374
324
349
296
321
307
317
318
298
315
322
304
307
343
336
371
304
300
295
300
306
304
333
338
355
359
378
370
350
303
288
353
312
287
321
366
429
670
1076
1524
1751
1602
1192
845
617
512
343
286
315
271
267
251
283
281
297
337
275
299
293
290
312
282
294
278
245
308
342
351
387
408
422
350
334
348
327
331
333
413
414
486
488
482
470
370
401
392
362
342
338
294
295
331
307
299
308
304
278
309
271
289
285
269
287
286
348
408
467
485
414
410
425
442
556
612
620
549
464
426
393
334
349
294
302
322
304
305
275
274
314
342
288
291
268
315
323
287
374
409
520
581
592
536
455
352
349
322
325
297
346
426
542
907
1364
1668
1576
1246
872
617
512
390
363
338
304
345
299
278
287
324
310
354
386
464
505
601
726
795
815
781
631
577
497
504
483
479
459
394
375
338
282
257
288
295
241
284
283
285
277
269
293
288
294
298
332
312
321
323
344
320
326
315
336
308
367
327
329
329
344
331
305
337
375
453
521
494
419
393
298
307
298
264
306
307
312
288
269
305
265
286
342
312
314
299
317
319
296
338
350
368
356
396
354
379
299
387
396
450
576
614
693
717
505
382
365
288
316
318
327
321
309
292
308
299
283
281
283
312
284
297
288
319
306
330
371
434
411
383
373
371
326
337
348
317
318
327
312
299
301
335
302
305
373
489
634
795
870
750
540
402
332
302
284
257
270
345
351
431
610
672
590
550
387
353
339
361
315
333
332
332
295
318
313
300
270
294
288
289
293
287
280
277
315
328
306
326
290
265
269
296
321
285
347
332
348
338
348
384
406
397
406
446
790
1381
1994
2475
2214
1656
889
510
349
303
325
316
293
345
333
439
511
558
576
492
489
361
316
315
313
302
304
302
299
307
309
317
342
302
332
316
305
294
270
266
297
312
293
304
298
279
335
349
351
321
314
303
317
276
320
293
318
322
342
319
335
340
311
336
282
320
278
281
294
309
306
311
328
286
334
319
308
275
323
319
316
339
390
353
350
355
332
362
410
365
389
500
683
1044
1386
1616
1389
916
609
475
379
368
300
324
315
315
300
322
306
334
352
356
387
375
428
579
759
1271
2032
2623
2490
1742
1056
624
395
347
318
289
309
313
321
341
346
430
381
372
332
345
288
299
306
301
297
311
361
375
344
315
263
273
281
290
282
286
273
270
276
296
275
275
276
273
267
289
302
267
274
282
282
295
316
439
598
947
1286
1345
1123
853
533
371
306
284
266
288
310
280
340
339
327
300
309
424
502
797
1164
1250
1197
876
574
386
322
298
256
293
300
297
278
278
296
289
279
256
274
292
275
249
303
260
296
275
331
309
298
300
291
282
316
298
363
534
923
1522
2589
3668
4114
3551
2543
1467
699
435
351
309
324
303
310
304
276
315
293
307
275
305
324
341
347
393
436
434
427
371
317
302
307
326
442
701
1034
1278
1193
929
683
438
333
292
315
315
376
416
403
384
350
324
311
302
300
284
259
247
248
264
283
333
288
353
312
273
286
277
278
269
263
295
269
283
235
276
267
280
264
265
255
246
260
305
346
428
472
509
404
330
280
270
276
240
282
258
295
277
254
289
279
272
275
252
256
242
288
323
361
446
450
462
440
394
368
390
352
324
287
264
244
254
225
252
244
316
409
685
970
1279
1217
999
610
398
292
241
239
272
273
249
243
227
240
271
243
255
264
293
378
447
491
489
392
343
301
280
263
281
240
242
245
283
251
269
266
277
243
271
236
278
279
257
274
283
266
257
254
267
242
262
242
228
267
281
322
330
309
349
360
329
283
269
245
215
261
248
244
212
262
368
555
666
845
810
762
905
1497
2855
4367
5010
4452
3027
1582
748
422
315
289
269
250
242
242
245
262
251
270
255
274
315
292
323
308
282
253
262
255
252
278
339
734
1543
3022
4594
5105
4428
2777
1489
692
372
274
229
242
276
284
247
256
253
225
193
221
210
218
254
298
308
327
353
368
314
252
220
235
208
231
236
238
210
209
199
210
223
208
218
208
216
229
235
238
194
230
224
208
199
211
191
200
229
268
247
247
238
217
226
272
219
222
213
248
232
276
429
693
1097
1371
1354
1113
722
440
268
237
226
202
225
225
224
238
229
223
302
281
344
321
322
464
584
729
717
646
546
416
449
616
715
713
609
408
303
263
251
320
343
340
298
222
196
218
203
215
202
215
232
221
223
251
259
242
256
224
218
214
247
242
221
247
266
273
306
340
358
317
290
243
205
234
248
283
350
373
354
310
303
290
268
256
248
248
260
250
249
254
274
266
271
219
262
327
325
312
313
260
219
242
187
215
225
216
228
233
210
263
221
237
252
223
230
222
253
224
205
220
186
235
233
265
235
259
245
229
233
238
241
242
319
276
338
337
342
289
262
255
261
237
251
220
240
246
245
212
248
242
240
254
235
207
242
233
244
236
219
207
236
249
209
247
234
242
209
229
241
242
238
207
248
221
232
230
239
223
233
278
298
304
329
354
354
296
277
256
237
230
244
233
238
225
233
223
241
275
318
324
307
309
274
256
242
239
245
280
313
337
306
258
256
245
212
244
219
249
283
300
314
326
316
270
249
225
227
232
240
228
227
239
212
205
200
242
223
238
214
231
240
259
240
281
200
217
221
223
259
250
286
368
530
584
513
402
314
272
280
260
214
266
253
287
255
257
274
233
229
305
341
384
393
383
300
273
249
246
239
276
322
391
422
419
382
336
275
240
238
227
210
206
210
234
236
260
254
219
280
319
308
293
238
249
245
225
254
233
286
335
458
555
744
847
809
637
527
431
361
328
313
275
239
232
258
227
213
230
231
228
271
265
254
238
268
232
229
209
247
211
203
229
241
215
222
214
234
229
255
242
227
284
248
225
244
253
235
229
238
231
237
242
249
225
204
222
218
208
201
220
225
244
257
276
268
291
318
337
279
268
301
235
239
211
222
202
208
244
211
253
258
293
309
305
314
283
261
249
235
218
229
213
217
234
271
274
251
236
355
495
709
900
965
802
544
379
293
260
255
272
259
261
252
247
199
235
232
255
255
380
496
637
748
798
666
518
348
298
235
243
246
256
218
222
187
224
231
221
227
226
241
247
279
243
241
209
198
201
228
237
263
290
362
350
398
308
300
237
246
218
254
276
285
254
236
237
261
240
264
339
371
416
377
276
231
201
239
224
215
226
217
205
234
234
243
236
263
241
235
258
354
522
742
929
987
810
548
360
285
267
215
192
209
227
217
316
544
1009
1850
2923
3491
3233
2246
1386
688
423
277
288
261
245
273
219
241
250
218
201
227
224
255
275
240
258
226
234
209
219
240
211
211
206
202
213
219
207
206
211
205
283
255
265
248
242
230
208
210
212
201
219
208
224
222
212
221
235
311
363
466
498
488
416
398
276
245
245
228
221
198
208
202
220
213
217
260
230
254
270
200
205
212
218
171
191
200
210
210
208
201
216
207
215
184
233
203
252
214
210
233
187
206
246
210
296
253
285
298
263
257
238
252
222
244
252
220
264
221
234
206
225
218
215
221
202
209
213
193
209
221
249
241
208
274
222
236
245
287
273
324
310
299
297
268
297
260
293
351
319
287
304
271
274
260
283
264
250
263
269
305
257
324
312
306
293
263
262
264
263
251
251
222
245
264
243
284
283
283
312
303
317
316
318
339
298
300
304
299
304
258
271
249
259
240
230
202
255
223
270
251
262
261
248
249
206
244
233
225
222
219
195
250
191
212
202
252
209
221
248
227
259
431
642
843
1058
1078
940
682
450
330
241
220
219
219
218
223
224
240
230
211
210
227
223
203
256
245
237
234
237
253
225
254
266
239
218
233
255
217
230
240
213
216
223
217
230
202
236
208
226
248
226
216
222
230
219
212
215
211
276
235
250
234
224
198
247
242
234
230
259
231
216
271
246
223
262
228
259
244
206
202
244
262
232
234
252
259
266
351
433
585
636
603
522
450
313
311
247
263
243
233
252
217
263
250
245
249
251
258
207
217
222
246
248
220
231
231
270
258
308
286
273
257
255
250
243
273
294
293
297
275
242
282
272
241
242
245
213
232
223
247
237
268
262
248
260
260
256
266
246
244
221
212
256
233
243
236
236
244
210
182
206
256
224
242
274
256
278
264
245
211
240
236
228
235
222
272
248
271
225
259
235
217
267
266
255
293
245
239
241
215
236
231
220
224
212
222
219
234
236
230
227
221
219
209
202
214
230
229
246
308
369
372
389
365
300
259
260
301
282
270
275
266
247
251
206
200
238
199
218
223
199
200
218
199
235
206
228
225
235
289
300
283
252
253
231
196
228
208
196
205
227
228
233
214
216
227
205
213
233
298
363
402
425
416
314
236
242
251
252
232
250
238
225
201
218
239
215
214
228
242
279
300
326
269
301
273
261
275
289
371
717
1508
3292
5511
7565
8033
6403
4125
2284
1051
487
377
296
273
252
202
173
203
214
207
253
277
236
223
199
193
187
197
174
197
176
173
206
177
163
185
214
219
215
168
172
206
158
179
200
187
192
176
231
212
208
245
236
195
215
191
205
177
171
189
203
179
183
205
216
194
218
184
221
205
194
228
239
266
271
283
252
228
208
246
265
445
655
940
1114
1152
892
656
387
276
206
192
195
176
189
203
175
209
221
195
195
222
180
203
186
210
181
182
214
225
178
225
189
215
274
348
430
470
480
470
399
319
301
227
191
213
177
185
198
194
185
165
182
193
177
181
188
205
169
194
198
221
205
201
196
214
216
192
226
246
295
294
347
318
306
333
265
242
239
183
195
236
182
191
196
183
199
184
187
174
196
189
177
201
159
179
181
171
187
181
171
193
172
216
247
290
339
359
324
268
248
206
172
204
176
179
180
169
154
172
172
170
175
169
184
188
209
246
254
340
394
357
322
288
225
199
181
208
182
186
185
199
184
180
174
182
280
334
438
527
612
645
538
455
346
235
212
175
158
179
172
175
172
181
157
173
189
183
181
172
153
199
170
205
192
197
216
212
222
181
188
188
187
240
320
647
1267
2121
3145
3430
2980
2083
1189
565
347
257
218
172
204
181
185
182
179
197
164
177
179
179
198
182
164
179
178
156
175
174
190
187
167
180
182
154
166
183
183
199
204
216
203
222
231
283
313
317
350
345
269
251
233
226
221
224
304
315
334
306
278
230
204
186
197
199
210
235
197
230
235
260
308
302
318
324
354
453
503
599
693
912
1037
1127
907
681
491
282
204
217
167
179
183
179
178
204
183
170
149
168
192
165
167
152
173
188
192
206
179
176
180
190
171
189
153
167
167
163
181
172
168
160
164
178
176
159
191
209
248
287
309
312
264
213
169
183
180
214
206
265
255
246
217
212
209
253
307
308
305
260
220
214
189
189
196
181
193
181
151
181
182
160
174
183
172
180
171
164
186
216
194
189
201
164
201
180
186
221
264
257
235
250
259
209
167
167
166
155
179
168
168
161
179
160
180
179
154
170
204
192
194
219
215
225
224
294
248
227
226
256
275
306
383
384
345
322
273
224
261
216
219
239
196
223
226
248
263
361
375
413
379
298
261
192
205
181
182
170
203
188
194
184
161
162
151
166
173
181
177
184
181
187
193
148
174
223
255
325
376
389
359
307
240
178
169
161
170
128
162
158
178
186
179
162
176
185
163
161
176
177
164
187
174
181
182
198
171
179
156
171
157
141
159
145
172
176
154
166
181
170
170
189
196
192
154
176
189
149
195
174
196
196
239
242
228
253
231
222
211
196
171
176
197
178
193
232
194
186
193
192
200
220
227
191
201
263
282
246
271
192
194
201
193
157
166
164
190
170
178
182
196
168
192
141
190
242
292
335
333
300
268
227
220
229
184
186
166
169
188
188
191
211
239
268
231
230
279
301
433
579
747
897
831
718
533
350
278
202
186
182
201
185
166
180
151
190
168
203
221
274
315
308
278
259
232
186
184
182
183
208
177
200
192
197
187
164
194
180
185
163
177
184
198
171
201
189
197
230
261
267
297
248
235
257
201
217
202
166
171
183
174
175
190
184
183
182
182
225
293
373
470
494
470
395
295
217
209
177
181
179
180
153
137
195
175
160
162
153
172
167
178
165
187
172
168
185
192
195
191
204
186
167
190
202
177
205
188
249
198
169
162
155
184
150
186
172
182
186
205
173
210
177
170
175
176
169
174
174
153
151
168
150
158
166
204
237
264
262
277
287
238
175
208
172
138
193
149
181
148
167
161
175
197
152
171
151
173
184
200
184
182
209
172
170
190
197
183
169
163
178
182
168
186
185
202
240
300
305
326
334
273
238
209
176
194
229
369
731
1428
2163
2811
2857
2400
1680
955
512
274
194
191
154
147
134
175
151
177
153
188
186
201
184
204
236
221
259
247
282
247
227
227
211
244
268
334
285
282
248
197
185
166
150
173
163
191
226
253
197
244
212
229
240
229
260
224
210
176
165
158
148
161
159
175
166
191
167
163
150
171
153
190
185
157
169
157
132
136
170
139
150
162
151
180
119
159
158
160
168
179
182
190
191
220
215
263
231
195
212
154
181
169
183
235
225
237
200
209
175
176
163
176
158
138
157
160
172
156
160
157
161
192
180
183
183
199
233
279
337
272
229
215
166
192
158
181
176
215
249
242
287
263
247
215
193
175
153
165
153
147
164
157
164
149
155
168
172
166
189
206
189
210
199
196
187
212
194
186
176
166
165
176
157
153
188
229
236
281
267
269
230
176
190
167
187
156
177
197
176
177
185
193
191
225
292
421
650
1024
1377
1537
1340
1092
642
397
241
198
140
143
145
172
161
139
150
142
156
169
172
173
176
183
147
174
182
203
214
242
196
208
211
209
178
161
156
174
163
167
150
182
151
186
163
154
159
186
196
174
197
180
199
175
187
178
151
165
142
162
149
162
158
184
174
185
198
220
302
315
323
282
277
221
210
219
202
185
192
167
200
182
165
190
179
161
176
169
184
168
227
268
434
641
857
887
846
705
532
340
271
227
195
184
188
160
188
178
194
167
165
187
147
159
176
165
189
177
172
169
209
201
269
284
274
259
214
189
183
169
142
172
219
251
281
333
347
326
264
229
196
152
167
160
155
186
171
148
173
165
179
174
164
179
181
171
164
153
181
176
176
182
175
180
201
178
204
253
338
419
473
439
442
330
246
179
185
153
185
165
173
179
179
180
183
159
166
157
172
187
170
189
185
180
163
198
180
175
179
163
174
169
168
179
174
148
166
163
167
150
174
185
178
147
193
163
209
190
180
173
185
200
177
191
174
185
166
188
173
213
206
215
214
199
160
180
156
181
169
173
199
188
173
160
168
174
179
188
152
164
174
165
164
201
187
190
226
185
196
174
177
176
191
170
189
157
174
179
191
225
273
350
420
485
427
366
303
220
198
183
168
183
181
189
193
186
167
206
167
181
178
168
179
185
191
169
171
163
151
179
179
145
164
175
145
195
179
203
166
188
184
203
184
177
173
155
169
179
168
192
188
199
169
180
241
250
351
470
540
621
628
534
372
316
202
164
170
192
176
197
210
190
178
177
172
177
184
176
200
175
183
219
243
259
271
241
233
204
204
190
173
174
197
200
194
190
203
198
195
225
215
217
236
215
202
187
173
217
213
235
236
230
206
232
206
168
174
211
247
235
224
218
201
170
157
193
194
202
186
206
183
178
193
223
237
201
189
196
194
197
189
206
184
214
221
185
184
164
199
188
185
211
189
185
192
202
217
206
215
233
286
277
374
303
264
230
180
203
174
182
218
178
204
187
196
209
198
193
218
254
275
319
349
381
386
369
303
257
220
217
208
200
223
176
206
209
211
209
210
202
192
190
174
213
186
206
205
184
186
192
203
173
207
199
209
197
195
189
181
219
245
286
297
315
312
296
232
260
238
229
186
189
207
220
186
188
183
185
183
201
211
202
211
186
210
215
193
180
177
174
174
162
180
197
185
171
179
186
190
183
185
212
188
184
217
168
166
193
192
178
191
189
166
210
196
178
197
196
198
216
207
204
195
200
209
184
194
204
226
186
193
187
187
198
214
159
172
187
196
204
184
202
204
221
254
288
318
375
367
322
293
222
216
214
191
198
197
183
211
187
209
221
192
185
200
208
200
193
210
203
183
227
193
198
203
191
170
162
203
199
202
211
174
184
199
201
215
188
188
204
193
192
227
222
255
216
226
240
232
193
197
213
205
199
187
190
179
188
201
221
182
245
230
293
351
444
641
949
1293
1657
1646
1677
1352
1016
709
492
331
253
222
235
197
190
215
222
210
220
213
235
225
241
218
208
224
234
201
236
202
221
239
229
235
294
300
301
270
295
236
256
248
291
294
270
309
252
252
211
181
203
207
200
189
201
191
175
199
202
183
191
192
188
190
222
214
193
220
233
218
185
184
168
191
176
177
189
187
198
200
230
228
225
211
221
201
204
183
229
206
183
214
190
177
213
215
214
195
208
227
196
190
193
220
222
207
232
174
217
210
182
225
230
240
210
248
216
244
277
304
391
423
437
404
382
282
244
233
242
199
215
199
218
242
270
354
448
677
1041
1522
1758
1845
1739
1446
1082
785
474
315
291
235
242
242
279
288
287
276
276
214
215
224
226
226
227
251
252
335
465
661
828
863
789
699
476
343
281
292
292
341
337
309
249
216
237
224
199
212
212
202
211
220
248
233
234
225
219
217
204
195
201
206
226
211
241
221
236
231
209
226
220
207
199
218
209
194
211
209
254
228
253
283
247
248
210
202
192
229
197
228
223
197
206
180
205
209
207
233
187
208
214
201
202
206
203
237
181
227
210
235
221
233
224
235
222
215
212
223
196
240
228
247
221
239
226
224
237
227
213
234
221
246
227
242
254
234
237
232
250
245
217
201
215
237
213
199
210
235
202
216
234
212
227
249
226
267
277
221
264
259
222
225
196
204
212
217
203
188
220
226
230
225
223
247
199
192
194
203
242
237
208
215
231
184
233
223
205
252
240
249
235
228
214
242
207
227
213
202
225
232
225
232
231
232
247
247
242
291
255
316
308
262
260
263
290
278
320
331
351
350
306
328
302
282
298
260
247
242
252
260
279
274
269
277
246
249
276
239
250
246
264
224
264
238
236
259
267
255
240
235
250
238
228
218
242
220
205
262
224
232
242
233
290
260
269
241
266
234
258
208
247
246
230
230
230
248
219
239
254
222
251
253
217
250
220
223
241
248
225
214
240
215
247
244
254
226
234
219
220
214
252
280
259
270
243
257
269
261
257
245
230
206
222
254
243
240
237
217
239
228
245
203
218
228
223
257
267
258
253
268
267
245
250
322
353
342
379
458
421
433
401
319
281
341
317
316
353
372
309
310
323
295
292
264
293
283
315
369
439
454
417
442
407
343
340
328
328
291
315
308
311
281
313
309
294
303
327
355
339
302
305
292
304
324
265
313
297
298
311
276
314
328
291
341
397
394
449
354
326
312
263
288
281
268
295
287
268
279
289
266
269
286
279
268
259
270
263
205
275
279
271
249
236
254
233
243
274
218
253
259
253
253
253
247
232
261
251
251
257
245
251
239
258
234
221
220
221
213
226
242
253
247
253
220
224
208
254
220
223
250
254
239
250
221
231
235
246
243
248
247
221
217
223
209
231
223
245
242
237
233
261
241
233
244
234
248
251
236
242
249
261
256
257
242
261
243
229
231
257
239
227
227
237
224
257
242
245
282
289
326
334
353
386
327
351
301
317
284
263
266
268
254
239
238
260
245
202
274
251
267
257
269
243
253
249
265
244
269
248
246
238
219
263
274
248
254
268
261
289
281
260
253
241
222
240
259
256
253
267
258
275
290
290
320
333
295
338
289
263
289
288
254
232
229
249
242
296
413
810
1712
3363
5871
8547
10034
10101
8343
5759
3284
1614
779
390
264
191
202
176
172
163
161
157
154
156
131
203
185
163
157
162
145
157
153
145
160
170
169
163
151
162
152
136
144
154
158
166
148
170
162
169
157
170
166
176
190
150
158
131
141
149
157
163
149
156
133
124
139
137
144
136
156
172
146
140
133
153
153
170
149
149
185
203
221
263
257
242
281
203
213
164
176
162
153
156
149
159
172
160
162
163
180
166
169
167
167
171
159
156
157
182
157
149
178
184
202
198
199
191
168
166
167
184
174
157
163
194
191
200
185
205
174
188
196
177
177
193
184
232
408
845
1714
3419
5989
8509
9905
9863
7753
5330
3018
1437
611
313
149
136
119
129
137
112
123
153
170
161
157
192
151
118
134
130
126
140
127
138
124
150
121
149
128
119
148
132
142
163
133
145
141
129
115
133
123
134
125
113
106
113
104
118
133
132
113
130
136
141
145
166
157
178
154
150
126
112
111
121
117
103
118
124
112
118
119
109
116
109
115
141
137
125
121
111
123
124
112
132
123
124
97
128
131
132
107
107
123
133
106
132
122
100
113
133
134
98
114
110
112
112
101
113
114
120
125
114
131
155
197
238
291
275
273
258
181
143
136
139
126
143
119
109
127
108
105
117
117
111
126
114
121
127
124
115
115
123
126
118
95
106
126
112
133
115
119
103
153
108
139
141
137
133
131
104
136
139
137
107
143
128
129
119
131
116
128
143
144
153
153
127
147
121
120
121
133
135
116
115
103
96
118
120
114
133
96
107
118
101
109
120
130
149
164
160
180
151
143
126
138
109
120
93
117
122
108
107
130
124
106
109
122
109
120
121
111
125
128
139
121
129
125
98
134
117
127
114
115
121
115
113
106
132
119
123
127
124
131
130
141
149
136
128
121
131
120
146
153
145
129
154
137
131
118
134
115
109
126
127
122
121
127
119
112
111
128
115
134
102
124
137
124
127
177
125
129
141
142
161
130
117
124
141
125
117
135
111
122
98
137
116
122
114
111
113
138
126
134
134
134
123
126
101
112
125
130
146
119
114
119
141
149
175
168
184
190
191
170
161
156
141
144
154
180
181
168
206
197
186
137
169
157
138
133
131
137
129
122
163
137
182
229
239
260
292
282
231
220
200
200
174
179
153
156
139
145
131
133
150
135
142
174
117
130
138
141
155
133
127
136
113
140
114
144
115
153
161
202
211
195
170
170
139
125
143
137
140
121
130
119
123
125
112
129
126
124
113
135
131
144
110
148
121
134
134
148
148
153
141
147
144
142
160
142
156
180
176
177
204
198
209
206
183
154
156
131
135
144
139
136
126
109
124
134
129
118
138
160
169
185
192
208
210
180
136
125
139
146
109
129
141
146
134
137
146
121
155
125
134
123
150
122
123
121
114
115
121
120
123
119
123
127
130
132
146
167
164
142
160
176
177
151
149
139
137
151
137
143
134
151
142
149
135
121
147
198
222
388
555
782
868
850
743
521
360
257
183
159
148
145
126
120
124
139
135
141
135
124
154
129
140
143
139
146
140
136
131
118
131
117
131
116
117
122
139
152
134
138
158
168
161
161
141
159
136
150
137
151
173
210
236
302
371
411
416
344
308
252
180
143
138
145
133
133
146
136
148
163
194
193
164
177
164
141
151
135
120
135
119
147
120
138
127
140
148
150
119
125
130
129
127
122
133
148
131
131
145
160
163
151
156
154
138
144
155
145
151
141
132
149
116
146
129
147
136
141
151
148
183
196
214
189
171
131
146
145
127
124
131
131
150
137
132
128
139
141
147
166
132
167
132
156
130
129
150
162
163
190
230
228
185
191
154
169
141
131
148
137
135
144
141
123
149
147
145
146
155
156
168
143
150
155
141
189
174
217
226
232
231
206
187
166
141
148
142
125
135
145
152
168
185
218
220
211
260
218
201
172
184
151
141
140
122
147
129
132
144
131
115
153
123
127
106
135
152
131
121
133
130
140
144
126
108
151
140
129
143
167
148
169
217
200
220
242
256
275
262
214
175
189
172
149
165
172
181
170
204
164
176
175
175
147
126
130
126
155
164
136
129
139
157
137
141
144
146
146
141
153
146
154
108
153
181
147
148
184
152
124
157
160
153
157
150
135
159
162
155
149
166
149
166
154
163
187
161
145
143
144
136
183
138
134
157
153
149
124
151
164
179
146
164
135
164
135
175
152
171
193
241
321
406
468
491
410
361
291
225
191
164
168
140
196
164
181
158
153
179
215
248
302
364
461
443
419
389
292
234
187
195
184
178
173
165
181
173
169
166
174
184
202
180
189
169
180
159
160
178
178
176
184
215
226
252
213
241
216
278
234
228
235
241
230
198
203
197
204
181
177
200
177
190
176
180
192
193
177
196
171
177
174
171
184
177
149
154
164
189
187
161
187
187
174
164
180
174
191
147
173
171
170
164
194
188
171
157
159
154
176
166
176
159
171
195
174
184
166
173
167
158
197
159
165
159
192
162
169
162
188
194
153
162
171
200
198
222
209
227
248
282
273
216
226
197
177
182
158
169
169
171
185
168
187
183
175
172
152
186
175
201
193
162
186
178
162
177
180
208
176
192
194
218
245
266
305
347
339
316
310
277
262
214
178
215
196
164
177
171
179
182
192
181
185
181
163
190
198
188
189
175
202
209
179
206
201
184
207
180
194
214
274
339
427
469
534
589
502
449
366
336
328
450
532
711
953
980
1011
863
721
530
427
334
263
214
243
228
209
194
190
204
202
196
197
226
246
279
351
393
457
399
408
312
263
254
218
248
230
166
168
207
177
186
211
205
199
239
202
216
208
233
206
228
221
196
223
206
193
196
226
228
212
192
209
204
191
226
209
212
217
211
211
214
179
217
196
169
211
206
198
212
198
234
181
199
212
230
234
284
284
336
284
267
237
261
210
228
212
211
226
211
232
238
280
281
283
258
240
220
216
216
173
192
199
187
204
168
219
206
177
214
214
225
205
205
185
202
204
213
202
209
202
192
225
202
184
194
214
217
202
197
174
239
206
206
232
231
226
219
194
223
224
230
252
266
279
294
283
296
299
333
304
275
280
253
221
212
204
203
192
221
209
191
220
223
238
221
229
218
229
210
221
255
205
229
202
232
207
206
218
221
193
213
207
224
224
238
230
214
225
224
236
244
254
230
215
226
244
225
212
195
235
209
254
251
251
227
248
265
234
259
231
262
230
227
253
224
257
252
260
276
325
400
375
400
362
335
283
263
255
222
247
262
243
252
235
239
255
257
227
242
222
243
260
254
253
246
282
254
257
263
254
272
266
241
281
267
253
248
231
242
247
274
263
269
302
361
359
380
370
326
265
283
245
281
265
275
262
246
233
245
233
219
263
242
255
253
245
240
233
258
264
266
259
276
257
263
275
232
293
283
271
286
271
293
292
287
263
274
278
268
239
267
261
260
236
295
245
280
242
256
263
274
256
259
292
263
252
265
282
263
288
271
296
255
270
287
273
307
248
240
285
280
276
279
242
255
283
267
252
252
243
238
246
285
295
251
253
260
259
267
239
257
239
271
264
258
274
262
235
251
249
249
263
253
227
245
237
253
231
254
240
250
253
240
219
242
213
244
256
213
230
231
218
254
235
268
293
304
343
418
529
676
726
865
855
812
652
522
380
295
251
250
254
237
226
233
207
206
249
204
230
220
251
201
219
231
231
223
227
220
249
234
241
235
239
238
231
250
238
222
250
237
252
247
215
255
231
227
235
256
238
232
240
252
252
262
252
252
250
253
247
264
279
254
265
278
268
226
254
260
265
256
256
255
257
231
241
247
254
266
278
278
333
351
447
778
1229
1812
2645
3429
3882
4042
3797
3076
2299
1517
949
665
444
356
340
316
354
433
503
655
1009
1460
2156
2863
3363
3672
3489
3018
2244
1551
1080
717
528
447
371
358
355
372
330
357
331
338
270
324
333
296
302
312
309
315
316
323
310
336
301
328
369
428
544
644
702
624
648
560
498
418
423
348
365
335
298
301
317
296
316
286
262
277
289
300
321
302
294
307
258
278
258
289
280
266
268
276
273
269
305
267
330
268
277
275
292
272
265
257
260
277
273
282
261
274
253
312
290
277
306
289
267
301
278
280
292
309
272
290
286
271
284
255
259
286
263
294
295
278
303
284
284
287
344
324
275
259
289
274
237
245
303
263
260
273
294
254
262
253
270
277
242
275
294
298
262
277
258
248
250
239
277
260
245
228
287
270
288
319
386
557
725
862
1012
1032
883
714
620
461
371
320
275
276
253
241
227
260
251
250
245
263
257
231
258
256
295
331
338
354
351
330
321
285
303
272
267
279
343
367
392
446
466
470
446
384
318
353
474
736
1323
2183
3177
3794
4124
3916
3083
2105
1356
752
483
312
270
250
268
262
268
284
236
275
244
264
272
279
272
276
249
286
265
287
259
298
283
309
276
293
244
292
273
263
242
260
284
267
261
265
276
301
331
326
291
290
275
287
272
288
262
262
286
260
275
273
293
282
278
245
249
251
296
277
258
248
236
264
293
258
295
251
272
237
269
263
250
245
242
287
228
243
275
270
255
270
255
228
276
250
275
246
274
287
271
231
282
281
259
287
287
258
257
270
280
270
287
266
272
295
277
330
302
317
280
301
334
305
300
350
333
320
339
331
347
355
311
337
363
353
385
342
375
352
376
358
383
376
402
378
380
394
361
369
358
377
343
389
392
374
376
343
334
331
346
347
342
376
350
334
382
325
351
340
324
329
324
343
286
300
280
317
300
298
294
298
325
313
295
252
278
301
287
310
293
286
271
293
271
296
287
294
302
299
298
319
289
283
317
304
317
274
317
280
280
338
285
274
318
307
291
309
281
269
287
288
263
308
298
278
297
291
297
252
268
318
286
302
302
289
274
305
284
278
296
308
324
281
322
313
305
290
323
319
302
304
310
335
355
350
311
303
306
311
318
335
309
342
333
317
337
355
355
331
350
349
355
341
356
343
370
363
368
326
366
359
390
358
372
367
388
380
395
383
390
381
362
400
345
390
369
447
387
403
364
432
427
428
419
416
387
445
405
411
380
383
406
409
392
390
412
409
385
416
389
382
380
382
404
381
410
460
417
372
387
386
368
419
380
395
370
379
370
357
365
353
369
327
369
315
337
352
336
338
302
316
337
332
337
314
307
320
324
316
299
291
274
288
286
312
267
256
304
272
288
253
261
253
241
200
219
239
255
241
228
219
201
241
215
212
216
223
221
189
231
203
214
201
195
197
200
182
200
203
179
203
165
178
187
165
178
192
162
192
204
189
186
173
169
168
179
183
157
204
214
168
156
180
177
168
185
188
180
181
196
175
184
160
182
186
178
163
195
171
195
204
161
166
187
193
196
193
184
201
205
195
168
176
188
185
209
174
167
176
176
196
166
207
186
191
210
193
194
181
197
201
194
201
196
202
229
192
221
205
220
225
234
252
261
226
239
269
241
269
261
369
574
1112
2282
4580
7912
11960
15629
17531
16662
13586
9610
5811
3117
1446
691
371
214
206
201
238
364
764
1644
3266
6066
9623
12908
14956
14933
12611
9146
5694
3217
1444
637
239
105
54
49
35
25
44
46
40
43
26
38
30
29
28
31
39
34
30
27
30
28
26
28
32
20
34
24
32
30
16
29
23
23
24
25
26
20
17
30
32
25
23
28
19
28
18
27
17
23
19
13
22
21
26
22
17
17
16
15
13
15
25
22
20
27
20
29
23
19
21
26
17
23
20
19
18
18
20
18
11
22
17
15
17
15
22
18
17
28
28
22
19
24
18
10
15
15
9
15
17
18
19
19
28
14
12
20
19
12
17
20
12
18
17
14
11
16
14
14
15
18
15
8
15
13
17
13
18
21
11
6
7
15
20
13
13
18
16
10
15
15
15
13
23
14
13
14
7
9
9
10
17
5
17
17
18
7
9
15
11
11
15
17
9
13
16
14
7
9
11
7
9
10
7
12
17
13
10
13
15
4
14
9
7
7
4
16
9
16
6
13
11
10
10
16
11
7
7
10
6
13
9
11
8
6
16
12
16
13
15
13
11
10
10
11
10
11
10
9
11
11
10
10
9
11
13
8
10
8
11
20
17
16
34
47
48
52
54
40
46
23
26
10
10
5
14
10
12
14
5
8
8
11
10
8
9
17
9
20
12
7
5
11
6
17
15
7
14
5
10
7
12
11
6
11
11
12
15
12
14
12
7
8
7
13
11
15
21
22
33
42
23
32
35
21
26
21
20
26
21
13
15
14
14
8
14
17
13
13
9
10
9
8
22
16
15
9
12
14
8
14
11
13
13
6
7
12
9
15
10
19
17
12
10
17
16
10
9
8
8
14
13
12
14
10
12
10
12
9
7
14
13
9
13
5
11
12
12
12
11
15
9
8
10
15
8
10
16
15
17
19
29
23
24
17
9
14
8
9
11
10
9
5
12
8
9
5
7
19
10
9
18
12
12
11
7
19
12
17
21
31
43
49
72
71
55
46
41
31
19
17
15
11
12
15
8
9
9
7
8
14
14
11
6
8
6
9
12
13
7
15
14
11
6
9
7
16
13
8
13
13
11
10
4
13
12
10
10
12
21
17
14
12
15
19
19
9
13
21
11
18
10
5
19
13
18
20
24
19
15
20
9
20
15
12
16
6
13
10
11
15
13
16
18
16
12
20
18
20
23
30
21
15
26
21
18
7
14
14
7
13
11
12
10
6
12
8
17
11
11
11
17
10
12
9
13
15
20
23
36
19
36
29
26
18
20
17
12
17
19
11
9
11
15
9
9
14
9
11
13
17
15
11
12
14
9
12
20
10
12
9
14
11
8
10
12
9
10
4
6
8
6
5
10
7
6
8
11
15
13
11
14
11
8
13
13
7
13
11
13
13
14
14
8
13
6
9
10
13
6
12
12
15
6
9
7
17
10
14
9
5
8
8
16
9
12
13
7
11
12
13
5
15
10
8
11
8
13
13
13
14
7
8
11
12
17
15
13
9
15
12
6
8
13
8
10
16
11
15
23
9
6
23
15
9
9
13
8
16
12
12
12
24
8
18
15
20
27
34
26
28
30
22
22
16
16
18
12
12
14
10
24
7
3
7
8
6
13
11
15
8
13
9
8
19
8
4
9
15
9
10
7
10
19
15
13
10
16
9
7
14
17
7
8
15
15
11
11
12
19
16
11
9
14
16
10
14
7
14
17
14
10
8
7
9
13
17
14
9
6
13
15
13
17
12
8
12
16
14
11
12
13
11
12
14
9
14
10
21
18
9
11
11
21
13
17
12
13
15
12
14
7
11
12
15
10
15
15
7
15
22
10
12
9
14
11
11
8
15
15
16
14
10
8
12
15
14
10
10
10
11
14
14
12
13
17
13
13
11
12
10
17
17
19
13
8
12
19
13
10
12
12
12
10
10
14
11
8
16
15
18
10
14
17
11
12
8
11
14
12
16
11
12
7
16
16
14
15
11
8
9
6
13
15
10
9
16
13
8
11
10
11
13
11
15
13
17
13
11
11
19
12
19
6
13
14
12
14
17
17
16
15
19
34
42
37
45
32
45
28
23
28
18
14
12
7
17
12
12
16
18
16
17
13
14
16
6
16
14
13
15
11
12
21
17
17
14
10
14
24
9
13
14
8
21
13
14
6
15
13
15
13
22
11
19
19
21
24
20
15
14
16
17
18
14
15
18
10
17
14
14
11
19
15
10
21
17
19
14
8
11
10
14
11
18
11
6
19
12
17
20
15
15
10
19
12
20
17
12
13
13
10
16
10
14
19
18
14
19
16
19
19
14
13
26
15
10
14
15
13
7
12
16
12
12
11
14
16
7
12
16
16
20
25
34
61
78
93
88
104
122
111
86
120
116
134
127
93
92
83
55
48
33
24
26
27
16
14
19
18
14
10
22
13
19
9
15
18
11
15
20
12
15
12
13
20
16
11
16
13
11
16
13
13
16
20
12
15
9
14
18
16
13
13
13
15
12
17
14
18
16
11
19
20
19
21
8
21
18
13
17
17
14
12
12
17
12
18
13
12
14
11
12
17
15
16
19
13
18
14
21
13
16
23
20
20
17
11
14
8
13
17
17
24
12
18
19
11
17
17
12
19
14
15
13
20
13
14
7
9
18
20
12
17
14
13
16
11
21
15
15
16
15
9
14
10
16
18
18
14
19
13
15
18
15
12
12
17
20
16
12
17
9
17
19
19
21
27
35
39
40
65
45
61
51
52
59
51
38
32
25
26
21
17
15
17
10
15
24
23
11
13
13
13
16
13
16
17
18
14
16
16
20
19
20
24
27
37
37
47
26
37
31
19
18
19
10
17
10
11
13
6
15
11
17
9
24
17
18
15
20
17
16
24
23
34
45
78
85
90
105
81
69
46
41
20
14
26
15
14
21
13
14
19
21
16
20
12
14
14
18
19
14
15
19
14
18
15
14
22
10
16
12
23
15
11
8
18
8
14
15
29
15
16
16
14
21
18
18
15
20
17
16
16
22
13
17
16
16
20
16
18
11
12
14
18
14
18
15
18
18
18
21
10
20
18
13
14
21
19
16
16
24
23
16
19
13
19
13
17
17
18
15
18
21
12
21
20
18
14
18
19
22
19
19
12
14
20
23
23
14
22
17
26
16
12
16
15
30
24
16
21
8
26
18
20
16
26
21
18
7
22
18
16
17
21
18
11
21
14
24
25
22
20
21
16
23
18
25
20
18
26
22
17
24
26
17
21
22
15
16
17
28
27
24
15
19
19
28
18
16
25
23
18
11
15
17
22
20
22
17
19
13
32
22
19
21
20
20
18
18
14
26
21
14
24
20
15
15
20
23
12
19
12
21
17
18
17
23
14
12
14
19
13
18
19
20
16
11
16
21
11
26
16
18
15
10
8
22
14
14
15
14
23
24
19
12
16
19
17
16
17
19
23
12
9
17
16
18
12
13
22
16
12
28
24
17
17
20
25
28
20
26
31
28
16
22
16
22
19
17
17
20
23
21
9
18
20
18
17
13
20
17
15
22
21
21
19
18
15
17
23
10
22
23
21
21
13
19
21
19
19
14
24
19
18
22
19
20
20
19
20
29
17
17
20
20
15
15
16
20
27
15
16
10
16
16
20
26
15
17
16
11
16
14
16
14
19
20
25
19
20
21
18
23
23
28
29
63
78
120
214
300
368
426
433
413
321
262
174
107
77
46
32
30
29
23
30
14
25
22
17
15
37
15
23
23
19
23
23
18
31
18
15
21
21
21
23
13
14
18
27
22
15
22
15
16
24
21
20
19
20
27
19
15
21
13
17
18
15
14
19
13
22
28
25
14
11
21
18
21
17
22
27
24
21
15
11
15
16
19
18
14
22
21
25
24
15
29
13
18
13
19
22
23
15
24
24
23
17
16
26
8
16
27
25
23
22
22
31
16
26
13
26
24
20
11
22
20
27
17
16
24
24
19
25
16
17
20
18
21
16
21
11
22
27
48
57
91
113
151
227
276
373
396
373
360
286
210
116
99
53
35
16
22
23
13
18
9
15
22
15
21
27
13
12
13
15
19
19
16
10
18
12
18
14
16
20
9
19
16
15
12
13
11
20
15
13
19
20
12
13
15
20
17
16
17
15
10
14
18
17
14
12
14
13
12
14
12
20
18
13
11
16
14
18
24
15
19
14
19
11
12
11
16
22
15
11
19
13
14
26
10
16
13
20
12
16
21
18
17
12
13
17
14
26
19
17
19
23
21
20
15
14
14
18
23
16
17
12
18
24
28
15
17
18
22
19
24
17
18
26
16
14
15
22
17
15
12
21
14
16
18
10
13
13
18
18
15
16
17
12
19
15
12
20
33
33
49
54
96
128
138
164
149
135
106
72
53
34
23
26
13
19
16
14
17
20
10
10
11
16
21
17
20
21
18
14
16
10
11
14
19
11
14
12
18
17
21
18
16
10
11
17
19
26
18
12
18
15
24
19
22
16
22
15
31
25
19
19
22
15
23
17
17
34
21
20
20
18
21
19
22
28
21
13
15
10
12
14
23
19
25
15
14
16
20
13
18
11
14
16
19
12
23
7
12
16
17
14
23
21
17
17
28
16
18
15
17
26
11
14
16
16
18
17
13
12
15
20
15
17
22
23
10
19
13
15
16
17
22
13
11
16
17
22
11
14
14
14
12
17
14
15
15
22
8
15
18
16
12
16
18
14
18
22
19
19
15
18
25
14
16
20
20
20
21
24
27
23
19
16
15
17
15
22
26
13
21
21
17
19
19
24
24
29
26
17
24
22
20
19
19
20
18
10
19
22
27
25
29
21
26
19
21
13
24
24
26
24
20
21
19
20
22
19
28
30
21
30
18
24
31
21
25
26
18
27
19
22
16
20
29
12
24
19
27
22
17
23
24
20
25
17
18
23
24
22
18
26
16
18
16
27
20
16
24
19
15
19
20
19
14
17
14
16
17
17
14
20
17
18
15
24
10
11
8
12
15
18
17
12
21
14
12
15
16
10
22
6
13
11
11
18
20
24
31
25
15
16
11
19
9
9
8
11
7
14
10
13
10
14
11
11
10
11
11
10
16
14
12
11
15
9
15
13
15
10
15
15
16
28
38
24
27
22
26
19
9
7
12
7
16
9
6
9
9
14
13
9
9
5
13
14
6
14
14
7
5
6
11
9
5
13
12
10
14
12
8
8
15
13
7
11
9
13
11
11
11
8
11
10
9
10
6
12
22
10
10
21
11
10
16
12
12
7
13
18
10
14
15
22
15
10
7
12
16
15
20
21
21
16
21
21
32
34
68
143
251
445
761
1114
1324
1415
1384
1185
871
504
317
162
76
34
15
3
6
1
2
3
4
3
3
2
3
3
4
1
2
2
2
2
1
2
3
2
3
1
1
4
1
1
2
0
2
2
2
1
2
3
2
4
1
4
3
3
2
1
3
0
1
1
1
2
2
3
0
2
1
0
3
4
1
1
3
3
0
2
2
1
2
3
2
1
3
5
3
2
1
2
3
1
1
3
0
1
1
2
2
0
0
3
1
5
1
1
2
1
3
2
1
1
0
3
1
1
1
0
0
0
1
1
0
1
1
0
2
2
1
2
1
1
3
3
0
0
1
0
1
3
1
0
0
0
0
1
1
0
1
1
1
1
2
1
1
1
1
2
0
3
1
1
1
1
1
1
3
5
0
0
4
4
2
0
1
0
1
2
2
1
2
0
2
2
1
1
0
1
1
1
0
0
1
0
2
1
2
0
3
1
0
2
0
1
0
1
0
1
1
0
1
2
3
1
0
2
0
1
0
0
0
2
0
2
2
2
3
3
0
1
0
1
2
2
0
0
2
0
1
0
1
0
2
3
0
0
3
1
2
1
1
1
1
2
1
2
2
2
1
4
0
0
2
4
1
2
2
3
1
0
1
2
1
1
0
0
1
3
1
2
2
1
0
0
0
2
0
2
0
2
1
2
0
0
2
0
1
3
0
1
0
0
1
0
2
1
0
1
0
1
0
1
0
4
2
0
2
1
2
0
0
0
2
1
0
2
1
4
1
2
1
3
5
2
5
8
9
6
2
2
2
1
1
1
0
1
0
1
1
0
1
2
0
0
1
0
2
0
1
1
2
0
0
1
1
1
0
1
1
0
2
0
1
3
0
2
1
0
0
1
2
0
1
2
2
1
2
1
0
1
1
2
3
1
0
0
3
0
1
1
2
1
0
1
3
1
2
1
2
2
2
1
0
0
3
0
1
1
2
1
0
2
1
0
1
1
0
0
1
2
0
0
1
0
3
0
1
2
1
3
2
2
1
2
0
1
1
0
2
1
0
1
2
2
2
2
0
1
2
1
2
1
2
1
0
2
1
1
2
1
2
0
1
0
0
0
1
0
4
1
0
1
0
1
1
2
2
2
1
1
0
2
1
0
1
0
2
1
3
3
0
0
1
0
0
0
4
0
2
0
0
2
0
1
0
1
2
2
4
1
0
0
0
0
1
3
0
1
3
1
0
1
1
1
1
0
0
0
0
1
0
2
4
0
1
0
1
1
2
1
0
2
1
2
1
1
2
2
0
0
0
0
1
2
2
0
0
0
0
1
0
0
0
0
1
0
0
4
1
3
2
2
1
1
0
1
0
0
3
2
8
6
8
11
18
14
16
30
21
26
11
4
5
3
1
2
0
0
1
0
0
2
2
0
0
0
0
1
1
0
0
0
0
2
2
1
0
1
2
0
1
0
0
1
1
1
0
0
0
2
0
2
1
2
1
0
1
1
0
2
1
2
1
0
1
1
1
2
0
4
1
1
0
1
2
0
0
5
1
0
1
0
0
2
1
1
1
1
4
2
1
2
1
1
0
0
2
1
0
0
3
0
0
1
0
0
0
1
5
0
0
0
4
1
1
1
0
0
1
0
0
3
0
3
0
0
2
1
2
1
1
1
1
1
3
1
3
3
0
1
1
0
1
1
3
1
1
0
2
1
0
0
1
0
1
2
1
0
0
2
4
1
2
0
1
1
1
1
1
4
0
3
0
0
2
1
0
2
1
1
2
2
0
2
1
1
2
0
2
0
0
0
1
0
1
0
0
2
0
0
1
1
0
0
0
1
3
1
2
1
0
1
2
1
0
0
1
1
1
1
0
0
0
1
0
0
0
2
0
0
0
0
1
0
1
0
1
0
0
1
0
0
1
1
0
3
1
0
0
2
0
0
0
1
3
2
0
0
0
0
0
0
0
0
2
1
0
1
2
1
0
0
4
2
0
3
0
2
2
0
1
1
0
2
1
1
0
1
2
0
2
1
1
0
0
1
0
1
1
1
1
0
1
2
2
2
1
0
1
0
0
0
0
0
2
1
1
0
0
1
1
0
1
2
1
0
0
2
1
2
1
1
0
0
0
1
1
1
1
1
0
0
0
2
0
0
0
1
0
0
0
0
0
0
2
0
2
0
1
1
1
0
0
0
1
1
3
0
1
0
1
0
0
0
2
0
1
1
0
1
0
1
0
2
0
1
0
0
0
0
0
1
1
0
3
1
1
0
1
1
0
0
2
0
1
0
1
1
0
0
0
0
2
1
3
0
2
0
0
0
1
2
0
0
0
3
0
2
0
1
0
2
1
0
0
2
0
2
1
0
1
1
2
0
1
0
0
1
0
0
1
1
0
0
1
1
1
0
6
2
11
10
16
10
20
19
18
10
9
3
1
1
0
1
1
0
1
1
2
0
0
0
1
0
1
2
2
1
2
1
0
0
1
0
2
1
1
0
0
1
1
0
0
0
0
2
0
2
1
0
0
2
0
1
0
2
1
2
1
0
1
1
0
0
0
1
0
0
1
0
1
1
1
1
0
0
2
0
0
1
0
2
0
1
1
0
0
2
3
0
1
0
2
0
0
0
0
0
1
0
1
0
0
3
0
2
1
0
0
0
2
0
0
2
0
0
0
1
0
0
1
1
0
1
0
1
0
0
0
0
1
1
2
1
0
1
1
0
0
0
1
2
0
1
0
2
1
0
1
0
0
0
0
0
1
1
2
1
1
0
0
0
0
2
0
0
0
0
2
0
0
0
1
0
0
1
3
0
0
1
0
2
0
2
0
0
0
0
4
0
0
0
0
1
0
0
0
0
1
2
2
3
0
1
0
1
0
0
1
1
0
1
0
2
0
0
0
0
1
1
1
0
1
2
1
0
1
2
0
0
2
1
1
1
2
2
1
0
1
0
0
0
0
1
0
3
1
0
0
0
0
0
2
3
0
3
0
1
1
0
0
0
0
1
1
0
1
1
1
1
0
3
2
1
1
1
0
1
1
0
2
0
2
1
1
0
0
0
1
1
0
1
0
2
0
0
0
0
1
0
2
1
0
2
1
0
0
0
0
1
1
0
2
1
1
0
0
0
0
1
2
0
1
1
0
3
0
1
0
0
0
1
0
1
0
0
0
1
1
2
0
0
0
1
3
1
0
0
1
2
1
2
1
1
0
0
1
0
1
0
1
1
1
1
0
1
1
0
0
0
1
0
1
0
3
0
0
0
0
0
2
0
0
3
5
2
3
3
6
4
6
9
4
7
5
3
0
1
0
2
0
1
1
0
0
0
0
0
1
1
1
0
0
1
0
0
2
1
0
0
0
1
0
1
0
0
1
0
0
0
1
1
0
1
0
1
0
1
0
1
1
1
0
2
0
0
2
1
1
1
0
3
0
0
2
0
1
1
0
0
0
0
0
3
0
0
1
0
3
0
0
0
1
0
0
1
1
1
1
1
1
1
0
0
0
2
1
3
1
1
1
0
1
0
0
0
0
1
1
0
1
2
1
0
0
1
1
0
2
0
0
1
1
1
1
0
1
0
1
1
1
1
1
0
0
1
0
0
1
0
0
0
0
0
0
0
0
1
1
3
0
0
1
2
0
0
0
0
1
0
0
0
2
1
1
0
0
1
2
2
1
1
3
1
0
0
0
1
0
0
0
1
1
1
2
0
0
0
0
0
1
2
0
0
1
0
0
1
0
0
1
0
0
0
0
1
2
2
0
0
1
0
1
0
1
0
1
2
1
1
3
3
1
0
0
0
1
0
1
1
0
0
1
2
0
0
0
0
0
1
0
1
1
0
0
0
0
2
1
0
2
0
0
0
0
1
0
2
2
0
1
0
0
0
1
0
1
3
0
0
1
0
0
1
0
1
0
0
0
1
1
0
1
3
0
1
1
0
0
0
0
1
0
0
1
0
0
4
0
1
1
0
1
2
0
0
1
0
0
0
0
3
0
0
1
0
0
0
0
1
1
1
0
2
1
0
0
0
0
0
3
0
1
1
0
0
0
1
0
1
1
0
0
1
1
0
0
2
0
0
2
1
2
0
1
2
1
0
0
0
1
1
0
1
0
0
2
1
0
0
0
1
1
1
0
0
1
1
2
0
0
1
1
0
0
1
0
0
1
2
0
1
1
1
1
2
0
1
0
1
0
0
0
0
2
0
0
0
0
1
3
2
0
0
1
1
1
1
1
0
1
0
0
1
0
0
0
0
1
0
0
0
1
2
1
1
0
1
0
1
0
1
0
1
1
0
0
2
1
2
0
3
0
2
1
0
2
0
0
0
0
0
0
1
1
0
0
0
1
0
1
1
1
1
0
0
3
0
2
0
2
0
3
1
0
0
1
0
0
0
0
3
2
3
2
0
0
1
0
0
0
0
1
4
0
1
0
1
1
1
1
1
2
0
1
0
2
1
0
1
0
0
0
0
2
0
1
1
2
1
0
1
0
1
0
1
0
0
1
1
0
1
0
0
0
0
0
2
1
0
1
0
0
0
0
1
0
0
2
0
0
1
2
0
1
1
2
0
0
0
0
2
0
0
0
0
0
1
0
0
0
2
1
0
0
0
0
0
0
3
2
1
0
0
1
1
0
1
1
0
3
1
1
0
1
2
1
1
0
0
0
0
0
0
1
0
1
1
0
1
1
1
0
0
0
0
0
2
0
0
0
1
0
0
0
0
1
0
0
1
0
0
0
0
0
0
0
0
2
0
1
1
0
1
0
0
2
1
0
1
1
2
0
0
0
0
1
1
1
0
2
0
1
1
0
1
0
0
0
1
0
1
0
0
0
0
1
0
0
0
2
0
1
0
0
0
4
1
1
1
0
1
1
0
0
0
0
0
0
0
1
2
1
6
11
11
20
17
23
26
13
17
9
5
4
2
1
0
1
0
0
1
0
0
0
1
0
1
2
0
0
1
0
0
0
0
0
1
0
0
0
0
0
0
0
0
0
0
0
0
0
1
0
0
0
1
1
1
0
1
1
0
1
1
0
0
1
0
0
1
0
0
0
0
0
0
0
0
1
0
0
0
1
0
0
1
0
0
1
1
0
0
1
0
0
0
0
0
0
0
0
0
1
0
0
0
0
2
0
0
0
0
0
0
0
0
0
0
1
1
2
0
1
0
0
1
1
0
1
0
1
0
0
0
0
0
0
0
0
0
0
0
0
0
0
0
0
1
2
0
2
0
0
0
0
0
0
0
0
0
0
0
0
1
0
1
1
1
0
1
0
1
0
0
0
0
0
0
0
0
2
0
0
2
0
0
1
1
0
0
1
2
2
0
0
0
0
0
0
2
2
1
1
0
0
0
0
1
0
0
0
1
0
0
0
1
0
0
0
1
0
0
0
0
0
1
1
1
1
1
0
1
0
0
0
1
0
1
0
0
0
0
0
0
0
1
0
0
0
0
0
1
0
0
1
0
0
1
0
0
0
0
0
0
0
2
0
0
0
0
1
0
0
0
0
2
0
1
1
0
0
2
0
0
0
0
0
0
1
0
1
0
0
0
0
0
0
0
1
0
1
0
0
1
0
1
0
0
0
1
1
2
2
1
0
1
0
1
0
0
0
0
1
0
0
0
0
0
1
0
0
0
0
0
0
0
0
0
0
1
1
0
0
0
1
1
2
0
0
0
0
0
1
0
0
0
0
0
0
0
1
0
0
0
0
0
1
1
0
0
0
0
0
0
0
1
0
1
0
1
0
0
0
0
0
0
0
0
0
0
0
0
0
0
0
0
1
0
0
0
1
0
0
0
0
0
1
0
0
0
0
0
0
1
1
0
1
0
0
0
0
0
0
1
0
0
0
1
0
3
1
0
0
1
0
0
0
0
0
0
1
1
0
1
0
0
2
1
0
0
0
0
0
0
0
0
0
0
0
0
1
0
0
0
0
0
1
0
0
0
0
1
0
0
1
1
0
0
0
0
1
0
0
0
1
0
0
0
0
0
0
0
0
0
2
0
0
0
0
0
1
0
0
2
0
1
0
1
0
2
0
1
0
2
0
0
0
0
0
0
0
1
0
0
1
0
1
0
0
0
1
1
0
0
1
2
0
0
0
0
0
1
0
2
1
0
0
1
2
1
0
0
1
0
1
1
0
0
0
0
0
0
0
0
0
0
0
1
0
0
1
0
0
0
0
0
0
0
1
0
0
0
0
0
0
0
1
0
0
0
0
1
1
1
0
0
0
1
0
0
0
0
0
1
0
0
2
0
0
0
1
0
0
0
0
0
1
0
0
0
0
0
1
0
0
0
0
1
0
1
0
0
0
0
0
0
0
0
0
0
1
0
0
0
0
1
0
0
0
0
0
1
0
1
0
0
0
0
0
0
0
1
0
0
0
0
0
0
2
0
0
1
0
0
0
0
0
0
0
0
1
0
1
0
0
0
0
0
0
0
0
0
0
1
0
0
0
0
0
1
0
0
0
0
0
0
1
0
0
0
1
1
0
0
0
1
0
1
0
0
1
0
1
0
0
0
0
0
0
0
0
0
0
1
1
0
0
0
0
0
0
0
1
0
0
1
0
1
0
0
0
0
0
0
1
0
0
0
2
0
0
0
1
1
0
0
0
1
0
0
2
0
2
0
1
0
1
0
2
0
0
0
1
0
0
1
0
0
0
1
1
0
0
1
0
0
0
0
0
0
0
0
0
0
1
3
1
0
0
0
0
0
0
0
0
1
0
0
0
0
0
0
0
2
0
0
1
0
0
0
0
0
0
0
0
1
0
0
0
0
1
1
0
1
0
1
0
0
0
0
0
0
0
0
0
1
0
0
0
0
1
0
0
0
0
0
0
0
0
2
1
0
0
0
0
0
0
0
0
1
0
1
0
0
1
0
0
2
0
0
1
0
1
0
0
0
0
0
1
1
0
0
0
0
0
0
0
0
0
0
0
1
0
0
0
0
1
0
0
0
2
0
0
0
0
0
0
1
0
0
1
0
0
1
0
0
0
0
0
0
0
1
0
0
0
0
1
0
0
0
0
2
0
0
0
0
0
0
0
0
0
0
0
0
0
0
0
0
2
0
1
0
0
0
1
0
0
0
0
0
0
1
1
1
0
0
0
0
1
0
0
0
0
0
1
1
0
0
0
0
0
0
0
0
0
0
0
1
0
0
1
1
3
0
1
0
0
0
0
0
1
1
0
0
0
0
0
0
0
1
1
0
0
0
0
1
0
1
0
0
0
0
0
0
0
0
0
0
1
0
0
0
2
0
0
0
1
0
0
0
0
0
0
1
0
0
0
1
0
0
0
1
0
0
1
1
0
0
0
0
2
1
1
0
0
0
1
0
0
0
0
0
0
0
0
1
0
0
0
0
1
1
0
0
0
1
1
0
1
0
0
0
0
0
0
0
0
0
0
0
0
1
0
0
0
0
0
0
0
0
0
0
0
0
0
1
0
0
0
0
0
2
0
1
2
0
0
0
0
0
0
0
0
0
3
1
0
0
0
0
0
0
2
0
0
0
0
$ENER_FIT:
-0.6030 0.711300 0.000000e+000
$MCA_CAL:
3
-0.6030 0.711300 0.000000e+000
$ENDRECORD:
