$SPEC_ID:
Sample title.

$MEAS_TIM:
403.70000 416.28000
$DATE_MEA:
06/13/2014 2:45:02 PM
$DATA:
0 16383
0
0
0
0
0
0
0
0
0
0
0
0
0
0
0
0
0
0
0
0
0
0
0
0
0
0
0
0
0
0
0
0
0
0
0
0
0
0
0
0
0
0
0
0
0
0
0
0
0
0
0
0
0
0
0
0
0
0
0
0
0
0
0
0
0
0
0
0
0
0
0
0
0
0
0
0
0
0
0
0
0
0
255
247
253
290
256
265
322
295
283
296
332
366
308
354
351
332
344
343
381
374
372
402
392
389
434
393
408
392
415
420
488
483
546
555
515
633
756
637
584
671
617
546
494
458
514
486
464
482
507
552
563
546
562
548
599
551
581
535
545
516
515
483
506
513
481
505
491
522
485
504
471
519
515
503
503
473
508
513
496
500
518
532
549
566
570
485
524
528
512
494
496
485
491
491
539
491
513
494
496
480
498
525
528
528
484
527
477
495
495
502
485
501
449
523
475
488
471
445
460
482
464
445
466
478
468
464
445
508
511
448
435
447
502
492
474
502
421
431
443
474
472
447
472
452
424
429
441
453
467
464
471
499
477
467
436
443
434
420
454
462
461
460
452
440
460
449
466
470
425
422
428
445
423
408
435
448
453
442
457
460
402
436
444
438
434
447
450
465
461
456
415
456
425
426
414
434
403
416
456
447
382
433
425
433
394
398
426
391
433
409
401
429
391
382
413
390
411
394
423
414
378
404
416
393
391
354
391
359
359
390
362
355
382
387
372
367
402
390
379
334
378
355
389
407
350
375
365
377
377
339
350
358
358
345
353
373
346
366
325
356
363
346
371
324
353
356
339
322
340
339
337
360
321
337
328
331
363
321
322
325
307
310
313
321
346
320
312
318
296
284
358
310
332
356
306
339
319
325
294
307
312
310
331
351
326
328
315
337
348
332
323
310
285
316
285
302
287
256
274
273
273
292
274
265
265
282
271
298
284
268
296
247
299
278
298
257
265
244
265
248
247
267
248
238
225
263
264
226
220
259
253
231
226
236
226
236
245
218
251
228
245
249
251
239
249
264
266
222
248
238
247
191
247
252
228
231
234
229
248
212
242
198
225
212
227
223
229
199
222
232
244
192
202
238
230
219
208
232
208
217
201
209
213
229
191
203
200
192
185
227
206
204
210
200
218
218
190
221
194
200
193
210
191
197
168
216
181
211
207
215
183
197
196
185
203
210
199
197
187
183
180
185
189
169
182
193
174
176
172
203
166
198
204
174
166
176
139
178
183
174
173
190
184
186
194
184
168
177
152
175
187
153
150
154
160
149
154
170
185
160
181
171
149
150
154
182
158
152
146
168
157
165
144
165
157
184
148
168
147
150
146
149
160
148
153
157
145
142
146
156
170
166
172
174
138
178
155
142
171
154
177
134
166
159
152
152
132
167
150
160
163
151
168
147
165
143
154
160
160
143
151
173
149
126
156
141
167
150
156
159
149
132
141
142
126
142
153
142
131
135
147
132
155
145
143
131
131
143
149
155
150
126
134
152
120
119
131
116
142
152
154
155
203
204
166
146
133
140
145
113
143
121
119
135
138
147
129
149
137
140
136
142
146
128
145
131
122
136
113
140
130
121
128
128
142
130
137
145
161
129
154
135
143
138
129
103
127
145
121
144
153
123
147
187
263
349
448
569
500
563
562
556
585
544
566
538
573
576
574
570
535
568
510
445
496
349
224
164
140
112
92
103
117
98
129
110
92
93
113
105
94
102
112
117
101
125
106
130
112
94
110
101
117
129
116
116
118
118
119
116
130
203
298
428
604
738
758
620
416
244
194
165
302
846
1807
1787
997
389
206
158
140
135
128
122
110
97
106
105
102
106
110
94
106
98
99
83
107
116
101
118
104
107
103
101
97
102
102
103
99
109
101
99
113
99
98
104
89
85
100
95
104
78
105
99
117
95
100
86
106
112
101
97
125
87
117
105
122
136
133
126
112
93
91
117
114
107
102
100
99
98
112
109
96
85
94
109
105
107
100
104
100
107
98
104
121
114
110
112
114
96
103
108
100
121
108
143
130
128
121
96
118
86
100
96
103
100
105
100
108
90
96
105
114
119
117
106
102
100
99
96
108
105
77
100
100
86
85
100
90
98
89
99
106
101
97
105
97
86
125
91
103
84
96
101
104
87
98
95
95
73
98
85
88
98
90
73
94
97
94
99
86
98
81
93
86
77
79
85
96
101
99
83
82
82
79
93
69
92
98
95
76
94
95
96
99
88
81
94
81
126
107
107
91
85
73
85
93
96
105
90
93
86
96
97
96
82
85
74
74
90
90
101
92
100
79
86
80
69
70
83
86
80
87
83
91
82
69
87
73
87
75
63
77
83
85
69
101
82
79
93
82
73
78
87
101
89
72
74
80
83
80
86
81
79
90
72
81
74
92
87
78
102
88
83
74
76
87
108
63
92
88
70
74
84
82
83
78
76
92
71
76
80
77
76
77
90
67
86
78
82
62
95
84
95
83
95
69
87
76
67
78
95
100
69
81
98
85
84
81
88
62
93
104
125
87
89
77
89
90
82
87
66
76
77
83
84
72
77
84
94
86
73
69
76
81
81
86
94
79
71
81
77
68
80
76
94
78
90
80
63
52
76
71
90
92
76
83
86
84
87
61
70
78
84
72
75
76
81
75
79
64
78
75
84
97
261
486
701
538
286
127
96
76
75
90
72
91
94
92
77
81
72
75
67
82
75
79
78
103
212
453
694
748
792
1063
985
579
223
108
85
93
67
81
72
66
67
91
71
75
74
70
88
62
73
78
88
89
80
80
78
79
61
79
70
78
70
79
76
94
76
69
67
91
105
82
88
74
79
78
66
58
75
86
84
77
72
73
92
86
61
74
73
67
70
76
81
63
78
79
79
63
75
66
81
89
66
69
71
81
94
84
94
96
147
192
152
120
97
84
82
76
84
76
84
95
76
70
73
73
65
70
71
69
81
87
76
76
67
73
73
77
71
83
55
76
85
76
73
74
96
72
79
63
83
71
87
68
85
84
85
67
84
84
84
80
86
83
80
88
77
65
83
81
81
73
84
73
78
78
80
74
81
72
60
76
97
63
84
72
103
86
69
70
82
84
78
74
81
88
83
94
78
83
75
64
87
77
77
82
80
65
83
85
70
66
89
95
52
71
89
92
69
81
85
81
85
82
89
76
86
83
73
76
82
88
95
64
80
82
66
77
63
79
95
69
74
86
80
77
80
87
87
88
70
60
70
73
84
110
108
107
104
89
82
84
96
107
88
104
95
74
113
98
101
92
74
83
81
69
73
71
82
77
94
66
76
74
87
71
72
73
84
70
66
69
75
81
65
70
70
68
78
76
76
79
62
80
60
69
75
68
64
87
76
58
87
66
68
81
82
79
85
81
81
71
69
75
78
88
102
72
71
65
60
72
71
80
60
61
78
62
78
66
68
84
62
75
63
65
80
76
64
78
75
76
82
77
84
58
72
56
74
59
60
71
70
80
80
61
63
76
58
67
71
65
66
62
73
78
80
75
69
83
74
72
75
70
74
72
78
76
72
76
67
75
70
69
69
69
61
65
70
90
64
62
71
68
85
76
62
60
80
57
67
65
64
71
65
67
87
78
54
64
70
54
72
89
75
68
70
60
62
73
71
67
75
60
68
76
66
80
77
67
55
66
85
64
72
71
68
65
72
68
50
51
61
82
65
57
65
66
71
49
57
77
74
54
70
67
71
92
66
64
63
59
56
54
70
48
58
64
62
57
67
89
84
73
71
69
62
71
77
72
64
68
60
50
59
80
68
58
68
65
65
66
70
58
71
84
66
58
83
58
75
67
73
64
69
73
68
65
73
65
73
59
71
74
63
80
69
67
81
53
47
63
65
60
67
78
70
54
66
69
64
83
65
57
60
67
80
112
139
152
136
90
50
65
61
61
62
58
66
76
63
63
58
74
63
86
57
80
58
63
72
65
63
74
55
64
75
75
71
80
64
66
53
67
60
68
65
71
75
98
120
141
131
94
84
95
164
255
455
850
1221
1069
577
244
102
68
71
72
78
95
75
70
65
57
67
66
63
66
61
67
63
67
72
74
73
66
68
76
70
72
63
60
74
58
60
72
68
65
62
71
55
59
67
81
66
84
74
55
56
71
49
58
85
115
176
226
282
170
89
60
57
58
58
77
69
56
48
78
69
74
73
74
61
76
62
59
65
79
91
69
66
73
71
71
65
74
65
78
67
66
62
63
75
84
88
72
64
75
90
62
77
83
69
70
57
89
64
64
57
80
62
63
56
61
71
76
61
78
69
65
65
60
69
72
117
105
79
74
60
85
73
64
80
62
72
64
66
70
63
54
73
74
61
74
76
97
98
100
103
77
67
78
64
72
64
67
66
76
70
69
79
68
57
74
74
79
74
70
64
64
71
53
52
73
82
61
66
78
80
60
60
72
73
79
70
72
83
77
83
85
57
85
58
99
81
72
71
77
69
81
74
73
60
60
63
73
68
72
72
92
93
100
74
67
57
76
65
71
63
67
67
95
63
49
75
74
69
73
83
80
77
74
71
81
84
81
62
67
65
67
77
53
71
80
81
115
124
123
84
85
65
76
64
64
72
60
80
72
82
84
64
88
82
74
77
89
68
66
70
68
74
67
71
67
68
70
73
70
73
64
83
70
80
73
78
73
68
88
74
87
85
73
67
80
76
75
70
70
54
76
67
65
65
69
68
73
82
62
66
62
58
69
89
70
82
96
94
86
72
84
69
81
74
69
79
72
78
61
80
73
74
60
63
81
67
75
69
83
80
84
75
84
60
75
85
63
84
78
68
81
67
67
78
67
74
77
74
68
65
61
77
69
75
72
70
69
78
82
88
85
66
77
94
68
71
66
76
77
60
79
85
71
81
53
65
61
78
75
79
70
64
77
67
65
81
78
90
75
67
84
66
79
70
78
68
67
94
71
82
89
69
76
99
77
89
89
85
81
108
74
85
82
73
77
76
73
77
79
79
83
94
92
85
64
77
68
63
66
62
73
69
74
85
79
73
89
86
85
85
85
69
83
66
73
98
66
80
78
91
79
68
67
60
62
74
76
95
77
86
71
82
67
72
80
86
79
91
89
99
90
90
82
70
94
87
93
72
74
86
83
89
111
84
66
80
97
90
88
60
65
97
76
84
75
90
83
75
77
77
94
72
81
80
84
88
73
93
65
73
77
69
84
83
64
89
92
82
85
80
73
82
64
79
87
83
76
73
68
84
66
77
80
76
72
75
81
74
74
84
73
87
95
76
70
72
71
83
80
93
61
85
74
69
77
82
70
61
67
80
66
80
93
75
86
69
80
66
73
75
79
84
75
75
74
84
77
81
73
70
64
77
89
72
78
79
79
91
76
74
100
88
92
72
93
75
70
61
71
66
101
80
96
93
83
90
75
86
71
75
79
84
82
90
72
71
70
75
92
78
84
91
78
68
84
81
78
67
69
91
89
98
69
77
81
86
77
92
87
83
80
72
73
74
81
97
93
78
110
145
171
189
186
135
95
86
76
83
82
92
79
105
63
91
72
77
87
88
87
138
123
132
108
98
80
100
92
100
130
109
93
97
97
76
82
86
65
78
84
100
85
88
93
104
83
80
98
98
85
110
93
88
85
90
78
91
83
81
99
82
98
104
80
99
66
80
77
77
79
69
84
88
119
93
97
102
76
71
71
85
95
75
83
83
75
82
71
110
99
92
90
87
98
82
74
79
80
91
94
81
81
84
88
90
72
97
79
97
86
67
84
87
96
96
93
91
88
110
100
105
98
110
97
73
90
113
98
108
104
94
73
82
86
92
82
88
71
85
89
93
81
93
88
93
90
87
91
97
90
95
94
92
73
91
96
88
100
119
99
73
90
101
104
103
114
145
199
306
419
409
399
273
210
148
138
108
98
73
108
92
89
102
92
102
96
83
79
102
106
109
99
96
83
105
95
97
111
111
98
91
99
89
84
94
73
91
82
97
86
76
68
83
98
88
95
103
87
103
92
89
93
77
81
95
76
74
99
88
70
91
109
77
95
98
83
101
82
87
99
88
88
112
90
92
91
88
100
102
82
97
84
70
82
88
98
103
102
87
79
90
84
87
91
87
86
92
96
100
105
110
101
104
103
90
89
108
89
78
91
105
89
86
93
112
142
101
78
91
89
78
80
99
76
112
83
102
96
109
93
85
103
101
93
127
105
99
109
77
84
95
82
105
99
95
98
100
98
94
91
94
85
92
85
87
98
97
94
108
96
74
101
93
90
102
92
113
92
97
113
102
95
100
88
95
102
88
106
103
77
88
86
102
95
88
91
97
79
111
92
104
114
115
105
98
106
108
103
101
84
105
99
113
81
77
108
95
97
102
94
109
102
97
101
95
104
100
95
79
81
100
117
103
84
106
93
99
81
88
112
100
100
104
90
88
88
94
85
95
109
113
105
94
104
78
119
108
86
85
102
94
108
77
98
98
77
116
97
89
123
127
127
136
108
115
106
106
88
99
107
111
99
103
85
116
95
102
114
90
101
105
97
89
102
121
110
109
97
94
85
102
109
124
110
121
109
119
109
101
118
114
102
109
111
107
109
121
93
114
103
112
118
114
119
108
115
135
112
97
86
128
100
92
106
117
120
111
129
113
112
123
114
105
116
111
126
110
120
125
135
139
118
112
134
147
161
169
244
288
271
194
162
124
112
121
133
142
162
271
364
544
576
519
343
220
138
121
134
123
151
168
227
319
435
432
350
236
165
135
122
127
121
124
121
121
128
114
101
125
143
140
105
139
136
126
110
112
135
124
142
129
133
129
122
141
106
117
124
131
119
103
126
123
140
136
114
113
127
137
126
106
129
122
111
116
119
133
86
111
110
124
109
90
99
107
133
123
118
113
114
109
104
91
108
84
109
118
123
105
128
106
91
98
95
98
91
85
95
95
92
110
79
98
101
93
84
98
102
91
108
88
101
87
93
88
84
76
93
96
94
80
83
82
82
81
94
103
85
102
77
84
84
85
86
111
121
88
98
93
94
81
74
89
82
90
82
66
103
90
83
99
54
79
62
68
64
61
74
64
67
68
88
67
75
73
67
69
74
56
66
61
55
62
77
59
80
52
69
81
77
80
87
59
54
87
104
101
103
104
87
62
87
63
67
57
56
67
56
63
76
56
62
59
54
52
52
52
49
48
55
44
46
58
48
56
49
64
52
53
41
36
58
57
54
50
47
54
38
51
54
34
56
34
42
44
48
46
53
44
38
42
42
58
51
32
34
50
43
28
56
28
46
44
41
39
37
42
35
43
45
40
39
39
38
43
35
40
40
32
43
37
39
35
39
44
26
34
39
38
17
34
35
40
29
44
28
39
44
30
40
31
19
29
33
32
33
27
28
34
27
34
40
36
25
33
35
31
49
36
37
49
52
38
33
29
32
28
31
27
23
28
29
36
30
47
38
40
27
32
26
29
29
30
30
33
33
31
36
24
36
26
23
28
30
31
36
36
43
29
37
29
37
30
29
28
29
45
27
29
36
31
25
27
31
26
33
28
24
17
25
22
25
32
18
25
21
34
34
37
34
31
24
33
17
27
39
34
41
28
34
24
37
26
26
33
24
22
22
27
28
29
24
28
30
35
48
97
236
571
1392
2692
4770
6309
6081
4262
2101
681
191
41
23
15
21
26
28
22
21
20
18
17
19
19
23
27
34
24
21
11
31
23
25
18
22
15
21
12
24
27
25
26
21
17
18
18
20
22
10
17
16
22
24
19
22
19
26
17
21
13
19
22
24
18
17
23
26
17
12
17
19
24
27
15
24
19
18
18
19
22
24
13
17
12
18
13
19
12
20
17
23
13
17
17
14
14
22
17
14
17
19
16
18
26
23
24
32
46
39
23
23
13
14
19
17
13
15
14
16
19
10
21
18
16
19
21
13
15
16
20
25
11
12
26
19
28
24
35
37
28
28
20
15
20
15
15
20
22
12
12
23
17
16
26
13
19
16
17
13
28
16
23
14
21
16
18
23
14
15
12
15
18
15
23
25
11
15
22
10
11
19
21
24
14
19
12
16
17
20
21
15
24
18
24
25
16
21
20
17
21
29
22
25
24
33
19
13
17
21
20
18
22
14
13
25
21
18
19
26
24
16
21
23
22
30
19
9
20
11
21
14
31
21
16
23
26
19
10
11
32
24
24
34
40
34
23
21
14
18
27
19
18
13
13
19
26
26
24
16
19
17
11
15
17
25
21
20
17
20
13
11
16
13
15
16
17
16
12
23
15
21
14
20
25
12
15
17
26
22
16
21
17
17
20
16
13
21
22
19
25
26
29
25
27
14
19
13
17
21
17
16
20
23
19
13
12
17
11
16
15
25
20
13
19
20
16
17
16
19
20
29
12
19
15
18
20
18
18
20
17
28
14
18
17
17
19
16
21
19
18
14
15
20
11
19
15
23
23
12
16
15
14
19
8
16
23
11
15
21
27
21
18
10
21
21
19
30
27
38
27
25
21
23
9
10
17
14
11
16
18
14
13
21
9
13
12
12
15
14
15
16
16
16
14
17
18
21
33
20
23
25
20
19
27
23
32
22
26
19
21
9
16
17
15
11
12
21
17
16
22
26
10
15
23
21
12
15
9
15
16
16
12
16
15
16
10
17
15
10
14
16
16
16
21
25
25
18
25
17
21
10
11
14
27
14
24
20
20
17
23
15
11
19
12
21
11
13
26
19
16
13
25
17
22
12
17
21
23
18
18
29
20
27
32
30
21
21
19
23
23
28
22
23
20
25
21
16
20
13
22
20
12
18
10
16
11
17
11
21
14
16
21
16
12
9
15
15
21
14
19
10
12
20
14
17
18
17
18
7
16
18
16
18
18
26
18
17
22
19
26
11
11
22
20
22
17
12
23
13
23
22
16
16
32
15
23
22
12
15
20
18
23
18
19
16
13
19
14
18
13
21
21
17
25
18
19
16
12
18
15
23
26
14
18
15
17
21
25
11
19
11
20
26
18
23
16
16
18
23
19
23
30
21
21
20
19
20
21
13
20
19
13
22
19
15
17
21
15
8
19
23
13
19
18
20
15
14
24
16
20
21
26
17
20
20
16
18
20
17
18
17
11
19
24
6
24
16
16
18
20
18
20
18
21
19
22
24
17
21
19
25
8
18
16
20
20
20
22
20
21
10
13
9
12
26
12
27
23
20
31
51
37
37
21
15
13
15
18
10
19
22
14
17
23
15
20
21
11
15
18
14
18
19
14
20
13
13
20
13
23
16
20
12
21
11
9
16
22
14
14
19
9
13
24
12
12
13
17
12
10
16
14
18
20
22
21
18
15
6
18
16
17
18
13
12
23
20
15
10
12
20
15
17
14
21
23
26
23
14
15
19
14
11
19
14
10
19
25
17
11
20
16
22
19
11
20
18
10
25
21
10
16
20
19
10
11
14
15
10
17
19
12
12
12
17
19
22
15
23
21
21
22
16
17
19
18
12
22
11
12
11
10
17
8
7
19
12
16
13
17
18
17
16
13
11
19
12
13
12
12
18
19
13
19
12
13
10
13
16
15
14
20
19
14
19
11
18
12
16
19
20
15
15
11
17
20
13
15
18
11
17
11
20
27
20
24
23
26
21
21
21
19
23
17
16
13
18
23
22
17
29
22
21
26
18
16
20
10
12
14
7
14
16
15
10
16
13
16
17
18
19
15
10
20
15
16
10
15
13
12
13
16
25
14
12
12
12
15
23
14
21
17
17
10
20
12
28
20
18
13
12
23
11
16
21
33
38
20
20
19
20
11
11
14
16
14
15
14
15
13
10
18
15
12
16
19
15
14
22
19
34
50
98
95
113
67
61
44
28
27
20
19
18
18
20
13
23
20
15
15
11
20
20
27
16
20
8
18
14
14
8
14
18
14
11
14
9
17
11
11
15
14
26
13
20
16
12
11
12
18
19
16
18
18
23
21
14
11
12
6
16
5
16
16
16
13
12
17
13
12
8
10
22
16
13
13
12
14
15
10
10
7
12
12
16
21
12
11
13
17
12
15
14
15
6
12
11
20
19
19
12
12
18
13
18
25
18
20
20
9
6
11
9
13
11
10
11
17
12
16
23
16
20
9
24
11
16
13
17
21
11
12
12
14
15
14
10
9
10
7
16
19
15
9
20
9
14
15
22
18
14
16
11
9
11
12
12
7
19
16
16
12
12
12
9
12
12
8
16
16
31
27
22
24
24
19
16
8
10
13
13
5
7
13
16
10
3
11
10
10
17
14
14
19
12
16
23
8
18
16
17
18
19
14
20
17
11
14
17
15
17
23
22
20
15
16
10
9
14
15
10
9
12
11
10
17
17
17
16
18
21
23
13
32
27
25
18
12
11
25
13
10
21
16
21
11
14
8
13
12
10
9
10
11
9
13
8
12
13
15
11
11
17
19
14
10
16
19
8
17
19
10
16
12
10
10
10
11
10
13
10
16
12
13
10
11
9
15
15
14
20
14
15
22
17
10
14
23
16
21
30
36
45
66
41
35
30
16
12
8
7
7
8
9
15
19
14
8
11
14
12
11
15
11
10
16
8
16
13
5
14
19
8
10
11
15
8
13
8
13
20
11
13
13
12
11
12
15
10
15
12
21
11
9
11
8
14
13
18
13
28
10
13
16
11
11
18
11
16
15
24
9
16
14
8
13
19
10
12
10
9
14
28
21
19
23
25
17
24
10
8
12
14
18
13
12
13
8
5
11
14
11
7
14
7
9
14
11
15
13
17
9
8
11
10
18
10
12
15
12
13
8
10
8
10
13
11
17
13
19
13
6
14
11
16
9
13
9
10
11
19
12
12
11
15
5
15
11
15
9
9
10
7
19
11
17
13
17
14
11
13
16
11
20
8
13
14
12
11
14
17
15
8
7
15
12
9
15
16
13
12
7
16
10
7
8
16
13
11
13
9
8
5
7
12
10
14
7
5
9
6
11
11
9
15
14
12
18
9
18
12
13
15
21
17
9
11
10
9
11
16
14
7
7
11
7
18
11
9
14
13
10
15
13
12
11
8
14
6
14
11
10
20
28
27
10
16
11
11
7
13
13
10
7
12
7
9
6
9
15
13
18
5
4
15
15
14
13
7
17
11
14
15
10
14
17
10
16
11
12
15
18
12
21
9
9
14
18
15
15
19
17
11
12
14
15
11
8
20
11
14
18
11
18
14
11
18
22
15
19
12
10
10
8
8
19
12
12
6
20
15
15
12
12
10
9
14
8
16
15
9
8
18
14
13
14
10
12
8
17
8
11
8
8
15
13
12
17
11
4
16
16
9
6
18
10
12
18
4
14
9
12
14
12
13
16
22
8
22
18
14
13
13
10
8
15
14
9
8
16
12
12
9
19
16
5
23
22
5
18
13
16
6
12
10
13
12
12
12
13
18
9
10
9
13
20
13
4
13
13
17
13
31
26
17
13
15
16
17
8
17
16
14
11
9
13
10
5
8
14
8
11
14
9
8
8
14
11
13
10
16
15
9
12
12
10
8
10
16
11
8
9
11
12
13
11
12
12
12
5
7
11
7
9
17
7
17
13
9
18
13
14
16
19
17
10
24
18
12
12
11
11
13
18
15
16
14
14
8
9
8
10
12
12
15
6
9
11
9
10
10
9
7
9
7
10
16
10
11
14
10
8
15
14
15
15
9
13
11
20
10
19
14
17
15
9
12
6
12
11
13
11
13
13
11
12
13
12
9
7
12
5
16
7
15
18
11
18
17
9
7
9
11
15
14
12
24
17
12
22
12
15
13
22
15
12
14
8
11
11
8
9
7
12
6
12
6
5
10
13
14
7
9
16
14
11
6
10
12
12
11
13
16
7
8
15
11
9
11
11
8
12
14
6
18
10
13
7
8
8
9
17
13
6
9
7
14
9
14
14
12
11
11
13
12
11
12
9
11
12
12
10
8
10
9
10
7
13
9
9
16
10
10
9
16
20
13
3
16
11
13
7
10
9
14
9
11
6
10
13
14
10
13
10
13
14
14
10
14
11
8
21
10
14
12
6
7
9
10
12
10
10
12
18
8
11
5
4
11
8
19
12
14
12
11
14
10
17
10
10
10
7
11
7
9
14
15
18
10
14
12
18
14
13
18
22
13
12
9
9
11
10
15
17
8
12
7
16
10
11
11
16
14
14
27
28
21
10
14
15
12
10
16
11
13
3
15
11
13
16
6
8
10
14
14
15
17
14
22
18
25
10
9
13
14
11
10
9
9
18
17
11
12
18
11
17
15
6
17
12
8
12
9
11
5
8
14
8
11
15
7
11
14
10
15
15
14
14
11
14
17
13
9
11
11
8
12
15
16
7
11
12
17
20
18
20
15
5
15
10
8
17
5
16
14
15
12
13
6
11
15
10
18
16
17
13
12
8
10
5
8
13
14
7
11
15
10
9
16
11
7
13
13
14
14
10
16
10
12
12
11
5
13
7
7
16
6
12
12
10
14
15
11
10
10
18
8
16
9
8
11
9
7
9
10
15
8
8
19
9
9
9
18
14
10
13
10
8
7
9
10
11
10
18
11
17
13
13
9
14
6
17
13
8
12
7
10
7
15
11
8
8
16
6
5
9
14
9
15
13
12
10
13
21
21
25
20
10
15
10
11
19
18
12
15
10
10
11
10
10
18
14
8
9
11
12
13
14
11
7
18
8
10
9
10
10
9
2
10
6
6
8
11
14
5
8
14
12
12
18
13
15
12
11
6
14
9
8
9
6
7
18
11
9
11
8
11
9
6
8
10
11
8
7
11
6
12
4
11
9
18
8
8
6
11
8
12
8
7
14
10
9
14
12
18
14
12
15
7
10
5
7
14
18
9
10
10
7
10
14
11
12
14
20
12
18
6
6
5
7
7
9
16
12
10
7
16
8
10
10
14
6
8
9
3
13
7
8
6
15
8
7
9
13
9
10
9
14
13
14
16
8
9
12
7
8
9
12
12
7
12
12
11
6
10
12
7
7
13
9
6
4
5
9
5
9
9
12
11
9
10
11
10
6
8
5
6
6
8
14
5
9
10
15
5
12
14
6
15
9
9
9
9
5
13
11
10
7
10
5
6
10
12
11
6
9
12
5
15
22
18
24
15
18
9
19
20
21
14
11
4
9
8
12
6
3
3
11
6
6
11
6
6
6
4
9
9
7
9
12
11
2
7
8
10
13
12
8
13
16
12
15
13
9
15
12
9
11
11
16
5
8
12
11
10
7
20
8
8
10
12
8
15
10
10
6
10
9
7
7
10
10
8
8
11
9
13
10
5
10
11
14
9
9
9
8
13
6
11
7
11
9
4
9
5
9
8
8
8
12
6
7
7
7
13
14
3
10
9
15
11
6
11
9
10
10
9
11
11
6
8
18
8
11
11
14
10
6
12
9
17
13
15
15
13
12
7
12
16
9
11
12
9
7
7
10
9
11
16
9
9
14
12
10
11
17
8
14
10
9
13
12
12
10
19
14
14
15
23
12
13
11
8
9
8
10
6
7
10
9
5
10
11
8
8
9
7
7
12
11
9
9
11
9
5
11
4
9
11
7
9
12
9
6
13
7
13
15
15
16
15
12
23
18
9
8
9
12
12
8
14
8
9
9
9
10
11
4
9
15
6
12
10
13
9
16
12
17
13
20
13
20
13
23
17
15
10
8
8
17
9
9
7
8
6
7
4
8
14
13
3
5
12
8
15
19
14
11
10
13
10
10
12
7
16
14
11
14
12
11
11
5
14
9
7
7
8
11
9
11
11
10
16
7
15
8
6
8
7
4
9
4
5
10
10
6
12
10
8
8
10
8
10
14
8
4
13
8
11
6
3
8
11
13
10
8
10
8
10
8
16
13
12
5
13
9
6
8
10
6
8
9
10
9
16
5
12
10
9
8
10
11
17
13
15
10
15
9
9
11
9
17
11
11
11
10
7
12
8
11
10
5
7
7
3
10
4
7
5
9
9
15
12
14
8
8
8
15
10
8
9
11
13
22
18
19
14
18
9
14
16
13
12
14
10
9
7
10
13
8
15
10
9
10
5
4
10
7
11
7
16
9
8
8
6
6
10
5
12
10
7
11
14
12
8
15
12
8
9
12
12
11
8
9
8
8
6
9
5
14
15
9
9
12
12
8
9
6
5
10
7
8
13
11
4
6
5
12
11
3
9
8
18
11
16
21
19
10
14
8
11
13
7
14
13
8
9
6
7
9
3
10
12
5
9
7
12
4
5
14
10
8
8
6
6
9
4
7
5
12
12
11
13
10
9
18
9
8
13
4
8
9
8
1
6
7
6
8
11
7
9
12
8
10
14
10
8
8
4
6
13
8
5
14
8
13
11
11
7
7
9
12
12
5
9
8
14
4
9
5
13
3
10
5
11
11
8
6
9
6
9
9
8
10
10
12
7
12
6
14
7
10
5
6
7
10
5
12
10
11
14
12
8
11
9
6
12
13
10
14
11
10
15
14
10
9
9
12
11
14
14
14
13
15
12
6
10
13
12
6
6
7
13
5
3
7
13
8
4
9
8
7
4
8
3
9
5
7
9
13
8
15
15
14
15
14
6
10
4
12
13
8
10
13
13
7
11
10
8
5
9
7
10
6
12
14
8
10
5
15
11
7
9
10
13
7
3
9
12
10
9
10
8
5
8
9
6
11
7
15
6
11
11
11
7
5
12
15
8
7
8
10
14
8
6
3
13
9
10
7
5
13
6
15
5
5
7
10
15
11
14
11
13
8
13
19
14
10
9
9
7
6
11
6
12
10
11
11
4
11
6
16
5
5
6
12
11
6
6
7
10
5
4
7
9
6
9
11
6
1
9
8
8
1
7
11
14
7
9
7
10
11
10
5
6
5
11
7
3
10
12
5
8
8
8
15
14
7
8
17
8
7
8
7
11
11
11
11
7
8
8
8
9
10
11
9
3
17
11
9
14
12
14
18
21
16
25
20
11
11
10
12
9
8
4
8
5
8
10
6
3
7
11
10
11
9
13
9
12
7
7
10
10
9
10
7
8
14
13
13
5
9
4
13
9
8
12
9
14
11
11
8
11
8
5
9
8
8
8
13
5
7
11
8
15
15
7
11
5
8
14
7
6
5
9
5
18
8
9
8
9
7
8
7
11
7
7
14
13
11
8
17
25
24
22
16
15
16
11
15
3
5
9
8
7
10
8
4
13
7
12
9
12
15
16
23
17
16
18
18
14
13
7
9
14
16
16
23
13
11
11
7
7
12
8
7
5
4
9
13
10
6
10
3
9
10
11
10
12
5
7
8
10
12
6
6
7
8
8
5
14
6
11
4
18
9
13
13
15
26
25
20
20
14
14
13
9
6
5
8
0
7
8
4
6
11
14
7
8
11
10
10
6
12
7
10
10
11
6
6
4
9
9
11
11
7
7
11
8
13
6
12
18
5
9
13
14
14
18
11
9
7
9
14
13
8
20
15
10
14
14
20
15
14
10
12
13
9
8
9
11
6
12
8
8
4
10
12
5
5
12
13
7
13
13
14
7
15
9
7
10
8
20
9
5
10
5
6
10
10
8
10
8
4
3
8
13
3
7
7
6
14
5
7
6
12
9
15
11
10
10
10
12
8
14
12
8
9
12
10
8
7
13
11
10
11
7
11
8
8
9
6
8
5
5
3
6
6
8
7
6
7
6
8
7
6
11
13
6
6
5
10
10
7
7
7
8
14
7
10
8
10
10
10
7
6
8
10
8
10
10
9
5
11
8
12
3
9
6
8
9
11
11
9
12
14
11
11
8
8
6
4
10
13
13
8
9
7
1
11
8
8
5
8
10
7
6
10
7
11
11
9
5
14
17
16
9
7
11
4
8
12
3
9
7
19
7
11
7
14
13
9
4
6
6
11
6
11
9
4
10
12
15
13
9
9
9
6
10
10
9
12
3
11
10
7
10
8
6
7
11
8
9
8
8
6
9
12
7
5
8
14
11
6
8
5
10
8
7
11
10
10
5
12
14
11
4
11
5
13
8
12
15
12
14
11
5
6
19
11
12
13
4
6
12
9
13
4
7
4
15
8
6
12
6
12
10
8
12
7
8
7
14
14
7
10
15
15
16
15
28
15
16
12
12
13
8
16
10
16
15
13
12
9
11
6
7
13
13
11
6
10
5
13
5
10
10
10
8
8
8
8
11
5
13
10
9
4
10
15
9
10
8
8
12
11
12
7
14
14
11
22
6
17
7
8
10
17
6
13
13
8
10
11
13
17
8
11
10
6
6
12
10
6
11
16
10
4
6
10
9
6
12
11
8
10
10
8
10
8
11
12
6
9
12
9
7
10
15
10
13
10
11
5
12
7
5
11
8
10
7
3
9
6
11
11
6
14
9
11
7
6
13
11
8
10
10
5
10
13
10
10
9
17
7
14
13
11
9
10
12
16
13
10
14
5
7
10
10
8
11
9
10
13
11
7
5
5
9
3
11
3
6
5
10
11
9
6
8
10
6
9
7
10
10
9
11
10
16
12
6
13
10
12
8
13
13
9
4
8
10
12
10
4
4
5
10
10
12
11
7
8
11
10
6
9
8
14
7
10
8
7
10
4
4
10
10
11
14
10
10
3
13
7
5
2
11
3
7
5
12
8
6
10
9
8
8
3
12
8
10
12
6
8
11
6
11
4
11
10
4
9
13
8
5
8
8
10
11
4
3
9
15
15
15
21
19
11
16
10
14
11
6
11
13
13
9
7
8
9
9
11
11
12
4
9
12
13
10
16
12
13
9
11
9
7
11
6
4
10
3
9
9
8
9
1
16
8
8
9
9
7
11
7
8
6
12
6
6
14
7
10
16
15
20
14
8
20
12
6
11
12
8
6
8
11
7
13
8
7
10
9
10
12
3
13
9
8
10
3
5
3
11
8
15
11
9
9
12
12
5
11
14
5
6
11
7
9
8
15
13
12
7
11
17
8
10
19
15
24
22
20
17
10
8
6
4
16
11
11
9
10
15
6
9
4
10
7
2
2
7
8
6
12
10
6
9
11
11
8
12
5
8
12
7
6
7
10
10
7
8
8
9
12
5
14
16
10
21
15
25
32
37
35
22
19
20
10
6
16
9
12
12
11
11
12
9
17
9
18
9
13
9
9
15
10
9
7
14
12
11
10
9
11
6
7
12
14
18
6
10
7
18
9
10
12
9
11
16
11
6
11
7
12
8
14
12
7
15
15
10
8
11
7
5
15
9
17
17
10
6
6
11
10
12
11
10
10
10
9
5
7
8
8
10
11
5
13
6
9
11
4
6
9
11
9
13
9
12
12
9
8
10
10
10
15
8
9
5
4
10
10
6
14
9
6
11
5
7
11
7
6
5
11
9
8
6
8
7
13
10
10
7
11
9
7
14
13
11
10
10
10
10
8
5
11
7
4
10
9
8
2
9
11
14
14
13
10
5
4
11
14
12
18
23
27
27
38
44
31
26
19
19
12
5
8
9
15
6
6
14
7
8
16
12
7
9
13
13
6
4
14
6
10
12
9
14
13
6
5
14
14
11
12
8
11
9
10
7
17
8
8
4
12
12
6
10
7
11
9
11
13
8
5
8
3
10
9
11
7
10
7
9
12
9
7
9
4
8
7
11
8
8
9
13
15
6
9
9
9
6
9
9
9
9
9
7
7
12
8
13
4
8
10
2
9
8
8
5
9
9
7
11
10
3
9
8
4
7
14
9
10
6
6
11
8
7
7
8
14
5
18
11
7
15
14
13
11
5
9
10
3
10
15
9
6
10
6
15
12
9
7
11
12
19
7
6
11
11
8
8
10
6
7
12
10
10
8
10
16
2
5
12
11
12
11
15
13
21
22
20
23
32
30
18
15
17
11
10
7
12
11
5
11
9
5
10
8
9
9
14
8
13
3
9
12
10
8
11
10
15
7
8
14
6
9
5
13
11
11
5
13
4
7
8
9
9
10
9
9
7
13
7
13
10
13
13
10
14
13
9
20
4
10
10
13
12
9
10
11
10
14
8
12
12
13
10
13
10
13
10
13
5
8
4
5
4
13
8
10
9
12
8
10
8
16
10
16
16
22
23
15
17
16
18
12
6
8
10
13
7
9
6
12
6
7
9
12
8
12
10
9
7
5
11
13
6
8
11
6
10
6
7
10
5
5
6
18
14
12
13
18
17
8
15
15
13
15
10
3
10
7
5
13
5
5
10
13
10
10
10
9
10
7
12
8
9
5
9
5
8
12
7
10
12
12
6
8
13
3
11
7
9
6
12
12
15
11
7
11
6
16
16
6
5
10
10
8
8
5
9
11
5
8
13
9
7
8
9
6
8
9
5
3
6
1
5
9
12
12
11
6
11
10
8
5
7
12
10
12
11
13
12
8
3
9
8
8
8
13
11
10
7
11
12
10
5
12
5
14
3
5
9
8
12
9
6
13
10
9
7
14
15
15
16
11
20
19
15
19
7
13
11
12
13
4
7
7
11
14
7
11
9
5
13
18
10
10
5
8
12
13
27
20
16
9
18
10
5
7
12
8
15
13
14
10
14
14
10
11
8
15
5
10
5
8
4
12
7
14
7
6
13
12
12
14
16
19
12
17
15
16
11
8
14
12
12
8
9
10
4
11
12
7
5
12
15
13
7
8
14
11
12
6
2
14
7
5
9
11
13
8
10
7
9
9
10
5
10
7
9
9
7
16
8
11
11
12
6
6
3
7
12
11
9
8
5
7
8
9
3
9
3
10
5
4
11
12
5
9
5
10
9
9
9
9
9
8
8
13
11
3
8
11
14
8
10
10
7
8
9
8
8
5
5
4
5
6
10
8
7
7
7
3
11
7
6
6
10
7
8
7
8
7
5
10
7
6
10
7
7
7
8
5
10
7
11
12
12
9
11
7
12
18
9
9
13
10
6
8
11
19
14
15
16
12
17
13
3
14
8
10
10
5
6
10
6
7
10
10
5
12
12
10
9
13
12
17
13
17
18
15
10
8
9
9
10
4
11
12
4
9
9
7
16
5
3
9
9
7
6
12
11
4
4
6
9
7
10
8
8
4
10
8
12
4
11
7
9
9
12
4
9
5
6
10
6
10
6
5
4
11
5
7
5
8
7
8
15
8
8
6
10
10
13
10
8
5
8
6
7
10
5
12
9
9
9
7
10
10
10
3
11
11
7
3
7
13
10
10
10
7
18
19
19
32
41
56
68
79
73
78
57
41
40
19
21
11
17
18
11
11
8
9
12
5
10
8
5
9
11
9
1
10
2
10
8
14
3
10
7
9
5
8
10
8
10
10
6
6
12
9
5
6
7
9
1
7
4
7
8
6
8
7
9
7
7
8
9
6
6
12
5
5
7
11
8
1
5
8
8
12
5
7
8
10
8
8
10
8
11
10
8
12
9
9
11
9
9
10
6
4
7
7
9
3
4
7
6
13
11
9
13
7
2
11
8
5
7
10
10
12
8
5
14
8
3
11
9
5
8
6
6
9
8
6
7
11
7
3
11
6
9
12
2
6
9
4
5
10
8
12
11
11
21
13
16
18
12
10
18
14
10
11
9
15
16
10
8
3
8
11
9
15
5
9
12
13
10
17
20
28
32
34
46
44
25
19
10
9
9
1
9
8
10
12
8
10
8
9
6
12
12
15
13
7
6
8
16
11
8
9
7
6
9
8
8
16
7
5
12
5
5
10
11
9
10
5
11
10
12
3
7
4
7
10
15
12
10
13
13
17
12
8
10
10
6
8
11
4
9
8
7
9
9
9
13
8
7
9
8
5
11
8
5
6
9
4
2
8
9
8
5
10
11
8
5
9
4
10
5
15
10
5
9
6
6
8
10
11
8
5
5
5
10
5
8
8
10
8
8
5
7
13
11
9
6
5
9
5
6
8
8
7
12
14
6
6
3
4
6
11
5
8
6
9
9
8
13
15
16
10
8
5
3
15
4
4
8
11
4
7
12
12
5
5
8
5
3
6
8
6
10
8
4
7
6
7
7
13
9
8
6
6
8
5
4
5
10
5
9
12
8
7
3
7
14
9
10
4
6
7
11
8
9
10
8
4
4
5
9
10
11
8
7
9
7
4
12
11
6
5
9
10
4
10
6
7
6
10
7
7
7
11
8
12
9
13
10
9
7
8
7
3
5
3
8
5
12
4
8
5
8
4
9
7
5
7
14
5
5
6
6
8
8
12
9
9
3
13
4
3
8
7
7
7
12
6
6
9
12
11
19
11
12
16
11
17
14
8
10
19
6
9
14
14
20
22
18
11
15
10
11
14
12
11
13
6
5
12
6
7
11
8
12
7
8
7
5
3
13
11
5
8
14
8
7
10
9
6
6
8
10
9
9
4
4
7
4
6
9
8
10
6
7
9
10
5
2
5
8
6
4
4
8
8
7
5
7
7
11
5
6
9
8
7
8
13
12
9
10
6
9
7
4
9
6
5
10
3
9
2
6
7
3
9
5
8
4
14
7
6
2
11
6
4
6
8
3
7
5
5
9
10
6
8
5
6
8
10
6
4
2
9
5
2
5
6
4
3
2
5
8
4
2
8
6
8
6
3
4
5
6
5
2
6
3
3
2
10
10
3
8
8
7
1
4
4
3
3
7
8
3
2
2
6
6
6
9
7
4
11
9
8
5
1
7
5
3
6
4
0
5
5
5
4
5
9
5
3
7
8
2
5
2
9
6
8
8
4
4
4
6
2
5
2
5
6
4
2
4
3
3
1
5
4
3
6
6
8
9
4
1
8
6
7
1
3
5
3
9
7
7
5
7
2
3
6
5
4
6
6
9
9
2
5
4
5
3
5
4
9
6
5
5
2
7
4
5
1
5
7
7
3
5
5
9
2
9
6
5
6
7
8
5
7
5
8
9
8
8
5
5
5
4
9
3
2
10
5
7
4
3
7
5
5
1
6
3
18
11
17
22
15
22
35
40
60
66
84
109
137
133
96
94
74
38
23
24
17
20
16
19
12
8
10
9
5
7
5
10
5
5
6
7
13
2
9
5
3
4
2
6
3
8
2
9
8
3
2
4
3
4
4
3
5
2
4
3
8
4
3
3
8
4
4
4
6
5
6
3
4
4
8
7
0
2
4
7
7
7
5
3
10
3
2
5
4
9
1
4
4
6
4
3
7
7
3
10
7
1
3
2
6
8
3
1
4
5
2
8
7
7
4
6
5
4
7
8
1
3
8
5
5
7
7
3
3
5
6
6
9
7
3
4
5
8
4
5
4
5
6
3
4
4
5
4
3
4
5
6
5
5
7
4
4
6
5
6
2
5
4
3
6
7
6
3
5
5
4
4
4
4
5
6
7
3
8
4
5
5
6
4
6
6
7
3
7
7
5
7
1
3
2
5
4
4
7
1
4
2
4
1
8
3
3
6
8
4
7
3
4
2
5
4
4
6
5
7
7
5
6
3
4
5
2
8
4
7
1
3
5
4
4
6
5
5
7
5
5
10
2
5
2
3
6
3
4
6
8
5
7
6
4
2
9
5
4
4
4
7
3
7
6
4
1
4
8
8
5
4
4
4
1
5
5
6
6
6
8
11
5
7
5
3
5
5
1
3
3
4
3
6
1
7
2
6
5
1
3
2
6
6
6
1
6
3
4
4
3
5
5
10
7
4
7
10
5
3
9
2
3
6
3
7
9
9
6
9
14
11
8
10
7
7
6
7
7
4
6
6
5
4
5
4
3
5
4
3
3
6
4
4
3
5
7
6
4
6
7
8
4
4
5
5
6
6
7
4
7
4
2
4
5
4
9
5
4
8
8
7
2
8
4
7
6
8
4
2
5
7
4
5
6
0
7
7
1
1
5
4
9
6
2
1
4
6
2
8
5
6
3
3
3
5
8
5
3
8
6
5
6
2
4
5
4
3
5
5
6
1
5
8
4
9
13
12
25
24
13
20
11
6
5
5
3
5
6
3
3
9
7
5
4
12
6
2
4
7
7
9
5
3
5
4
7
7
4
8
3
7
5
8
7
6
8
14
15
16
19
16
12
17
7
10
10
5
9
4
6
7
4
5
6
3
6
3
3
1
1
4
7
5
5
7
8
3
6
3
6
2
6
3
3
7
4
4
1
5
5
4
8
1
2
5
3
2
8
4
3
6
1
4
4
6
5
3
4
4
2
2
6
5
6
5
3
5
9
8
9
11
12
10
15
6
5
3
1
6
5
3
3
8
2
4
4
5
1
2
2
5
2
7
9
2
4
6
3
3
5
1
9
4
0
3
5
2
0
0
5
3
4
5
0
4
3
5
2
2
5
3
6
3
7
2
4
6
5
4
7
2
8
3
3
5
4
0
5
3
2
0
3
5
1
5
6
2
0
7
3
2
5
3
6
5
5
4
1
2
1
7
2
3
5
3
4
4
3
5
2
2
1
2
3
4
4
1
4
4
1
6
3
5
4
5
4
5
3
4
5
4
3
4
3
6
4
2
5
2
6
7
3
7
5
3
3
1
1
4
3
4
4
5
7
8
1
1
5
6
3
7
4
3
6
3
5
4
1
4
5
5
5
5
2
3
4
2
6
1
4
3
4
5
3
5
3
3
2
5
3
8
6
2
5
5
7
4
2
3
4
6
4
4
3
1
5
1
1
3
5
4
5
3
7
5
3
6
3
3
5
3
5
1
6
4
9
8
8
6
8
12
9
9
7
4
6
10
18
30
34
35
35
25
29
17
19
8
8
15
21
23
21
27
22
22
17
15
10
4
4
3
7
3
3
2
3
4
1
5
5
1
5
7
7
3
8
7
5
6
4
1
2
1
3
5
1
1
2
7
6
9
7
1
5
3
5
2
4
2
2
5
4
1
2
3
1
6
1
1
1
1
4
4
6
5
1
1
3
4
9
4
3
5
3
6
1
2
2
4
1
7
2
6
2
2
4
5
3
1
5
2
9
1
4
7
3
4
2
5
6
5
1
4
1
4
4
3
6
5
5
4
4
1
3
4
3
6
4
3
3
5
0
7
4
2
7
5
6
1
4
1
7
3
3
2
2
4
3
4
1
3
1
3
2
2
6
6
1
5
4
8
3
1
4
1
1
2
5
4
3
2
1
4
8
2
5
0
6
3
5
2
4
2
3
3
3
6
1
6
4
5
7
6
5
6
4
9
4
1
3
2
1
5
4
2
4
1
6
4
2
4
2
5
2
3
7
6
2
4
6
8
3
7
9
10
19
15
18
10
10
12
7
4
3
2
6
2
2
1
4
1
7
2
3
2
0
9
7
3
6
6
3
5
4
6
4
5
9
6
7
7
6
3
5
4
4
1
0
1
5
2
5
3
1
2
4
4
6
1
3
4
3
3
5
3
2
4
4
3
4
4
4
2
4
7
1
6
3
3
1
2
8
3
6
3
4
4
1
5
1
1
4
5
3
2
1
2
5
1
2
2
4
3
5
1
4
1
3
5
1
3
3
5
3
5
2
5
0
3
2
4
4
5
3
4
2
3
1
7
3
4
5
1
2
2
3
6
4
3
3
3
4
2
2
4
6
2
4
2
2
4
2
4
4
5
3
1
4
3
4
5
1
8
5
1
2
6
7
4
2
6
2
3
3
2
4
0
5
2
2
3
3
1
0
2
4
0
2
6
3
4
4
4
4
7
2
4
3
8
5
9
5
7
15
12
25
19
26
32
24
28
35
28
20
12
11
7
6
6
4
4
1
3
5
0
2
1
4
3
2
5
9
5
2
6
2
3
2
4
4
3
5
4
1
1
6
3
5
2
5
1
4
3
3
5
0
5
3
6
5
4
2
3
2
4
5
1
6
3
3
5
3
4
4
2
7
3
4
4
6
1
7
3
4
7
2
3
2
2
2
6
3
1
7
0
0
3
3
7
4
5
3
2
3
2
4
4
2
7
1
0
7
5
2
2
4
3
8
6
11
13
7
17
11
12
9
9
9
5
5
5
5
2
6
3
5
5
6
4
5
10
1
3
2
2
9
4
3
2
4
0
5
9
7
3
1
3
1
3
2
2
4
2
4
4
4
4
3
5
3
1
4
7
4
1
7
3
4
2
4
2
2
3
0
4
4
5
1
1
2
2
6
4
2
3
6
1
4
6
1
2
3
4
5
2
5
3
5
4
3
3
3
2
6
3
2
1
3
6
0
6
3
5
4
1
7
4
8
3
1
3
3
7
6
4
1
6
1
2
2
6
3
4
4
5
3
7
4
5
2
2
5
5
3
1
6
3
1
2
5
4
1
5
5
1
4
1
2
1
5
3
3
9
2
3
1
4
2
5
4
7
1
5
3
3
3
3
2
4
4
6
2
3
3
5
2
4
4
2
2
4
2
6
3
2
8
2
5
5
2
2
3
2
3
0
4
4
4
4
4
6
3
3
2
3
2
1
5
3
3
6
5
6
6
6
4
5
6
5
6
5
2
3
3
6
4
9
1
1
4
7
2
4
5
3
4
1
3
6
9
6
11
8
6
3
2
2
8
3
5
3
5
1
7
1
3
5
0
1
4
1
2
4
2
1
0
1
4
1
6
2
3
3
2
3
3
1
4
4
4
1
4
4
5
4
2
6
1
4
3
4
1
6
3
5
3
2
4
4
2
1
2
3
0
1
3
5
3
2
1
2
5
1
4
2
0
2
4
3
4
0
1
5
2
3
4
0
2
2
3
1
2
3
1
3
3
5
2
4
1
3
3
4
4
1
4
1
0
6
4
2
1
6
5
6
3
4
1
1
2
4
1
4
4
4
3
7
4
1
4
2
4
3
3
6
8
3
2
1
1
4
3
1
5
3
3
6
3
3
1
5
1
2
1
3
2
2
2
4
0
2
1
4
5
4
6
3
5
4
3
4
2
3
2
1
3
2
4
2
0
3
4
2
2
4
7
5
8
3
6
4
3
4
1
4
2
7
0
2
2
4
3
1
6
4
7
4
5
5
5
7
7
8
15
13
11
19
21
22
23
21
11
18
9
8
4
3
3
4
8
5
1
1
2
0
5
1
4
4
1
4
3
9
3
3
0
6
2
4
2
5
2
6
2
6
1
4
3
0
1
3
2
0
0
1
1
7
3
2
2
4
2
2
4
3
3
1
1
4
2
1
0
1
3
1
2
5
0
4
3
2
2
1
0
2
2
3
2
1
0
1
5
1
2
1
4
1
1
2
2
1
2
1
1
2
5
1
4
2
2
2
2
2
2
2
2
2
3
2
0
5
1
4
2
3
3
1
1
3
4
3
6
2
1
2
2
1
5
0
0
5
1
3
4
2
2
1
1
1
2
2
2
3
2
3
1
4
4
2
1
0
2
4
1
3
2
4
1
3
2
1
0
1
2
2
2
1
1
1
3
1
3
5
3
0
0
2
2
4
0
2
0
2
3
1
2
1
1
4
4
7
7
4
11
8
9
13
13
25
16
29
47
39
32
32
29
12
8
7
5
1
2
2
3
5
1
1
2
0
1
4
1
4
0
3
5
0
0
5
2
3
4
2
2
0
2
1
0
3
0
2
1
4
2
3
5
1
1
3
4
1
2
1
4
6
1
1
1
4
2
2
6
1
1
1
1
2
0
1
1
2
4
2
1
3
3
4
2
0
3
2
2
0
2
1
0
0
1
1
3
2
1
2
0
1
1
2
1
2
1
1
0
2
2
1
3
2
2
0
1
2
0
1
1
1
2
2
0
1
3
1
1
0
2
3
0
1
1
3
1
2
4
0
0
1
2
2
2
0
0
3
3
1
0
2
3
1
1
2
1
2
0
1
2
3
0
4
1
3
0
0
1
4
2
1
2
1
0
3
1
3
2
3
1
0
1
2
3
2
1
0
1
0
0
6
2
0
3
4
0
2
1
1
5
6
1
2
1
2
1
1
5
0
2
3
1
2
2
1
3
0
2
1
1
2
5
6
5
8
2
4
3
2
1
2
1
2
2
4
2
3
1
3
3
1
1
0
1
2
2
1
1
0
0
0
1
1
1
1
3
2
4
1
1
5
1
1
1
5
1
0
2
1
0
0
1
1
3
2
0
1
3
0
2
0
0
1
3
0
0
2
0
1
1
0
0
0
4
0
1
4
3
4
4
0
1
3
2
1
0
2
1
2
1
3
0
1
2
0
2
0
0
3
4
0
1
2
2
1
2
3
0
4
3
5
2
3
3
4
4
8
5
3
5
4
5
2
1
2
1
2
0
0
1
1
0
1
4
4
2
5
2
6
5
4
3
1
0
0
1
0
0
1
0
1
6
0
0
1
0
3
0
1
1
2
0
0
1
1
0
0
1
2
0
1
1
1
1
1
1
0
2
1
0
1
0
0
1
1
0
1
2
1
1
1
1
0
0
0
0
1
1
0
1
2
0
0
1
1
0
0
0
1
4
0
1
0
1
2
2
3
2
1
1
1
0
1
0
0
1
2
1
0
0
2
0
0
0
0
1
0
1
0
0
1
1
0
1
0
1
0
1
0
0
0
1
1
0
0
0
0
1
1
1
0
1
2
1
0
0
1
0
0
0
0
1
0
0
0
1
1
2
0
0
1
1
0
0
0
0
1
0
1
2
1
1
1
0
0
0
0
0
0
0
2
0
0
0
0
2
0
0
2
1
0
1
0
1
1
1
1
0
1
1
1
3
3
3
7
3
5
3
0
2
0
0
1
1
2
1
0
1
1
0
2
2
3
4
1
5
2
2
3
4
6
12
11
17
16
23
21
28
20
18
17
6
6
2
2
2
1
2
2
2
1
1
1
2
1
0
0
1
0
0
1
0
1
0
0
0
1
0
0
2
0
1
0
0
0
0
1
0
0
0
2
0
0
2
1
0
0
0
0
0
0
0
0
1
3
1
0
0
0
1
0
0
1
0
0
1
0
1
2
1
0
0
1
1
1
0
1
1
0
0
0
1
0
0
1
1
0
0
0
0
1
2
2
0
0
0
1
0
0
1
1
1
2
1
1
1
1
1
0
0
0
0
0
0
0
1
0
0
0
1
1
0
0
0
0
1
0
0
2
1
1
1
1
0
1
0
0
0
0
0
0
2
0
0
0
0
1
3
0
1
0
0
1
0
1
1
0
3
2
0
0
0
0
0
1
1
0
0
0
0
0
0
0
0
1
0
2
3
0
1
0
1
1
0
1
0
3
0
0
0
1
0
0
1
0
1
1
1
0
0
1
1
0
0
1
0
0
1
0
1
0
0
1
1
0
0
0
1
0
0
1
0
0
1
0
0
0
0
0
1
0
1
0
0
0
1
0
1
2
1
0
0
0
0
0
2
0
2
0
2
0
0
1
1
0
0
0
0
0
0
0
0
0
0
0
1
0
1
0
0
1
1
0
1
0
1
2
0
0
0
0
2
1
0
0
0
0
0
0
0
0
0
0
0
1
0
0
0
2
0
0
0
0
1
0
1
0
0
0
0
0
1
0
0
0
1
1
0
3
0
0
1
2
0
2
1
1
0
2
2
0
0
0
0
0
0
0
0
0
1
1
0
0
0
0
0
2
0
2
1
0
1
0
0
1
0
0
0
0
0
0
0
0
0
0
0
1
0
0
2
0
1
0
0
0
2
1
2
0
0
1
0
0
0
0
1
0
0
0
1
0
0
0
1
1
0
0
2
1
2
0
1
0
3
0
2
0
1
0
4
2
3
1
3
4
4
7
11
7
2
3
4
2
2
1
2
0
0
0
1
0
0
0
0
0
0
0
2
0
0
0
1
1
0
1
1
0
0
0
0
1
1
0
0
0
0
3
1
0
0
1
2
1
0
0
1
0
0
0
2
0
1
0
0
0
0
0
0
0
1
1
0
1
2
1
1
1
0
0
0
2
0
0
0
0
0
0
0
0
0
0
1
0
0
1
0
0
1
0
1
0
0
1
2
0
1
1
1
2
0
0
0
1
1
0
1
0
0
1
1
1
0
0
0
1
2
1
2
0
0
0
0
1
0
0
1
0
2
1
0
0
2
0
0
1
1
1
1
0
0
1
2
1
2
0
2
0
0
0
0
0
1
1
1
1
0
0
1
0
1
1
0
1
1
0
0
1
0
1
1
0
0
0
1
1
1
0
0
0
0
1
0
0
0
1
0
0
0
0
1
2
0
1
1
1
0
0
1
1
1
0
1
0
1
1
1
0
1
1
0
0
1
1
1
0
0
1
2
0
0
1
1
0
1
0
2
1
0
1
0
0
0
0
0
0
1
0
0
0
0
0
1
0
0
0
0
0
0
0
0
0
0
0
0
1
0
1
1
0
0
0
1
0
1
0
0
0
0
0
0
0
1
0
0
0
0
0
0
0
0
1
0
0
1
0
1
0
1
1
1
1
1
0
1
0
1
1
0
0
0
0
0
0
0
0
1
0
0
0
1
1
1
0
1
0
0
0
0
0
0
0
0
0
0
0
1
2
0
0
1
0
1
1
0
0
0
0
0
0
2
0
0
1
1
0
0
3
0
0
0
0
0
1
0
1
1
1
1
0
1
0
2
2
3
0
0
1
1
0
0
0
0
0
0
0
0
0
0
1
1
1
1
0
0
0
1
1
0
1
0
2
1
0
0
0
0
0
0
0
1
0
0
0
1
0
0
0
0
2
1
0
1
1
0
1
0
0
0
0
0
0
0
2
2
0
1
0
1
0
0
1
0
0
1
2
1
1
1
0
0
1
0
0
1
0
1
0
0
1
1
0
0
0
1
0
2
1
1
0
3
0
0
0
0
0
0
1
1
0
1
0
1
1
0
0
0
1
2
0
1
0
0
0
1
0
0
0
0
0
0
0
0
1
1
0
0
0
0
0
0
0
0
0
1
0
1
1
0
2
0
1
2
0
0
0
0
0
1
1
0
0
1
0
0
0
1
0
1
0
0
1
0
0
0
0
0
2
0
1
0
0
0
0
0
1
0
0
0
1
1
0
1
0
0
1
0
0
0
0
0
1
0
0
0
0
0
0
0
0
0
1
0
0
0
0
0
1
0
0
0
0
0
0
0
1
0
1
0
0
0
1
0
0
0
0
0
0
0
1
0
0
0
0
0
0
0
0
0
0
0
1
0
1
0
0
0
1
0
1
0
1
0
0
0
1
0
1
0
0
1
2
0
1
0
0
2
0
0
2
0
0
0
0
0
2
0
0
0
0
0
1
0
0
0
0
0
0
0
0
0
0
0
0
0
0
0
0
0
0
0
0
0
0
0
0
0
0
0
0
0
0
0
0
0
2
0
0
0
1
1
1
1
0
2
0
0
0
1
0
0
0
0
0
0
0
0
1
0
0
0
0
0
1
0
1
0
0
0
0
0
0
0
0
0
0
0
0
0
0
0
0
0
0
0
0
0
0
0
0
0
0
0
0
0
0
1
1
0
0
0
0
0
0
1
1
0
1
2
0
3
2
2
5
3
4
2
7
9
4
11
2
4
3
4
0
2
0
0
0
0
0
0
0
0
0
0
0
0
0
0
0
0
0
0
0
0
0
0
0
0
0
0
0
0
0
0
0
0
0
0
1
0
0
1
0
0
0
0
0
0
0
0
0
1
0
0
1
0
0
0
0
0
0
0
0
0
0
0
0
0
0
0
0
0
0
0
0
0
0
0
0
0
0
0
0
0
0
0
0
0
2
0
0
1
0
0
0
0
0
0
0
0
0
0
0
0
0
0
0
0
0
0
0
0
0
0
2
0
0
0
1
0
0
0
0
0
0
0
0
0
0
0
0
0
0
0
0
0
0
0
0
0
0
0
1
0
0
0
0
0
0
0
0
1
0
0
0
0
1
0
0
1
0
0
0
0
0
0
0
0
0
0
0
1
0
0
0
0
0
0
0
0
1
0
0
0
0
0
0
0
1
0
0
0
0
0
0
0
0
0
0
0
0
0
0
0
0
0
0
0
0
0
0
0
0
0
0
0
0
0
0
0
1
0
0
0
0
0
0
0
1
0
0
0
0
0
1
0
0
0
0
1
0
0
0
0
0
0
0
0
1
0
0
0
0
0
0
0
0
1
0
0
0
0
1
0
0
0
0
0
0
0
0
0
0
0
0
0
0
0
0
0
0
0
0
0
0
0
0
0
0
0
0
1
1
0
0
0
0
1
0
0
1
0
0
0
0
0
0
0
1
1
1
1
2
0
1
0
0
0
0
0
0
0
0
0
0
0
0
0
0
0
0
0
0
0
0
0
0
0
0
0
0
1
0
1
0
0
0
2
0
0
0
0
0
0
0
0
0
0
0
0
1
0
0
0
0
0
0
0
0
0
0
1
0
0
0
0
0
0
0
0
0
0
0
0
0
0
0
0
0
0
0
0
0
0
1
0
0
0
0
0
1
1
0
0
0
0
0
0
1
0
0
0
0
0
0
0
0
0
0
0
0
0
0
0
0
0
0
0
0
0
0
0
0
0
0
0
0
0
0
0
0
0
0
1
0
0
0
0
1
0
0
0
1
0
2
0
0
0
0
0
0
0
0
0
0
0
0
0
0
0
0
0
0
0
0
0
0
0
0
0
0
0
0
0
0
1
0
0
0
0
0
0
0
0
0
0
0
0
0
0
0
0
0
0
0
0
0
0
1
0
0
0
0
0
0
0
0
0
0
1
1
0
0
0
0
0
0
0
0
0
0
0
0
0
0
1
0
0
0
0
0
0
0
0
0
0
0
0
0
0
0
0
0
0
0
0
0
0
0
0
0
0
0
1
1
0
0
0
0
0
0
0
1
0
0
0
0
0
0
0
0
0
0
0
0
0
1
0
0
0
0
0
0
0
0
0
0
0
0
0
0
0
0
0
0
0
0
0
1
0
0
0
0
0
0
0
0
1
0
0
0
0
1
0
0
0
0
0
0
0
0
0
0
0
0
0
1
0
0
0
0
0
0
0
0
0
0
0
0
0
0
0
0
0
0
0
0
0
0
0
0
0
0
0
0
0
0
0
0
0
0
0
0
0
0
0
0
0
1
0
0
0
0
0
0
0
0
0
0
0
0
0
0
0
0
0
0
0
0
0
0
1
0
0
0
0
0
0
0
0
0
0
1
0
0
0
0
0
0
0
0
0
0
0
0
0
0
0
1
0
0
1
0
0
0
0
0
0
0
0
0
0
0
0
0
0
0
0
0
0
0
0
0
0
0
0
0
0
0
0
0
0
0
0
0
0
0
0
0
1
0
0
1
0
0
0
0
0
0
0
0
0
0
0
0
0
0
0
0
0
0
0
0
1
0
0
0
1
0
0
0
0
0
0
0
0
0
1
0
1
1
0
0
0
0
0
0
0
0
0
0
0
0
0
0
0
0
0
0
0
0
0
1
0
0
0
0
0
0
0
0
0
0
0
0
0
0
0
0
0
0
0
0
0
0
0
1
0
0
0
0
0
0
0
0
1
0
0
0
1
1
0
1
0
0
0
0
0
0
0
0
1
0
0
0
0
0
0
0
1
0
0
0
0
0
0
0
0
0
0
0
0
0
1
0
1
0
0
0
0
0
0
0
0
0
0
0
0
0
0
0
0
0
1
0
0
1
0
0
0
0
0
0
0
0
0
0
0
0
1
0
0
0
0
0
0
0
0
0
0
0
0
0
0
0
0
0
1
1
0
1
0
0
0
0
0
0
0
1
0
0
0
0
0
0
0
0
0
0
0
0
0
0
0
0
0
0
0
0
0
0
0
0
0
0
0
0
0
0
0
0
0
0
0
0
0
0
0
0
0
0
0
0
0
0
0
0
0
0
0
0
0
0
0
0
1
0
0
0
0
0
0
0
0
0
0
0
0
0
0
0
0
1
0
0
0
0
0
0
0
0
0
0
0
0
0
0
0
0
0
1
0
0
0
0
0
0
0
0
0
0
0
0
0
0
1
0
0
0
0
0
0
0
0
0
1
0
0
0
0
0
0
0
0
0
0
0
0
0
0
0
0
0
0
0
0
0
0
0
0
0
0
0
0
0
0
0
0
1
0
0
0
0
0
0
0
0
0
0
0
0
0
0
0
0
0
0
0
0
0
1
0
0
0
0
0
0
0
0
0
0
0
0
0
0
1
0
0
0
0
0
0
0
1
0
0
0
0
0
0
0
1
0
0
0
0
0
0
0
0
0
0
0
0
0
0
0
0
0
1
0
0
0
0
1
0
0
0
0
0
0
0
0
0
0
0
0
0
0
0
0
0
0
0
0
0
0
0
0
0
0
0
0
0
0
0
0
0
0
0
0
0
0
0
0
0
0
0
0
0
0
0
0
0
0
0
0
0
0
0
0
0
0
0
0
0
0
0
0
0
1
0
0
0
0
0
0
0
0
0
0
0
0
0
1
0
2
0
0
0
0
1
1
0
0
0
0
0
0
0
0
0
0
0
0
0
0
0
0
0
0
0
0
0
0
0
0
0
0
0
0
0
0
1
0
0
0
0
0
0
1
0
0
0
0
0
0
0
0
0
0
0
0
0
0
0
0
0
0
0
0
0
0
0
0
0
0
0
0
0
0
0
0
0
0
0
0
0
0
0
0
0
0
0
0
0
0
0
0
0
0
0
0
0
0
0
0
0
1
0
0
0
0
0
0
0
0
0
0
0
0
0
0
0
0
0
0
1
1
0
0
0
0
0
0
0
0
0
0
0
0
0
0
0
0
0
0
0
0
0
0
0
0
0
0
0
0
0
0
0
0
0
0
1
0
1
0
0
0
0
0
0
0
0
0
0
0
0
0
0
0
0
0
0
0
0
0
0
0
0
0
0
0
0
0
0
0
1
0
0
0
0
0
0
0
0
0
0
0
0
0
0
0
0
0
0
0
0
0
0
0
0
0
0
0
0
0
0
1
0
0
0
0
0
0
0
0
0
0
0
0
0
0
0
0
0
0
0
0
0
0
0
0
0
0
0
1
0
0
0
0
0
0
0
0
1
0
0
0
0
0
0
0
0
0
0
0
0
0
0
0
0
0
0
0
0
0
0
0
0
0
0
0
0
0
0
0
0
0
0
1
0
0
0
0
0
1
0
0
0
0
0
0
0
0
0
0
0
0
0
0
0
0
0
0
0
0
0
0
0
0
0
0
0
0
0
0
0
0
1
0
0
0
1
0
0
0
0
0
0
0
0
0
0
0
0
0
0
0
0
1
0
0
0
0
0
0
0
0
0
0
0
0
0
0
0
0
0
0
0
0
0
0
0
0
0
0
0
0
0
0
0
0
0
0
0
0
0
0
0
0
0
0
0
0
0
0
1
0
0
0
0
0
0
0
0
0
0
0
0
0
0
0
0
0
0
0
0
0
0
0
0
0
0
0
0
0
0
1
0
0
0
0
0
0
0
0
0
0
0
0
0
0
0
0
0
0
0
0
0
1
0
0
0
0
0
0
0
0
0
0
0
0
0
0
0
0
0
0
0
0
0
0
0
0
0
0
0
0
0
0
0
0
0
0
0
0
0
0
0
0
0
0
0
0
0
1
0
1
0
0
0
0
0
0
0
0
0
0
0
0
0
0
1
0
0
0
0
0
0
0
0
0
1
0
0
1
0
0
0
0
0
0
0
0
1
0
0
0
0
0
0
1
0
0
0
0
0
0
0
0
0
0
0
0
1
0
0
0
0
0
0
0
0
0
0
0
0
1
0
1
0
1
0
1
0
1
0
0
0
0
0
0
0
0
0
0
0
0
0
0
0
0
0
0
0
0
0
0
0
0
0
0
1
0
0
0
0
0
0
0
0
0
0
0
0
0
0
1
1
0
0
0
0
1
0
0
0
0
0
0
1
1
1
0
0
0
0
0
0
0
0
0
1
0
0
0
0
0
0
0
0
0
0
0
0
0
0
0
1
0
0
0
0
0
0
0
0
0
0
0
0
0
0
0
0
0
0
0
0
0
0
0
0
0
0
0
1
0
0
0
0
0
0
0
0
0
0
0
1
0
0
0
0
0
0
0
2
0
0
0
0
0
0
0
0
1
0
0
0
0
0
0
0
0
0
0
0
0
0
0
0
0
1
0
0
0
0
1
0
0
0
0
0
0
0
0
0
0
0
0
0
0
0
0
0
0
0
0
0
0
0
0
0
0
0
0
0
0
0
0
0
0
1
0
0
0
0
0
0
0
0
0
0
0
0
0
0
0
0
0
1
0
0
0
0
0
0
0
1
0
0
0
0
0
0
0
0
0
0
0
0
0
0
0
0
0
0
0
0
0
0
0
0
1
0
0
0
1
0
0
0
0
0
0
0
0
0
0
0
0
0
0
0
0
0
0
0
0
1
0
0
0
0
0
1
0
1
0
0
0
0
0
0
0
1
0
0
0
0
0
0
0
0
0
0
0
0
0
1
1
0
0
1
0
0
0
0
0
0
0
0
0
0
0
0
0
0
0
0
0
1
0
0
0
0
0
0
0
0
0
0
0
0
0
0
0
0
0
0
0
0
0
0
0
0
0
0
0
0
0
0
0
0
0
0
0
0
0
0
0
0
0
0
1
0
0
0
0
0
1
0
0
0
0
0
0
0
0
0
0
0
0
0
0
0
1
0
0
0
0
0
0
0
0
0
0
0
0
0
0
0
0
0
0
0
0
0
0
0
0
0
0
0
1
0
1
0
0
0
0
0
0
0
0
0
0
0
1
0
0
0
0
0
0
0
0
0
0
0
0
0
2
0
0
0
0
0
0
0
0
0
0
0
0
0
0
0
0
0
0
0
0
0
0
0
0
0
1
1
0
0
0
0
0
0
0
1
0
0
0
0
0
0
1
1
0
0
0
0
0
0
0
0
0
1
0
1
0
0
0
0
0
0
0
0
0
1
0
1
0
0
0
0
0
0
0
1
0
0
0
0
0
0
0
1
0
0
0
2
0
0
0
0
0
0
0
0
0
0
0
0
0
0
0
0
0
0
0
0
1
0
0
2
0
0
0
0
0
0
0
0
0
0
0
0
0
0
0
0
0
0
0
0
0
0
0
0
0
0
0
0
1
0
0
0
0
0
1
0
0
0
0
0
0
0
0
0
0
0
0
0
0
0
0
0
0
0
0
0
0
0
0
0
0
0
0
0
0
0
0
0
0
1
0
0
0
0
0
0
0
0
0
0
0
0
0
0
0
0
0
0
0
0
0
0
0
0
0
1
0
0
0
0
0
0
0
0
0
0
0
0
0
0
0
0
0
0
0
0
0
0
1
0
0
0
0
0
0
0
0
0
0
0
0
0
0
0
0
0
0
0
0
0
0
0
0
1
0
0
0
0
0
0
0
0
0
0
0
0
0
0
0
0
0
0
0
0
0
0
0
0
0
0
0
0
0
0
0
1
0
0
0
0
0
0
0
0
0
0
0
0
0
0
0
1
0
0
1
0
0
0
0
0
0
0
0
0
1
0
0
1
1
0
0
1
0
1
2
0
1
0
0
0
1
0
0
0
0
0
0
0
0
0
0
0
0
0
0
0
0
0
0
0
0
2
0
0
0
0
0
0
0
0
0
0
0
0
0
0
0
0
0
0
1
0
0
0
0
0
0
0
0
0
0
0
0
1
0
0
0
0
0
0
0
0
0
0
0
0
0
0
0
0
0
0
0
0
1
0
0
0
0
0
0
0
0
0
0
0
0
0
0
0
0
0
0
0
0
0
1
0
0
0
0
0
0
0
0
0
0
0
0
0
0
0
0
0
0
0
0
0
0
0
0
0
0
0
0
0
0
0
0
0
0
0
0
0
0
0
0
0
0
0
0
0
0
0
0
1
1
0
0
0
0
0
1
0
0
0
0
1
0
0
0
0
0
0
0
0
0
0
0
0
0
0
0
0
0
0
0
0
1
0
0
0
0
0
0
0
0
0
0
1
0
0
0
0
1
0
1
0
1
0
0
0
0
0
0
0
1
0
0
0
0
0
0
0
0
0
0
0
0
1
0
0
0
1
1
1
0
0
0
0
0
0
0
0
0
0
0
0
0
0
1
0
0
0
0
0
0
0
0
0
0
0
1
0
0
0
1
0
0
0
0
0
0
0
0
0
0
0
0
0
0
0
0
0
0
0
0
0
0
0
0
0
0
0
0
0
0
0
0
0
0
0
0
0
0
0
0
0
0
0
0
0
0
0
0
0
0
0
0
0
0
0
0
0
0
0
0
1
0
0
0
0
0
0
0
0
0
0
0
0
0
0
0
0
0
0
0
0
0
0
0
0
0
0
0
0
0
0
0
0
0
0
0
0
0
0
0
0
0
0
1
0
0
0
0
0
0
0
0
0
0
1
0
0
0
0
0
0
0
0
0
0
0
0
1
0
0
0
0
0
0
0
0
0
0
0
0
0
0
0
0
0
0
0
0
0
0
0
0
0
0
0
0
0
0
0
0
0
0
0
0
0
0
0
0
0
0
0
0
0
0
0
0
0
0
0
0
0
0
0
0
0
0
0
0
0
1
0
0
0
0
0
0
0
0
0
0
0
0
0
0
0
0
0
0
0
0
1
0
0
0
0
0
0
0
0
0
0
0
0
0
0
0
0
0
0
0
0
1
1
0
0
0
0
0
0
0
0
0
0
0
0
0
0
0
0
0
0
0
0
0
0
0
0
0
0
0
0
0
0
0
0
0
0
1
0
0
0
0
0
0
0
0
0
0
0
0
0
0
0
0
0
0
0
0
0
0
0
0
0
0
0
0
0
0
0
0
0
0
0
0
0
0
0
0
0
0
0
0
0
0
0
0
0
0
0
0
0
0
0
0
0
0
0
0
0
0
0
0
0
0
0
0
0
0
0
0
0
0
0
0
0
0
0
0
0
0
0
0
0
0
0
0
0
0
0
0
0
0
0
0
0
0
0
0
0
0
0
0
0
0
0
1
0
0
0
0
0
0
0
0
0
0
0
0
0
0
0
0
0
0
0
0
0
0
0
0
0
0
0
0
0
0
0
0
0
0
0
1
0
0
0
0
0
0
0
1
0
0
0
0
0
0
0
0
0
0
0
0
0
0
0
0
0
0
0
0
0
0
0
0
0
0
0
0
0
0
0
0
0
0
0
0
0
0
0
0
0
0
0
0
0
0
0
0
0
0
0
0
0
0
0
0
0
0
0
0
0
0
0
0
0
0
0
0
0
0
0
0
0
0
0
0
0
0
0
0
0
0
0
0
3
0
1
1
0
1
0
1
0
0
0
0
0
$ENER_FIT:
-3.6210 0.661772 0.000000e+000
$MCA_CAL:
3
-3.6210 0.661772 0.000000e+000
$ENDRECORD:
