$SPEC_ID:
Sample title.

$MEAS_TIM:
967.62000 987.38000
$DATE_MEA:
06/13/2014 2:59:01 PM
$DATA:
0 16383
0
0
0
0
0
0
0
0
0
0
0
0
0
0
0
0
0
0
0
0
0
0
0
0
0
0
0
0
0
0
0
0
0
0
0
0
0
0
0
0
0
0
0
0
0
0
0
0
0
0
0
0
0
0
0
0
0
0
0
0
0
0
0
0
0
0
0
0
0
0
0
0
0
0
0
0
0
0
0
0
0
0
461
458
501
487
488
502
518
526
537
544
501
558
564
569
591
629
680
621
679
637
674
682
751
769
720
716
725
749
812
747
776
893
952
928
1028
1226
1327
1156
1067
1168
1119
972
954
917
860
883
855
892
898
950
1013
1021
1011
1042
1067
1079
1069
927
1000
964
905
851
915
936
902
858
828
840
866
830
890
933
867
880
903
921
914
857
909
896
903
944
965
977
966
963
917
866
897
900
905
892
881
898
950
930
882
868
893
852
871
919
941
877
896
893
918
905
895
870
853
883
823
881
842
840
844
831
856
839
795
806
856
843
814
812
818
862
852
818
805
835
892
832
873
839
819
803
754
847
801
764
802
823
812
845
802
831
771
798
782
827
837
806
780
835
745
747
830
866
787
771
840
843
863
768
749
751
825
805
796
748
765
741
769
789
783
768
785
768
793
843
769
775
751
797
779
781
793
797
806
693
770
775
796
768
734
841
899
842
776
807
720
739
710
701
700
748
687
667
719
699
640
697
707
724
716
641
671
655
713
672
722
753
760
676
666
648
584
684
719
657
689
634
662
631
644
608
666
673
614
627
644
643
632
660
634
628
591
620
618
620
608
533
563
612
625
635
593
611
617
542
552
589
568
551
573
528
533
633
585
587
626
631
521
594
570
550
533
520
540
583
590
584
555
585
565
528
567
558
492
526
542
533
536
526
534
551
493
533
541
543
562
577
547
589
581
586
552
553
550
565
496
553
517
545
501
473
482
476
474
461
467
463
425
481
447
469
427
444
440
422
443
455
404
414
390
369
403
483
426
415
442
415
399
409
404
401
423
384
407
387
362
386
371
377
351
367
386
373
382
359
379
398
392
423
404
393
367
376
395
367
362
380
401
344
383
373
392
371
375
358
388
348
332
371
345
348
324
358
327
308
322
309
374
326
347
320
337
341
361
325
333
354
334
332
303
305
339
291
325
344
322
302
327
287
321
326
307
320
293
287
317
330
321
294
352
488
544
435
341
325
258
281
295
297
295
320
271
274
305
253
284
302
258
285
278
303
282
230
272
280
253
297
277
273
258
235
264
275
274
274
282
241
282
245
269
269
266
234
261
239
251
246
250
248
236
276
274
281
246
251
282
236
245
269
250
268
287
237
254
272
230
239
246
235
258
226
263
260
251
236
255
234
263
246
274
244
238
263
279
266
258
289
278
263
287
269
257
255
265
266
265
260
279
249
250
245
242
242
274
259
263
264
250
244
210
262
263
234
230
232
229
243
244
203
222
239
273
217
249
227
231
220
255
253
200
242
214
239
220
234
241
224
214
205
213
231
215
215
171
200
196
210
217
200
206
194
179
205
219
222
206
210
217
227
292
337
302
249
202
189
205
202
212
204
206
202
206
225
203
226
201
185
219
213
205
223
223
208
198
187
197
218
183
192
201
182
201
230
178
214
203
189
194
210
214
216
200
198
199
223
218
283
399
564
729
823
850
869
954
872
876
905
893
907
952
903
870
893
902
867
802
826
695
604
349
247
185
166
148
169
143
166
172
155
172
147
163
160
178
166
160
172
153
158
176
145
152
172
160
171
159
150
170
168
165
171
170
180
261
285
435
734
1072
1274
1231
958
716
412
240
181
169
289
333
317
235
195
191
186
183
177
216
211
202
169
157
167
132
137
140
150
160
152
144
150
142
133
150
147
140
158
154
152
129
130
124
151
162
157
144
134
142
137
162
157
157
118
164
155
135
165
122
129
156
130
169
137
139
152
167
130
167
144
173
146
147
161
141
139
157
149
143
156
130
164
158
169
154
140
150
169
148
157
154
152
152
139
160
125
147
142
160
143
149
146
145
174
140
131
155
161
141
156
183
201
224
193
164
143
121
130
111
128
157
144
156
120
156
131
154
151
150
173
208
176
157
135
148
166
160
137
156
161
141
143
163
146
131
121
137
125
152
151
133
132
154
147
158
170
160
143
111
125
130
135
140
141
127
150
118
143
115
136
122
136
134
118
141
157
132
134
143
139
152
157
137
131
140
131
124
153
130
146
140
127
128
143
155
156
141
154
128
135
122
128
137
118
158
170
198
183
120
150
126
143
122
124
114
119
133
134
132
139
146
139
160
129
151
134
128
139
130
129
136
117
144
162
136
157
128
137
117
121
122
114
141
131
152
126
125
144
115
128
145
120
125
129
115
140
128
134
151
158
130
147
136
143
108
124
111
119
138
117
118
115
94
117
132
134
152
140
138
142
123
113
143
152
139
126
128
128
117
146
109
136
137
137
122
135
139
125
133
111
147
129
115
134
120
135
134
126
139
112
105
112
120
125
119
145
127
112
127
135
109
115
143
121
121
120
123
130
143
94
97
94
143
134
144
126
123
116
107
119
123
124
127
164
154
121
132
105
120
143
148
125
119
127
134
112
131
120
119
127
128
141
119
134
131
135
119
114
127
130
124
111
129
121
119
122
107
109
125
120
126
116
109
126
120
129
109
119
142
135
191
354
850
1209
985
489
226
128
127
107
102
106
105
122
122
90
125
125
103
130
133
119
143
110
115
115
165
165
175
202
234
224
159
151
138
119
135
112
120
114
132
131
121
121
123
120
112
120
101
113
107
113
120
108
100
117
122
112
126
87
123
132
141
133
126
125
128
121
138
128
125
123
113
106
108
122
133
112
106
87
113
127
103
104
121
102
116
104
112
128
109
137
115
110
96
107
139
101
125
119
141
124
122
108
124
112
135
122
158
159
137
151
141
132
150
140
116
124
138
123
111
106
117
114
121
142
107
137
129
133
129
114
105
88
114
129
116
126
134
128
123
122
113
107
121
128
116
138
118
121
134
138
139
123
130
136
134
134
132
126
130
127
130
116
111
125
141
119
117
129
100
103
122
105
116
109
101
98
98
106
126
118
109
109
119
142
147
141
120
134
118
107
127
130
138
151
166
167
137
109
133
95
119
121
141
135
130
129
139
151
112
106
116
122
118
138
102
122
107
132
101
116
117
100
127
120
125
122
118
114
108
119
112
124
114
115
113
145
110
121
130
92
110
97
101
105
106
110
122
132
125
122
121
123
121
138
126
108
121
126
117
141
94
123
146
157
160
142
121
142
119
116
112
120
115
116
116
105
120
106
117
100
134
124
112
143
114
130
115
117
137
118
137
140
139
116
115
114
106
118
125
130
124
117
105
113
120
111
109
111
114
125
126
115
114
141
135
121
131
108
127
115
129
87
112
127
104
119
124
103
124
114
94
121
101
91
107
111
90
127
107
112
110
132
113
119
108
130
117
118
104
120
92
102
124
124
137
123
121
122
123
122
128
131
112
117
108
114
136
131
114
128
130
129
115
107
117
116
110
121
120
141
124
139
103
105
125
125
118
98
111
112
119
113
103
101
112
126
113
115
122
119
113
108
112
105
120
110
115
118
128
112
115
115
108
120
114
120
126
117
108
101
119
116
125
112
120
116
114
120
123
119
105
112
113
119
117
121
111
115
131
98
107
115
124
109
120
132
103
112
118
124
110
132
122
135
104
113
112
123
112
116
128
120
111
110
120
115
111
117
98
131
96
99
109
115
129
117
117
124
115
132
154
140
107
118
101
118
124
127
120
121
128
125
118
111
133
118
105
145
112
113
118
107
130
101
99
123
141
112
124
131
135
128
108
107
103
128
125
101
125
92
114
117
106
109
109
122
119
124
103
128
122
106
94
106
110
117
119
96
117
109
111
114
111
119
129
123
129
125
121
108
126
106
118
100
111
125
110
109
118
110
146
104
104
101
101
104
113
104
131
107
123
127
117
113
101
113
116
102
135
132
104
100
112
129
91
128
140
224
233
234
172
141
114
128
145
161
213
241
205
142
133
106
110
109
87
112
124
110
131
114
116
114
129
106
104
122
96
112
100
128
130
133
129
115
135
118
125
134
128
127
131
121
134
127
105
137
93
113
108
115
124
110
102
120
119
123
115
93
122
139
205
423
565
582
410
219
151
143
110
103
126
124
136
120
91
108
124
133
119
126
126
125
129
135
119
138
116
101
148
126
134
97
130
127
140
126
121
118
119
122
118
112
110
133
120
136
116
120
134
115
107
135
130
122
124
124
113
123
136
124
114
117
119
121
129
113
138
140
120
126
162
171
181
175
149
126
153
106
120
120
133
111
125
127
104
119
118
133
119
116
142
128
149
172
180
151
125
135
106
119
144
134
126
124
123
126
130
142
133
117
129
143
157
103
131
110
133
136
150
123
146
127
124
135
115
113
136
129
121
111
131
118
117
128
129
105
135
129
126
124
148
137
136
121
113
130
132
138
125
136
136
115
123
127
139
129
142
154
158
114
130
112
122
118
130
127
115
123
130
140
114
118
144
123
127
125
130
142
115
145
127
115
128
114
120
152
131
151
116
122
144
122
119
125
133
117
116
120
118
114
159
121
138
131
140
125
111
121
108
118
111
143
151
131
126
122
128
122
138
143
115
120
133
121
131
109
129
134
122
112
112
127
123
133
136
125
119
131
110
129
126
134
119
145
132
131
124
155
121
134
116
123
136
119
125
136
112
116
145
148
141
148
152
142
134
132
119
123
139
135
130
146
139
142
130
137
110
108
128
138
140
142
142
137
119
124
130
129
149
131
129
132
144
125
116
122
148
140
144
122
130
124
152
152
113
109
139
128
114
124
111
143
124
116
130
119
134
139
118
131
145
146
114
131
137
134
148
150
122
139
119
126
136
120
140
118
139
131
149
128
119
116
121
130
135
127
143
147
126
120
153
119
135
122
136
124
132
147
130
148
139
150
138
112
142
135
134
125
122
140
131
137
132
132
138
121
128
136
137
136
136
129
115
141
130
138
124
122
127
137
126
117
128
138
131
138
135
131
138
106
125
139
145
143
123
137
129
134
118
133
146
129
135
134
128
141
136
128
140
140
147
156
142
151
160
149
140
159
125
139
118
109
129
122
134
151
126
142
161
148
164
132
148
138
160
127
144
138
156
115
134
154
129
130
128
145
137
130
143
150
142
130
150
147
144
128
161
131
114
154
149
142
127
121
122
139
150
137
133
146
143
149
136
139
143
137
140
148
141
131
141
134
173
152
155
132
146
134
153
107
150
132
146
130
150
143
117
140
134
154
155
134
131
145
137
127
127
133
150
139
150
142
132
138
123
115
147
146
121
148
143
156
127
188
124
138
131
144
136
154
129
150
124
144
130
157
144
139
140
147
114
118
125
154
141
150
137
143
130
134
125
133
135
120
144
131
146
146
140
136
123
133
152
126
138
121
143
168
138
124
122
150
115
145
138
132
124
136
150
138
154
126
120
143
138
154
178
138
121
136
138
124
140
125
155
154
168
165
148
159
148
129
111
134
149
129
146
133
155
127
164
163
170
173
171
229
212
183
184
155
148
154
181
231
212
198
180
153
142
163
144
130
134
172
132
160
145
127
138
128
144
144
144
129
146
172
173
191
172
160
136
159
139
152
138
164
150
143
135
130
157
152
143
141
144
158
124
160
147
125
166
135
135
136
160
141
139
139
114
158
150
143
157
144
137
135
165
144
146
152
154
147
130
151
148
155
139
146
157
153
150
159
148
145
153
137
168
156
146
148
162
162
196
133
179
171
164
153
144
157
139
151
139
151
161
134
133
145
150
150
165
146
145
171
168
137
161
137
179
158
157
148
124
159
157
168
163
166
143
123
150
168
161
179
165
167
156
163
168
159
234
322
432
645
834
970
796
677
470
288
240
218
189
146
158
178
164
154
161
145
165
162
170
192
171
173
169
189
193
154
168
167
186
149
161
170
192
158
134
185
191
142
165
182
161
151
160
156
161
159
170
193
162
158
156
167
185
157
164
166
186
192
170
164
158
172
159
176
172
163
177
186
171
180
168
179
152
167
174
179
164
188
155
174
185
179
159
182
174
160
147
165
150
161
210
187
150
179
173
170
162
168
174
162
204
183
203
192
180
175
178
203
174
178
190
186
173
173
176
181
184
182
169
195
177
186
184
180
172
184
182
199
194
158
163
192
153
178
199
183
154
181
184
185
180
179
183
168
163
168
181
189
169
159
191
206
179
188
172
189
190
169
171
169
176
170
178
183
192
171
172
168
172
197
202
197
190
193
203
207
188
188
210
187
199
181
203
203
170
184
199
206
176
193
181
190
198
215
176
186
173
202
206
189
199
170
203
184
187
183
229
188
181
199
185
218
188
173
188
184
195
184
208
194
214
204
227
176
214
186
200
245
212
214
200
191
222
194
184
201
205
192
197
199
208
188
215
205
194
204
213
229
208
200
210
205
224
213
187
227
230
216
248
247
262
248
248
263
238
202
207
211
196
210
202
206
213
205
203
196
198
194
201
217
217
212
201
222
221
208
223
234
239
214
227
213
211
223
233
233
227
224
211
231
207
230
225
218
205
231
260
235
224
235
211
218
226
233
218
239
224
255
256
202
198
238
246
241
261
254
231
239
259
270
258
250
251
215
239
270
221
237
229
230
225
235
244
257
264
252
267
295
299
332
347
312
250
277
257
228
246
238
257
256
242
291
307
302
258
255
280
277
271
262
303
272
297
281
303
288
259
285
270
260
266
264
293
253
259
250
250
244
278
254
310
262
279
249
271
279
256
279
276
297
274
282
309
286
260
284
292
296
280
267
262
281
285
283
256
303
257
272
249
276
255
259
244
256
291
265
258
242
245
227
234
219
211
217
218
193
245
244
227
226
217
200
212
216
199
206
235
200
204
199
215
169
194
184
195
195
180
174
198
197
191
216
221
231
204
175
207
192
191
142
198
190
188
197
174
182
168
176
169
203
154
190
190
168
195
173
150
165
188
169
169
170
157
162
196
175
199
176
176
170
166
165
147
171
169
179
193
183
198
171
164
146
161
142
134
157
163
152
133
136
140
145
131
125
149
146
121
145
127
148
161
154
150
129
143
127
139
135
129
147
154
154
140
136
134
154
159
180
173
183
161
141
126
114
123
113
128
130
106
95
86
129
113
116
93
100
113
109
133
99
102
85
89
108
108
116
107
96
106
92
107
87
114
98
84
93
103
87
90
108
84
86
96
91
88
78
85
61
102
84
77
82
93
84
71
85
81
96
92
69
82
67
90
83
67
79
71
75
83
57
61
79
59
68
64
60
64
68
66
67
65
69
64
51
69
64
63
58
74
45
49
53
60
62
51
54
55
49
65
54
52
59
53
50
61
61
50
45
54
46
53
54
68
66
57
53
49
56
64
48
61
51
66
59
35
46
51
47
33
53
45
49
43
36
45
51
49
47
37
45
64
48
47
43
42
46
49
54
47
58
60
52
38
43
42
61
53
46
47
58
41
45
50
39
63
55
53
51
44
41
43
44
48
45
44
38
37
34
34
53
43
45
37
38
40
43
46
45
37
45
46
39
36
55
31
34
53
51
49
54
50
42
47
35
34
34
40
40
43
39
44
42
40
32
40
67
86
227
539
1305
3065
6531
11193
14811
14475
9818
4589
1523
369
74
26
13
28
29
30
36
39
37
21
28
25
17
28
21
21
16
25
21
23
22
23
22
24
18
25
20
21
21
19
29
25
17
16
19
19
17
27
13
20
26
13
15
15
24
23
15
21
25
22
29
26
29
22
23
16
25
16
15
16
17
12
12
18
18
18
26
15
26
18
21
18
19
18
21
17
18
12
28
16
14
23
21
22
19
23
11
21
19
18
16
20
28
25
26
44
50
57
30
26
11
19
27
20
24
13
28
15
28
29
22
21
13
11
15
22
16
19
20
19
14
13
19
23
23
23
31
22
28
18
21
17
20
19
23
16
22
16
9
16
18
19
20
25
12
21
16
16
20
11
14
18
18
30
20
27
27
18
24
18
15
14
14
20
21
18
22
18
18
16
13
17
18
16
24
14
21
22
18
23
23
19
41
14
20
25
25
17
24
20
21
15
26
19
16
14
18
16
26
20
18
22
19
19
15
16
15
22
20
21
17
24
31
19
21
18
22
20
19
20
15
27
27
21
13
17
24
20
17
14
21
27
21
17
22
14
24
23
23
22
18
33
22
20
22
30
32
36
22
17
29
16
16
17
15
20
27
27
26
20
18
20
26
15
25
24
14
12
12
20
9
29
13
16
11
10
12
16
17
20
13
26
18
19
14
23
21
18
22
28
17
30
22
19
13
12
16
28
24
15
29
26
12
15
19
14
22
26
22
8
22
14
12
22
21
17
15
16
20
19
19
15
21
12
8
20
24
11
13
23
18
13
18
19
18
20
17
17
15
16
27
14
12
15
12
12
17
19
22
15
17
21
24
23
14
13
12
22
26
15
20
17
16
15
13
17
22
24
28
23
16
11
21
17
17
16
19
15
22
12
20
19
17
19
14
24
13
13
16
9
17
18
19
25
15
16
20
22
18
24
18
21
17
21
17
19
10
20
14
26
20
16
21
16
18
25
13
25
14
22
25
22
14
20
11
14
24
27
22
17
13
22
12
18
11
18
17
17
22
27
21
25
31
20
23
29
25
25
15
15
23
18
16
16
11
22
14
16
18
19
18
18
19
16
19
25
25
24
17
23
13
13
23
15
24
20
28
27
29
23
20
39
38
42
36
23
19
19
17
17
13
22
18
23
23
15
16
18
14
14
18
20
22
18
12
16
22
14
22
13
10
24
20
18
21
18
14
15
13
21
12
17
14
15
23
20
19
16
15
20
18
19
19
14
12
17
8
15
20
13
8
14
22
24
15
14
18
25
17
20
20
16
23
17
22
22
28
21
20
16
12
13
16
18
21
9
16
21
16
12
17
22
16
15
22
17
12
11
18
17
25
21
34
29
19
20
25
18
13
23
18
11
8
16
14
14
11
20
18
14
13
22
10
21
24
13
13
9
17
10
23
13
13
15
14
13
20
8
14
15
14
17
19
12
21
15
18
13
10
15
15
12
24
31
15
20
21
23
10
18
21
15
21
17
15
15
13
23
20
23
18
18
16
13
14
19
22
22
20
22
18
23
14
21
17
18
16
14
11
9
13
15
21
17
10
10
16
13
19
23
14
10
16
14
14
15
13
12
16
10
16
15
15
21
15
21
14
18
20
17
11
20
16
16
14
16
14
16
18
19
12
19
27
24
19
15
18
11
17
9
14
11
14
16
19
11
18
16
12
16
11
19
11
15
19
15
19
11
20
13
12
17
22
15
12
12
18
14
20
22
17
15
18
17
24
24
27
27
18
13
16
13
20
14
15
16
15
16
16
13
13
11
13
10
18
13
17
16
25
10
18
14
13
17
17
19
15
15
19
18
10
16
16
16
19
21
20
28
21
23
21
25
25
19
19
17
13
13
9
22
18
9
18
17
13
13
17
19
19
15
14
16
8
15
19
13
15
22
20
17
9
21
14
11
10
10
17
19
7
21
8
15
9
12
22
17
13
19
12
9
16
12
13
22
11
17
11
21
13
18
20
16
17
20
29
17
20
14
27
17
15
13
13
11
15
16
25
25
14
9
11
17
27
18
18
18
8
16
14
12
20
12
23
10
18
18
14
14
18
25
16
11
9
17
8
19
9
21
22
18
19
19
23
29
22
23
22
16
14
16
15
13
16
22
23
16
29
26
16
19
11
14
11
11
8
14
16
21
16
17
15
9
14
21
12
11
9
8
12
10
14
15
16
19
16
13
17
15
9
15
16
18
29
28
20
18
13
15
19
8
9
16
11
18
19
11
17
9
20
19
11
10
10
22
18
15
14
9
16
15
22
9
11
18
12
11
17
12
19
16
10
12
9
16
11
12
12
20
13
7
11
24
10
19
11
11
11
15
11
6
16
11
8
11
16
11
14
11
17
18
13
14
12
19
13
13
11
12
14
15
15
10
15
19
20
14
22
26
14
15
16
19
9
13
14
17
25
14
23
21
16
15
24
14
11
15
11
18
16
15
5
10
16
19
24
25
11
25
17
17
14
12
11
12
17
14
9
13
10
12
18
17
14
13
15
19
10
19
8
14
14
11
14
25
15
21
11
10
11
24
12
14
18
9
18
14
9
11
15
19
18
16
5
18
14
6
10
7
14
12
16
12
17
11
13
20
9
9
11
15
9
9
14
11
17
12
17
7
11
7
14
16
23
18
12
15
16
17
16
14
16
16
14
15
15
11
5
13
14
9
16
12
14
13
10
21
8
18
16
14
14
17
13
11
17
17
15
11
12
16
17
15
16
19
10
12
12
17
13
13
18
19
15
7
15
17
13
12
20
9
15
14
9
11
13
19
11
18
15
19
22
21
16
12
16
15
17
12
13
16
14
19
17
12
13
9
8
13
10
9
11
16
14
9
14
14
9
13
12
23
19
33
29
20
21
17
23
16
15
16
15
23
19
22
11
15
20
14
8
22
14
17
16
7
21
20
11
9
8
8
11
13
14
7
9
12
15
19
13
10
8
10
11
14
15
10
8
14
9
12
11
19
9
18
20
7
14
17
13
12
10
13
9
10
13
16
16
20
23
9
24
15
14
19
17
19
17
13
12
9
17
19
17
14
13
10
6
11
16
11
18
15
11
11
19
16
15
14
10
14
8
9
9
14
10
18
9
16
11
10
19
23
15
21
16
9
10
12
14
9
19
16
20
11
14
11
20
10
12
13
11
19
9
7
16
17
14
10
12
13
18
11
14
12
10
10
16
15
13
7
17
10
14
11
14
10
13
11
10
7
9
10
11
10
12
15
7
13
10
15
21
23
16
10
17
19
12
14
12
17
17
16
14
12
9
9
13
11
12
16
17
15
13
15
13
15
11
12
12
18
11
16
14
14
11
9
12
9
8
12
14
14
8
16
11
14
16
14
14
15
11
14
11
14
16
14
15
12
14
18
12
16
13
14
9
14
12
8
9
14
10
10
10
16
13
12
11
11
14
13
13
22
14
17
14
12
13
9
8
19
11
16
15
7
13
21
14
12
12
17
8
8
17
11
11
11
11
8
9
10
9
10
10
14
16
13
8
10
10
10
13
14
12
16
7
13
14
9
11
11
19
10
12
16
17
15
13
13
11
18
7
17
22
10
19
22
28
24
10
19
9
5
14
12
16
13
4
15
8
16
11
5
6
14
17
12
17
17
16
19
8
15
12
9
10
8
13
13
15
15
9
8
14
9
13
11
15
10
13
12
18
20
15
11
12
14
16
10
13
9
6
12
15
13
17
15
19
19
15
15
19
14
13
12
20
10
17
15
15
15
15
10
11
6
8
8
11
14
13
8
11
13
13
15
12
11
16
11
9
15
13
10
18
14
16
8
16
13
11
14
13
3
17
13
13
18
16
13
11
25
15
10
17
11
14
11
10
14
13
15
16
14
7
11
14
11
13
18
13
11
10
17
11
19
8
11
13
10
14
6
9
16
8
10
14
16
9
5
8
11
10
11
12
10
16
17
14
17
10
18
10
12
11
9
12
12
8
8
11
17
16
8
8
15
10
15
8
15
9
11
18
9
15
10
11
14
3
14
9
9
12
15
9
18
13
10
13
10
8
15
9
9
16
15
21
5
15
19
15
17
19
11
12
11
11
9
18
16
17
14
11
18
15
15
10
14
16
9
12
14
19
6
13
14
8
10
11
14
10
8
6
16
8
13
17
10
13
6
10
10
6
11
11
17
11
10
15
20
24
11
12
17
5
12
15
12
6
8
10
17
12
11
12
12
15
12
12
22
14
24
11
14
18
12
20
19
15
13
9
9
13
7
8
15
14
5
15
8
8
14
10
14
13
9
8
19
10
9
10
11
10
11
11
7
7
5
12
14
16
16
7
9
7
10
10
11
8
5
10
12
13
9
15
13
10
13
17
12
17
12
12
13
11
2
8
15
14
8
10
13
7
14
11
13
12
12
15
10
15
10
13
11
10
9
12
5
8
8
17
5
9
11
13
7
11
11
7
13
10
12
14
25
13
10
11
13
9
12
13
17
10
12
14
10
16
15
23
13
22
15
15
24
23
23
18
17
9
13
10
14
14
6
15
13
11
18
12
13
13
13
17
12
27
25
20
27
14
13
17
10
10
11
14
11
8
9
13
12
11
10
6
8
19
10
10
10
7
6
15
5
8
5
11
10
12
14
16
7
8
13
6
13
6
18
9
9
8
8
14
17
7
14
3
10
8
12
10
9
6
12
10
8
14
7
14
18
15
13
9
11
15
9
14
10
12
4
11
7
10
7
9
14
10
13
9
10
13
7
9
10
9
9
10
4
8
7
13
8
13
10
11
27
11
13
11
10
15
9
14
12
13
11
8
10
9
15
15
12
12
13
10
14
11
16
11
17
8
10
12
5
8
8
13
8
12
7
12
14
14
10
11
8
7
5
11
7
11
5
9
6
11
6
10
7
15
8
12
7
9
18
22
14
15
11
16
14
11
7
6
10
15
13
12
10
10
19
7
16
16
13
13
4
12
14
5
7
8
12
9
10
6
6
13
10
2
16
10
14
10
15
16
30
31
26
29
27
20
20
15
20
20
21
26
18
32
24
19
15
24
13
19
18
20
15
9
7
15
9
13
12
11
10
15
8
12
7
9
8
11
10
10
8
13
10
8
4
6
9
10
7
8
7
18
8
6
18
12
10
10
11
9
8
12
6
5
11
11
14
10
5
10
14
5
9
9
9
5
10
12
11
7
11
12
5
13
12
12
7
12
12
10
12
9
9
11
12
5
9
17
6
9
8
12
8
11
6
12
11
9
10
18
5
11
13
5
6
12
13
9
6
10
8
6
9
8
9
15
5
11
6
9
5
11
14
8
14
9
15
5
14
9
11
7
11
6
9
11
6
10
13
13
8
10
14
10
12
17
10
7
8
0
20
10
9
8
10
16
6
4
7
8
16
4
7
14
9
8
14
7
9
7
12
14
5
6
6
12
13
5
10
8
5
5
16
12
11
6
5
6
5
5
13
7
8
18
9
7
7
11
6
6
10
9
8
7
8
9
5
9
10
12
14
11
10
7
12
7
12
10
15
4
14
12
4
7
17
8
12
6
7
9
15
12
13
8
7
7
13
9
9
6
10
10
4
4
13
6
9
10
8
11
13
13
19
13
14
7
6
8
11
15
9
10
11
13
6
3
13
13
6
5
8
8
9
9
9
11
12
5
6
11
12
7
13
9
4
13
5
9
13
16
12
11
10
8
6
4
7
16
7
8
11
9
11
7
4
10
7
13
10
5
9
6
7
4
7
8
13
12
2
10
6
12
9
8
13
11
8
9
10
17
6
13
12
5
8
8
12
8
8
16
8
7
7
14
12
10
25
10
13
10
9
16
10
15
10
6
8
10
10
7
9
23
11
14
12
13
11
8
13
6
15
11
6
9
22
12
15
7
13
11
12
11
12
5
9
9
13
9
8
9
5
13
12
7
11
14
8
4
13
7
5
3
11
6
9
9
11
9
8
9
12
8
10
13
13
15
14
9
13
10
7
11
11
9
9
8
7
5
9
7
6
9
10
15
4
13
9
8
12
8
9
10
6
11
14
15
16
14
12
15
11
9
6
6
5
10
7
8
4
11
8
9
10
6
11
8
3
13
5
6
7
14
15
9
21
20
13
20
6
10
14
15
15
16
12
8
14
7
4
3
17
5
4
7
7
5
5
9
7
12
5
5
7
6
8
17
5
10
16
4
9
6
5
5
12
4
10
10
7
6
10
7
10
13
9
12
8
6
6
8
6
10
9
9
7
6
5
6
9
10
5
8
10
3
7
7
6
8
7
10
15
7
5
11
6
11
5
5
9
8
11
12
2
5
15
12
6
8
8
11
14
12
8
6
6
16
8
15
13
10
9
12
13
14
9
7
5
6
8
9
11
5
9
7
9
8
6
8
6
7
6
12
8
8
7
11
8
8
10
10
11
7
8
11
8
9
6
2
11
10
8
9
7
5
10
6
5
8
8
9
5
9
9
2
7
3
10
9
6
9
10
6
5
5
6
16
9
17
9
6
4
11
8
7
9
6
6
10
9
8
10
10
8
6
10
2
5
6
17
5
7
6
11
6
11
4
6
10
8
9
16
15
11
13
17
26
19
14
11
9
11
7
10
6
7
9
4
7
10
7
6
11
8
11
10
12
7
6
11
5
9
6
5
13
11
9
9
11
9
13
9
7
7
12
6
9
8
9
6
8
13
10
7
9
12
7
12
9
7
10
11
4
5
10
9
14
6
8
12
3
7
13
5
5
5
9
8
9
7
7
9
6
10
7
7
6
5
8
9
15
7
5
12
5
7
11
8
12
15
9
15
14
17
16
10
10
7
11
10
7
6
9
8
13
7
7
7
6
13
6
8
6
6
4
9
11
9
9
21
8
9
10
4
8
9
12
12
8
11
9
12
9
4
12
6
6
9
9
3
9
10
5
7
7
11
11
11
3
15
11
6
9
5
2
9
7
9
18
8
12
13
18
19
21
16
9
12
8
6
6
8
3
15
7
5
6
5
7
9
4
10
4
11
10
5
10
12
3
4
8
8
11
11
7
6
8
13
12
5
6
10
8
5
18
22
11
13
10
13
10
3
11
5
9
7
12
5
9
10
10
6
4
9
5
9
9
8
8
11
9
6
10
7
7
8
8
6
9
6
8
7
10
6
8
11
5
12
10
6
3
12
7
6
6
10
9
12
3
10
5
10
12
7
14
4
10
5
4
7
10
11
3
7
4
2
10
11
9
5
5
2
3
5
9
5
9
1
8
8
10
6
10
6
9
9
7
9
7
5
10
7
8
5
10
8
3
3
7
5
7
8
14
7
6
10
10
3
9
8
8
8
6
9
7
2
12
9
10
6
17
22
16
26
23
20
20
16
11
4
7
6
5
7
7
4
9
9
3
10
7
3
11
8
6
6
9
2
4
3
2
10
4
7
10
7
6
10
4
7
8
14
21
7
8
9
6
13
11
10
8
7
6
9
7
4
6
9
4
8
8
9
9
10
4
6
9
8
8
9
7
8
10
10
13
8
10
9
6
6
8
5
6
5
6
10
8
4
5
16
12
16
21
11
14
18
6
6
17
12
4
5
9
11
11
9
8
10
9
4
9
13
6
15
16
17
13
22
18
16
10
10
8
7
8
10
9
9
3
8
10
8
5
8
8
9
2
7
6
4
9
8
10
6
5
8
6
8
8
9
8
5
2
9
6
4
9
9
9
7
10
8
5
6
9
9
8
9
15
16
2
9
11
9
12
7
11
8
12
8
11
13
6
5
9
11
10
9
10
9
11
8
3
5
4
10
7
4
5
9
15
10
10
5
6
9
9
6
9
7
9
10
5
7
6
9
8
8
9
8
12
14
6
13
10
17
18
26
30
26
24
27
16
17
20
6
10
13
8
8
7
6
7
10
4
3
12
6
7
3
7
9
5
8
13
5
7
4
9
9
9
10
4
6
14
10
9
5
12
10
10
10
9
11
9
7
15
11
8
11
10
9
9
8
9
10
7
7
5
10
5
10
4
5
9
11
8
8
11
8
6
11
11
10
13
5
13
6
11
8
4
8
7
12
7
11
5
5
6
7
6
7
6
8
3
11
5
6
10
8
3
7
5
5
9
10
8
5
8
4
3
7
3
7
7
7
7
8
7
5
7
7
10
8
11
3
3
7
6
4
7
3
6
4
6
10
8
12
7
9
6
4
3
12
7
6
6
8
11
13
9
9
4
7
3
8
9
7
8
10
6
5
9
14
4
8
12
11
9
8
7
10
8
7
8
6
2
10
9
8
4
10
9
4
8
9
11
5
5
12
9
4
9
14
2
7
4
7
7
12
5
7
7
4
3
4
5
10
8
10
11
7
13
5
9
3
9
8
6
5
8
5
8
5
6
7
7
7
11
14
10
8
6
9
13
9
12
13
5
10
3
4
8
14
14
14
11
16
7
5
13
7
8
9
5
7
10
3
9
8
6
4
7
7
12
6
4
6
9
11
5
8
4
4
4
4
6
7
8
9
12
10
8
9
11
3
8
6
5
4
5
4
8
7
9
7
8
8
9
11
6
11
9
6
8
6
7
13
11
9
6
9
5
5
8
7
5
8
10
6
3
9
4
7
6
8
4
11
12
11
7
9
14
16
9
8
11
8
9
8
10
7
3
9
7
10
5
8
8
6
12
8
13
6
6
3
7
6
13
4
11
6
11
11
5
3
5
12
7
7
5
13
12
13
24
18
19
21
9
16
14
10
12
6
11
11
10
5
7
5
5
11
8
15
8
7
5
12
10
9
5
8
5
8
9
4
10
3
6
2
4
12
12
6
6
9
15
10
17
22
14
16
8
9
18
7
13
9
3
5
10
9
8
9
8
4
9
8
11
5
5
4
11
3
7
9
8
3
8
4
9
5
7
11
6
1
8
12
11
12
6
8
10
7
5
11
11
2
4
8
8
11
6
10
5
6
6
7
5
6
3
4
9
5
10
12
8
5
4
3
14
7
9
13
6
4
14
4
5
9
7
7
7
6
6
7
5
6
6
13
8
7
8
7
3
6
6
4
6
7
4
7
7
8
4
5
11
6
6
8
9
4
5
8
8
15
8
10
7
8
12
14
10
14
22
26
15
17
9
11
2
8
6
5
8
12
4
10
9
9
7
11
3
9
6
4
6
0
4
6
11
8
10
9
3
5
6
6
5
12
7
9
4
7
9
9
7
6
8
13
7
9
6
6
8
4
6
6
9
3
6
5
7
7
7
7
3
10
9
7
4
4
8
5
10
4
10
5
6
4
9
14
3
10
10
8
6
12
7
5
7
9
5
4
8
5
8
7
8
5
7
11
7
6
7
10
6
3
9
9
7
10
6
12
25
19
24
21
25
22
26
20
11
15
10
10
5
6
7
6
7
5
6
6
7
3
11
8
11
4
10
7
4
5
9
7
3
10
8
8
2
6
2
3
10
12
8
5
5
3
11
3
5
5
5
6
4
5
5
8
9
8
9
7
6
7
7
7
2
6
9
7
10
6
10
10
11
15
11
15
16
9
10
12
9
10
11
8
10
11
9
12
5
4
12
13
9
10
13
4
12
11
9
9
7
12
9
4
9
10
7
7
13
6
9
10
7
10
6
2
4
8
20
9
21
17
18
21
11
18
6
6
14
10
6
5
7
4
5
7
6
5
9
6
4
6
8
8
6
9
4
4
12
8
12
11
13
16
12
7
8
6
6
7
6
7
8
9
5
14
6
17
2
10
11
11
6
7
7
8
6
4
7
3
6
6
4
9
6
9
10
12
10
12
11
12
8
4
12
9
4
4
3
4
6
1
4
9
3
9
4
5
7
11
7
9
10
4
5
5
5
11
7
10
16
6
4
9
11
8
6
1
0
7
9
4
8
5
6
10
6
7
6
2
7
5
6
10
2
4
6
10
9
3
5
2
4
11
8
5
8
13
2
4
3
4
8
4
4
5
3
9
11
7
4
6
9
8
6
7
9
7
5
4
7
8
8
4
8
4
2
10
4
5
1
5
6
6
5
5
5
6
3
6
8
7
8
9
7
7
5
3
5
6
5
7
11
2
4
1
6
2
6
4
7
3
7
5
5
7
5
4
7
11
4
4
9
8
9
3
8
7
11
7
7
2
4
5
6
6
13
11
16
7
14
9
13
7
4
8
10
11
9
4
6
9
9
13
10
12
18
15
18
6
12
11
7
7
4
5
9
9
8
6
5
3
4
7
7
3
4
5
4
6
8
1
3
5
7
7
7
7
6
9
2
8
5
2
11
3
7
8
5
7
3
4
3
8
9
10
9
15
7
10
7
7
9
9
4
6
4
3
6
3
4
5
5
4
5
8
4
8
3
7
7
6
4
5
4
2
3
6
14
14
7
7
14
14
12
7
3
7
7
4
4
9
3
4
6
6
5
5
5
4
4
6
6
5
3
3
8
5
9
5
5
6
0
3
8
6
5
9
13
9
15
13
23
26
22
17
25
15
12
13
8
10
3
2
7
6
5
7
3
2
3
5
4
8
6
9
7
6
7
6
5
4
7
5
5
6
8
6
3
10
9
3
8
11
11
15
16
20
18
10
18
14
13
9
11
8
8
6
11
3
2
6
2
7
5
5
5
3
5
2
10
7
6
2
6
4
7
8
8
5
2
5
4
4
5
3
1
7
4
3
2
8
1
2
5
8
4
5
7
4
7
4
6
4
7
5
4
1
5
4
6
3
2
9
8
10
6
4
7
6
9
1
0
3
6
3
3
5
6
6
1
6
3
4
5
3
8
3
5
4
6
3
4
5
3
3
1
4
3
6
6
10
4
15
7
3
3
4
6
8
2
4
7
6
8
5
10
11
11
18
17
21
26
18
22
14
8
9
6
4
9
9
4
4
2
5
11
10
8
5
3
4
6
2
4
6
2
6
6
9
12
9
7
6
5
2
2
4
6
1
3
3
3
6
7
11
9
13
9
8
2
6
7
5
3
6
6
6
4
4
9
4
7
6
6
2
6
6
10
4
4
5
6
6
6
4
7
7
6
7
6
4
1
9
7
4
8
7
5
6
6
4
4
5
0
3
2
2
6
6
4
5
2
5
2
5
3
2
2
4
5
4
5
7
5
9
2
2
5
7
6
4
2
4
8
6
4
6
3
4
2
4
3
2
6
7
7
2
8
4
6
7
5
4
3
6
4
3
4
5
7
2
5
4
4
4
4
3
4
3
3
5
3
3
3
1
4
5
5
4
3
5
5
6
5
5
3
3
5
7
3
5
5
3
4
5
3
4
5
6
7
6
7
12
20
18
23
17
17
15
8
6
6
6
4
3
4
10
4
4
6
7
2
2
1
8
1
7
2
4
2
7
5
2
4
4
7
8
7
9
12
16
11
11
10
12
7
12
4
1
6
3
2
5
4
5
10
5
4
2
4
2
3
3
1
3
4
1
0
2
2
3
1
3
4
3
5
4
4
4
4
5
11
2
10
4
12
12
9
7
12
5
4
5
2
1
6
3
1
2
2
3
3
5
3
5
5
4
6
5
4
2
7
1
5
6
5
1
5
1
9
7
5
8
2
6
2
1
5
6
6
5
1
4
2
2
1
6
5
8
1
7
6
11
10
10
10
8
11
7
1
10
6
2
5
3
3
2
3
4
4
8
4
6
3
2
7
5
5
3
4
3
3
4
6
1
0
1
1
3
4
8
4
5
5
2
5
5
4
3
7
0
4
8
2
5
3
4
4
0
4
6
3
4
6
1
3
1
3
2
2
3
5
4
5
6
7
0
1
2
4
2
1
5
2
7
5
2
3
4
2
5
4
2
4
3
2
5
2
1
6
2
4
3
1
6
5
4
1
6
4
2
5
3
4
7
2
3
2
2
5
4
5
5
4
2
3
3
3
3
3
0
3
4
6
0
4
2
4
7
5
0
6
5
6
8
9
11
16
24
15
13
13
6
6
6
1
1
4
5
7
3
3
7
3
5
1
2
3
1
3
1
4
4
6
4
1
6
4
8
3
9
0
3
4
1
3
5
1
0
1
4
3
5
0
9
6
11
11
5
11
4
13
6
4
5
6
2
5
6
2
1
4
4
3
1
3
5
1
1
5
5
8
4
4
6
3
6
3
14
7
12
12
11
14
10
7
10
13
4
0
4
3
4
2
4
1
1
4
3
2
4
1
5
6
3
6
2
1
4
2
1
3
3
5
4
1
5
5
3
9
5
5
5
2
2
4
3
3
3
4
4
4
4
4
5
1
2
5
2
3
2
3
2
4
7
2
3
4
4
5
3
2
0
1
5
1
2
1
4
3
3
5
4
3
3
4
6
5
10
3
11
7
14
14
9
8
6
7
1
4
2
5
5
2
2
6
2
3
3
3
2
5
5
2
2
2
3
5
4
4
2
3
3
5
2
3
3
2
1
1
5
1
5
4
3
5
0
4
6
1
4
3
3
5
4
2
4
4
6
7
3
2
1
2
2
6
4
5
5
2
7
0
1
2
3
2
3
1
3
4
6
4
4
2
0
2
5
5
4
5
2
5
8
2
2
0
6
3
8
0
4
2
2
4
1
0
4
2
3
2
7
2
1
1
3
2
1
3
2
2
6
0
4
1
5
1
5
2
2
1
4
1
5
1
1
4
6
5
7
10
6
11
5
3
6
6
6
10
5
5
7
13
7
7
4
5
2
3
3
1
4
6
7
5
3
8
5
9
9
6
8
10
4
2
3
7
3
4
5
4
2
3
5
4
2
3
3
4
1
3
1
6
1
3
4
4
4
0
1
2
4
2
1
6
2
3
4
4
1
4
3
0
1
2
6
6
2
0
4
1
1
2
3
5
5
3
1
2
0
2
2
3
1
3
2
2
0
9
2
2
2
5
3
1
1
1
3
5
3
7
4
5
4
6
0
2
1
1
6
5
0
2
2
3
0
2
1
2
3
0
0
1
3
5
4
8
1
2
4
1
3
0
3
3
2
1
1
2
1
2
1
1
0
6
3
1
2
0
3
1
4
5
5
3
4
6
0
3
1
6
2
3
5
6
4
7
13
10
11
5
3
2
3
4
3
7
1
6
0
1
2
3
4
3
2
2
3
5
6
1
4
0
2
5
0
3
3
3
2
1
1
0
4
1
2
4
1
4
2
5
4
3
6
2
7
3
2
6
3
4
2
4
4
4
0
8
3
2
2
2
1
0
2
2
4
1
5
0
2
3
0
0
3
3
3
2
0
3
2
2
4
2
6
1
2
3
3
4
2
7
3
2
2
5
2
3
6
3
3
3
2
5
8
2
1
3
3
5
4
2
0
1
4
1
3
2
2
2
3
1
2
2
3
3
2
3
2
4
5
7
9
2
10
13
12
10
12
10
11
8
7
6
4
4
8
1
0
5
7
7
4
3
4
4
3
3
3
3
2
2
2
3
1
5
3
2
4
1
2
1
3
3
3
3
1
1
2
3
3
5
2
2
0
3
0
4
3
3
1
0
5
3
4
3
3
4
3
2
4
1
4
2
0
2
3
3
0
2
2
2
4
4
1
6
3
4
2
2
1
3
3
2
0
1
0
2
6
1
4
4
0
4
2
2
0
4
0
1
3
4
1
2
4
3
4
1
3
4
1
2
2
2
2
2
2
3
5
1
4
3
4
0
4
1
7
1
4
3
4
2
1
2
4
2
0
1
0
0
2
2
5
4
3
1
3
3
2
2
0
2
0
3
2
2
2
0
0
2
3
2
3
2
2
3
3
3
0
1
1
7
1
5
1
2
1
4
0
2
1
3
5
2
4
2
1
1
3
3
4
0
0
6
3
4
3
3
5
3
2
2
5
4
4
1
1
5
3
0
4
5
2
5
0
3
8
7
4
3
6
2
2
3
2
0
0
3
1
1
1
4
3
5
4
5
0
5
2
3
5
4
3
4
2
3
2
4
5
0
0
1
3
2
5
4
2
4
3
0
2
0
2
4
2
1
6
0
6
5
1
2
1
0
4
3
3
0
3
0
4
3
3
1
1
5
5
3
2
2
3
2
0
1
3
1
3
3
2
2
2
5
4
1
3
1
1
3
4
2
3
4
9
6
12
10
14
10
12
13
10
7
2
2
3
1
2
1
8
5
5
3
3
2
4
2
0
2
0
4
4
3
2
1
1
3
2
1
1
5
4
2
4
1
1
4
2
3
5
1
0
4
4
1
2
0
2
2
3
0
4
2
3
1
2
2
1
2
1
1
1
4
0
5
2
4
2
2
2
7
0
1
3
1
0
0
2
2
0
3
1
3
5
0
7
1
1
3
1
3
3
4
3
2
4
1
0
1
1
6
1
4
3
3
4
6
3
3
2
2
3
2
0
1
1
3
1
4
3
1
3
1
0
5
2
2
2
3
1
4
3
3
0
3
3
1
1
2
4
9
5
4
8
8
10
12
11
8
4
2
3
6
3
2
2
5
4
0
1
8
4
2
1
2
4
3
1
1
1
7
2
1
3
3
1
3
5
3
2
3
3
3
1
3
2
2
3
4
3
3
1
1
4
5
1
2
3
0
0
1
2
2
2
1
0
1
4
2
3
0
1
3
1
3
5
7
1
1
3
1
2
3
2
2
3
1
3
1
2
1
2
5
2
3
7
6
3
1
5
1
2
5
4
9
3
6
4
6
5
4
0
6
3
5
1
2
2
1
3
1
4
1
2
5
0
2
1
3
0
3
1
1
3
2
7
0
1
1
1
1
3
2
4
3
0
0
4
2
1
1
1
4
2
4
1
0
2
2
5
3
2
0
1
2
2
1
2
2
3
3
3
6
4
0
4
5
3
1
2
0
3
1
2
2
2
1
0
3
0
0
3
2
3
3
0
3
3
3
5
2
3
4
5
1
4
2
5
1
3
0
1
0
2
2
3
0
0
5
2
3
4
2
0
0
2
2
5
0
1
3
2
1
1
4
2
4
1
6
2
3
7
2
2
3
0
3
1
1
3
0
1
3
0
2
3
1
1
0
0
2
3
2
2
1
2
3
0
3
1
1
3
2
6
1
1
4
2
3
1
1
2
2
1
1
6
3
4
9
4
5
10
6
8
7
8
2
2
3
4
6
2
4
4
2
2
8
8
7
6
4
13
7
6
14
5
5
6
7
7
6
4
3
2
4
5
3
1
1
5
1
4
2
1
0
4
2
3
3
4
5
1
1
2
2
0
2
3
2
3
1
3
1
4
3
1
2
3
3
2
1
2
1
2
3
1
2
2
2
5
0
3
1
1
3
1
3
2
3
2
4
4
1
2
0
1
2
3
0
7
2
2
2
0
6
1
2
2
4
4
3
2
4
5
0
3
2
5
4
2
3
2
2
3
3
7
2
2
2
2
2
1
3
6
1
1
1
3
1
4
7
5
3
6
3
6
3
3
5
1
2
0
2
3
0
1
0
3
2
1
5
2
4
2
3
4
3
3
4
2
3
0
3
2
5
5
2
2
2
1
4
2
4
4
3
1
1
3
1
2
2
0
6
1
2
3
0
2
1
0
0
5
6
3
2
1
2
3
5
7
5
4
9
4
10
5
3
5
3
3
1
1
1
2
2
0
3
4
0
1
1
3
4
1
6
6
2
5
2
1
3
10
4
10
5
6
4
2
1
2
0
6
3
2
0
2
3
2
1
5
3
1
1
1
2
4
1
3
4
2
9
10
5
8
7
2
6
3
6
4
5
3
2
4
1
2
2
2
2
4
4
1
2
1
0
1
2
4
1
1
0
6
2
2
0
3
1
3
3
2
1
9
3
0
3
3
2
1
1
2
2
1
4
1
1
3
4
1
1
2
1
3
0
2
2
2
7
3
3
1
3
4
3
3
6
3
4
4
2
0
4
2
3
1
1
2
3
2
2
5
2
3
1
4
4
2
2
2
0
1
4
4
7
4
2
1
4
3
3
1
3
2
1
2
0
2
4
4
2
3
0
5
3
1
2
4
0
4
2
6
2
1
2
1
3
2
1
5
4
3
1
3
2
1
2
4
4
1
3
2
4
4
5
3
1
5
2
2
4
3
4
8
3
3
1
5
0
5
4
4
4
3
2
6
8
3
3
7
9
4
1
7
7
2
2
3
3
2
0
0
2
2
3
3
4
2
1
1
1
1
1
5
2
1
1
3
1
3
3
4
1
1
2
4
3
4
2
2
1
3
3
3
0
0
6
3
3
4
3
3
4
3
2
0
1
2
2
2
1
1
2
3
0
2
1
2
2
2
3
4
2
2
5
1
5
2
1
6
2
2
4
1
2
3
1
2
2
3
2
3
1
1
2
2
2
2
4
2
0
3
4
3
3
0
4
2
2
2
4
5
9
4
1
7
2
2
2
6
0
2
0
5
1
2
3
2
2
1
6
2
3
1
0
3
5
6
3
7
7
4
7
3
10
7
4
1
1
3
2
2
2
2
3
0
2
3
2
3
0
3
2
4
2
2
0
1
0
1
3
3
3
1
2
3
1
2
2
4
1
4
2
0
4
5
6
2
1
1
3
2
2
5
2
1
3
0
0
2
1
4
1
1
2
0
2
2
1
3
0
0
1
3
3
0
0
2
2
0
0
2
1
5
1
0
1
1
0
3
3
2
2
4
3
3
2
2
2
0
1
4
1
0
3
5
1
0
2
2
2
0
1
2
1
2
1
3
2
6
2
2
0
3
2
2
3
3
3
1
1
3
2
2
1
2
1
2
2
0
2
1
1
0
0
1
2
0
0
1
1
1
0
1
0
3
1
1
1
0
2
3
0
2
3
4
0
1
0
1
1
1
2
0
0
2
5
5
2
3
5
3
3
9
11
10
14
4
6
4
3
8
3
3
1
2
2
4
3
2
4
3
3
5
5
7
4
8
15
10
11
13
4
8
2
2
2
1
2
4
1
2
0
0
6
1
3
1
2
1
5
2
1
1
0
3
5
1
2
2
1
0
4
3
2
0
0
2
1
2
3
0
0
2
0
3
2
3
3
1
2
1
4
2
2
2
1
4
3
2
1
0
3
0
1
2
1
1
1
1
0
3
0
1
0
4
0
2
1
1
1
2
2
0
2
1
1
1
4
0
0
1
1
0
2
1
1
3
1
2
1
4
0
2
0
3
4
3
1
3
1
3
2
2
2
3
4
5
2
1
3
0
6
1
2
2
3
1
0
4
0
4
0
3
0
1
1
0
2
1
2
2
1
1
3
2
2
0
0
1
2
0
0
2
1
2
0
2
0
3
1
1
5
0
2
1
3
3
5
0
1
4
0
4
1
3
1
3
3
3
2
7
7
6
5
7
8
6
1
6
2
4
1
3
1
4
2
3
1
3
1
1
0
2
1
0
5
2
3
1
6
3
3
2
8
6
5
5
4
3
7
5
6
1
0
3
1
1
3
1
4
2
4
1
0
1
1
2
2
1
2
3
5
4
3
9
3
4
6
2
2
1
1
1
1
1
3
2
0
0
1
4
0
4
3
3
3
4
1
1
0
2
1
0
2
1
2
0
0
1
1
4
4
1
1
0
2
1
4
2
1
1
1
1
0
1
1
0
3
3
2
2
0
0
2
0
1
0
3
3
1
1
0
3
2
0
1
3
1
2
2
3
2
2
2
1
4
3
2
3
2
1
0
2
1
0
1
2
0
1
4
0
0
1
2
0
1
3
1
2
6
5
2
2
4
1
1
1
1
1
1
5
1
2
2
2
0
0
2
1
0
1
1
0
0
0
1
0
1
1
3
2
1
1
1
1
2
2
0
2
2
1
3
2
0
1
0
1
2
1
1
0
0
2
0
1
3
2
0
2
0
2
3
4
2
2
3
2
6
5
2
4
6
3
0
4
3
2
0
0
2
0
2
1
1
1
2
2
0
3
2
3
2
2
1
1
0
1
1
1
0
2
0
0
2
2
3
1
2
2
0
0
0
3
1
2
1
1
1
1
2
5
0
3
2
1
2
1
1
1
4
0
1
3
2
1
0
0
4
1
0
2
1
3
3
2
1
1
0
3
1
1
5
2
3
0
2
2
0
1
3
2
0
0
0
0
0
0
1
4
0
0
0
1
1
3
2
0
1
1
0
1
0
0
2
0
2
0
4
1
0
2
1
1
0
1
0
1
4
1
1
1
0
0
0
0
0
2
1
1
0
1
0
0
0
0
1
2
1
4
2
0
1
4
2
0
0
1
1
1
3
1
1
3
1
0
1
1
0
0
2
2
1
1
0
1
1
0
3
0
0
0
0
0
0
1
2
1
0
0
1
3
2
1
0
3
2
1
0
1
2
3
0
2
1
0
0
2
0
1
2
1
1
2
0
1
0
3
1
3
0
0
1
2
1
1
1
2
0
0
1
4
1
0
4
2
2
0
2
0
3
0
1
0
2
0
0
1
0
2
0
3
0
1
1
0
0
0
1
0
0
1
0
0
2
1
1
0
0
1
2
0
1
1
0
0
2
0
0
3
2
0
0
2
0
0
0
0
1
1
0
0
1
0
1
2
1
1
0
0
0
2
2
1
3
0
1
2
0
0
0
0
3
0
2
0
0
3
0
1
0
2
2
3
4
5
5
7
8
10
12
5
8
3
2
2
0
0
0
2
2
1
1
0
0
2
5
7
7
5
7
4
3
5
6
3
5
3
2
1
2
1
2
0
2
1
1
0
1
1
0
1
0
0
1
2
2
1
1
1
1
2
1
0
2
0
0
2
0
0
0
0
1
0
0
1
0
0
0
0
1
0
1
0
1
0
0
0
1
0
0
2
0
0
2
1
0
0
0
2
1
0
0
1
0
1
1
0
0
0
2
2
0
0
0
1
0
1
0
2
0
0
1
0
1
1
1
0
1
0
0
0
0
1
1
2
0
0
0
0
0
0
1
0
1
1
1
0
2
3
3
2
1
0
0
0
0
0
0
0
2
0
0
0
1
0
0
0
0
1
0
2
0
1
0
0
0
1
0
1
0
0
1
0
1
0
1
0
0
0
0
0
0
1
0
0
0
1
0
1
0
1
0
1
0
0
3
3
1
1
1
2
4
5
5
6
12
7
8
6
3
2
6
0
0
0
0
0
0
0
0
0
0
1
2
1
1
0
2
1
1
1
0
1
0
0
4
0
2
2
2
3
1
4
3
3
0
2
1
1
2
1
0
3
0
1
1
0
0
0
0
1
0
1
2
1
0
0
0
0
0
6
0
0
0
1
1
0
1
2
0
0
0
0
0
0
1
0
1
0
1
0
1
0
0
1
1
1
1
1
1
0
1
0
0
0
1
0
2
0
0
0
3
0
3
1
0
0
0
1
0
0
0
1
0
0
0
0
0
3
1
1
1
1
0
0
0
1
2
0
0
1
1
3
0
2
2
0
1
2
0
0
0
0
0
0
0
0
0
1
0
0
1
1
0
0
0
0
0
0
0
0
0
0
0
0
0
2
0
0
0
0
0
1
1
2
0
0
0
1
1
0
1
1
1
0
0
0
0
1
0
0
1
0
0
0
1
1
0
0
0
0
1
0
0
0
1
0
0
0
0
1
2
0
1
0
0
2
0
0
0
2
0
0
1
0
0
0
0
1
0
0
1
0
0
0
0
1
0
0
1
0
2
1
1
1
0
0
1
0
1
0
1
0
1
1
2
0
0
0
1
0
0
1
0
1
0
0
0
1
0
0
0
0
0
0
2
2
1
0
0
0
1
0
0
0
0
1
1
0
1
1
0
0
1
0
0
1
0
1
0
1
0
1
0
1
1
0
1
0
0
0
0
1
1
0
0
0
1
0
0
0
0
1
0
2
2
2
0
0
1
0
0
0
0
1
0
2
1
0
0
1
0
0
0
0
0
1
1
0
0
0
0
0
1
0
1
0
2
1
0
0
0
0
1
1
0
2
0
0
0
1
0
0
0
0
0
0
1
1
0
2
2
0
1
0
1
1
0
0
0
0
2
0
0
0
0
0
1
0
1
1
0
0
0
1
1
2
0
0
0
0
1
1
0
0
0
1
0
1
1
0
0
1
0
1
0
0
1
1
0
0
0
0
0
0
0
0
0
0
2
0
0
1
2
0
0
0
2
0
3
2
2
0
1
0
0
0
1
0
0
1
0
2
0
0
0
0
0
2
0
0
0
0
0
1
0
0
2
1
0
0
1
1
0
0
1
0
0
0
0
1
1
2
2
1
2
2
1
0
0
0
0
0
0
0
0
2
0
0
0
0
0
1
0
0
0
1
1
1
0
1
1
1
0
1
1
1
1
0
0
0
0
1
0
0
0
2
2
0
0
1
1
1
0
0
0
1
0
2
0
0
0
0
0
0
0
1
2
0
0
1
1
1
0
1
0
1
0
1
0
0
1
0
1
1
0
0
0
1
0
0
0
1
0
1
0
1
2
1
0
0
0
2
1
0
0
1
0
0
1
0
0
1
1
0
2
0
0
0
1
0
1
0
0
0
2
0
0
1
0
0
0
0
0
0
2
0
0
0
0
0
0
0
0
0
0
0
2
0
0
0
0
1
1
0
0
0
2
1
0
1
0
0
1
0
0
0
0
1
0
0
0
0
0
0
0
0
0
0
0
0
0
0
0
0
0
1
0
0
1
1
1
0
2
1
0
1
0
0
0
0
0
0
1
2
0
0
1
0
0
0
0
0
1
0
0
0
1
1
0
0
0
0
0
0
0
0
0
0
0
2
0
0
0
2
1
0
2
0
0
0
0
0
0
0
0
0
0
0
0
1
1
1
1
0
0
1
0
0
1
1
1
0
0
0
1
0
0
1
1
1
1
1
0
1
0
0
0
1
0
1
0
0
0
0
0
0
1
0
0
0
1
0
0
0
0
0
0
1
0
0
1
0
0
2
1
1
0
0
0
0
2
2
0
1
0
0
0
1
1
1
1
2
2
1
1
0
2
2
0
0
0
0
0
0
0
0
0
0
0
0
0
1
0
0
0
0
0
0
0
0
0
1
0
0
0
0
2
0
0
1
1
0
0
0
0
0
1
0
0
1
1
1
1
0
1
1
0
1
1
0
0
0
0
0
0
0
1
0
0
1
0
0
0
0
0
1
0
0
0
0
0
0
0
0
0
1
0
0
0
0
0
0
1
0
0
2
0
0
0
1
2
1
3
1
1
1
1
0
0
0
1
0
0
0
0
0
0
1
1
0
0
0
1
0
0
0
0
2
0
0
1
0
0
1
0
1
0
2
1
1
3
0
0
0
1
0
1
0
1
0
2
0
0
0
0
0
0
0
0
0
0
0
1
0
0
0
0
0
1
0
0
0
0
0
0
1
0
1
0
1
0
0
0
0
0
1
1
0
0
0
0
0
0
0
1
0
0
0
0
0
0
0
0
1
0
2
0
0
0
2
2
0
0
0
1
0
0
1
1
0
0
1
0
0
1
0
1
0
1
0
0
0
0
0
0
0
0
0
0
1
0
1
0
0
0
0
0
0
0
0
0
0
0
0
0
0
0
0
0
0
1
0
1
1
1
1
0
1
0
0
1
0
0
0
0
3
0
0
1
0
0
0
0
0
0
0
0
1
0
0
0
0
0
0
0
0
0
0
0
0
1
0
0
2
0
1
0
1
0
2
2
0
0
2
0
0
0
1
0
0
0
0
1
1
2
0
0
0
0
0
1
0
0
0
0
0
0
0
0
0
0
0
1
0
0
1
0
1
0
2
0
1
0
0
0
0
0
1
0
1
0
2
0
0
0
2
0
0
0
1
0
1
0
1
0
0
0
0
2
0
0
1
0
0
1
0
1
1
0
0
0
0
2
0
0
0
0
0
2
0
2
0
1
2
0
2
0
2
0
2
3
1
1
0
1
0
0
0
0
1
0
0
0
1
0
0
0
0
0
0
1
1
2
0
0
0
0
0
1
0
2
0
0
0
0
1
0
0
1
0
0
0
0
0
0
0
1
0
0
0
0
0
1
0
0
0
0
1
0
1
0
0
0
0
0
2
1
0
0
1
0
0
0
0
0
0
1
0
0
0
0
0
1
0
0
0
0
0
0
3
0
0
1
1
0
1
2
0
0
0
0
0
0
0
0
0
0
0
0
1
0
0
0
0
0
1
0
0
0
1
0
1
0
1
0
0
0
0
0
1
0
0
0
0
0
0
0
1
0
1
0
0
0
0
1
0
0
0
0
1
0
0
0
0
0
0
0
1
0
0
0
2
0
0
0
1
0
0
0
0
0
0
0
0
0
0
1
1
0
1
0
0
0
1
0
0
0
0
0
1
1
1
0
0
0
1
0
0
0
0
0
0
0
1
0
0
0
0
0
0
0
0
0
0
0
0
0
0
0
0
0
0
0
0
1
0
0
0
1
0
0
0
0
0
2
1
0
0
0
1
0
0
0
0
0
1
0
0
1
0
1
1
0
0
0
0
0
0
0
0
0
0
0
0
1
0
0
0
0
0
0
0
1
0
1
1
0
0
0
0
0
0
1
0
0
0
1
0
0
0
0
0
0
0
1
0
1
0
0
0
1
0
1
1
0
0
0
0
1
1
1
0
3
1
1
0
1
0
0
1
0
0
0
1
0
0
0
0
0
0
2
0
0
1
0
0
0
0
0
1
2
0
0
0
0
0
0
0
0
0
1
0
1
0
0
1
2
0
0
0
0
0
0
0
0
0
0
1
0
1
0
0
0
0
0
0
0
1
0
0
0
0
0
1
0
0
1
0
0
0
1
0
0
0
0
0
0
1
1
0
1
0
2
0
0
0
0
0
0
1
0
0
0
0
0
0
0
0
0
0
0
0
0
0
0
0
0
1
0
0
0
0
0
0
0
0
0
0
1
0
0
1
0
1
0
0
0
0
1
0
1
1
0
0
1
1
1
0
0
1
0
1
2
0
1
1
0
0
0
0
0
0
0
0
1
0
0
1
0
0
0
0
0
0
0
0
0
0
0
0
1
0
0
0
1
0
0
0
0
0
0
0
0
0
0
0
0
0
0
0
0
0
0
0
0
0
0
0
0
1
0
0
0
2
0
0
0
0
0
0
1
0
0
0
0
0
0
0
0
0
0
0
1
0
0
0
0
2
0
0
0
0
0
0
0
1
0
1
0
0
0
1
1
0
0
0
0
0
0
1
0
1
0
0
0
0
0
0
0
0
0
0
0
0
0
0
0
0
0
0
0
0
0
1
0
0
0
0
0
0
0
0
0
1
0
0
0
1
0
0
0
0
0
0
0
0
0
0
0
0
0
0
0
0
0
0
0
0
0
0
0
0
0
2
0
0
2
0
0
0
0
0
0
0
0
0
0
0
1
1
0
0
0
1
1
0
0
1
0
0
0
0
0
0
0
0
1
0
0
0
1
0
0
0
1
0
0
0
0
0
0
0
1
0
0
0
0
0
0
0
0
0
1
0
0
0
0
0
0
0
0
0
0
0
1
0
0
0
0
0
0
1
0
0
0
0
0
0
0
0
0
0
0
0
0
0
0
1
0
0
0
0
0
0
0
0
1
0
0
0
0
0
0
0
0
1
0
0
0
0
0
0
0
0
0
0
0
0
0
0
0
0
0
0
0
0
0
0
0
0
0
0
0
0
1
0
0
0
0
0
0
0
0
0
0
0
0
0
0
0
0
0
0
0
0
0
0
0
0
0
1
1
0
0
0
0
0
0
0
0
0
0
0
1
0
0
1
1
0
0
0
0
0
1
0
0
0
0
0
0
0
0
0
0
1
0
0
0
0
0
0
0
0
0
1
0
0
0
0
1
0
0
0
0
0
0
0
1
0
0
0
0
0
0
0
1
0
0
0
0
0
0
0
0
1
0
0
0
0
0
0
0
0
0
0
1
0
0
1
0
0
0
0
0
0
0
1
0
0
0
0
0
0
0
0
0
0
0
0
1
0
0
0
0
0
0
0
0
0
0
0
0
0
0
0
0
0
0
0
0
0
1
1
1
0
0
0
0
0
1
0
0
1
0
0
0
0
1
1
1
0
0
1
0
0
0
0
0
0
1
0
0
0
0
1
0
0
0
1
1
0
0
0
0
0
0
0
0
0
0
0
0
0
0
0
0
0
0
1
1
0
0
0
0
0
0
0
0
0
1
0
0
0
0
0
0
0
0
0
0
0
1
1
0
0
0
0
1
0
0
0
0
0
0
0
0
0
0
0
0
0
1
0
0
0
0
0
0
0
0
0
0
0
0
0
1
0
0
0
0
0
0
1
0
0
0
0
0
1
0
0
0
0
0
0
0
0
0
0
0
0
0
0
0
0
1
0
0
1
0
1
1
1
1
0
2
1
0
0
1
0
1
0
0
0
0
0
1
1
1
0
0
0
0
0
0
0
0
0
0
1
0
0
0
0
1
0
0
0
0
0
1
0
0
0
0
0
0
0
0
0
0
0
0
0
0
0
0
0
0
0
0
0
0
0
0
0
0
0
0
0
0
0
0
0
0
0
0
0
0
2
0
0
0
0
0
0
0
0
0
0
0
0
0
0
0
1
0
1
1
0
0
0
0
0
0
0
1
0
0
1
1
0
0
0
0
0
0
0
0
0
0
0
1
0
0
0
0
0
0
0
0
0
1
0
0
0
0
0
0
0
0
0
0
0
0
0
0
0
0
0
0
0
0
0
0
0
0
0
0
0
0
0
0
0
2
0
0
0
0
0
0
0
0
0
0
0
1
0
0
1
0
0
0
0
0
0
0
1
1
0
0
0
0
0
0
0
0
0
0
0
0
0
0
0
0
1
0
0
0
0
0
0
0
1
0
0
0
0
1
0
0
0
0
0
0
1
0
0
0
1
0
0
1
0
0
0
0
0
0
0
0
0
0
0
0
2
0
0
0
0
0
0
0
0
0
0
0
0
0
0
2
0
0
0
0
0
0
0
0
0
0
0
0
0
2
0
0
0
1
0
0
0
0
0
0
0
0
0
0
0
1
0
1
0
0
0
1
0
0
0
0
0
0
0
0
0
0
0
0
0
0
0
0
0
0
0
0
0
0
0
0
0
0
0
1
1
0
0
0
0
0
0
0
0
0
0
0
0
1
0
0
0
0
0
1
0
0
0
1
0
0
0
0
0
1
0
0
0
0
0
0
0
0
0
0
0
0
1
0
0
0
0
0
0
0
0
0
1
0
0
0
0
0
0
0
0
1
0
0
0
0
0
0
0
0
0
0
0
0
0
0
0
0
0
0
1
0
0
0
0
0
0
0
0
0
0
0
0
0
2
0
0
0
0
1
0
0
0
0
0
0
0
0
0
0
0
0
1
0
0
1
0
0
0
0
0
0
0
0
0
1
0
0
1
1
1
0
0
1
0
0
0
0
0
0
1
0
0
0
0
0
0
0
0
0
0
0
0
0
0
0
0
0
0
0
0
0
0
0
0
1
0
0
0
0
0
0
0
0
1
0
0
0
0
2
0
0
0
0
0
0
1
0
0
0
0
0
0
0
0
0
0
0
0
0
0
0
0
0
0
0
0
0
0
0
0
0
0
0
0
0
0
0
0
1
0
0
0
0
0
0
0
0
0
0
0
0
0
1
1
0
0
0
0
0
0
0
0
0
0
0
1
0
0
1
0
0
0
0
0
0
1
0
0
0
1
0
1
0
0
0
0
0
0
0
0
0
0
0
0
1
0
0
0
0
0
0
0
1
0
0
0
0
1
0
1
0
0
0
0
0
0
0
0
0
0
0
0
0
0
0
0
0
0
0
0
0
1
0
1
1
1
0
0
0
0
2
0
1
0
0
3
0
0
0
0
0
0
0
0
0
0
0
0
0
0
0
0
0
0
0
0
0
0
0
0
0
0
0
0
0
0
0
0
0
0
0
0
0
0
0
1
1
0
0
0
0
0
0
0
0
0
0
0
0
0
0
0
0
0
0
1
0
0
0
0
0
0
0
0
0
0
0
2
0
0
0
0
1
0
0
1
0
1
0
0
0
0
1
0
0
1
1
0
0
0
0
0
1
0
0
0
0
0
0
0
0
0
0
0
0
0
0
1
0
0
0
0
0
0
0
0
0
1
2
4
3
4
1
2
4
0
1
0
2
0
0
0
0
0
0
1
2
0
0
0
0
0
0
1
0
1
1
0
1
0
0
0
0
0
0
0
0
0
0
0
0
0
0
1
0
0
0
0
1
0
1
0
0
1
0
0
0
1
0
0
0
0
0
0
0
0
0
0
0
1
0
0
0
1
0
1
0
0
0
1
0
0
0
0
1
0
0
0
0
0
0
0
1
0
0
0
1
0
0
0
0
0
0
0
0
0
0
0
0
0
0
0
0
0
0
0
0
0
0
0
0
0
0
0
1
0
0
0
0
0
0
0
0
0
0
0
0
0
1
0
0
0
0
0
0
0
0
0
1
0
0
1
1
1
1
0
0
0
0
0
0
0
0
0
0
2
0
1
0
0
1
0
0
0
0
0
0
2
0
1
0
0
0
1
0
0
0
0
0
0
0
0
0
0
0
0
0
0
0
0
0
0
0
0
0
0
0
1
0
0
0
1
0
0
0
1
1
0
0
0
0
0
0
1
1
0
0
1
0
1
0
0
0
0
0
0
0
0
0
0
0
0
0
0
0
1
0
0
0
0
0
0
0
0
0
0
0
0
0
0
0
0
0
0
0
0
0
1
1
0
0
0
2
1
0
1
1
0
0
0
1
0
0
1
0
0
0
0
0
1
0
0
0
0
1
0
0
0
0
0
0
1
1
0
0
0
0
0
0
0
0
0
0
0
0
0
0
0
0
0
0
0
0
0
0
1
0
0
0
0
0
0
0
0
0
0
0
0
0
0
0
0
0
0
1
1
0
0
0
1
1
0
0
0
0
0
0
0
0
1
0
0
0
1
0
0
2
1
0
0
0
0
0
0
0
0
0
0
0
0
1
0
0
0
1
0
0
0
0
0
1
0
1
1
0
0
0
0
0
0
0
1
0
0
0
0
0
0
0
0
0
0
0
0
0
0
1
0
0
0
0
1
0
0
1
1
0
0
0
0
0
0
1
0
1
0
0
0
0
0
1
0
0
0
0
0
0
0
1
0
0
2
0
0
0
0
0
0
0
1
0
0
0
0
0
0
0
1
0
0
0
0
0
0
0
0
0
0
0
0
0
0
0
0
0
0
0
0
0
0
1
0
1
0
0
0
0
1
0
0
0
0
0
0
0
0
0
0
0
2
0
0
0
0
0
0
0
0
0
0
0
0
1
1
0
0
0
0
0
0
0
0
0
2
0
0
0
0
0
0
0
1
0
0
0
1
0
0
0
0
0
0
0
0
0
0
0
0
0
0
0
0
0
0
0
0
0
1
0
0
0
0
0
0
0
0
0
0
1
0
0
1
0
0
0
0
0
0
0
0
0
0
0
0
1
0
0
0
0
0
0
0
0
0
0
0
0
0
0
0
0
0
0
0
0
0
0
0
0
0
1
0
0
0
0
0
0
1
0
0
0
0
0
0
0
0
0
0
0
0
0
0
0
1
0
0
0
0
0
0
0
1
0
0
0
0
0
0
0
0
0
0
0
1
0
0
0
0
0
0
0
0
0
0
0
2
0
1
0
0
0
0
0
0
0
0
2
0
0
0
0
0
0
0
0
1
0
0
0
1
0
0
0
1
0
0
0
1
0
0
0
0
1
0
0
0
0
0
0
0
0
2
0
0
0
0
0
0
0
0
0
0
0
0
0
0
0
0
0
0
0
0
0
0
0
0
0
0
0
0
0
0
0
0
2
0
0
0
0
0
0
1
0
1
1
2
1
5
4
4
1
3
5
7
2
1
3
1
2
0
0
0
1
0
0
0
0
0
0
0
0
0
0
0
0
1
0
0
0
0
1
0
0
0
0
0
0
0
1
0
0
2
0
0
0
0
0
0
0
0
0
0
1
0
0
0
1
1
0
0
0
0
0
1
0
0
1
0
1
0
0
0
1
0
0
0
0
0
0
0
0
0
0
0
0
0
0
0
0
0
0
0
1
0
0
0
0
0
1
0
0
0
0
0
0
1
2
1
1
0
0
0
0
0
0
1
0
0
0
0
0
0
0
0
0
1
0
0
0
0
0
0
0
0
0
1
0
0
0
0
0
0
0
0
1
0
1
0
0
0
0
0
0
0
0
0
0
0
0
0
0
0
0
0
0
0
0
0
0
0
0
0
0
0
0
0
0
0
0
0
0
1
0
0
0
0
0
0
0
0
0
0
0
0
1
0
0
0
0
0
0
0
0
0
0
1
0
0
0
0
0
0
0
0
0
0
0
0
0
0
0
1
0
0
0
0
0
1
0
0
0
0
0
0
0
0
0
0
0
1
1
1
0
1
0
0
0
0
0
0
1
0
1
0
0
0
0
0
0
0
0
0
0
0
0
0
0
0
0
0
0
1
0
0
0
0
0
0
1
0
0
0
0
0
1
0
0
0
0
0
0
0
0
1
0
0
0
0
1
0
0
0
0
0
0
0
0
0
0
0
0
0
0
0
0
0
0
0
0
0
0
0
1
0
0
0
0
0
0
1
0
0
0
0
0
0
0
0
0
0
0
1
0
0
1
0
0
0
0
0
0
0
0
1
0
0
0
0
0
0
1
0
0
0
1
1
0
1
0
0
0
0
0
0
0
0
0
1
0
1
0
0
1
0
0
0
0
0
0
0
0
0
0
0
0
1
0
0
0
0
1
0
0
0
0
0
1
0
0
0
0
0
1
0
0
0
0
1
0
1
0
0
0
0
0
0
0
0
0
0
0
0
0
0
0
0
0
0
0
1
0
0
0
0
0
0
0
1
0
0
0
1
1
0
0
0
0
0
0
0
0
0
0
0
0
0
0
0
0
0
0
0
0
0
0
0
0
0
0
0
0
0
0
0
0
1
0
0
0
0
0
0
1
0
0
0
0
0
0
0
1
0
0
0
0
0
0
0
0
0
0
0
0
0
0
0
0
0
0
0
0
0
0
0
0
1
0
0
0
0
0
0
0
1
0
0
0
0
0
0
0
0
0
0
0
0
0
0
0
0
0
0
0
0
0
0
0
0
0
0
0
0
0
0
0
0
0
0
0
0
0
0
0
0
0
0
0
0
0
0
0
0
0
0
0
0
1
0
0
0
0
0
0
0
0
0
1
0
0
0
0
0
0
0
0
0
0
0
0
0
0
0
0
0
0
0
0
0
0
0
1
0
0
0
0
0
0
0
0
0
0
0
0
0
0
0
0
0
0
0
0
0
0
0
0
0
0
0
0
1
0
0
0
0
0
0
0
0
1
0
0
0
0
0
0
1
0
0
0
0
0
0
0
0
0
0
0
0
0
0
0
0
0
0
0
0
0
0
0
0
0
1
0
0
0
0
0
0
0
0
0
0
0
0
0
0
0
0
0
0
0
0
0
0
0
0
0
0
0
0
0
0
0
0
0
0
0
0
0
0
0
0
0
0
0
0
0
0
0
0
0
0
0
0
0
0
0
0
0
0
0
0
0
0
1
0
0
0
0
0
0
0
0
1
1
0
1
0
0
0
1
1
1
2
3
0
1
3
2
1
0
0
0
0
$ENER_FIT:
-3.6210 0.661772 0.000000e+000
$MCA_CAL:
3
-3.6210 0.661772 0.000000e+000
$ENDRECORD:
