$SPEC_ID:
None

$MEAS_TIM:
6412.57000 6738.03000
$DATE_MEA:
05/16/2013 11:00:54 AM
$DATA:
0 16383
0
0
0
0
0
0
0
0
0
0
0
0
0
0
0
0
0
0
0
0
0
0
0
0
0
0
0
0
0
0
0
0
0
0
0
0
0
0
0
0
0
0
0
0
0
0
0
0
5
81
229
315
364
376
369
347
241
165
666
2704
4089
4010
4000
3965
3988
4014
4041
4031
4000
4079
4167
4026
4167
3971
4081
4157
4127
4361
4308
4391
4465
4202
4237
4422
4458
4426
4459
4552
4665
4694
4626
4748
4819
4829
4833
4936
4895
5095
5204
5208
5306
5345
5452
5376
5594
5585
5465
5594
5920
6192
6676
6704
7016
7561
8152
7672
6798
6966
7017
6654
6614
6775
6747
6450
6228
6148
6150
6227
6412
6679
6832
6876
6953
6806
7023
7093
6856
6778
6702
6805
6717
6541
6503
6428
6227
6118
6210
6331
6243
6310
6353
6267
6353
6434
6343
6444
6296
6391
6342
6253
6375
6536
6417
6436
6536
6525
6443
6489
6347
6426
6376
6405
6451
6372
6354
6333
6410
6243
6431
6287
6338
6083
6365
6340
6220
6295
6264
6216
6475
6411
6729
7403
7621
7372
6642
6359
6108
6185
6247
6183
6167
6133
6114
6094
6179
6004
6058
6138
5974
6081
6097
6034
6045
6014
6097
6021
6219
6026
5970
5879
5968
6048
6001
6097
5883
5898
5963
5768
5868
5787
5862
5866
5785
5709
5767
5785
5770
5849
5889
5708
5783
5796
5720
5723
5782
5740
5724
5759
5751
5612
5716
5729
5783
5718
5616
5653
5752
5663
5689
5558
5729
5772
5670
5879
5868
5725
5926
6113
6197
5975
5821
5789
5757
5795
5791
5760
5755
5878
5812
5818
5908
5816
5888
5620
5755
5846
5670
5640
5645
5974
6501
7505
7727
7347
6308
5762
5591
5618
5618
5561
5452
5490
5407
5497
5489
5429
5463
5380
5540
5319
5292
5226
5221
5316
5407
5229
5313
5315
5402
5783
6037
5995
5533
5316
5091
5164
4976
5087
5060
5017
5113
5189
5016
5103
5083
5086
4945
4821
4975
4981
4991
4931
5021
4932
4857
4885
4835
4975
4886
4815
4867
4762
4618
4804
4755
4792
4694
4875
4668
4766
4665
4739
4744
4819
4819
4780
4730
4702
4764
4850
4863
5229
5145
5079
4794
4659
4729
4755
4680
4837
4732
4556
4635
4694
4701
4658
4519
4385
4515
4465
4612
4507
4581
4647
4589
4525
4585
4591
4585
4617
4572
4639
4525
4597
4624
4549
4646
4753
4801
4808
4809
4804
4725
4929
4815
4720
4772
4680
4624
4459
4500
4486
4412
4465
4454
4344
4237
4221
4369
4285
4262
4329
4312
4284
4220
4203
4185
4209
4332
4156
4300
4197
4268
4208
4248
4121
4185
4205
4207
4383
4238
4348
4172
4081
4290
4245
4130
4226
4246
4144
4060
4127
4124
4195
4117
4109
4170
4281
4128
4101
4248
4012
4177
4204
4211
3937
4192
4082
4272
4299
4338
4187
4250
4293
4114
4156
4031
4145
4297
4140
4186
4120
4052
3996
3942
4017
4035
3939
4019
3885
3902
3939
3811
3646
3727
3690
3645
3608
3507
3571
3481
3340
3408
3307
3346
3292
3248
3132
3148
3039
3034
2984
3127
2938
3039
2993
2992
2949
2900
2924
2895
2897
2950
2740
2843
2854
2974
2837
2786
2928
3327
4230
5052
5204
4236
3310
2889
2787
2650
2666
2643
2662
2747
2840
3175
3585
3382
3017
2611
2568
2468
2484
2454
2449
2509
2421
2396
2441
2442
2390
2741
3641
4926
5464
4705
3487
2632
2310
2238
2327
2202
2257
2269
2305
2158
2273
2129
2071
2164
2189
2253
1991
2194
2220
2244
2432
2804
2753
2593
2317
2270
2174
2195
2251
2149
2279
2241
2275
2245
2227
2144
2201
2238
2285
2259
2190
2230
2188
2230
2271
2281
2286
2262
2330
2295
2260
2245
2271
2260
2274
2379
2279
2247
2344
2483
2478
2306
2358
2423
2320
2376
2308
2303
2415
2321
2277
2334
2393
2288
2251
2274
2362
2426
2393
2332
2231
2359
2328
2327
2288
2361
2231
2307
2273
2243
2156
2200
2390
2383
2320
2448
2435
2368
2214
2231
2248
2226
2205
2205
2215
2182
2153
2173
2133
2224
2120
2145
2034
2205
2130
2128
2106
2010
2149
2113
2104
2061
2078
2106
2075
2025
2134
1963
1998
1983
2088
2030
2000
2073
2069
2143
2175
2181
2202
2296
2780
3221
3228
2861
2294
2158
2031
1984
1989
1985
2078
2041
1971
2007
2071
2087
2020
2216
2040
2039
2050
2035
2140
2018
2037
2155
2084
2096
2142
2011
2096
2096
2107
2036
2104
2135
2111
2129
2149
2184
2068
2107
2109
2150
2129
2198
2181
2363
2297
2526
2946
4367
7504
12048
16973
21267
24475
26294
26947
27509
27398
27783
28155
27774
27971
27587
27446
27191
27288
26976
26720
26330
25150
23620
21026
16909
12543
7730
4243
2317
1568
1252
1286
1259
1218
1296
1258
1219
1264
1275
1234
1233
1217
1210
1215
1270
1203
1149
1237
1232
1242
1207
1191
1299
1273
1254
1212
1212
1333
1333
1398
1459
1428
1400
1495
1893
2678
3749
4918
5933
6178
5381
4257
2994
2068
1540
1596
1677
2358
3223
3328
2780
1920
1466
1305
1281
1201
1182
1141
1175
1176
1094
1077
1158
1190
1131
1099
1167
1116
1126
1178
1095
1083
1135
1118
1133
1117
1101
1111
1105
1078
1179
1091
1082
1164
1094
1195
1192
1149
1112
1084
1096
1097
1090
1125
1106
1177
1053
1068
1032
1100
1145
1110
1114
1116
1086
1128
1063
1091
1168
1100
1114
1162
1154
1073
1099
1072
1106
1165
1157
1106
1049
1109
1151
1076
1130
1104
1141
1126
1073
1072
1142
1088
1174
1098
1139
1247
1200
1168
1192
1179
1161
1134
1210
1194
1107
1100
1118
1049
1117
1086
1157
1128
1134
1131
1133
1093
1165
1313
1530
1577
1562
1380
1147
1149
1110
1088
1126
1091
1093
1061
1100
1076
1113
1079
1109
1086
1188
1192
1281
1383
1272
1235
1236
1169
1151
1129
1105
1078
1175
1165
1150
1151
1128
1134
1116
1174
1184
1172
1182
1214
1173
1151
1095
1147
1150
1169
1095
1132
1155
1118
1113
1133
1096
1115
1127
1155
1148
1118
1133
1093
1121
1130
1098
1124
1044
1094
1086
1073
1096
1081
1137
1074
1083
1105
1062
1139
1119
1151
1082
1106
1099
1099
1050
1063
1158
1107
1145
1047
1096
1036
1084
1072
1051
1021
1061
1063
1104
1072
1010
1009
1118
1047
1134
1119
1082
1047
1045
1057
1050
1037
1038
1071
1037
1063
1006
1124
1058
1099
1179
1215
1162
1144
1013
970
1032
978
1000
1063
1115
1083
1039
1039
1069
1090
1161
1110
1066
1018
966
1016
991
1062
998
1014
1007
1000
1052
1024
1015
1053
1060
1094
1042
1039
1012
1044
1006
996
933
991
1035
1062
968
993
1033
1054
1073
993
1056
1017
1008
1018
996
999
1000
1180
1392
1705
1926
1783
1489
1226
1113
1080
1034
1075
1047
1038
1001
1037
1037
985
996
1009
982
989
978
1041
1012
980
1049
1020
1013
1012
1044
951
1005
988
996
998
1037
1022
1047
1094
1018
1076
1012
971
909
964
977
1027
965
928
968
994
957
983
963
990
995
926
968
942
999
983
958
928
960
940
1010
987
913
1058
965
927
984
973
1011
951
1003
1048
1145
1131
1113
1088
965
950
1013
968
1066
992
937
1010
1012
1009
937
960
972
985
987
1026
983
982
1031
972
994
969
1031
995
1006
979
992
970
989
995
981
943
985
981
977
967
961
968
986
931
1040
928
947
956
982
1006
971
1005
1032
1238
1536
1677
1709
1546
1182
1064
967
1022
970
996
963
1045
951
923
965
932
1010
1020
1069
1086
1025
1044
963
964
1015
1121
1326
1575
1853
1877
2087
2057
2039
1658
1362
1047
980
933
989
941
943
893
911
922
922
896
940
922
872
998
928
928
973
916
962
931
951
932
987
970
897
971
874
892
942
919
936
1070
1021
1075
1047
952
975
968
980
1039
946
932
998
969
939
928
975
1004
945
965
908
962
938
957
982
947
945
950
972
957
934
990
993
993
978
947
982
967
952
991
969
953
944
965
967
930
953
1120
1296
2092
3718
5964
7398
6759
4586
2778
1469
1118
961
930
974
1000
891
969
895
945
890
891
939
861
973
921
852
917
893
949
908
891
902
962
940
913
909
974
954
963
900
959
938
904
890
922
950
971
932
948
989
1013
1065
1020
1048
1028
999
927
940
966
889
933
957
900
897
895
914
925
889
900
925
935
906
906
902
892
932
899
927
904
921
849
908
877
905
890
843
851
904
910
919
954
901
899
858
961
985
965
1101
1347
1401
1375
1239
1054
937
943
891
949
929
878
962
879
887
917
958
868
950
962
930
891
930
938
908
924
934
948
921
931
935
920
949
890
954
934
914
928
974
1020
1008
1088
988
956
884
941
894
882
928
856
937
894
898
904
916
887
903
905
898
871
916
887
918
892
955
962
876
948
944
947
923
962
868
877
949
945
1022
1073
1139
1201
1174
1084
955
917
959
858
873
916
953
875
939
910
889
898
908
910
926
885
926
876
864
832
950
924
974
888
953
1043
1068
1051
1059
983
954
881
877
900
896
941
904
889
925
880
896
880
884
856
842
904
893
942
908
910
983
992
1031
973
899
915
953
934
916
954
966
973
993
1048
1011
938
938
873
904
872
896
893
908
927
874
847
922
932
931
889
876
892
935
931
816
920
978
989
893
924
880
946
850
878
878
888
946
883
884
934
960
874
820
854
845
842
922
831
913
912
878
901
930
933
950
871
980
919
912
1010
1084
1137
1045
1038
966
871
964
941
918
893
898
876
911
866
908
859
935
841
883
868
879
922
836
926
879
849
922
891
886
848
909
859
896
911
925
910
901
902
894
925
906
877
879
936
872
942
902
947
923
929
920
921
896
908
939
874
907
868
848
846
892
869
927
959
961
913
897
917
934
910
904
893
834
860
937
893
875
924
929
889
881
877
913
935
878
897
947
894
897
859
887
917
851
868
825
905
889
886
918
882
919
889
901
897
865
864
822
916
923
888
874
902
971
889
951
989
920
852
918
884
892
891
874
866
870
886
872
911
947
904
873
940
936
890
909
915
917
925
900
898
959
891
887
928
919
962
1020
1037
971
969
946
874
887
861
850
936
870
907
889
906
909
911
922
941
989
931
1004
1003
989
913
911
904
887
938
921
888
897
917
839
881
853
896
873
897
930
935
980
984
938
926
899
932
954
925
941
917
888
831
940
908
872
932
964
977
921
890
924
929
888
851
926
896
903
902
937
924
910
903
912
931
921
913
861
958
932
924
908
912
922
900
952
976
1032
968
969
948
984
1001
1103
1416
1789
2016
2243
1917
1509
1216
999
920
958
926
951
957
934
902
892
896
917
857
919
872
919
865
945
914
927
840
922
875
939
912
942
865
917
1004
976
1018
1115
1207
1096
1169
1055
920
937
950
849
852
913
866
912
950
963
885
931
873
958
945
966
1200
1521
2209
2776
3406
3564
3309
2580
1989
1398
1171
1035
996
973
979
939
974
941
974
965
904
964
924
959
978
961
963
887
935
955
945
956
950
996
917
959
976
972
911
935
965
951
939
974
1012
998
973
968
948
985
956
942
964
960
998
956
981
967
897
962
936
966
890
978
981
893
992
969
914
936
912
1006
918
963
953
931
928
945
935
985
963
1041
1002
1031
1013
946
985
930
967
945
901
980
948
945
958
944
950
957
1012
981
1085
1157
1310
1485
1687
1719
1730
1442
1276
1095
1011
992
977
946
925
915
988
958
990
996
1011
1054
1077
1158
1216
1190
1207
1088
1036
955
1000
942
984
970
929
970
939
926
941
952
941
968
957
980
947
926
920
893
929
964
942
963
930
954
942
956
917
993
994
992
943
1030
964
947
926
962
946
975
940
938
962
933
925
997
968
935
952
958
939
967
937
959
1042
936
1015
990
1033
1009
884
1016
934
939
976
962
962
992
973
944
946
1018
972
981
953
970
1002
1031
1019
1040
1029
1041
1024
943
1038
989
1067
1025
972
938
1065
969
998
998
947
1015
990
977
997
966
986
960
951
1000
964
956
978
1003
977
979
976
1026
994
987
916
1007
983
963
971
954
983
1023
976
1038
1043
1023
1007
981
985
971
1002
948
1014
1015
1056
1091
1064
1114
1133
1145
985
1067
949
1030
1011
998
1014
1042
1000
1037
999
984
953
964
1013
990
1049
979
971
1042
945
1043
1025
993
997
1020
1025
1056
973
992
1053
1112
1175
1317
1501
1706
1753
1632
1440
1156
1049
1035
988
1006
1015
990
1067
1105
1007
1015
987
1009
1025
991
1059
1021
1047
1021
1010
969
1032
968
998
1031
1065
1024
1079
998
1025
1013
1092
1032
1049
1067
1004
1027
1032
1047
1040
1055
1042
991
1074
1066
1007
1007
1024
1009
1049
974
1009
986
988
1006
1008
1020
1033
1038
1060
1011
1001
997
1017
1010
1002
1032
1008
1002
1093
1008
1033
1005
1046
1044
1049
1010
1012
964
995
1001
1043
1015
1009
1101
1035
1052
945
1110
1002
1052
1068
1028
1063
1023
1110
1087
1030
990
1051
1034
1012
1043
1066
1012
1024
1076
1088
1038
1131
1018
1071
1104
1051
1049
1109
1073
1038
1071
1033
1067
1088
1053
1037
975
1091
1045
1031
1056
1060
1096
1082
1060
999
1022
1121
1061
1024
1034
1057
1027
1053
1074
1085
1110
1121
1130
1123
1052
1067
1032
1074
1097
1045
1088
1051
1081
1015
1053
1108
1049
1091
1103
1085
1075
1060
983
1116
1100
1110
1026
1027
1018
1062
1058
1120
1080
1075
1048
1038
1071
1081
1055
1126
1056
1100
1109
1103
1169
1081
1068
1125
1073
1072
1037
1122
1042
1029
1125
1083
1074
1087
1150
1073
1083
1123
1022
1039
1058
1059
1067
1074
1095
1112
1109
1092
1049
1066
1080
1069
1086
1095
1073
1115
1078
1099
1070
1077
1093
1080
1064
1045
1085
1068
1109
1197
1081
1106
1132
1110
1102
1039
1106
1114
1088
1044
1067
1088
1092
1093
1130
1095
1119
1098
1106
1055
1093
1121
1080
1092
1087
1114
1092
1126
1097
1069
1119
1019
1077
1064
1062
1031
1084
1107
1057
1092
1077
1082
1018
1076
1167
1008
1061
993
1098
1079
1102
1096
1086
1060
1050
1053
1101
1103
1075
1045
1077
1033
1046
1153
1024
1076
1070
1060
1028
1041
1086
1093
1096
1099
1085
1077
1089
1032
1072
1048
1057
1170
1118
1080
1079
1033
1015
1098
1016
1091
1015
1123
1085
1045
1155
1108
1130
1178
1191
1159
1094
1129
1079
1124
1104
1105
1102
1077
1043
1032
1082
1058
1095
1085
1105
1040
1063
1091
1023
1139
1101
1179
1171
1185
1254
1248
1164
1111
1158
1087
1044
1087
1115
1118
1159
1107
1091
1123
1095
1174
1358
1306
1473
1531
1551
1406
1368
1238
1174
1172
1134
1184
1156
1149
1158
1156
1125
1157
1178
1167
1144
1129
1197
1173
1154
1197
1096
1176
1154
1158
1174
1106
1162
1160
1249
1279
1381
1462
1436
1434
1313
1251
1180
1133
1141
1152
1148
1157
1112
1174
1060
1115
1149
1131
1108
1169
1200
1099
1170
1177
1098
1153
1158
1224
1174
1166
1137
1108
1188
1118
1150
1154
1225
1075
1146
1190
1223
1099
1133
1190
1125
1149
1160
1133
1128
1114
1104
1169
1178
1157
1123
1191
1134
1133
1148
1100
1082
1183
1204
1215
1161
1087
1136
1202
1146
1181
1160
1277
1264
1201
1166
1296
1250
1224
1246
1316
1219
1292
1187
1178
1185
1247
1176
1110
1213
1184
1127
1194
1228
1262
1230
1170
1228
1210
1205
1176
1139
1201
1199
1200
1262
1261
1336
1248
1293
1240
1244
1231
1200
1178
1256
1202
1278
1222
1196
1215
1269
1253
1319
1377
1510
1730
2117
2809
3639
4339
5016
5285
5083
4490
3864
2920
2210
1746
1564
1354
1340
1309
1266
1260
1240
1245
1270
1345
1371
1309
1381
1513
1646
1743
1729
1642
1509
1372
1300
1348
1315
1255
1220
1249
1273
1277
1254
1297
1238
1239
1336
1211
1281
1224
1235
1279
1299
1300
1240
1300
1262
1314
1321
1289
1296
1330
1205
1253
1245
1282
1283
1264
1291
1249
1269
1240
1245
1243
1290
1226
1271
1324
1322
1315
1295
1372
1303
1301
1283
1326
1332
1332
1350
1297
1352
1345
1327
1298
1266
1261
1306
1280
1282
1347
1343
1360
1271
1337
1291
1264
1327
1321
1372
1331
1390
1400
1335
1501
1585
1738
1994
2181
2203
2081
1906
1611
1453
1403
1343
1328
1287
1391
1350
1349
1287
1351
1330
1330
1366
1311
1351
1421
1389
1333
1402
1360
1370
1395
1315
1443
1308
1376
1351
1370
1332
1357
1351
1454
1382
1406
1387
1438
1429
1381
1381
1343
1425
1352
1393
1423
1455
1307
1361
1432
1411
1367
1363
1356
1392
1405
1416
1385
1391
1347
1352
1482
1437
1335
1404
1367
1428
1361
1423
1406
1449
1423
1475
1416
1453
1382
1371
1368
1416
1455
1445
1455
1466
1421
1408
1411
1429
1434
1433
1471
1378
1442
1383
1468
1463
1523
1439
1516
1532
1472
1479
1495
1476
1383
1534
1523
1536
1472
1451
1416
1481
1388
1510
1541
1470
1444
1456
1551
1427
1525
1497
1497
1577
1542
1518
1474
1537
1504
1519
1571
1517
1461
1528
1441
1531
1529
1509
1541
1644
1552
1545
1516
1673
1676
1648
1654
1691
1672
1691
1517
1647
1593
1584
1639
1648
1582
1658
1554
1592
1566
1641
1543
1611
1592
1572
1646
1673
1735
1736
1707
1825
1809
1851
1920
1819
1834
1807
1674
1610
1638
1624
1643
1654
1629
1651
1628
1664
1651
1630
1630
1672
1663
1678
1690
1725
1740
1671
1762
1668
1727
1678
1690
1649
1753
1621
1708
1731
1710
1734
1809
1794
1760
1732
1758
1723
1750
1728
1802
1760
1751
1783
1727
1767
1771
1768
1760
1754
1737
1688
1743
1770
1830
1745
1777
1819
1809
1805
1830
1886
1812
1795
1731
1875
1771
1891
1849
1853
1838
1804
1926
1879
1896
1830
1827
1858
1875
1878
1876
1786
1917
1881
1938
1922
1851
1931
1885
1944
2085
2097
2059
2220
1979
1901
1980
1929
1846
1944
1967
2025
2040
2266
2347
2356
2398
2361
2331
2271
2088
2012
2016
1964
2046
2117
2163
2163
2237
2304
2313
2184
2220
2156
2024
1959
2043
2018
2043
2025
2062
2055
2059
1979
2031
2055
2017
2071
2011
2008
2044
2077
2108
2104
2078
1991
2013
2035
2125
2102
2014
2082
2043
2112
2110
2041
1985
2067
2050
2019
1990
2003
2020
1993
2066
1984
2049
2010
1964
2032
2041
1904
1907
1893
1989
1787
1827
1788
1692
1752
1697
1681
1670
1631
1646
1662
1699
1649
1668
1590
1608
1584
1596
1532
1503
1499
1474
1450
1488
1565
1537
1471
1503
1479
1465
1472
1359
1396
1428
1418
1430
1500
1402
1445
1425
1414
1440
1353
1425
1346
1363
1366
1365
1389
1406
1319
1335
1295
1339
1345
1332
1346
1314
1376
1337
1347
1298
1346
1317
1348
1267
1292
1321
1321
1271
1250
1298
1264
1237
1236
1190
1259
1325
1313
1259
1239
1267
1216
1218
1259
1222
1262
1306
1187
1170
1171
1184
1183
1156
1217
1181
1141
1082
1174
1161
1093
1160
1141
1082
1086
1079
1150
1079
1102
1080
1116
1130
1036
1038
1158
1085
1035
1030
1038
1074
1078
1089
1010
980
1014
1052
976
1000
1004
1084
1040
1032
960
1013
1041
1023
981
962
985
947
956
912
872
910
905
985
956
943
915
919
864
840
911
898
871
817
819
839
853
826
896
895
910
977
994
970
927
880
856
869
779
770
799
721
744
769
761
743
732
702
731
750
769
696
660
716
716
743
668
707
717
697
688
685
718
680
713
632
667
712
726
673
754
729
747
722
684
729
711
662
750
737
729
728
749
697
743
699
749
772
728
733
763
808
795
806
785
795
740
704
786
702
736
751
695
693
682
705
742
724
683
707
721
699
739
705
665
702
666
677
644
774
659
702
672
659
665
684
716
656
683
670
650
703
662
705
645
684
726
683
668
667
657
654
627
633
665
671
647
618
676
653
640
644
703
683
643
656
707
625
698
643
561
600
648
639
649
571
612
633
648
612
621
595
599
596
628
655
631
606
609
622
601
595
621
604
604
619
642
599
603
576
616
571
615
621
582
595
621
646
630
634
648
621
682
682
681
614
614
606
682
625
631
652
601
628
624
596
559
571
604
604
630
603
638
615
645
673
644
623
651
684
640
661
706
714
695
710
829
908
993
1237
1660
2953
5373
9772
16940
26865
38695
49865
59807
63366
59680
48527
33647
19764
9695
4073
1472
612
337
273
254
225
230
227
216
233
236
241
244
215
245
219
209
241
207
229
226
214
226
252
219
223
243
226
223
217
219
224
208
225
198
196
207
196
191
187
194
191
203
212
201
208
208
207
210
192
218
193
203
185
186
217
208
218
188
183
215
198
175
207
235
183
208
232
207
196
210
209
218
212
203
187
198
190
189
207
189
186
210
196
215
213
219
210
199
229
215
192
245
205
199
195
192
206
200
227
181
191
198
199
208
184
208
197
189
196
188
219
213
165
186
190
182
182
196
167
184
184
201
183
168
170
190
198
185
174
169
207
180
207
172
190
227
206
202
226
245
245
259
212
185
216
194
165
176
168
203
175
197
181
175
197
216
188
207
175
173
173
201
165
184
178
195
196
190
167
170
203
190
189
185
170
175
199
180
165
184
187
201
166
196
173
173
194
207
192
171
168
168
200
173
201
209
218
216
227
217
206
206
215
190
194
206
191
177
174
187
211
193
173
193
173
194
174
172
190
194
173
174
199
179
173
200
181
172
170
159
163
186
203
188
204
175
196
150
189
159
191
199
195
287
312
424
552
808
991
1208
1290
1317
1102
918
592
452
281
239
191
162
188
186
202
186
196
192
167
207
158
172
180
168
163
147
189
176
177
181
181
169
163
186
179
162
151
177
166
186
159
156
192
155
159
170
165
160
168
166
159
182
173
188
155
174
180
167
168
172
192
158
191
196
218
221
242
239
240
241
224
207
198
187
185
179
198
206
216
181
178
191
177
189
157
175
188
186
184
164
190
164
162
161
172
161
161
197
174
153
187
146
185
191
160
153
153
213
169
200
187
175
171
198
193
164
161
167
178
217
187
186
187
161
191
160
163
187
151
166
171
152
146
180
178
169
171
196
172
189
173
164
183
201
153
185
147
189
184
195
218
190
207
207
194
189
160
174
151
168
176
174
174
164
158
177
162
162
151
160
166
169
198
164
174
206
165
174
179
180
168
187
212
205
244
263
253
233
212
204
196
183
179
166
164
167
175
178
159
160
165
148
154
163
178
197
167
184
143
195
174
177
172
174
171
185
173
149
193
189
162
184
159
188
203
192
210
223
228
211
214
213
243
238
231
236
204
204
232
191
193
196
185
176
176
195
176
206
218
206
188
169
140
173
155
172
178
188
174
179
155
157
170
200
164
141
173
175
167
157
158
175
152
160
161
164
149
188
166
175
165
176
166
178
160
155
156
182
167
168
168
149
146
145
159
145
152
189
165
159
156
164
163
158
151
195
171
157
176
186
156
185
166
146
160
166
153
153
151
149
183
183
177
165
175
192
135
154
181
154
168
169
155
177
159
151
188
169
199
154
175
158
177
173
157
153
180
171
164
160
178
191
176
185
185
156
167
161
187
150
181
184
139
146
157
171
164
150
157
165
178
180
164
146
170
157
173
164
169
170
170
162
134
149
162
151
152
175
175
175
167
158
177
164
155
151
163
167
152
165
183
164
177
155
172
165
173
173
166
176
163
147
164
165
154
145
163
174
162
192
128
147
170
153
161
168
139
165
154
173
162
183
147
166
148
164
168
141
140
158
142
175
167
162
165
155
162
165
163
161
167
179
186
172
177
147
203
185
188
174
162
172
169
164
180
160
161
190
168
185
181
158
156
162
166
178
179
212
187
166
172
183
155
167
150
163
164
169
178
170
181
169
203
213
189
175
150
183
167
194
182
160
160
170
156
174
158
148
177
153
192
143
147
145
177
155
177
146
182
151
151
185
164
146
168
165
178
188
185
193
160
154
178
166
180
189
178
161
186
153
175
157
201
225
258
277
225
196
243
249
222
202
207
187
154
164
154
153
175
165
175
173
177
180
198
184
226
212
216
182
201
164
162
189
171
146
141
162
158
149
145
166
154
145
146
171
121
143
174
162
139
140
161
167
164
165
146
138
160
142
153
168
170
161
160
151
158
138
155
147
171
137
182
153
169
241
222
244
259
266
308
289
251
244
204
201
189
188
168
170
139
157
152
151
144
131
155
116
147
153
141
162
126
149
164
167
151
134
153
164
147
146
148
162
166
148
147
144
147
138
150
154
139
148
150
166
178
161
138
151
168
151
165
170
153
135
156
143
139
146
161
130
147
150
146
136
158
143
158
161
147
151
164
176
138
171
187
165
167
165
162
159
153
177
123
145
139
154
142
153
140
164
163
167
164
142
146
155
166
175
153
152
150
154
148
150
151
146
167
166
172
152
177
176
191
163
160
150
153
143
130
139
149
156
148
149
168
150
190
181
150
164
160
189
176
157
191
192
155
154
160
149
152
165
146
149
157
176
144
136
140
166
157
166
141
160
140
146
155
137
159
144
136
136
125
124
160
153
182
163
157
146
149
169
176
164
205
186
179
187
207
199
211
255
223
226
215
176
171
185
176
178
170
138
142
165
138
163
174
152
163
141
134
136
159
152
118
138
106
136
140
142
139
143
144
142
144
147
148
134
157
147
133
135
144
157
160
151
117
127
163
155
121
154
156
145
146
159
140
124
153
159
132
162
148
157
170
162
152
144
132
163
147
134
142
159
141
156
143
152
146
126
135
132
140
129
144
151
139
154
157
142
149
146
145
171
162
159
141
156
144
155
149
158
169
191
195
222
247
296
376
415
432
451
463
406
372
286
250
191
162
152
139
130
168
140
134
132
142
120
147
148
142
165
137
126
159
135
144
166
159
134
125
136
139
137
155
130
142
161
164
169
154
149
178
190
135
173
159
179
185
199
170
158
187
168
157
138
146
143
144
140
155
141
109
126
162
134
137
143
146
159
148
156
154
155
153
155
155
155
167
127
137
141
118
125
122
136
130
138
137
126
120
114
106
138
140
115
151
140
156
121
151
138
135
160
149
161
134
132
147
134
150
119
137
154
133
135
146
149
141
131
139
149
131
138
111
134
133
139
114
143
171
131
120
139
154
140
136
117
154
136
173
161
127
165
136
148
142
152
157
154
151
142
133
136
181
163
194
192
191
182
194
192
249
212
203
198
185
171
165
160
176
146
174
197
148
135
141
131
148
140
122
125
102
122
121
135
127
122
125
117
136
134
125
147
120
126
141
119
156
137
138
140
138
144
138
151
145
129
145
128
125
138
131
145
143
175
157
156
184
161
168
161
147
146
154
139
127
161
122
146
116
137
122
136
145
133
143
132
127
135
137
119
122
114
147
114
142
114
131
129
127
103
119
116
134
129
118
135
126
138
132
139
110
137
128
118
122
130
119
147
127
130
122
128
123
138
131
118
130
141
147
132
143
157
158
140
160
139
114
146
131
142
120
130
131
118
117
132
129
137
122
137
125
118
154
137
136
128
138
135
136
143
125
134
128
98
134
130
126
126
127
125
124
132
114
129
141
118
107
114
98
112
127
138
119
118
123
135
127
114
130
145
134
125
117
138
126
109
108
110
102
123
116
120
98
148
116
115
128
111
121
127
111
115
134
137
126
136
119
129
117
129
126
107
116
125
118
118
121
138
123
118
121
137
120
124
151
144
138
137
142
141
164
157
157
161
140
176
149
157
145
150
149
152
141
124
145
160
145
122
126
132
115
123
106
119
98
130
109
129
144
134
142
137
155
140
128
135
120
124
142
114
142
113
148
124
142
110
122
130
137
120
136
147
150
119
107
118
107
108
99
117
110
111
118
125
118
105
119
145
120
116
114
114
119
118
140
116
130
135
142
116
167
205
239
278
342
380
410
458
531
538
537
469
367
291
220
179
153
147
132
108
110
135
131
115
108
115
117
126
106
113
121
116
115
127
127
105
122
137
127
131
135
116
121
135
126
110
125
113
115
102
114
141
125
114
115
123
120
111
98
116
117
117
117
106
125
108
125
113
120
106
115
107
124
118
117
124
126
108
117
129
144
144
142
155
180
158
162
155
167
123
140
129
119
136
112
135
114
85
139
129
110
121
114
120
122
117
132
137
127
102
94
123
115
131
101
127
123
120
111
120
104
110
121
125
143
128
118
124
117
139
122
119
109
99
108
106
106
128
127
117
141
119
107
118
124
130
117
122
125
128
97
143
119
106
107
114
115
81
114
127
102
116
103
109
117
117
116
130
113
90
100
109
99
109
101
122
90
123
95
110
122
102
109
140
130
94
128
98
101
107
126
125
106
113
147
110
106
115
103
129
112
116
118
108
121
131
106
102
106
127
117
121
131
117
113
92
133
87
88
141
114
104
114
111
106
122
106
107
131
123
101
120
140
118
109
132
112
104
114
119
108
125
104
117
96
111
112
110
127
143
148
174
165
181
189
176
215
203
162
162
138
137
132
112
122
115
108
115
104
115
106
108
108
107
86
104
115
117
109
112
115
114
106
84
95
117
99
100
125
121
116
99
101
113
91
113
117
135
130
124
113
113
136
123
119
109
106
139
121
103
97
122
110
107
102
125
120
104
120
123
120
118
151
146
146
159
164
141
146
134
152
134
101
102
100
97
115
115
102
102
94
110
102
101
100
109
117
111
118
122
97
97
91
142
97
113
117
120
96
110
129
126
123
138
133
147
160
130
136
130
132
125
126
97
107
127
89
105
95
102
96
96
108
91
122
98
99
118
104
96
122
92
94
106
130
129
103
93
103
96
98
103
122
105
110
83
106
111
100
110
108
105
118
111
130
102
114
115
118
96
101
98
91
107
116
103
99
86
87
100
89
118
114
110
88
98
104
75
89
106
113
128
95
106
103
108
124
109
138
107
103
131
126
143
109
110
110
82
104
120
97
109
84
111
114
105
102
93
100
89
107
106
103
125
97
115
115
104
121
115
119
100
99
103
93
96
98
115
105
87
83
91
101
93
96
101
94
83
90
85
82
102
106
92
107
95
103
94
88
80
110
94
95
81
97
93
100
117
127
125
128
114
151
130
131
153
163
148
202
191
210
232
317
301
347
384
369
393
339
301
221
192
139
121
111
105
107
103
102
116
93
107
100
119
77
95
99
98
98
109
95
105
87
103
109
79
90
93
92
113
96
94
83
110
110
98
104
111
94
99
96
120
103
93
86
89
114
89
91
73
78
98
93
83
102
90
81
89
96
79
86
82
89
97
93
94
96
102
106
94
82
111
94
107
105
98
117
108
131
96
97
104
101
105
105
98
78
99
82
89
111
98
95
84
89
95
96
97
93
96
114
83
100
90
76
92
95
83
106
103
96
95
97
96
94
94
94
87
99
83
91
86
103
91
93
98
115
83
84
97
80
100
99
112
97
99
96
101
82
97
98
96
93
88
87
83
94
105
97
91
81
84
92
91
78
87
98
89
93
95
102
99
84
87
100
72
87
103
91
91
82
88
70
80
95
94
90
110
90
95
77
88
90
106
97
93
87
104
84
85
123
92
89
107
102
105
113
120
117
102
84
104
94
90
78
102
70
84
79
97
85
97
91
81
93
88
100
92
117
117
122
134
118
132
147
154
147
188
200
177
157
156
176
187
235
219
228
199
167
174
146
128
100
88
100
101
85
95
82
79
76
79
91
92
90
83
84
88
88
95
86
80
76
108
91
110
80
85
120
115
100
104
130
113
119
102
112
107
110
92
86
92
93
84
94
86
95
75
82
94
98
101
77
94
93
96
115
110
133
122
131
126
112
107
114
108
89
89
98
109
99
89
86
85
93
89
102
88
95
86
94
91
83
97
104
86
111
72
87
103
97
103
80
104
90
98
89
90
97
80
100
79
111
104
89
98
83
80
94
82
101
82
77
82
96
79
75
99
88
73
80
97
75
82
93
82
87
93
93
74
83
88
88
91
83
77
65
89
75
93
80
87
90
87
72
80
90
99
92
110
99
83
67
69
96
81
90
99
85
88
98
80
84
90
105
91
99
95
112
91
101
77
93
98
74
85
74
86
69
79
61
67
78
72
95
76
101
76
92
85
77
93
85
80
96
87
93
79
95
90
100
96
82
82
98
81
97
82
105
92
86
97
98
87
80
82
99
72
81
96
86
99
94
85
101
83
93
94
87
97
98
90
85
101
75
96
68
87
75
96
88
82
87
84
73
97
83
92
94
114
83
77
72
78
79
88
104
102
101
125
96
111
118
120
123
95
129
129
121
134
136
133
102
105
131
121
110
120
102
111
112
122
86
98
84
86
85
80
82
107
88
103
97
79
87
97
90
98
91
97
99
85
77
92
80
87
85
94
80
81
100
95
91
89
104
81
87
101
85
84
116
76
103
81
84
84
89
83
87
80
86
88
86
81
102
104
87
84
83
95
91
109
99
92
97
117
97
108
100
98
93
79
76
86
84
86
81
98
78
82
79
99
121
114
110
135
114
131
126
111
116
136
129
122
134
131
139
135
119
113
104
129
142
144
141
146
145
145
151
149
157
140
127
128
140
114
134
111
104
103
84
105
124
90
93
97
115
107
100
74
88
91
103
98
95
66
87
85
88
99
90
88
87
87
85
98
106
107
91
104
92
86
103
92
93
115
90
99
92
83
110
96
100
106
110
89
101
105
97
98
115
102
91
97
80
112
100
97
94
92
102
116
106
92
100
90
87
100
95
82
93
87
100
84
91
100
86
101
101
89
98
86
100
104
96
102
92
112
119
115
99
95
122
96
101
71
99
77
78
81
110
104
97
81
98
100
110
108
117
104
121
104
131
107
116
109
121
110
94
97
107
100
82
106
96
104
91
101
98
97
99
116
84
98
99
123
100
105
97
89
113
86
93
100
96
92
93
80
90
107
94
103
98
103
81
82
84
89
96
94
86
87
106
94
102
99
96
89
93
78
95
99
82
101
84
93
91
93
98
82
97
94
96
89
80
98
98
85
83
108
81
97
110
112
98
95
81
93
108
79
87
96
94
103
85
91
92
97
98
83
89
87
93
85
90
95
87
107
88
94
92
90
97
95
117
93
86
77
82
101
76
83
83
78
89
90
96
93
100
106
96
82
96
98
99
94
107
107
100
92
92
93
118
99
103
108
89
100
110
103
93
102
103
93
93
84
82
113
86
93
92
98
91
91
92
98
93
78
82
88
107
99
102
91
84
93
89
95
86
105
96
96
93
104
97
98
91
91
90
93
86
76
90
82
93
99
99
85
89
89
81
105
90
83
91
104
96
77
92
103
71
93
93
104
100
93
108
98
108
105
94
92
103
113
99
95
111
118
102
134
113
107
106
110
119
114
95
107
105
103
90
93
80
102
84
107
96
91
98
85
99
109
92
88
103
85
109
101
92
97
94
80
97
94
80
89
89
100
83
75
96
99
100
86
82
91
98
106
86
103
79
108
85
96
78
98
89
75
83
101
89
112
93
94
105
80
83
97
82
84
102
113
88
89
92
97
98
98
91
72
100
94
84
82
87
87
89
95
106
118
77
101
95
82
81
87
109
99
98
93
76
120
101
87
94
101
84
102
88
75
98
106
109
98
116
98
88
85
103
68
113
100
88
93
95
88
122
95
94
90
92
126
105
142
132
139
153
161
182
168
153
166
159
144
113
113
135
100
101
82
99
117
117
93
91
94
93
105
95
92
91
95
102
96
86
99
86
98
90
77
81
87
100
91
109
89
107
112
92
126
109
108
99
131
122
107
128
140
117
96
106
99
95
102
93
97
95
99
95
116
106
94
91
94
101
107
118
111
86
108
104
95
97
96
103
74
89
103
100
104
78
92
92
106
111
87
77
98
102
113
119
122
111
113
124
131
107
107
89
92
108
109
75
82
95
90
90
105
77
90
72
110
80
83
94
94
93
85
98
86
93
93
102
85
107
88
95
90
74
130
114
100
105
98
97
99
95
110
88
80
94
101
86
83
83
89
80
90
96
104
90
67
102
89
95
93
87
76
79
90
92
101
104
84
96
78
75
84
98
92
93
106
73
85
80
84
88
80
75
79
100
76
91
112
82
89
86
95
100
98
80
107
102
83
87
107
84
74
96
94
88
94
84
89
97
79
99
109
86
86
79
108
88
83
82
88
91
92
103
117
107
102
123
102
122
126
112
158
135
145
146
124
147
133
132
129
137
122
106
102
95
105
94
101
92
92
85
73
76
82
85
75
88
94
82
91
91
78
86
99
83
89
86
98
108
93
100
80
65
83
87
89
86
99
102
87
82
88
88
95
82
94
87
107
108
115
103
144
142
185
172
215
180
177
176
203
181
189
204
203
212
186
174
188
173
144
136
115
119
119
117
117
137
126
102
118
108
83
82
117
114
106
109
104
104
105
128
130
147
147
122
149
174
143
168
145
129
150
166
177
188
188
191
156
149
175
172
158
174
182
187
216
216
225
220
228
215
168
181
196
167
150
143
125
133
125
121
117
112
91
95
130
85
106
102
106
93
97
88
110
79
109
84
98
94
74
94
93
109
96
90
96
95
103
104
94
107
107
86
108
105
92
108
104
104
122
100
109
101
114
112
102
102
109
114
111
87
102
86
84
95
108
108
92
112
121
84
86
88
99
96
96
100
110
98
93
94
105
107
87
99
84
86
89
106
106
102
93
103
103
106
79
100
104
98
116
104
87
103
99
88
94
91
111
103
99
86
118
95
115
108
116
139
122
124
139
157
146
160
174
173
163
183
150
135
133
102
130
111
92
108
102
84
108
100
116
91
97
111
105
79
95
90
93
101
88
92
110
115
83
113
111
94
99
91
117
106
99
98
114
121
117
104
99
100
109
96
129
106
113
108
98
122
101
99
94
110
83
95
108
103
115
108
117
101
92
103
81
95
111
99
95
125
114
82
106
108
121
106
92
84
112
108
110
103
99
106
96
106
109
94
102
122
118
92
114
112
111
105
113
107
104
109
105
94
107
109
104
104
82
100
112
92
97
100
97
90
96
108
88
95
91
106
97
93
113
110
88
103
107
117
98
89
90
115
94
91
105
109
104
107
94
127
94
113
76
94
103
97
92
95
98
108
98
106
90
92
103
112
91
111
103
99
109
93
112
95
106
99
101
91
101
100
107
100
86
124
95
121
104
108
122
104
98
120
94
103
96
111
110
91
82
115
100
84
90
92
104
96
112
93
96
91
101
93
102
105
111
112
103
117
104
123
115
90
110
93
111
106
117
116
98
86
99
94
88
99
106
88
92
85
109
98
97
85
108
95
95
112
96
95
125
104
89
117
116
81
106
94
114
113
123
90
97
95
105
104
95
93
92
104
114
102
88
122
101
108
115
116
83
122
106
114
87
107
109
108
113
95
94
121
104
91
113
107
101
100
100
80
112
88
95
95
92
113
111
98
125
107
106
114
118
120
102
118
119
124
105
104
85
115
114
119
117
116
86
133
89
80
78
94
110
108
104
116
90
118
106
101
92
96
80
105
101
100
102
116
111
97
81
78
77
104
81
91
95
102
88
119
94
100
71
86
73
103
82
122
89
104
91
92
125
113
99
104
95
105
101
108
107
145
121
133
110
105
105
91
114
95
93
98
111
106
103
91
98
113
98
100
104
99
101
101
102
110
101
103
97
90
97
100
103
105
106
114
122
121
116
122
133
137
121
130
136
143
132
115
116
105
111
110
88
100
102
89
82
93
79
74
87
102
84
76
91
87
98
91
78
83
92
109
86
80
79
76
82
97
99
90
94
98
87
104
106
98
115
106
117
104
122
120
113
101
104
108
95
84
103
104
94
73
84
79
88
78
93
106
93
86
84
74
85
67
108
81
87
84
101
85
78
84
112
97
98
128
100
98
105
116
106
106
100
88
95
96
84
80
83
77
88
82
88
85
78
86
83
88
73
93
82
76
94
80
78
81
79
77
76
81
82
76
98
76
67
106
86
99
83
88
89
86
87
94
61
92
78
82
86
89
93
68
89
79
71
67
81
77
83
89
80
89
78
98
83
71
92
78
64
63
72
71
74
78
85
87
67
62
84
84
71
79
77
88
97
87
78
111
105
103
139
127
146
160
159
169
197
181
214
183
186
160
149
129
128
113
88
86
70
96
85
82
85
81
94
86
80
71
95
69
81
80
73
84
78
74
71
75
81
71
64
86
86
81
91
91
87
75
74
79
111
94
104
110
113
102
103
110
101
139
120
137
170
158
169
194
222
244
226
291
277
263
308
298
304
314
322
247
267
220
163
138
120
98
91
115
106
80
99
79
85
79
83
82
88
93
76
80
91
99
84
74
83
104
93
108
137
130
162
156
200
187
181
241
224
210
241
194
179
191
148
118
133
121
135
153
157
171
173
197
219
229
238
277
256
237
202
213
187
171
128
110
105
101
80
81
70
104
86
71
92
94
83
78
81
77
72
83
87
77
74
88
57
80
77
92
92
76
81
83
93
63
70
79
61
64
81
75
70
75
87
74
81
78
81
87
98
91
111
89
89
98
99
93
116
91
92
86
73
93
82
86
101
70
80
82
112
98
87
89
114
104
103
93
93
109
102
99
123
106
101
94
97
113
109
84
98
75
86
77
100
90
98
76
81
107
73
85
75
69
85
90
73
78
81
87
106
109
83
79
87
110
116
83
106
99
125
106
100
108
77
120
132
98
123
95
113
101
99
100
100
74
72
81
97
82
93
99
69
85
94
89
89
81
89
74
82
57
76
77
90
92
98
82
83
99
123
99
129
105
107
124
123
122
102
92
106
105
100
95
89
91
79
82
80
102
80
95
73
86
86
85
95
78
67
89
88
79
103
70
76
88
75
90
89
78
70
75
85
83
92
81
80
92
92
85
89
92
89
89
79
85
79
93
81
86
83
92
84
84
98
98
86
111
108
92
106
101
93
95
111
95
114
100
100
97
80
94
87
83
89
81
72
91
86
73
85
93
82
101
82
80
79
105
81
97
82
80
95
99
105
92
79
94
78
89
73
81
83
77
70
72
76
61
106
73
81
65
84
80
73
84
84
78
67
69
64
90
91
85
70
84
84
70
89
86
72
76
82
93
87
69
93
75
95
78
71
104
91
77
109
84
98
76
92
92
88
89
75
78
76
89
71
71
78
66
69
74
85
91
72
78
81
75
91
85
87
81
67
98
75
71
76
82
65
99
81
87
101
75
60
77
89
80
81
60
81
90
74
90
72
84
72
83
74
70
65
60
81
82
77
89
99
78
62
93
69
79
84
73
86
75
71
71
81
77
84
72
81
77
91
83
75
76
74
90
83
77
81
64
74
80
78
71
76
89
73
68
82
85
77
71
87
107
78
80
87
71
77
80
104
96
103
81
88
96
95
73
83
72
68
75
78
76
77
81
75
78
84
70
86
67
74
73
82
75
86
87
84
75
84
66
83
76
77
80
75
77
82
103
71
89
79
80
94
67
68
74
92
84
74
73
83
82
66
66
66
90
55
83
73
65
71
69
92
80
71
82
75
80
73
89
73
92
78
69
77
74
67
58
76
84
75
77
78
51
64
67
93
76
62
78
81
66
62
82
75
80
88
98
99
113
85
113
125
150
155
146
140
126
129
132
127
106
107
101
74
106
69
71
76
76
80
62
82
64
64
61
63
56
59
67
66
60
86
66
57
58
74
73
51
76
84
81
72
72
73
90
75
111
103
101
103
131
125
118
123
122
115
112
111
93
96
70
77
66
82
73
74
59
74
65
63
56
74
65
73
66
53
49
65
63
80
50
51
56
78
60
51
59
68
66
60
52
70
53
76
56
69
62
57
63
47
62
60
58
57
45
54
57
56
53
58
66
67
52
57
62
57
50
60
45
54
60
57
59
49
61
62
61
66
44
50
46
55
61
49
47
53
55
62
67
60
60
71
69
60
63
66
59
64
58
61
73
60
63
68
63
67
53
64
80
49
62
47
67
61
61
62
56
67
56
56
57
54
42
65
59
62
67
57
62
62
68
67
65
72
60
65
71
56
77
71
67
72
67
78
61
56
69
82
60
57
58
81
74
69
82
75
94
68
66
70
78
61
84
66
69
86
65
71
80
80
79
66
68
74
87
87
85
84
80
91
89
98
83
110
109
98
129
133
119
135
113
119
131
152
158
164
210
236
261
280
337
357
361
393
403
453
458
452
393
377
307
229
176
129
94
86
76
63
51
41
45
53
40
58
52
55
45
56
33
50
49
47
49
57
40
55
56
49
60
55
53
55
51
58
54
47
42
36
54
47
56
65
57
60
51
45
61
44
42
49
42
49
63
63
44
44
47
52
55
53
48
55
47
58
43
40
60
47
45
52
48
52
46
36
48
55
59
55
51
57
47
43
46
54
54
72
63
46
53
47
41
38
42
61
37
54
51
56
55
49
59
60
47
55
48
50
50
49
56
62
66
44
42
75
45
59
62
50
49
59
46
54
46
68
55
55
60
73
72
73
74
80
99
78
96
91
108
101
87
104
115
97
100
97
85
73
81
77
55
56
60
45
61
61
60
65
50
52
59
50
50
64
57
59
59
49
50
46
60
57
55
80
82
66
74
72
81
77
99
92
96
94
108
98
94
94
78
70
75
71
78
53
45
62
44
49
54
44
56
54
49
68
44
40
42
40
46
50
46
51
51
61
40
45
32
65
62
61
42
48
53
50
69
83
62
65
86
68
80
55
82
71
68
63
58
76
49
71
60
51
54
51
41
48
64
40
56
53
59
59
50
57
44
69
56
56
48
64
50
66
59
61
52
52
63
68
73
65
71
56
60
58
70
36
52
56
72
57
78
60
75
98
92
86
87
85
93
96
115
107
109
110
107
133
112
99
97
80
89
70
62
60
63
47
53
52
61
59
56
63
50
65
46
46
45
68
62
53
63
52
54
51
70
39
48
46
52
44
41
64
56
30
58
43
45
51
42
50
46
47
43
63
51
59
56
41
46
38
59
57
58
49
57
49
40
48
56
44
42
65
50
41
46
44
45
60
53
57
45
55
59
46
41
46
51
46
39
49
58
53
56
41
61
38
44
53
50
48
51
57
49
40
36
58
48
48
64
55
46
53
43
51
50
44
47
61
49
40
42
58
35
44
31
48
62
66
47
65
51
44
59
49
61
52
41
62
52
52
38
47
54
60
65
49
47
53
49
48
44
52
60
46
61
54
60
59
59
64
42
52
41
55
62
50
58
62
62
54
59
55
53
49
57
48
34
62
49
55
44
57
46
60
83
46
71
56
65
52
62
65
75
71
60
81
66
75
77
59
67
48
62
44
59
54
57
44
47
45
39
57
37
60
56
53
49
55
51
57
57
68
60
70
49
61
58
59
60
71
56
60
70
54
60
53
52
56
52
63
53
62
46
44
56
56
69
51
56
51
46
61
49
43
53
50
48
59
65
60
52
52
45
51
62
60
44
54
48
50
58
58
35
47
46
57
34
38
48
50
51
54
50
47
56
52
36
63
49
50
44
42
42
46
44
37
38
42
47
49
42
52
53
42
42
55
32
45
60
43
59
49
33
48
46
45
47
45
46
38
44
28
40
51
49
54
53
59
39
41
41
50
44
46
48
50
40
50
51
56
53
55
63
52
60
61
69
82
65
71
57
75
84
72
44
80
60
61
63
58
61
52
50
49
44
36
53
41
53
45
51
41
36
44
31
47
47
50
48
42
47
42
41
39
37
52
34
44
43
44
45
46
36
45
45
42
47
42
53
44
42
49
55
49
38
39
53
50
40
46
29
40
40
42
32
32
46
41
36
52
34
42
53
38
40
44
40
50
52
22
41
51
38
49
42
40
50
51
50
56
49
51
54
55
55
61
57
53
44
53
64
50
56
60
63
54
66
43
31
48
36
51
55
48
45
24
39
34
43
38
40
49
45
32
39
45
48
45
41
43
50
47
51
63
41
44
35
46
51
46
40
46
59
44
52
50
48
33
63
63
62
56
56
62
75
66
71
73
66
73
67
73
81
77
77
74
76
72
66
56
86
57
70
74
70
84
86
101
110
86
104
102
112
124
120
118
117
123
113
80
74
66
56
47
42
47
44
48
48
49
37
37
50
50
49
34
46
54
42
42
32
42
43
47
37
49
34
41
37
30
37
54
42
42
46
55
43
43
42
45
62
52
47
37
37
43
48
43
54
46
40
38
40
31
43
53
44
36
47
44
29
43
44
25
38
46
35
39
35
47
30
36
46
43
37
36
31
33
46
46
31
27
35
34
42
31
42
39
39
43
47
52
45
34
40
36
32
37
45
39
38
34
31
42
46
42
26
29
38
35
43
43
38
36
35
31
45
47
33
43
33
33
44
30
49
43
47
43
34
39
41
41
33
32
31
48
39
31
39
45
45
35
43
62
61
69
78
74
68
67
79
109
99
92
110
129
117
124
132
108
119
97
69
75
59
45
45
42
41
38
36
36
41
45
43
40
39
36
38
32
41
33
37
33
44
44
39
34
35
48
33
36
37
40
43
35
28
36
61
42
44
35
36
34
31
30
32
36
35
43
33
42
34
38
50
36
29
38
35
35
33
31
47
41
46
31
35
38
38
35
32
38
36
38
40
42
38
41
38
41
37
31
31
30
48
29
29
38
40
47
41
35
37
41
48
27
30
42
48
40
36
41
33
41
35
49
43
48
48
40
36
40
48
37
30
34
34
34
27
37
36
36
35
38
33
52
36
34
33
44
44
43
38
42
45
60
59
68
85
81
80
78
88
113
119
128
132
128
138
139
161
123
108
106
93
87
74
71
55
59
48
46
59
53
46
42
53
40
48
36
42
32
36
31
42
36
38
32
43
34
29
28
42
41
33
32
27
44
31
36
42
28
29
31
35
27
37
36
39
38
23
41
44
26
36
36
36
39
43
41
43
40
47
40
31
29
40
40
31
45
36
34
33
30
32
34
33
48
36
45
39
35
33
33
39
38
35
36
37
36
32
44
41
50
42
35
39
44
28
46
29
34
44
28
47
33
26
43
35
36
27
41
36
37
36
31
29
39
36
42
38
39
34
34
32
34
28
29
28
35
34
41
29
38
31
46
35
32
37
46
37
37
51
36
37
42
36
33
33
30
34
35
47
34
37
33
35
50
34
41
36
29
41
41
27
35
24
38
36
33
38
36
28
36
26
29
40
31
28
27
32
30
34
33
41
36
30
41
33
37
28
41
34
36
35
33
44
42
27
31
40
38
33
37
30
37
41
44
42
33
51
50
49
61
46
56
39
53
45
59
55
49
51
55
55
74
65
69
60
69
53
58
64
53
64
45
61
58
46
43
64
44
42
32
40
39
43
48
36
39
49
34
27
41
33
45
40
27
49
30
39
43
35
50
34
39
40
32
43
39
31
42
45
43
48
48
41
32
31
43
36
34
48
38
40
47
34
25
25
39
38
40
41
36
43
43
37
37
39
33
31
39
30
48
33
26
29
34
35
53
31
36
32
29
40
38
37
35
30
34
35
42
41
47
34
37
35
43
40
35
37
53
42
45
48
43
44
42
57
57
49
44
63
55
63
50
57
61
65
70
85
54
50
53
60
57
51
41
52
38
31
31
36
42
40
36
31
41
31
30
42
34
27
35
32
35
50
39
40
38
42
36
41
29
35
35
41
29
32
32
42
34
28
34
39
45
37
46
25
38
34
34
47
37
33
35
30
40
47
35
34
38
31
27
25
32
40
31
42
28
30
37
39
41
36
33
31
39
31
39
45
43
44
42
34
41
40
43
39
58
59
52
62
49
52
53
65
68
65
49
70
41
47
49
46
51
57
46
48
50
49
48
53
41
48
50
41
46
45
48
51
41
41
33
48
41
45
39
31
42
41
40
45
21
40
41
42
34
33
38
27
35
41
40
37
45
42
46
49
59
50
57
54
58
57
73
69
83
58
69
74
95
70
70
45
65
59
48
40
29
31
41
46
42
39
31
34
42
41
37
29
44
34
29
35
46
35
34
47
34
31
41
40
37
35
36
39
32
31
40
38
38
55
32
44
35
31
33
38
34
32
37
36
41
34
40
42
42
35
35
29
29
25
42
36
31
43
33
34
48
39
42
38
40
34
33
47
41
44
30
28
50
35
39
33
43
35
29
28
40
29
32
24
35
32
35
33
21
45
33
43
32
46
37
33
52
37
37
32
31
27
39
41
40
40
39
34
33
43
36
31
45
37
34
36
36
29
38
36
40
34
33
43
35
41
38
34
34
26
47
24
34
35
34
40
32
39
42
35
40
42
32
32
28
26
40
37
40
39
35
39
38
42
41
47
33
28
39
33
37
35
45
30
33
38
40
37
22
45
24
19
29
36
43
38
34
39
38
30
36
32
39
29
43
36
28
38
30
36
35
31
43
43
30
38
42
33
38
37
38
44
34
38
37
42
39
32
37
34
29
27
42
34
36
36
34
35
39
44
47
40
37
30
48
38
31
31
38
32
35
31
40
37
41
32
29
34
29
30
36
40
30
31
34
29
42
40
27
33
24
39
52
38
38
32
34
52
41
37
29
33
27
34
47
30
49
35
26
36
30
40
37
34
47
38
37
29
33
21
44
43
39
50
42
46
54
60
48
51
66
64
70
79
60
95
88
82
70
93
84
98
86
88
78
89
98
111
95
88
90
90
94
71
84
86
91
89
113
121
96
115
113
120
116
106
125
106
104
113
105
88
92
104
83
80
80
84
62
58
69
60
54
46
53
41
52
34
39
41
34
37
30
40
52
44
47
37
51
43
48
39
42
39
40
36
39
51
43
44
39
45
47
39
48
49
45
47
34
48
48
38
45
57
42
32
34
38
49
57
31
50
49
43
40
38
40
46
43
44
51
39
29
37
37
46
44
38
41
41
45
46
41
54
35
36
31
47
51
52
36
45
56
29
39
43
51
43
49
51
43
62
42
46
54
40
51
43
72
38
58
48
51
50
55
44
43
48
41
69
40
65
57
52
63
45
51
44
57
48
53
53
48
45
44
41
38
40
51
46
43
45
45
48
48
41
38
58
45
40
47
49
29
43
58
38
39
30
33
45
39
41
49
30
38
33
30
48
42
37
31
35
48
27
43
45
34
34
44
49
38
45
47
49
48
41
44
34
41
42
47
50
42
44
59
45
42
60
60
47
51
48
52
47
53
46
46
56
44
59
56
56
60
64
57
54
68
68
48
62
68
78
71
80
90
89
92
86
88
82
91
85
76
86
68
82
86
73
81
78
65
80
49
58
59
68
44
68
56
48
50
33
39
48
55
59
41
54
42
56
49
49
58
66
53
51
68
68
47
68
46
44
57
45
59
43
52
49
36
53
42
38
59
46
42
53
40
51
50
37
48
36
44
43
54
37
49
47
39
42
43
49
41
34
51
49
40
45
39
34
57
38
42
45
50
56
41
32
50
34
26
47
47
56
40
42
38
52
42
45
52
38
42
39
44
46
42
40
38
53
53
48
39
42
56
43
45
42
51
36
35
41
41
59
48
39
43
44
44
61
45
57
33
36
37
33
47
46
48
41
49
37
39
45
49
45
53
41
46
44
37
46
50
35
52
46
66
48
40
49
41
43
56
37
46
53
51
44
43
62
36
48
41
48
47
41
39
33
43
32
51
45
41
46
51
45
46
42
53
46
56
44
49
47
46
48
42
51
47
46
36
44
45
47
60
44
50
44
44
50
34
47
44
56
55
51
52
47
65
64
60
61
75
63
66
58
60
77
76
80
61
69
57
66
53
69
70
54
53
48
45
55
51
46
35
53
42
48
56
41
53
58
44
45
49
36
57
45
45
47
45
34
49
35
54
44
43
44
55
41
47
40
51
41
43
36
35
43
46
42
40
51
49
44
56
53
44
47
53
64
36
46
51
51
55
45
48
35
51
50
50
46
40
40
49
50
56
37
54
48
42
39
35
43
48
45
47
34
49
40
36
46
50
42
40
52
38
57
41
48
49
45
42
33
51
41
38
29
42
35
36
42
50
45
50
41
47
45
42
29
43
55
45
31
43
55
39
42
39
40
46
44
41
43
41
25
34
39
39
40
40
38
46
30
39
44
34
27
35
44
37
38
40
44
41
33
43
52
36
38
38
34
44
44
34
43
33
35
46
43
40
49
48
35
39
29
41
42
31
38
34
22
39
44
33
24
27
39
32
51
39
43
35
34
43
45
26
39
32
43
31
40
35
27
40
42
44
36
37
37
44
36
40
34
32
45
41
39
45
43
42
48
40
49
44
35
56
31
37
35
30
29
32
44
35
38
30
43
31
34
39
35
35
33
36
31
33
34
42
34
31
35
32
24
44
38
34
32
48
46
34
24
46
31
35
31
31
32
29
34
51
46
33
29
52
34
36
34
34
49
37
35
41
25
33
37
34
29
35
36
36
36
29
37
31
41
40
38
37
37
45
38
32
38
29
42
36
29
32
30
35
28
27
27
33
29
43
35
30
30
37
38
40
40
36
33
31
38
32
30
40
26
34
36
37
32
41
43
36
48
53
47
53
75
71
90
91
90
105
112
133
125
134
126
119
135
140
150
136
163
156
172
165
120
137
123
104
122
97
97
114
96
121
105
109
102
97
110
109
132
142
135
139
154
146
133
130
128
109
98
86
71
62
56
56
47
45
42
46
39
36
43
42
44
27
51
45
28
32
45
39
33
42
38
34
33
35
31
37
33
35
35
46
23
34
29
40
32
36
32
25
35
29
34
39
44
34
30
29
31
32
34
38
25
31
34
31
41
45
39
31
33
34
43
24
33
30
29
45
32
27
45
29
37
38
41
30
50
38
30
36
41
44
30
33
37
37
34
29
38
31
31
43
41
40
41
51
37
42
41
40
39
39
39
44
36
39
41
34
45
46
36
39
49
54
49
59
56
50
40
57
56
32
55
36
54
43
58
49
45
42
47
30
38
41
32
17
43
37
38
32
44
31
34
33
31
34
30
33
30
35
25
25
31
38
33
32
25
31
32
30
30
23
20
20
27
41
24
22
22
34
32
38
20
28
30
38
37
32
38
30
30
32
34
46
39
32
33
34
35
31
35
29
38
33
21
43
43
26
32
36
31
34
42
27
38
35
27
35
31
29
36
28
37
33
38
30
50
40
50
57
40
58
56
68
58
72
58
75
72
84
84
87
79
79
85
65
55
65
64
55
60
37
50
40
43
48
44
37
48
48
51
48
40
37
42
30
33
39
40
31
46
44
49
45
42
61
46
39
38
34
29
37
29
37
30
21
38
33
29
25
27
28
25
26
25
30
30
34
23
39
29
39
29
31
32
18
23
27
26
37
35
36
24
23
27
31
34
28
23
36
23
40
35
22
34
22
33
34
36
28
33
25
29
23
31
27
31
32
32
38
29
35
28
31
27
37
26
22
26
38
34
22
22
35
25
31
25
28
30
33
33
27
30
29
35
33
34
27
37
30
24
37
31
32
35
24
39
29
27
32
23
33
34
23
25
28
33
38
42
33
31
38
31
26
28
34
35
39
26
27
28
30
29
34
36
26
25
31
31
29
30
31
32
33
26
37
35
25
25
25
31
30
27
36
37
33
26
25
24
24
30
33
29
34
29
18
24
28
30
32
26
22
25
23
26
33
22
36
30
29
25
31
44
40
40
39
39
36
40
48
54
47
63
57
54
57
60
64
48
44
42
36
45
40
32
32
30
25
27
14
27
31
29
29
30
22
29
22
23
29
16
17
33
21
33
27
22
22
25
18
22
26
25
20
26
28
20
36
25
25
34
24
20
26
20
23
29
20
24
23
26
23
23
24
33
24
23
33
28
22
23
30
27
20
30
36
25
28
21
27
22
18
18
24
24
28
10
18
19
21
16
30
22
17
16
26
26
20
19
22
23
16
17
25
27
21
10
19
19
16
21
12
29
20
19
18
24
21
14
21
21
26
18
21
20
18
17
18
20
20
17
21
17
10
14
10
23
15
22
14
19
19
24
17
19
15
16
9
17
24
17
18
19
12
22
18
14
21
19
21
16
14
10
18
15
16
11
16
9
18
19
14
13
16
18
13
16
19
7
8
15
12
22
13
13
14
10
16
11
6
16
16
15
12
8
10
18
9
8
11
14
11
17
11
9
11
8
8
12
11
14
14
18
19
10
16
13
9
15
10
12
12
10
13
12
20
8
13
14
14
13
15
16
15
12
10
17
17
14
16
16
9
16
8
16
9
10
11
15
12
19
13
17
11
17
7
8
14
22
17
15
11
11
15
19
12
6
6
11
10
19
9
17
16
10
8
14
12
16
13
8
11
10
11
15
9
11
14
12
17
14
12
16
12
10
15
13
17
8
9
10
14
10
9
6
10
10
15
10
7
10
18
12
13
9
14
10
9
4
7
15
7
9
17
7
17
8
10
12
15
9
11
12
13
18
16
10
10
18
14
20
21
18
20
17
30
21
24
45
38
44
68
64
65
76
95
86
100
116
124
120
127
135
137
151
138
117
158
100
110
78
86
67
46
59
64
64
47
63
80
94
82
99
99
106
117
125
127
122
130
109
95
97
64
50
43
33
17
18
22
20
10
15
7
7
5
7
3
5
9
3
2
4
8
7
4
3
3
8
6
4
12
5
9
5
6
9
7
9
7
6
7
6
13
5
9
10
4
8
5
6
7
3
5
8
5
6
4
4
5
5
7
6
7
6
4
6
2
2
9
6
9
5
5
6
5
5
8
10
11
5
6
11
6
7
5
9
7
8
9
6
5
2
8
3
8
6
6
6
1
4
4
9
2
6
5
7
9
8
8
8
9
7
9
12
5
14
19
16
13
18
19
18
23
20
28
23
30
26
31
24
20
24
9
15
9
14
6
10
4
8
7
4
6
6
3
3
2
5
3
7
2
4
4
3
7
5
8
6
5
6
7
5
4
5
4
5
6
3
5
6
7
5
5
6
6
7
3
2
7
4
5
5
8
7
8
10
5
7
5
11
5
5
8
7
7
9
5
11
8
7
8
10
9
8
8
5
1
7
4
4
11
7
8
5
4
4
3
6
4
7
7
8
14
7
12
11
16
23
24
24
17
21
28
35
27
22
38
34
32
36
32
29
14
17
10
14
23
15
24
14
20
20
15
28
20
13
14
15
4
12
12
4
7
5
8
2
3
4
2
1
3
2
2
10
0
6
7
6
2
3
2
5
1
7
6
10
5
5
2
5
2
3
8
6
3
6
2
5
6
8
5
3
8
7
3
5
10
5
6
6
3
9
1
10
4
7
8
9
3
3
2
7
5
9
2
3
6
6
1
9
12
6
5
9
3
5
4
6
4
2
7
4
7
4
6
5
2
5
5
6
7
10
6
12
3
2
5
6
9
7
6
7
5
7
5
4
7
10
6
4
8
6
6
3
2
4
8
5
5
5
4
5
8
5
5
2
5
6
1
7
2
3
4
9
8
6
4
5
3
9
4
3
5
4
6
5
1
4
4
6
6
4
2
3
2
3
6
6
4
3
4
6
7
2
11
7
2
7
5
5
3
6
5
11
4
2
6
6
5
4
8
7
5
7
4
2
7
8
5
9
4
2
3
7
6
4
4
4
6
7
6
5
7
7
5
6
4
5
6
4
2
8
8
7
4
6
9
8
6
5
7
7
4
7
3
3
9
5
4
5
6
3
4
6
4
6
8
4
5
12
5
10
3
8
1
4
4
6
5
4
8
5
5
8
3
6
8
9
5
8
8
10
7
7
8
3
5
3
5
7
2
8
2
6
3
3
6
4
8
2
5
7
3
6
3
5
4
6
2
9
4
2
7
2
0
4
8
3
5
4
5
3
3
4
6
5
1
5
6
4
4
8
5
6
1
7
2
12
5
4
1
8
3
3
4
3
7
1
5
8
4
4
3
7
3
5
8
6
5
9
3
3
5
5
1
1
3
8
8
4
4
8
2
4
8
7
1
2
5
8
7
6
2
5
2
3
5
2
2
2
6
4
4
5
7
6
5
2
4
1
10
3
4
7
6
4
2
3
8
5
1
6
8
3
4
4
10
5
2
6
3
1
6
9
8
4
3
2
4
7
8
3
3
4
1
5
2
4
6
9
5
15
7
7
5
11
4
7
6
15
9
8
11
16
7
4
11
5
4
13
5
6
6
8
3
4
5
4
5
4
3
4
4
2
5
8
3
9
4
8
4
3
4
5
4
6
1
7
5
6
4
4
10
2
2
6
7
9
4
5
8
6
2
1
4
3
10
4
4
4
4
4
6
5
3
3
2
6
4
0
8
5
3
4
6
7
3
3
6
6
3
4
4
1
2
3
8
5
4
3
9
13
4
15
10
6
3
7
6
9
12
12
10
15
9
7
9
5
8
8
9
5
6
7
9
7
7
3
4
7
7
6
4
3
3
3
8
7
7
4
5
4
4
4
4
4
3
4
3
1
3
4
2
5
2
4
4
8
2
4
4
7
7
5
2
7
7
0
3
6
0
5
4
4
1
3
4
7
5
5
8
3
5
6
3
1
6
2
9
5
3
1
7
3
4
2
2
5
4
7
4
3
3
5
3
7
5
5
4
1
3
3
6
10
5
0
3
6
2
5
8
5
5
6
5
7
8
5
4
4
4
3
1
4
7
2
4
3
2
6
7
1
5
6
4
4
7
7
4
4
1
6
2
7
4
4
2
3
5
8
8
2
4
5
3
0
5
4
6
3
5
4
2
6
3
3
7
1
3
2
7
4
5
3
4
2
3
3
4
3
2
4
2
6
4
4
5
5
3
1
6
3
4
4
2
8
0
4
10
3
0
4
4
6
3
4
1
3
3
4
2
3
4
7
4
2
4
7
2
4
3
2
1
6
9
3
5
5
10
6
6
5
5
7
10
6
11
8
6
7
13
5
8
9
16
7
11
7
11
11
9
11
7
8
10
9
4
2
8
3
7
7
6
7
5
5
7
5
4
4
7
5
1
6
3
3
6
2
6
2
6
3
3
7
8
11
4
1
6
8
6
11
6
7
4
5
9
7
6
13
6
9
6
5
8
10
2
16
9
3
5
5
8
6
3
6
9
8
3
9
7
7
3
5
5
8
8
9
4
7
8
4
2
5
7
3
5
4
9
8
9
4
4
1
5
5
10
3
4
7
7
6
4
3
7
3
1
4
3
5
3
2
6
5
1
6
7
9
6
2
4
3
1
2
6
5
1
4
3
6
2
3
6
5
3
6
5
5
3
6
3
7
4
2
1
3
4
3
6
3
10
7
5
7
12
8
7
8
4
8
6
10
7
8
7
6
12
7
5
3
6
7
3
4
5
9
5
4
4
8
4
5
5
1
4
6
3
2
2
4
2
2
4
3
4
6
3
6
2
8
5
7
3
5
2
1
4
3
2
6
5
4
6
3
7
14
6
9
1
6
3
3
4
5
4
4
4
8
3
3
3
5
6
7
4
0
4
2
5
6
2
1
2
3
1
4
5
4
2
5
1
3
2
4
4
4
4
4
2
3
4
9
4
4
5
6
8
2
3
3
2
8
8
1
2
1
3
4
5
2
3
4
4
2
7
7
6
4
7
2
5
5
5
5
4
2
4
5
4
3
4
6
1
5
6
3
5
5
4
6
3
6
5
4
3
3
5
7
5
3
9
3
9
5
2
4
4
5
6
5
1
4
6
7
4
3
4
5
5
3
11
3
4
3
5
2
3
1
3
1
6
7
4
3
5
4
2
2
3
7
4
2
3
2
4
3
7
3
6
6
4
4
6
6
3
4
4
7
4
2
7
5
7
3
3
2
10
6
3
2
6
3
2
4
6
4
4
6
0
6
6
2
3
1
2
5
2
4
3
1
1
4
2
5
6
4
3
3
3
3
2
6
1
3
5
4
3
5
6
4
0
7
8
3
1
4
3
5
8
4
4
5
3
6
3
2
4
2
3
5
3
3
1
3
9
0
1
3
3
8
6
3
4
8
4
5
3
6
6
8
3
2
2
3
3
5
4
1
5
6
7
6
7
8
6
5
4
4
1
10
6
5
12
14
6
5
13
7
11
8
7
5
9
5
12
7
6
5
4
5
4
5
3
3
2
5
5
1
4
1
1
3
2
2
3
4
3
4
5
3
0
0
3
1
2
2
3
3
2
3
3
3
2
7
4
0
7
7
5
3
6
2
0
2
3
5
7
1
6
2
1
2
4
5
2
2
4
2
2
2
2
4
4
5
4
4
3
1
4
1
8
3
5
3
3
5
5
5
9
5
8
4
6
11
10
9
4
8
8
8
13
10
8
6
7
5
6
6
7
2
3
2
3
4
1
0
2
3
0
4
3
1
7
2
1
5
3
4
3
5
1
4
4
5
4
4
1
2
0
0
1
2
7
2
2
3
2
2
3
2
3
3
3
5
5
2
1
1
6
0
1
3
2
2
2
5
0
2
8
3
4
3
4
2
3
2
3
5
1
2
3
3
5
1
0
1
2
0
2
4
1
4
2
2
3
1
4
2
4
3
2
3
3
2
2
3
5
6
2
2
4
2
4
2
3
2
6
2
3
4
3
2
3
4
5
2
1
5
4
3
3
1
3
1
1
3
1
5
1
2
3
1
2
4
0
4
4
4
5
3
2
4
1
3
1
4
2
4
0
3
1
3
7
6
3
2
6
1
0
2
1
2
7
4
4
3
2
7
3
2
3
5
2
1
4
3
2
3
3
2
4
4
0
4
4
1
1
5
5
3
5
1
3
0
2
2
3
2
3
2
6
3
1
5
1
4
3
3
6
1
2
3
3
8
5
13
3
11
9
7
11
10
8
14
12
12
18
13
12
13
13
17
15
12
15
8
8
16
12
10
8
5
8
4
5
6
6
1
6
3
4
5
2
5
4
2
2
5
1
2
3
5
3
5
3
1
2
1
2
2
5
1
1
3
2
4
1
4
1
3
5
9
3
2
3
1
3
7
3
4
1
2
4
1
3
3
3
5
5
1
1
3
1
3
1
7
2
1
4
4
2
3
1
2
3
2
4
3
5
2
1
1
3
4
4
2
0
1
5
1
3
4
2
1
1
2
4
4
2
3
3
3
2
2
3
3
2
6
2
1
4
3
3
0
2
1
4
3
3
1
2
2
0
5
0
4
1
2
2
3
3
2
0
1
4
2
3
2
3
5
1
7
7
3
4
6
3
6
10
4
5
3
5
5
10
7
5
3
5
5
3
3
4
4
5
2
3
2
4
4
1
3
0
1
2
3
2
1
2
2
1
2
0
2
1
1
2
3
4
1
5
1
1
3
1
0
2
1
1
2
2
3
4
3
3
3
1
5
3
2
5
1
4
0
4
2
2
0
1
2
4
2
4
0
1
6
4
4
2
2
1
2
3
0
2
2
0
3
3
2
5
3
3
3
2
3
4
3
2
2
1
2
8
2
1
3
3
5
2
2
7
3
3
0
1
2
1
2
4
3
4
3
2
1
5
4
2
4
3
2
0
1
1
2
3
2
1
4
0
2
4
3
1
2
2
5
1
1
2
2
3
1
1
0
2
2
0
0
3
1
3
2
4
3
1
2
4
3
3
3
3
4
3
3
1
1
1
4
3
1
3
2
1
1
2
3
1
4
3
1
2
2
1
3
3
6
4
2
4
3
5
3
4
0
1
2
3
1
4
5
2
7
6
2
1
3
6
2
2
2
4
1
4
3
3
2
1
2
0
2
3
2
3
3
0
3
1
0
1
2
1
4
3
0
3
1
0
3
1
1
0
4
2
2
1
4
1
2
1
2
1
2
1
4
3
1
1
0
4
4
1
4
1
0
4
2
2
0
3
1
1
3
0
1
1
2
1
0
2
2
3
2
3
1
1
2
2
1
0
2
2
1
4
3
2
3
2
2
2
1
2
2
1
1
4
2
5
0
1
0
2
1
5
6
5
2
5
3
2
3
1
2
2
2
1
2
2
1
4
3
2
1
0
2
1
1
1
2
4
1
2
3
1
2
1
3
3
0
3
0
1
2
1
1
0
5
2
2
4
2
3
1
1
2
1
2
2
3
2
0
4
1
5
2
1
2
1
4
1
4
2
1
0
5
2
3
3
4
2
4
5
0
1
6
0
3
1
2
1
0
1
4
0
2
0
1
1
2
3
2
1
1
0
2
2
3
0
0
2
1
1
0
2
2
5
5
4
4
3
1
2
1
2
1
1
1
1
4
3
2
0
2
2
2
4
4
1
1
5
0
0
5
0
3
2
0
3
0
1
2
0
1
2
0
2
2
0
0
1
2
4
0
4
0
0
0
0
6
1
3
2
1
2
1
3
1
1
1
2
3
0
2
5
1
0
3
1
0
2
1
4
1
3
3
3
1
2
0
2
3
1
2
0
2
0
3
0
2
1
1
4
2
5
1
2
0
1
4
3
1
1
3
3
0
1
3
6
1
0
0
1
3
2
0
1
2
3
0
1
0
1
2
1
0
2
0
1
2
1
1
2
1
0
0
1
4
1
2
0
3
0
2
2
3
1
1
1
4
0
1
2
3
1
2
1
0
1
0
1
1
0
2
5
1
0
1
1
3
1
1
1
0
0
0
4
1
3
0
3
0
1
2
0
0
2
1
0
1
2
1
2
2
1
3
3
2
1
2
3
1
1
1
1
0
0
1
1
0
0
1
1
2
2
0
1
0
4
0
3
0
4
0
1
0
0
1
1
2
2
3
5
7
3
9
8
3
5
11
9
11
8
12
9
12
15
9
12
12
15
12
7
8
6
8
3
5
4
2
4
1
1
2
0
2
4
3
1
2
0
0
2
1
2
1
0
1
0
1
1
1
1
1
0
1
1
2
0
1
3
3
0
1
1
0
1
1
2
1
0
1
2
1
0
1
2
2
2
2
0
2
0
1
1
0
0
2
1
1
2
1
0
2
1
2
0
0
2
2
2
0
1
0
0
0
0
3
0
2
2
0
1
2
1
1
0
4
3
0
1
0
0
0
1
3
0
1
1
0
4
0
1
1
3
0
1
1
2
4
0
1
1
0
2
3
2
2
2
1
2
0
2
1
1
0
2
1
1
1
2
1
3
1
0
2
1
1
1
0
0
2
1
1
1
1
1
1
0
1
3
2
1
0
0
0
1
2
2
2
1
1
0
4
1
1
2
1
2
2
2
4
1
0
2
6
2
0
1
1
0
1
1
2
0
2
1
4
0
0
2
0
0
1
2
2
2
0
0
1
1
1
1
4
0
1
0
1
0
0
0
3
4
3
1
1
2
0
0
2
1
1
0
0
0
3
1
0
1
3
0
0
2
2
2
0
1
1
0
1
0
1
0
1
0
1
0
1
3
0
1
2
4
1
1
1
1
2
1
3
0
2
0
0
1
3
2
1
0
1
0
1
2
0
1
0
0
1
1
3
0
0
0
1
2
0
4
1
1
1
1
0
1
1
2
1
1
0
1
4
2
1
0
0
2
1
2
2
2
1
1
1
1
1
0
1
2
0
1
0
1
1
0
2
1
1
1
3
5
0
1
1
4
5
0
3
2
0
0
2
3
3
2
0
0
2
1
0
3
2
0
2
2
0
3
1
3
1
1
1
0
2
2
2
1
2
1
2
2
0
0
1
1
2
1
0
1
4
0
3
1
1
1
2
1
0
3
4
1
0
1
0
2
1
4
0
0
1
2
1
0
1
1
1
2
0
2
2
3
0
1
1
3
1
2
0
1
0
0
1
5
3
0
3
1
0
1
2
2
1
2
0
1
0
0
1
0
0
3
2
3
0
0
1
4
1
1
1
0
2
2
1
0
1
1
3
1
3
1
1
2
0
2
1
1
5
0
1
0
1
0
0
2
5
3
2
0
0
0
3
2
1
3
0
2
3
1
1
3
1
1
1
1
0
0
1
3
1
0
3
2
0
0
0
0
0
0
0
1
1
3
0
2
1
0
0
1
0
0
0
1
1
0
1
1
1
0
0
0
2
1
1
0
2
2
2
1
0
3
0
0
2
1
0
2
1
1
0
2
1
1
1
1
2
1
2
4
2
3
3
0
2
5
0
1
0
2
0
2
2
4
0
0
1
0
2
1
2
1
0
2
1
1
0
7
1
0
1
1
1
0
1
1
1
1
2
1
0
3
1
0
2
2
1
1
1
2
3
4
1
0
2
1
1
1
1
0
0
2
2
0
0
1
1
1
2
0
1
2
2
3
3
2
4
1
2
0
1
1
1
0
0
0
2
2
0
1
3
1
1
3
1
0
1
2
0
2
2
0
0
2
0
0
1
4
1
2
0
1
0
1
0
1
0
1
1
2
1
3
3
1
2
1
0
0
2
1
1
0
1
0
3
1
2
1
0
1
1
0
1
1
3
1
0
2
1
3
1
1
0
2
0
0
0
5
1
2
2
0
0
1
1
3
5
0
2
2
3
2
2
0
0
0
0
1
2
0
1
1
1
1
1
4
2
0
3
1
0
3
2
0
1
1
4
1
0
4
1
2
2
5
1
0
1
1
2
0
3
3
1
1
2
0
0
1
1
0
0
0
1
2
1
1
4
1
0
0
2
0
1
0
4
2
0
2
2
1
2
2
1
2
1
2
2
2
2
6
3
5
1
3
5
1
2
10
3
3
5
1
5
5
5
3
7
4
4
6
5
6
9
9
5
4
5
5
5
3
4
2
2
0
3
2
0
3
0
2
3
1
1
1
3
1
0
5
1
2
2
2
3
0
1
3
1
2
1
3
0
2
4
0
1
3
4
2
3
0
2
3
1
0
2
4
2
1
0
2
1
2
1
2
3
3
1
3
1
2
1
1
1
2
2
3
1
3
4
1
2
3
2
2
0
3
2
0
3
3
1
1
0
1
1
1
1
2
0
1
1
1
0
0
1
1
0
0
1
2
2
1
1
3
0
0
0
2
1
3
1
0
2
3
3
3
3
2
1
4
2
4
1
4
2
2
2
2
3
1
3
1
5
2
1
3
0
2
1
1
0
2
2
5
0
0
1
4
0
0
2
4
1
2
2
2
3
4
3
2
1
4
2
1
2
2
1
1
0
3
0
$ENER_FIT:
5.8420 0.604499 -1.266400e-008
$MCA_CAL:
3
5.8420 0.604499 -1.266400e-008
$ENDRECORD:
