$SPEC_ID:
None

$MEAS_TIM:
7598.21000 7978.13000
$DATE_MEA:
04/30/2013 8:52:13 AM
$DATA:
0 16383
0
0
0
0
0
0
0
0
0
0
0
0
0
0
0
0
0
0
0
0
0
0
0
0
0
0
0
0
0
0
0
0
0
0
0
0
0
0
0
0
0
0
0
0
0
0
0
0
26
183
331
359
429
433
409
412
295
192
1385
4264
4774
4767
4777
4670
4657
4588
4716
4725
4833
4700
4858
4775
4798
4889
4772
4869
4958
5058
5110
5079
5005
5147
5147
5171
5080
5311
5220
5379
5393
5360
5702
5559
5659
5629
5832
5861
5966
6066
6118
6152
6367
6204
6333
6332
6601
6562
6578
6756
7070
7622
7877
7999
8465
9363
9274
8254
8066
8230
7929
7662
7969
8082
7873
7435
7269
7189
7451
7423
7858
8182
8261
8171
7984
8139
8316
8199
8004
7927
7857
7806
7671
7542
7379
7447
7365
7486
7436
7516
7476
7473
7463
7537
7576
7638
7344
7471
7583
7589
7595
7462
7446
7624
7699
7724
7564
7719
7651
7728
7583
7630
7568
7591
7541
7614
7486
7503
7535
7559
7528
7479
7453
7567
7357
7429
7302
7326
7380
7491
7457
7962
8626
8870
8610
7850
7476
7412
7180
7379
7302
7244
7294
7286
7245
7037
7251
7113
7276
7082
7202
7019
7058
6996
7214
7122
7272
7243
7250
7360
6892
6934
7233
7106
7229
7007
6915
6952
6826
6852
6886
6879
6839
6856
6986
6870
6785
6925
6861
6748
6874
6809
6702
6726
6785
6680
6672
6772
6825
6723
6729
6699
6823
6699
6705
6813
6622
6696
6630
6724
6726
6670
6613
6643
6828
6898
6909
6952
7068
7108
7031
6837
6906
6789
6829
6703
6736
6725
6693
6972
6893
6858
6823
6919
6743
6686
6820
6771
6701
6717
7237
7766
9094
9266
8201
7244
6694
6567
6488
6660
6612
6563
6534
6485
6340
6446
6333
6304
6204
6326
6369
6195
6304
6276
6142
6217
6090
6321
6311
6640
6723
7032
6817
6318
6115
6050
6079
6017
6104
5916
6154
5928
5881
5896
5906
5839
5905
5929
5762
5814
5926
5808
5819
5891
5756
5694
5629
5823
5676
5634
5600
5770
5579
5699
5585
5643
5487
5529
5581
5661
5664
5480
5472
5610
5427
5588
5339
5603
5682
5690
5722
5913
6094
5894
5791
5614
5560
5605
5442
5434
5387
5494
5344
5467
5181
5391
5264
5427
5355
5379
5499
5276
5427
5354
5140
5365
5362
5387
5370
5194
5458
5316
5337
5400
5355
5304
5285
5497
5385
5551
5512
5556
5648
5668
5662
5704
5553
5330
5460
5251
5368
5288
5227
5168
5220
5096
4949
5170
5048
4903
4966
4842
4838
4895
4891
4980
4798
4902
4894
4950
5016
4946
4827
4887
4753
4952
4898
4968
4855
5083
5068
4917
4705
4836
4886
4746
4776
4842
4870
4936
4784
4828
4796
4974
4821
4857
4796
4744
4832
4738
4767
4920
4832
4827
4722
4897
4779
4869
4826
4966
4826
4869
4763
4832
4842
4743
4816
4671
4787
4660
4754
4767
4753
4642
4791
4734
4586
4512
4532
4523
4452
4339
4323
4189
4237
4376
3952
4063
4105
3997
3905
3973
3877
3800
3788
3714
3704
3508
3583
3597
3380
3596
3487
3457
3457
3328
3392
3409
3308
3282
3331
3340
3345
3291
3335
3271
3315
3235
3308
3421
4033
5081
5796
5774
4531
3631
3196
3149
3077
3057
3108
3031
3208
3450
3687
4137
3746
3318
3015
2795
2866
2893
2878
2769
2880
2818
2816
2899
2821
2871
3546
4674
5930
6079
4862
3449
2844
2636
2603
2469
2592
2565
2544
2444
2568
2558
2521
2449
2450
2539
2490
2565
2526
2616
2707
2957
3090
3035
2770
2578
2521
2551
2490
2533
2515
2516
2625
2648
2546
2507
2541
2590
2545
2670
2546
2584
2710
2637
2544
2565
2652
2631
2627
2531
2590
2565
2698
2650
2659
2725
2670
2684
2760
2671
2640
2698
2788
2758
2788
2669
2709
2653
2680
2614
2715
2752
2714
2671
2607
2627
2663
2581
2685
2757
2707
2743
2735
2673
2691
2569
2542
2649
2686
2538
2512
2552
2625
2638
2750
2890
2889
2749
2659
2447
2507
2576
2480
2557
2473
2491
2551
2431
2634
2595
2505
2559
2514
2498
2407
2485
2442
2450
2449
2400
2361
2451
2338
2421
2391
2363
2418
2374
2363
2431
2375
2373
2388
2390
2368
2450
2577
2489
2554
2662
3038
3690
3744
3285
2723
2452
2384
2250
2275
2329
2380
2286
2381
2313
2364
2314
2392
2285
2273
2393
2256
2283
2291
2390
2336
2327
2394
2297
2369
2446
2305
2385
2365
2437
2352
2403
2463
2383
2400
2384
2456
2416
2448
2483
2512
2474
2544
2656
2702
2869
3526
5288
8945
14229
20160
24759
27933
30065
30646
31481
31580
31977
31464
31431
31276
31327
31378
31179
30986
30663
30045
29503
28080
26411
22914
18385
13187
7737
4219
2288
1738
1445
1520
1468
1402
1422
1427
1449
1373
1479
1391
1352
1430
1447
1352
1430
1404
1364
1402
1429
1422
1467
1404
1389
1365
1371
1370
1424
1459
1645
1624
1686
1614
1643
2001
2493
3431
4901
6288
7162
6773
5602
4137
2983
2058
1791
1807
2203
3175
3934
3830
2740
1928
1508
1466
1432
1389
1307
1302
1230
1342
1325
1295
1302
1302
1294
1309
1304
1236
1291
1288
1253
1193
1344
1240
1371
1292
1329
1265
1204
1258
1303
1331
1305
1308
1396
1279
1295
1319
1277
1244
1325
1257
1270
1266
1249
1291
1266
1309
1248
1301
1288
1321
1251
1297
1229
1240
1401
1199
1214
1318
1317
1270
1311
1343
1298
1319
1329
1299
1306
1318
1227
1248
1241
1264
1272
1278
1297
1278
1252
1193
1284
1255
1301
1275
1363
1365
1458
1301
1291
1269
1307
1217
1180
1278
1250
1280
1230
1234
1251
1286
1250
1259
1260
1293
1290
1283
1503
1743
1825
1697
1685
1476
1387
1228
1228
1374
1253
1281
1275
1217
1256
1220
1253
1231
1340
1271
1261
1439
1535
1530
1340
1388
1273
1363
1325
1285
1281
1347
1299
1216
1358
1317
1318
1295
1284
1372
1336
1314
1336
1359
1357
1289
1268
1343
1321
1321
1261
1267
1241
1285
1342
1243
1279
1240
1258
1275
1234
1217
1241
1266
1249
1252
1288
1309
1225
1281
1245
1339
1263
1285
1238
1262
1221
1172
1312
1270
1281
1305
1233
1278
1247
1294
1228
1228
1232
1227
1299
1267
1236
1240
1211
1218
1274
1280
1193
1260
1258
1238
1214
1280
1292
1235
1204
1236
1200
1223
1278
1242
1208
1229
1153
1179
1165
1177
1162
1237
1304
1305
1359
1295
1215
1208
1162
1136
1174
1168
1151
1211
1151
1182
1160
1295
1260
1307
1237
1235
1183
1149
1164
1177
1157
1178
1146
1169
1133
1161
1214
1197
1185
1200
1189
1170
1147
1137
1134
1075
1117
1168
1191
1109
1153
1169
1121
1163
1105
1111
1151
1173
1180
1144
1137
1243
1142
1253
1374
1669
2039
2133
1741
1553
1312
1184
1160
1291
1186
1169
1184
1194
1137
1176
1126
1136
1136
1180
1201
1177
1209
1108
1152
1146
1195
1168
1178
1125
1163
1135
1129
1118
1158
1249
1184
1156
1118
1083
1152
1095
1077
1150
1175
1082
1070
1067
1119
1122
1069
1095
1107
1105
1182
1088
1136
1125
1132
1109
1096
1137
1089
1129
1087
1094
1077
1122
1110
1072
1116
1065
1131
1147
1149
1198
1280
1259
1276
1200
1094
1101
1046
1152
1113
1187
1060
1134
1128
1060
1112
1105
1068
1070
1139
1133
1124
1126
1121
1065
1118
1148
1185
1128
1080
1109
1158
1038
1097
1151
1192
1100
1103
1074
1090
1050
1094
1072
1129
1037
1143
1124
1061
1145
1090
1102
1105
1121
1233
1416
1768
1973
1978
1715
1396
1179
1085
1127
1143
1188
1178
1116
1065
1114
1110
1159
1148
1184
1206
1236
1133
1143
1116
1057
1138
1256
1542
1852
2065
2186
2368
2495
2212
1865
1434
1152
1045
1087
1049
1077
1015
1048
1073
1102
1082
1092
1097
1055
1004
1078
1008
1122
1055
1123
1080
1061
1084
986
1081
1052
1098
1055
1005
1076
1041
1082
1164
1219
1223
1156
1137
1188
1079
1059
1081
1069
1105
1028
1056
1059
1081
1121
1100
1115
1017
1108
1114
1048
1126
1082
1112
1123
1105
1120
1092
1104
1087
1074
1088
1037
1073
1079
1109
1089
1109
1127
1136
1065
1157
1055
1082
1175
1131
1316
1821
3095
5566
7708
8302
6604
4187
2241
1356
1123
1067
1101
1092
1122
1053
997
1092
1001
1047
1060
1038
1087
1092
1066
1117
1023
1073
982
1005
1027
1054
1043
1026
1049
1094
1078
1116
1072
1067
1026
1123
1087
1055
1039
1045
1085
1122
1106
1182
1168
1193
1162
1218
1078
1114
1078
1006
1058
1066
1078
1108
1092
1025
1045
1070
1053
1080
1022
1004
1009
1051
1038
1035
995
1034
993
986
1009
1036
1041
1018
972
1061
1090
1068
1077
1004
1071
1038
1002
948
1004
1036
1027
1102
1201
1401
1599
1608
1446
1388
1099
1119
1025
1050
1032
1047
1045
1022
989
1054
1005
1010
1022
1034
967
1011
1013
1070
1002
1019
1015
1071
1023
1125
1064
1078
1058
1012
1113
1093
1069
1035
1023
1122
1143
1119
1087
1048
1075
1027
974
1023
991
997
1000
1044
1022
983
1084
976
1058
975
1061
1028
1044
1039
1022
1008
1042
1089
1119
1082
1076
1064
1085
1127
1064
1107
1087
1023
1145
1311
1367
1350
1295
1161
1090
1044
1032
1007
976
1039
1021
1060
1085
998
1002
1045
1002
1035
993
1102
1062
979
1024
1022
1032
1036
1091
1089
1117
1157
1267
1197
1171
1133
1073
1029
970
985
1034
997
990
1024
1016
1047
1090
993
1056
1001
1063
1048
1048
951
1057
1090
1129
1183
1171
1083
1043
1045
970
983
1077
1086
1101
1200
1122
1115
1073
1022
1026
1050
988
1055
974
984
1034
991
1006
1084
1034
994
1036
1013
1030
1009
1006
1063
1049
1020
1069
1038
1006
1011
1033
991
1053
1001
1050
1119
1066
991
1017
1028
1008
1052
1039
969
981
1056
1024
1031
1010
1036
1008
1088
1042
927
1062
998
1053
1060
1125
1236
1318
1281
1213
1092
1075
1062
1069
1041
989
1036
1018
1036
1032
1041
1030
981
1058
998
1012
1042
1002
997
1030
1076
974
1067
1056
1054
953
1012
1045
1044
1029
1001
969
1005
1059
1000
1000
1030
1002
1003
1032
1005
1015
1044
1031
1074
1033
1070
1049
1007
1057
1003
984
1070
995
989
1008
1067
963
1018
1097
1060
976
1067
979
1023
1009
1065
1038
1016
1032
1017
998
1050
1051
1037
1103
1015
1019
956
1007
1017
1024
1042
1073
1025
1042
997
1047
1003
1010
1039
992
1098
1016
1016
1013
959
1049
985
1008
1020
1004
1014
998
1028
939
1017
953
1036
1036
1005
1066
1018
988
990
959
982
988
1007
1007
1049
1084
1059
1054
1060
1045
1029
1031
1047
1044
1054
1051
1049
1014
969
1036
995
1033
1033
1068
1083
1102
1129
1140
1216
1141
1125
1033
1034
982
1025
1022
986
1026
994
1006
1030
1025
997
1033
1124
1132
1118
1142
1030
1100
1089
1045
1041
1017
972
1025
1052
1027
987
960
1040
1027
1004
1105
1079
1101
1135
964
1063
1042
1001
1042
1079
1040
1002
1068
1047
997
1025
1108
1083
1040
1089
1093
1045
1066
1002
1072
990
969
1036
1003
1022
1045
1019
1012
1065
1018
1022
1102
1058
1060
1089
1089
1029
993
1035
1004
1036
1096
1097
1229
1153
1169
1052
1114
1161
1236
1531
1861
2216
2416
2352
2011
1536
1189
1112
1017
1005
1051
1071
1114
1068
1047
1025
1034
1043
1044
1057
974
1040
1033
990
1031
994
1024
1020
1055
1006
983
1023
1007
1092
1134
1143
1227
1351
1244
1263
1198
1144
1059
949
983
1006
1022
1017
1061
965
1027
1010
1065
1086
1026
1063
1107
1247
1617
2221
2977
3829
4119
3905
3291
2409
1708
1352
1149
1072
1064
1081
1131
1070
1017
1110
1034
1128
1072
1063
1128
1086
1066
1130
1121
1101
1103
1115
1102
1162
1080
1074
1024
1108
1111
1095
1122
1081
1008
1090
1082
1111
1113
1076
1130
1108
1024
1043
1074
1132
1120
1094
1085
1111
1060
1073
1176
1084
1082
1056
1087
1110
1054
1071
1056
1114
1029
1079
1112
1151
1135
1021
1107
1042
1068
1057
1154
1182
1166
1167
1102
1097
1092
1146
1068
1048
1108
1087
1068
1104
1111
1091
1113
1081
1051
1175
1108
1125
1300
1539
1787
1910
1900
1802
1553
1466
1188
1124
1123
1178
1096
1087
1109
1081
1144
1132
1072
1147
1197
1288
1303
1372
1352
1357
1235
1146
1136
1150
1119
1031
1157
1120
1131
1101
1149
1109
1146
1082
1109
1117
1020
1084
1062
1144
1088
1105
1049
1148
1051
1078
1036
1078
1132
1126
1101
1058
1085
1090
1065
1145
1115
1130
1047
1100
1145
1100
1173
1120
1088
1104
1187
1173
1124
1131
1095
1205
1146
1079
1112
1067
1134
1145
1155
1127
1121
1119
1121
1078
1069
1099
1105
1067
1073
1126
1140
1124
1122
1096
1115
1173
1059
1092
1174
1202
1185
1187
1184
1141
1165
1133
1157
1175
1150
1196
1179
1093
1177
1157
1127
1115
1144
1097
1096
1067
1078
1178
1085
1128
1086
1144
1076
1096
1103
1119
1066
1109
1065
1152
1150
1132
1135
1099
1087
1099
1091
1083
1110
1116
1158
1130
1148
1146
1107
1143
1108
1158
1171
1171
1142
1191
1310
1220
1224
1239
1181
1156
1096
1091
1128
1122
1136
1116
1173
1198
1156
1065
1145
1119
1128
1155
1201
1172
1110
1189
1228
1148
1137
1213
1216
1162
1135
1143
1187
1110
1103
1248
1342
1583
1693
1897
2038
1908
1709
1401
1233
1150
1165
1146
1162
1175
1240
1185
1097
1219
1175
1119
1189
1135
1149
1205
1115
1130
1137
1098
1169
1164
1144
1158
1081
1194
1175
1164
1237
1219
1185
1124
1151
1219
1105
1103
1193
1165
1221
1209
1192
1229
1224
1117
1140
1154
1174
1215
1165
1162
1169
1152
1163
1204
1179
1166
1167
1091
1140
1153
1134
1198
1194
1111
1152
1090
1214
1140
1186
1162
1070
1132
1122
1155
1171
1210
1184
1144
1123
1240
1166
1164
1221
1181
1184
1213
1183
1264
1217
1236
1215
1186
1172
1203
1167
1166
1162
1147
1125
1162
1186
1200
1309
1178
1226
1211
1227
1188
1252
1162
1229
1241
1181
1217
1151
1213
1176
1233
1212
1212
1153
1207
1227
1152
1163
1156
1165
1200
1156
1241
1178
1189
1176
1210
1193
1237
1191
1244
1163
1260
1233
1200
1262
1248
1343
1273
1355
1220
1225
1151
1221
1188
1241
1206
1232
1192
1228
1231
1209
1251
1278
1223
1162
1218
1208
1189
1199
1233
1203
1222
1271
1275
1250
1260
1218
1240
1241
1273
1265
1235
1264
1232
1238
1246
1272
1268
1326
1330
1304
1264
1199
1223
1255
1246
1172
1214
1211
1186
1206
1262
1212
1189
1203
1238
1232
1238
1241
1236
1249
1207
1268
1213
1178
1194
1201
1272
1223
1242
1265
1310
1251
1213
1224
1235
1269
1196
1220
1186
1153
1220
1238
1230
1219
1248
1233
1292
1231
1272
1199
1283
1213
1270
1300
1222
1245
1255
1224
1241
1223
1283
1246
1264
1238
1215
1242
1166
1236
1223
1209
1202
1246
1199
1255
1208
1260
1240
1218
1204
1242
1218
1222
1184
1191
1268
1263
1195
1187
1259
1164
1270
1330
1248
1241
1220
1184
1254
1201
1277
1241
1172
1261
1266
1185
1253
1282
1220
1216
1221
1222
1211
1231
1232
1222
1198
1257
1232
1243
1243
1303
1214
1296
1255
1226
1222
1208
1193
1242
1224
1235
1272
1257
1226
1201
1249
1220
1233
1272
1193
1205
1234
1314
1319
1297
1282
1295
1330
1232
1293
1264
1235
1247
1268
1221
1269
1192
1134
1259
1165
1197
1245
1205
1197
1215
1305
1301
1293
1342
1351
1357
1357
1292
1246
1250
1276
1238
1182
1221
1204
1295
1306
1231
1227
1325
1431
1492
1546
1762
1769
1745
1595
1481
1289
1298
1266
1277
1314
1293
1269
1326
1285
1319
1310
1297
1339
1333
1281
1310
1308
1394
1330
1365
1301
1282
1302
1266
1339
1296
1348
1457
1531
1613
1659
1607
1564
1396
1430
1331
1297
1322
1297
1278
1290
1297
1262
1269
1273
1259
1322
1315
1286
1331
1297
1366
1299
1269
1377
1305
1295
1262
1322
1265
1319
1327
1320
1303
1262
1342
1346
1306
1318
1356
1374
1313
1305
1304
1319
1290
1241
1332
1304
1284
1342
1329
1309
1335
1369
1303
1252
1309
1340
1315
1296
1337
1344
1305
1316
1354
1378
1351
1336
1365
1432
1425
1482
1510
1487
1466
1496
1391
1322
1402
1364
1361
1353
1299
1308
1320
1429
1292
1369
1366
1275
1323
1287
1351
1367
1359
1348
1413
1303
1439
1347
1353
1425
1406
1477
1408
1425
1526
1446
1419
1324
1423
1341
1440
1353
1366
1441
1455
1431
1437
1479
1530
1654
2007
2420
3154
3933
4929
5690
6027
5831
5205
4251
3145
2447
1924
1731
1509
1491
1480
1386
1409
1383
1459
1433
1465
1513
1611
1648
1802
1871
1944
1931
1754
1647
1604
1588
1476
1464
1449
1493
1448
1421
1397
1407
1481
1403
1426
1459
1469
1466
1375
1410
1447
1476
1435
1425
1432
1426
1463
1536
1428
1436
1477
1443
1450
1397
1402
1470
1467
1538
1479
1514
1419
1446
1513
1436
1453
1449
1461
1463
1449
1450
1456
1463
1380
1532
1478
1468
1531
1526
1479
1540
1476
1498
1472
1506
1455
1450
1474
1465
1474
1444
1520
1461
1510
1503
1470
1445
1501
1433
1565
1592
1562
1667
1803
1924
2213
2451
2380
2559
2258
1981
1790
1604
1528
1493
1470
1522
1510
1600
1500
1426
1548
1497
1596
1505
1615
1510
1496
1556
1573
1521
1517
1578
1539
1513
1485
1589
1566
1553
1626
1551
1540
1620
1544
1554
1589
1657
1483
1509
1578
1545
1552
1542
1586
1571
1514
1564
1543
1566
1550
1545
1573
1588
1643
1617
1564
1587
1629
1564
1647
1564
1619
1496
1555
1554
1690
1559
1556
1593
1595
1631
1632
1661
1614
1603
1650
1582
1591
1595
1593
1656
1648
1614
1680
1621
1678
1646
1609
1659
1652
1716
1655
1593
1628
1616
1634
1657
1718
1646
1703
1705
1662
1688
1765
1649
1702
1712
1625
1684
1716
1640
1703
1692
1716
1723
1693
1733
1764
1701
1735
1731
1763
1690
1761
1829
1757
1751
1769
1742
1716
1783
1744
1705
1777
1740
1759
1734
1775
1819
1721
1733
1807
1882
1907
1915
1843
1878
1777
1782
1828
1801
1856
1784
1811
1828
1876
1783
1738
1792
1804
1893
1799
1872
1838
1832
1859
1860
1918
1918
2014
2060
2163
2114
2125
2136
1916
1964
1966
1777
1821
1899
1861
1839
1790
1867
1871
1897
1929
1897
1851
1923
1916
1939
1927
1968
1994
1957
1927
1890
1923
1950
1945
1959
1970
1975
1980
1924
1925
2022
1942
2059
2056
1965
2099
2005
1926
2010
1978
2105
1972
1915
1990
2023
1974
1968
2015
1954
2084
2103
2005
2081
2106
2122
1982
2064
2046
2020
2018
2008
1991
2059
2075
2068
2107
2059
2110
2127
2106
2083
2079
2087
2051
2118
2145
2106
2180
2110
2177
2196
2202
2185
2138
2152
2174
2187
2357
2332
2385
2363
2407
2283
2223
2177
2190
2103
2254
2278
2266
2415
2649
2695
2741
2844
2626
2422
2466
2444
2268
2319
2247
2361
2396
2451
2564
2598
2689
2645
2464
2412
2299
2199
2272
2360
2401
2282
2351
2348
2310
2278
2320
2376
2379
2201
2451
2366
2347
2277
2293
2289
2349
2384
2371
2268
2234
2396
2361
2339
2339
2376
2309
2369
2393
2288
2295
2287
2299
2362
2349
2356
2294
2318
2294
2305
2245
2264
2239
2284
2201
2207
2184
2089
2028
2024
1959
1901
1962
1918
1908
1845
1863
1939
1903
1851
1831
1813
1837
1797
1819
1753
1746
1774
1755
1742
1685
1715
1701
1697
1640
1687
1699
1680
1640
1651
1551
1655
1647
1591
1567
1656
1644
1615
1583
1580
1595
1590
1571
1568
1529
1535
1575
1456
1644
1524
1507
1519
1524
1535
1477
1483
1480
1464
1509
1459
1408
1504
1518
1452
1540
1444
1498
1468
1438
1420
1429
1417
1451
1371
1440
1439
1380
1431
1469
1420
1407
1358
1408
1367
1448
1332
1375
1410
1429
1374
1321
1276
1311
1339
1338
1292
1315
1232
1285
1308
1308
1277
1198
1214
1209
1214
1216
1270
1223
1194
1223
1178
1228
1257
1261
1203
1240
1161
1184
1227
1235
1203
1132
1188
1210
1138
1166
1191
1170
1210
1167
1174
1167
1059
1114
1104
1093
1062
1009
1071
1079
1017
1007
1070
1026
1041
1074
1021
979
970
962
1024
932
979
989
938
978
979
1072
1045
1120
1148
1092
1074
1014
953
975
876
914
880
816
846
819
888
825
805
833
791
803
786
767
814
808
790
794
796
759
839
803
855
829
777
763
810
845
799
743
852
778
772
789
799
762
796
807
806
820
807
858
775
836
831
828
855
839
834
824
854
883
865
871
914
860
888
898
828
838
811
823
828
777
814
769
888
871
834
807
840
841
744
843
823
826
806
776
753
758
739
793
749
774
773
741
688
754
756
765
753
791
788
816
736
770
790
762
764
746
705
770
741
759
761
738
711
685
743
747
764
738
753
728
773
744
753
715
772
742
744
716
709
720
725
684
702
650
716
729
762
753
682
702
701
697
684
698
727
681
720
707
698
700
706
686
727
706
709
726
709
695
698
717
718
656
703
752
718
703
694
725
704
694
706
733
716
767
751
682
745
714
721
692
723
717
679
654
721
698
651
689
728
746
694
701
746
698
731
788
766
784
739
745
771
828
835
982
989
1145
1457
2158
3687
6879
12612
21755
34288
48481
61859
71112
73147
64948
50057
31850
17187
7620
2915
1114
499
328
275
284
265
295
244
244
263
240
282
293
247
247
242
264
258
253
235
277
270
225
296
247
261
250
240
263
237
238
246
243
233
247
255
260
218
257
222
235
251
208
216
220
220
259
245
227
218
209
237
216
218
226
229
246
233
209
204
225
218
241
197
239
205
232
241
222
235
202
246
230
271
266
200
248
226
206
209
223
219
233
233
228
220
236
229
236
275
237
260
235
236
238
206
228
216
221
226
236
240
240
252
254
261
224
228
199
219
211
242
203
218
193
228
191
226
204
217
231
217
234
220
211
209
209
224
212
179
215
217
189
206
237
225
235
235
239
249
247
262
243
240
246
199
207
220
205
209
220
197
194
213
229
201
199
229
206
213
219
228
227
209
204
202
210
230
185
212
223
210
175
198
239
194
216
230
199
221
203
198
192
203
204
220
218
187
178
214
196
220
220
229
239
257
270
240
253
273
280
204
200
239
191
174
234
233
184
222
222
227
198
184
198
180
191
198
210
202
220
202
197
196
180
185
191
209
218
203
215
231
219
207
232
202
234
171
186
198
231
253
255
331
413
501
755
926
1197
1445
1488
1414
1201
905
632
442
291
232
192
194
195
205
202
213
207
227
197
208
214
201
187
215
218
210
187
193
195
196
201
197
197
200
182
189
193
161
210
186
189
193
193
201
204
207
205
206
196
196
200
194
203
198
182
230
192
206
195
225
186
197
263
248
258
250
293
245
269
273
274
247
209
222
210
223
201
218
205
231
226
216
198
211
235
181
202
196
191
179
200
192
215
187
206
158
170
233
202
181
195
201
188
182
206
204
175
210
181
179
177
213
197
208
195
209
190
187
192
205
199
157
188
207
173
184
189
195
199
201
206
199
191
231
180
180
180
179
202
207
184
206
202
187
190
214
192
224
232
226
253
226
224
240
213
189
195
188
208
172
158
186
176
167
183
216
186
178
185
210
192
216
219
202
182
198
181
212
209
202
229
236
263
280
269
257
276
268
234
186
219
194
174
202
201
202
186
197
191
187
196
190
174
184
179
178
197
190
189
177
197
216
191
222
196
213
190
205
209
198
190
178
200
226
199
238
235
221
253
224
289
248
230
279
246
240
290
232
234
205
218
207
213
203
237
213
244
206
248
220
189
200
188
192
186
193
182
191
208
188
178
187
187
189
177
157
175
200
184
207
178
181
209
156
203
216
207
194
196
215
228
184
207
231
179
229
192
183
180
189
173
189
168
172
186
186
208
191
203
201
174
173
172
186
216
171
174
167
181
214
218
205
185
194
163
190
194
191
193
181
174
184
193
199
188
193
212
187
203
185
214
212
173
191
209
206
187
190
185
201
221
182
181
163
165
187
186
204
188
207
238
203
220
217
184
178
190
160
201
190
187
190
178
189
174
189
186
180
183
173
210
183
213
191
194
210
173
199
170
192
189
174
211
180
196
197
196
196
207
202
200
205
213
205
177
194
190
187
164
193
197
196
181
190
214
189
183
175
211
172
186
198
177
179
195
168
188
178
172
177
191
183
185
170
168
171
196
192
164
188
179
190
180
172
186
164
172
188
172
165
183
175
182
170
173
199
204
200
168
166
159
185
198
201
193
205
195
213
186
196
200
198
212
186
179
196
204
201
205
210
229
201
228
200
206
214
192
183
192
203
186
164
187
207
181
213
189
216
211
210
213
205
233
212
203
208
215
201
200
192
227
210
179
205
210
183
156
197
156
183
167
197
171
164
186
195
165
175
189
202
192
179
180
202
214
184
172
202
174
171
197
194
177
193
177
171
165
198
200
166
240
243
216
261
268
267
303
257
223
234
230
182
194
171
184
196
173
182
187
185
202
208
207
213
237
239
222
217
214
202
193
179
208
212
172
194
189
171
186
184
167
192
171
181
193
160
183
187
193
187
185
189
159
179
164
193
180
188
157
174
149
175
179
189
178
174
166
156
157
169
190
217
227
241
297
294
300
326
334
301
305
261
246
223
195
183
188
204
165
190
171
178
170
166
155
165
154
149
183
153
154
174
178
162
182
158
183
139
191
174
166
163
152
167
183
160
174
136
180
184
183
156
193
194
167
169
156
173
149
169
137
149
173
177
147
181
176
171
173
139
172
185
180
167
191
171
155
158
176
169
168
203
181
193
174
183
175
198
166
189
176
175
193
181
163
163
184
166
186
175
174
177
162
193
168
156
172
169
183
194
166
171
159
161
167
177
167
223
204
185
195
187
205
170
186
167
158
177
169
145
183
202
193
178
192
192
165
200
190
184
212
192
196
187
181
173
194
169
172
176
173
152
149
183
163
157
199
162
176
183
187
184
162
149
145
169
144
155
154
170
156
177
153
151
179
172
184
196
185
198
184
197
184
199
218
208
208
230
244
252
258
289
260
203
213
199
191
180
162
176
191
197
197
188
162
202
166
204
163
178
164
156
189
148
159
158
155
160
169
151
156
153
156
156
173
186
150
142
153
162
163
162
166
182
164
178
156
178
155
168
143
164
161
152
178
189
145
139
152
163
180
136
157
178
166
161
185
188
180
158
133
158
165
134
151
150
165
174
176
167
160
145
163
155
147
163
155
164
187
177
168
158
183
150
155
145
190
171
168
161
196
192
205
266
266
343
421
452
476
571
501
480
435
343
279
207
178
163
145
160
160
178
157
168
183
175
176
147
152
184
172
166
161
162
153
145
155
181
149
156
144
145
169
155
186
186
192
175
162
200
182
183
192
195
207
190
197
210
206
185
189
174
174
146
169
164
146
171
169
150
175
146
152
164
185
169
170
204
178
166
164
156
172
175
164
172
159
154
167
126
141
154
142
147
138
171
135
152
153
150
141
161
151
147
148
145
159
133
174
172
151
150
158
162
162
180
158
153
142
176
151
172
175
151
155
149
143
176
160
135
155
147
171
151
144
132
158
134
138
139
150
130
167
169
136
157
173
175
178
167
153
181
168
152
174
162
175
173
159
180
149
171
199
169
204
209
222
217
219
238
244
231
222
202
213
192
190
206
188
191
183
185
191
181
153
156
146
149
140
146
160
137
162
151
143
162
134
152
124
160
156
139
147
160
129
160
164
153
137
146
167
171
152
162
153
138
155
176
165
166
178
174
182
190
218
234
176
197
168
175
158
166
162
145
130
145
128
151
160
155
117
148
164
152
146
141
143
135
129
156
125
146
143
142
137
144
133
142
141
128
143
128
136
164
149
150
127
149
157
172
137
144
148
144
142
123
134
140
136
133
141
151
128
155
141
140
126
145
152
159
157
172
181
142
172
157
159
157
143
126
128
133
156
137
147
141
143
148
144
166
166
157
150
142
150
155
177
148
142
118
138
139
155
134
118
127
141
122
132
141
127
145
124
127
137
134
134
143
151
132
148
140
171
144
133
152
130
124
146
139
146
130
136
129
126
139
140
154
155
137
132
123
170
139
125
155
143
136
146
135
134
142
146
149
138
132
148
136
132
135
127
121
123
143
122
137
132
142
158
152
144
147
156
153
168
146
144
151
160
190
184
170
172
179
174
156
176
165
190
154
170
188
162
154
135
158
151
119
134
149
141
167
166
123
150
150
163
158
167
154
169
175
173
167
150
135
124
139
129
133
143
151
155
165
153
157
154
156
150
136
140
128
149
139
148
134
149
131
140
145
101
123
134
135
151
129
146
146
125
139
128
159
150
132
147
152
152
163
195
165
255
260
339
396
468
538
569
565
635
580
459
364
284
210
184
160
159
140
130
137
132
132
115
105
128
132
124
108
129
118
136
139
148
110
170
140
153
150
146
131
139
120
134
115
123
131
99
124
131
148
106
123
127
135
114
130
115
145
130
119
124
134
124
146
107
134
147
123
139
105
138
129
128
136
129
149
149
151
171
156
168
175
163
188
179
152
182
145
158
140
134
153
137
136
137
132
132
132
147
123
134
131
125
146
124
137
126
133
136
130
130
139
131
128
136
142
130
132
135
142
134
137
136
148
120
147
127
112
131
127
111
119
144
125
118
122
136
138
138
109
126
143
149
160
150
134
137
116
135
159
134
137
113
132
148
136
155
141
136
128
128
138
138
124
108
117
100
122
121
117
132
119
131
143
133
114
136
136
119
119
129
125
124
139
152
135
143
157
137
140
147
172
136
125
141
134
124
112
134
139
120
128
140
142
132
133
146
133
123
130
137
132
133
127
139
133
128
129
108
122
137
135
114
146
107
115
136
152
137
131
136
145
129
130
133
120
125
131
112
126
123
121
132
135
121
151
143
178
160
186
210
236
203
214
201
195
205
173
148
142
151
140
149
128
122
123
119
101
110
130
121
112
123
129
116
113
147
144
121
103
121
124
130
135
128
120
102
126
111
113
135
137
133
121
123
127
150
135
140
140
149
124
131
128
133
128
125
121
112
123
132
130
125
116
153
136
129
143
157
156
159
145
182
150
182
167
170
140
155
148
149
128
126
109
128
127
114
107
102
105
124
113
119
126
124
113
151
126
131
111
110
132
106
128
139
140
125
150
129
156
169
156
151
165
186
177
148
145
125
127
132
135
106
131
112
111
127
123
113
117
123
126
115
117
107
129
112
116
121
135
123
146
96
118
99
114
133
90
115
119
124
121
123
121
117
121
134
145
141
140
155
131
119
149
142
109
107
116
118
108
117
126
127
103
127
121
96
106
131
116
120
120
110
115
115
120
112
103
123
122
137
124
122
133
128
143
150
137
146
147
122
129
128
114
125
92
121
118
98
122
128
81
90
109
111
128
131
126
110
110
108
111
119
111
96
126
112
120
127
127
117
111
115
112
115
118
110
109
106
91
100
101
109
111
128
139
95
105
126
96
120
101
117
115
111
105
117
106
98
116
127
122
113
113
142
135
149
144
150
161
165
170
156
180
192
227
238
278
322
316
385
416
456
476
413
349
259
202
158
153
129
109
102
96
107
123
122
120
89
116
118
105
110
111
92
103
140
109
101
116
130
128
112
105
117
110
129
110
98
129
128
116
95
104
120
99
125
90
108
111
129
109
89
107
96
100
107
99
105
100
117
107
91
104
102
102
106
99
107
115
112
106
107
104
99
129
98
103
127
118
126
118
112
119
136
113
119
132
119
113
122
119
130
123
88
118
108
123
95
108
97
112
97
107
100
121
102
90
93
108
107
91
113
110
95
99
95
90
114
100
119
116
102
102
102
100
107
92
112
113
121
122
107
95
91
111
102
118
113
104
133
101
122
96
102
98
96
106
102
109
102
110
88
89
104
103
112
109
124
84
105
116
93
104
97
105
113
112
90
88
105
89
115
115
97
91
86
87
98
98
115
101
102
119
102
100
108
107
113
100
100
99
101
91
111
90
94
107
115
100
123
117
120
122
113
126
105
113
105
100
105
97
120
105
114
109
96
93
107
111
99
132
138
140
143
118
162
178
171
166
217
192
207
171
217
172
206
228
215
226
267
251
209
211
192
183
143
120
136
106
120
112
114
97
94
91
118
101
116
111
103
100
109
108
96
95
98
101
77
102
93
116
98
123
111
113
123
125
122
117
117
113
147
122
111
98
87
98
100
108
94
100
102
108
103
116
109
109
113
130
100
122
126
132
135
125
155
130
121
137
125
105
108
111
101
96
98
102
89
107
86
87
93
96
86
96
100
106
94
107
114
91
95
91
113
83
85
118
95
111
123
111
98
94
114
107
112
111
110
103
119
89
108
111
91
96
92
96
98
89
74
114
97
114
112
112
112
96
88
104
108
105
94
92
91
91
106
84
107
113
121
92
109
96
101
113
110
84
96
104
116
108
86
95
108
116
121
101
106
113
103
108
108
96
94
103
97
97
120
87
95
113
109
109
118
99
131
102
112
134
100
109
105
94
99
105
98
101
93
110
98
97
97
75
107
94
91
100
103
87
95
91
111
113
92
100
102
97
109
94
101
88
99
93
94
85
101
95
90
108
105
91
97
95
112
115
119
125
111
129
120
136
124
108
128
94
110
101
106
105
106
99
95
89
78
96
86
101
102
107
101
113
96
81
97
95
100
111
113
106
105
120
127
114
135
116
139
134
145
140
140
134
154
126
161
137
115
139
132
120
148
132
133
162
131
136
104
113
89
112
94
105
99
108
91
102
91
102
112
87
95
95
101
98
95
117
135
89
101
108
95
106
95
99
109
99
129
120
121
110
102
114
89
110
88
87
96
106
88
85
95
101
90
86
103
92
105
106
94
110
92
115
102
97
93
121
116
113
99
118
109
109
91
103
94
114
105
86
111
92
106
98
99
112
110
121
108
106
144
137
155
121
132
134
156
151
148
156
140
151
159
171
159
139
129
158
138
168
161
160
159
174
167
180
151
164
158
137
149
139
142
122
111
124
107
109
108
125
89
116
80
124
118
104
114
99
117
102
102
102
101
101
102
109
89
105
102
121
131
93
101
120
112
109
108
114
95
107
122
112
116
130
113
110
128
107
116
126
110
147
123
115
112
125
109
97
103
106
114
117
111
97
121
125
129
113
85
118
119
95
107
114
105
124
99
100
114
99
103
110
109
96
97
106
104
113
127
107
104
109
106
128
104
104
110
115
95
103
110
88
93
113
111
104
105
116
101
125
113
100
100
106
149
146
109
127
158
126
117
119
147
111
138
125
114
136
122
112
106
89
100
106
105
105
106
101
112
110
104
115
107
100
109
115
102
101
103
104
112
107
105
113
129
117
100
123
117
116
107
104
99
110
118
124
106
120
109
115
90
102
89
107
96
77
117
86
96
97
113
124
105
89
113
107
110
101
100
87
115
90
114
117
95
108
97
87
124
118
104
106
113
94
101
108
107
99
85
119
79
113
106
115
109
115
125
115
120
99
116
107
112
101
102
108
105
99
109
107
81
94
116
102
101
82
108
82
90
95
109
119
123
111
141
118
116
100
113
96
115
110
99
125
146
119
121
128
111
128
121
113
114
124
100
100
104
112
126
132
86
121
93
100
112
126
115
104
103
92
91
109
96
114
99
108
102
103
107
102
103
87
96
85
93
101
120
108
109
118
96
103
89
112
95
104
99
114
118
105
106
104
114
111
112
91
114
117
122
123
105
102
120
96
104
117
130
111
100
83
107
112
103
111
123
121
106
134
128
109
122
103
140
126
138
139
118
115
132
118
99
107
116
125
97
115
121
104
103
107
96
116
98
122
114
109
97
116
95
113
111
96
100
95
104
95
108
98
138
100
104
96
100
97
117
124
105
97
102
107
112
122
101
99
109
108
102
100
113
91
116
104
96
97
113
91
105
108
123
88
116
118
108
106
92
124
117
107
120
128
116
92
126
92
102
99
107
109
99
114
84
94
108
113
121
88
89
107
117
104
120
90
106
108
101
119
95
117
112
85
117
99
118
112
139
105
106
105
125
105
104
100
96
91
101
101
97
107
104
105
93
90
111
112
116
114
126
149
152
142
196
206
182
196
161
210
205
157
148
119
136
105
121
122
118
110
102
84
109
112
106
107
93
129
112
101
129
106
123
114
116
119
94
115
87
103
112
107
100
83
110
127
108
125
125
127
119
129
111
125
129
152
153
123
144
109
106
92
111
99
121
116
116
103
83
116
104
115
135
120
128
124
130
123
105
105
102
107
113
98
115
99
94
107
121
102
111
116
118
130
126
125
105
135
123
121
111
98
142
104
121
118
120
102
110
106
106
100
101
118
106
95
88
100
96
114
109
108
102
104
110
86
99
100
98
85
124
114
106
121
108
114
115
136
120
106
105
129
110
101
125
113
108
113
97
97
74
112
110
113
96
93
98
110
89
108
88
103
116
100
116
84
97
85
112
99
102
108
103
95
113
112
114
106
116
99
97
101
92
86
93
93
94
111
101
97
106
77
101
95
92
101
78
94
93
116
98
101
85
107
92
99
95
95
100
125
94
98
94
87
84
105
95
87
104
101
96
96
105
110
109
116
97
110
132
128
150
121
147
133
149
130
140
157
169
166
154
157
152
141
154
120
121
104
140
115
97
83
106
116
101
84
100
99
109
100
128
117
100
103
102
93
103
126
121
113
114
108
98
92
98
103
108
95
92
84
94
90
106
106
110
122
84
99
108
104
113
128
124
133
165
164
147
187
214
223
197
232
202
245
225
249
233
221
186
189
174
153
147
131
167
137
125
145
153
151
142
125
129
103
119
109
105
121
110
117
138
130
118
140
127
164
156
155
180
179
179
183
199
175
166
168
198
245
195
167
171
163
189
185
199
244
211
236
256
240
228
231
243
253
233
223
212
185
193
174
143
140
137
121
135
141
137
113
126
119
108
111
106
108
107
105
124
118
96
110
104
102
112
110
106
117
116
86
103
125
110
108
121
134
106
101
104
109
108
118
105
116
101
115
129
106
138
135
116
96
130
128
127
127
138
107
116
128
101
123
120
100
109
110
110
124
86
118
114
108
123
118
115
109
102
99
114
112
103
123
119
101
117
114
103
112
74
119
130
124
98
101
110
78
105
131
128
117
125
100
119
100
111
123
134
97
137
137
153
140
154
138
184
184
182
208
213
209
148
184
168
141
143
132
149
131
124
122
111
108
124
110
112
121
98
117
122
103
121
118
126
126
117
114
93
114
122
122
116
100
114
94
104
106
128
130
141
147
136
131
127
120
116
113
144
107
149
149
120
127
101
115
121
117
90
137
114
121
108
110
103
114
119
106
113
103
129
116
111
101
114
129
117
124
116
117
134
122
118
121
110
106
112
116
107
101
132
142
120
91
119
119
101
105
115
117
124
110
106
110
100
120
115
119
120
123
117
123
126
116
99
124
100
107
105
104
109
110
114
120
130
131
120
115
121
114
119
114
111
126
115
120
108
112
108
120
103
121
129
113
109
137
117
103
112
105
128
119
123
111
119
114
128
117
101
109
115
115
114
118
117
114
112
122
103
112
132
105
110
101
120
121
134
104
112
99
112
107
136
134
114
114
109
121
112
101
127
105
123
117
97
107
102
124
123
105
105
117
114
112
101
135
112
128
114
127
109
127
142
114
132
122
120
131
106
129
109
106
113
105
115
98
104
106
106
123
127
98
116
110
111
108
101
105
109
119
122
106
109
112
130
115
121
118
122
115
127
100
138
128
129
137
137
94
112
115
117
108
125
105
105
134
126
123
112
105
109
131
121
124
109
118
122
124
123
109
100
125
122
113
117
120
111
110
122
129
93
114
104
123
116
122
150
118
135
147
152
119
119
146
119
118
119
120
112
114
107
114
111
132
107
111
107
100
116
115
114
99
105
98
96
121
88
109
113
111
106
109
137
105
137
107
115
92
118
120
114
91
98
111
103
104
121
119
107
102
102
105
137
117
115
90
119
113
121
131
119
120
105
123
143
120
110
111
149
132
129
103
133
122
111
134
114
108
124
121
108
118
109
101
107
101
117
108
111
77
124
122
135
117
120
101
131
121
116
131
124
121
121
138
143
146
149
146
152
153
154
172
161
138
125
123
153
117
130
95
115
103
94
95
93
112
113
123
105
98
111
90
97
84
109
102
90
97
110
105
113
108
100
94
97
105
98
112
120
98
114
121
127
132
126
125
160
147
135
116
122
120
129
116
103
113
78
109
99
114
92
87
96
97
95
91
82
94
92
98
102
99
92
99
99
85
105
73
104
129
90
118
98
117
128
126
143
142
133
112
113
115
118
111
94
96
109
86
106
84
81
101
105
101
94
91
92
89
91
72
94
88
107
93
115
97
93
100
109
97
84
109
97
109
80
108
101
91
100
90
93
96
88
92
80
98
92
85
86
80
75
81
95
98
101
79
89
91
103
99
98
92
92
85
100
82
96
102
97
90
93
100
83
62
80
84
95
71
103
86
85
99
109
121
135
117
120
155
135
159
197
183
192
236
221
231
219
193
193
150
138
141
114
107
99
85
104
92
88
114
76
95
107
107
102
105
90
105
93
85
76
81
93
77
94
88
103
105
102
95
109
113
119
101
104
102
121
106
112
135
114
127
118
114
140
134
149
137
162
178
194
235
252
287
270
294
298
324
334
349
363
377
317
290
306
264
222
198
143
132
139
105
87
97
88
97
109
96
80
98
89
105
84
95
110
88
93
98
111
102
113
148
167
175
162
176
228
215
250
233
251
258
272
267
234
201
204
143
142
144
168
152
184
192
190
213
242
239
269
277
313
300
276
235
208
157
130
124
111
108
97
108
109
94
84
100
96
74
91
71
94
91
88
95
75
75
96
93
81
91
92
101
86
90
87
97
101
103
100
79
82
82
104
91
94
93
92
91
85
91
113
97
92
98
123
115
118
105
113
95
113
98
85
89
91
102
108
100
74
98
101
112
87
112
109
112
106
120
138
107
131
101
131
116
113
108
107
121
126
115
105
101
97
92
106
112
101
96
90
104
82
105
106
97
98
90
85
89
101
95
109
83
109
77
99
105
125
107
91
114
98
136
102
118
137
125
122
110
115
117
121
105
103
87
105
85
82
95
99
87
98
110
81
98
93
74
78
96
98
107
96
71
81
97
97
74
116
131
96
93
106
106
107
103
130
128
143
124
137
112
154
129
117
94
103
115
100
102
102
108
113
88
86
88
86
74
105
100
87
71
105
94
86
95
96
81
87
77
97
93
113
102
90
98
101
90
102
88
102
89
91
94
106
98
87
97
78
86
102
95
78
101
89
98
96
89
108
125
113
121
106
123
138
120
120
117
98
119
105
115
121
123
101
117
98
107
84
87
88
100
98
100
75
94
82
94
83
97
86
99
102
96
102
102
100
102
106
95
128
99
114
99
113
96
80
89
86
92
80
95
78
78
100
93
95
91
94
103
89
103
88
105
76
94
95
92
83
95
110
92
99
77
84
88
91
83
99
91
97
98
100
94
97
109
91
100
86
118
94
96
83
91
87
101
95
82
97
92
113
93
104
89
108
94
96
100
88
100
81
88
85
90
96
85
90
90
97
98
92
105
89
90
80
103
78
86
71
99
88
87
98
73
75
81
82
72
91
86
100
82
97
98
94
96
89
87
90
105
89
99
112
100
80
108
85
94
92
88
97
86
81
98
93
87
91
95
92
81
100
90
79
87
75
80
74
84
86
91
83
99
83
82
89
96
97
89
65
89
109
118
110
101
102
78
116
116
96
80
123
90
95
81
109
83
75
78
87
82
75
78
83
70
105
72
92
85
84
73
94
71
73
75
74
71
88
78
90
96
79
88
74
76
84
81
92
92
74
90
85
100
71
78
80
80
84
83
65
75
92
69
75
98
96
81
75
81
68
102
80
68
84
95
92
87
87
83
81
101
83
89
83
83
84
70
78
83
75
90
74
76
79
82
78
74
78
76
74
88
93
84
90
93
100
106
111
114
116
133
129
165
149
172
126
170
169
145
175
123
124
111
111
103
84
79
84
78
77
79
68
64
74
72
89
66
61
71
79
70
75
70
65
90
71
87
75
84
62
91
75
85
90
98
109
104
97
136
133
126
138
130
126
156
139
120
120
116
105
90
84
82
85
81
67
78
71
69
71
74
64
61
64
76
81
72
64
78
82
63
82
71
75
74
74
60
71
55
77
73
70
72
73
75
76
70
63
72
71
63
82
61
66
69
68
78
70
62
67
64
62
71
72
71
73
71
77
74
67
76
64
55
72
65
65
60
71
58
81
54
79
81
66
72
77
69
80
70
80
70
70
77
72
79
67
82
76
77
75
74
61
73
67
60
88
60
65
80
66
91
69
65
68
56
59
70
82
82
63
57
81
70
75
71
78
79
65
70
80
72
79
77
74
67
70
82
78
68
84
79
77
63
62
59
66
78
62
74
76
74
73
66
66
78
73
74
84
82
77
85
84
91
84
84
83
63
79
65
82
75
90
78
78
95
96
92
92
119
94
104
131
132
127
139
114
138
143
138
119
145
153
152
161
174
209
226
299
315
320
328
413
457
503
501
579
522
508
406
357
237
213
157
133
79
80
67
64
64
62
64
62
62
59
59
62
58
52
59
58
73
70
51
62
77
63
59
52
59
63
57
45
65
58
60
60
70
54
57
36
58
69
49
62
50
49
60
60
51
63
52
53
53
52
57
57
65
45
72
71
51
56
66
57
58
45
53
61
54
64
59
69
54
50
69
63
64
52
56
59
57
63
62
54
55
61
61
41
64
73
48
77
53
66
56
56
68
51
69
55
65
54
73
73
53
62
52
56
63
57
64
56
60
74
46
66
66
52
50
63
60
53
61
62
75
67
77
89
77
110
78
125
98
104
108
115
119
130
113
119
140
109
120
112
96
67
85
69
66
74
73
63
57
61
79
56
68
67
65
68
62
65
62
60
69
61
70
65
72
68
64
62
74
91
84
77
112
110
105
120
133
118
122
99
81
73
64
68
66
60
67
65
54
69
50
59
69
54
48
58
57
57
45
58
58
63
59
62
49
47
68
56
54
73
52
74
57
71
65
61
80
78
81
85
76
86
89
89
88
93
84
68
66
72
58
59
72
52
52
68
55
45
53
54
51
53
50
61
64
68
60
51
66
60
41
49
58
63
61
70
91
62
77
84
74
69
73
66
79
67
65
62
72
51
66
71
75
78
70
94
85
92
99
116
111
108
118
128
124
134
106
125
136
101
111
109
85
106
78
58
64
54
71
69
78
78
59
62
67
62
55
62
55
56
53
51
71
44
56
76
59
67
51
59
52
58
60
47
60
53
55
65
46
67
72
60
66
63
48
54
51
68
55
58
65
50
68
65
74
42
66
71
50
60
41
66
54
52
70
67
57
63
57
62
45
50
49
51
59
60
49
43
63
62
64
62
65
56
51
61
40
49
65
59
53
68
50
52
50
63
44
62
61
60
62
55
52
48
39
57
69
54
56
53
48
63
50
48
59
54
57
45
63
50
58
61
57
58
46
54
59
70
61
46
69
55
49
61
66
53
60
44
59
60
61
63
72
66
72
55
67
74
59
60
54
59
71
62
69
60
49
60
53
54
67
47
67
61
71
53
56
68
56
54
46
62
50
68
56
62
63
56
63
71
66
74
73
79
84
79
88
98
96
89
84
69
61
60
69
51
54
65
68
59
43
62
46
58
63
45
70
65
73
61
64
63
58
71
63
68
66
71
69
63
42
73
75
78
72
62
70
61
58
60
66
63
55
65
70
51
70
76
61
58
62
64
67
71
64
72
69
60
48
77
54
60
66
49
55
60
54
48
65
65
52
52
67
54
57
51
47
56
49
52
69
61
48
59
62
50
50
47
41
44
56
51
59
48
48
47
44
62
55
52
45
44
53
59
59
46
59
55
59
56
53
56
55
49
49
54
51
50
52
48
46
43
58
53
56
51
51
53
62
60
59
54
56
42
48
55
53
51
55
56
56
59
79
59
78
73
82
63
55
74
77
79
75
71
84
77
63
76
71
62
73
67
73
66
76
65
44
52
50
54
57
46
58
57
57
55
42
45
61
60
58
50
51
41
49
46
52
50
56
53
53
66
53
51
47
56
45
58
51
49
53
46
53
39
43
66
47
49
47
45
45
55
52
53
51
55
50
50
43
43
53
57
38
46
47
58
57
42
49
37
53
40
52
43
50
48
53
59
51
51
39
68
55
62
55
78
70
75
67
66
63
59
77
55
60
55
64
48
49
54
51
48
61
58
42
46
63
51
50
53
51
52
52
51
58
56
44
59
59
58
61
47
44
39
46
59
44
49
55
48
44
54
47
54
47
49
64
51
72
69
67
62
65
66
83
82
59
86
71
93
68
77
81
87
89
90
67
82
83
75
82
80
76
79
87
90
73
86
94
109
108
109
121
134
151
140
129
145
107
114
81
90
65
49
54
64
47
42
62
61
48
42
47
45
51
61
46
47
51
46
42
39
46
40
36
43
45
43
50
37
59
53
42
53
48
51
35
46
47
61
51
48
40
39
42
43
47
56
39
58
42
50
46
48
49
56
58
47
54
59
41
51
55
52
52
55
37
35
34
54
49
51
42
44
43
39
41
45
38
39
45
43
61
45
49
48
54
44
44
46
43
50
46
57
36
46
43
50
35
39
49
35
53
43
38
32
26
53
46
49
45
37
54
38
44
35
40
41
64
53
37
54
49
57
55
50
41
43
43
47
44
50
41
48
40
48
51
31
48
60
49
55
45
66
67
58
62
92
99
92
86
117
101
96
132
147
155
138
141
116
126
92
72
55
57
54
50
43
38
54
40
39
41
47
39
42
45
36
38
44
43
41
46
48
47
47
42
48
47
43
48
43
40
50
41
57
45
46
48
37
29
39
65
41
40
41
52
45
49
50
34
31
30
36
32
33
54
47
34
56
45
36
44
43
44
49
58
40
43
46
51
42
44
36
37
35
33
50
43
47
34
48
34
40
53
41
53
41
49
39
41
43
43
42
40
48
47
52
51
33
51
45
41
38
30
45
45
40
42
37
48
59
54
54
42
44
48
54
41
46
47
41
53
38
38
53
58
52
64
52
60
52
63
59
71
84
64
83
93
80
111
114
140
132
140
156
139
148
161
173
190
123
148
117
94
88
88
81
72
52
47
65
37
51
59
49
38
44
47
43
49
25
50
49
47
41
60
47
33
40
53
42
46
30
38
39
38
30
35
37
47
41
41
48
45
33
43
35
42
39
42
39
36
34
38
28
35
37
40
40
37
41
39
42
47
39
41
37
37
38
49
54
40
38
44
37
36
45
37
51
39
44
37
52
37
39
53
46
34
41
37
48
50
44
35
37
49
46
38
40
28
56
39
39
35
44
42
54
65
40
38
41
49
38
36
45
44
27
41
43
54
47
44
40
34
37
38
31
38
40
38
37
36
38
37
40
33
33
45
53
34
35
41
43
25
45
28
37
36
41
38
35
46
38
36
36
31
36
38
50
37
50
42
43
21
32
47
39
41
26
36
40
34
45
54
37
41
44
41
32
51
36
41
43
41
35
53
42
39
37
35
46
32
36
38
37
39
41
43
44
35
53
44
37
56
48
58
48
41
62
42
50
45
44
58
44
42
54
65
64
59
44
68
63
76
75
72
71
81
71
84
62
58
57
60
62
45
60
46
45
51
58
55
59
44
40
57
51
46
36
42
40
41
43
41
40
45
47
44
42
43
48
54
39
41
60
42
48
57
50
50
46
64
40
37
52
39
28
46
47
42
39
43
44
30
32
32
42
42
42
46
31
35
49
38
48
34
38
33
37
37
36
41
48
38
35
35
50
41
45
45
32
26
43
30
41
40
38
40
40
47
48
36
41
41
30
42
48
55
42
44
39
37
40
66
56
70
60
57
68
57
74
81
64
62
92
78
76
91
79
72
55
59
56
62
52
68
39
34
50
43
40
42
30
38
48
45
46
37
40
38
42
43
33
47
47
30
44
45
46
45
38
38
40
35
58
43
29
37
34
29
37
45
49
39
43
39
49
40
38
35
37
36
39
45
34
52
51
30
47
32
27
43
37
42
37
48
49
41
36
42
33
35
39
39
43
38
44
52
41
38
44
39
45
46
49
76
52
48
68
68
65
61
61
73
74
69
41
57
62
53
62
53
53
59
55
48
58
53
54
45
51
43
52
53
64
55
47
55
52
60
55
47
54
41
41
40
22
46
41
36
27
34
48
51
33
33
48
38
45
40
45
45
48
40
50
67
62
68
60
51
82
82
82
64
71
70
75
80
81
78
69
50
58
47
49
47
34
39
32
40
44
46
51
44
34
32
52
39
37
27
35
47
46
38
40
41
43
40
48
40
35
43
53
48
43
42
44
51
41
35
36
44
39
41
42
43
51
51
40
45
39
31
45
51
39
45
31
32
46
40
48
35
32
39
55
45
47
47
38
48
46
41
55
43
53
44
46
39
47
49
39
46
39
42
28
45
42
36
47
34
41
38
57
33
35
45
44
34
38
40
39
45
42
39
35
57
45
45
40
35
44
41
57
44
36
44
33
34
33
37
49
39
33
37
40
40
44
41
48
38
42
48
46
35
31
35
42
53
41
46
44
45
53
45
30
40
47
35
45
56
30
51
37
35
48
45
29
41
33
37
34
46
39
43
41
36
38
41
46
42
46
35
44
54
46
32
46
41
46
44
42
36
38
42
40
34
34
47
40
36
28
39
44
37
54
37
41
44
32
35
48
50
51
35
44
43
40
45
32
33
30
37
43
53
36
42
40
41
39
40
43
43
46
45
30
52
43
46
44
34
38
35
46
36
33
35
43
46
35
38
37
36
42
24
47
33
34
38
32
46
51
37
46
48
42
45
35
30
39
38
23
38
45
43
41
56
28
38
51
49
39
44
33
43
35
48
45
43
49
43
39
40
54
38
37
43
38
47
44
46
49
56
53
60
74
83
65
82
84
93
89
91
111
103
88
113
93
96
111
105
121
107
97
100
97
99
106
89
91
98
83
116
116
123
109
101
113
129
132
131
116
113
122
132
113
132
105
94
111
63
80
76
74
62
71
64
60
52
61
51
43
43
47
44
45
41
41
40
64
48
49
42
43
48
55
46
47
50
41
31
57
55
39
57
44
48
44
49
42
51
48
48
34
59
48
48
58
35
39
50
58
53
51
42
35
56
49
50
50
50
54
41
50
60
45
58
42
54
49
56
46
48
52
52
52
48
48
59
41
59
48
43
41
52
47
53
58
54
48
54
52
51
63
60
50
46
49
54
50
41
52
51
58
43
54
49
55
51
58
52
61
49
46
46
52
51
50
56
54
49
49
55
54
58
62
55
51
55
53
49
39
49
55
46
47
40
50
42
49
53
52
44
38
49
40
43
57
47
47
50
48
55
51
49
53
44
51
44
54
45
51
50
47
51
48
61
54
37
38
47
39
53
49
46
59
41
47
48
41
44
41
51
52
52
51
44
41
53
52
67
36
41
57
53
60
46
54
59
62
60
68
40
64
55
61
53
50
58
72
70
74
87
81
67
68
90
91
108
103
111
104
98
99
79
104
101
81
82
87
86
86
93
85
85
82
77
72
75
81
63
74
54
49
56
52
63
65
59
55
54
56
58
49
60
43
45
65
68
63
57
60
63
53
71
57
68
68
61
59
67
62
46
53
50
52
56
41
40
51
48
58
44
48
43
63
37
36
47
47
56
39
63
56
42
50
40
42
65
41
50
47
45
41
37
48
56
44
41
46
42
61
45
50
60
57
44
43
60
51
49
59
53
49
46
47
44
59
69
38
50
42
40
50
49
47
56
56
56
59
49
53
52
53
67
45
44
64
45
48
51
50
58
58
53
45
62
39
42
45
55
53
46
47
46
56
43
47
55
46
45
53
46
58
42
55
52
44
38
51
46
41
57
56
57
38
54
50
64
58
36
49
47
59
50
55
41
46
46
46
42
43
56
46
69
32
40
42
58
56
36
57
52
60
52
46
42
49
47
48
48
46
59
48
50
51
42
49
46
43
47
48
46
46
52
64
48
54
68
56
62
73
54
76
59
75
77
73
80
90
79
71
83
78
70
73
87
85
85
62
57
60
60
69
58
49
53
58
50
55
55
56
64
53
48
44
44
42
58
68
58
51
53
48
48
38
48
45
42
55
50
54
66
50
53
42
50
39
58
47
60
57
65
39
50
58
52
59
55
66
53
27
61
46
67
39
66
57
56
40
57
45
57
37
57
37
48
59
57
42
61
52
44
64
36
58
47
44
48
45
52
54
61
50
57
50
58
42
46
47
50
49
41
48
40
45
43
58
54
53
49
53
44
35
46
46
46
43
56
53
61
46
59
65
53
82
62
56
42
46
52
58
33
46
48
43
48
47
39
45
48
50
57
48
39
60
55
53
46
42
48
46
45
49
50
38
46
44
43
42
47
55
43
53
45
39
51
51
44
31
36
42
42
44
41
39
41
43
42
38
42
41
44
38
38
48
46
46
35
37
41
36
37
38
36
48
44
52
43
48
38
39
44
43
46
59
39
47
37
44
54
37
36
34
57
38
40
49
30
34
41
36
32
38
37
35
46
45
38
46
45
38
42
43
39
44
28
38
45
44
41
44
46
38
44
30
43
37
39
37
29
41
35
42
41
39
43
41
36
39
40
41
40
42
42
29
27
46
43
41
35
41
35
41
46
40
32
42
40
37
27
38
36
35
45
39
45
47
42
38
51
46
38
36
42
38
35
48
35
25
49
45
43
42
42
46
40
43
38
24
50
30
43
42
29
34
42
28
43
35
42
41
37
41
34
38
36
38
37
39
42
40
37
38
31
46
41
39
33
45
43
48
43
58
73
82
67
96
95
105
120
116
126
143
140
114
153
151
165
171
168
198
178
195
172
170
158
143
131
112
114
120
110
123
124
127
124
127
131
133
151
152
161
149
179
150
174
145
127
131
126
103
84
84
74
63
62
48
52
42
35
32
40
38
38
44
44
32
44
34
35
31
44
60
39
41
42
40
47
46
28
40
38
40
46
37
40
35
43
43
44
36
40
42
33
44
40
32
34
36
45
34
32
35
33
45
42
45
26
39
40
37
25
37
44
32
51
41
36
47
41
43
36
41
40
32
43
44
41
44
37
38
43
41
39
38
36
39
31
37
45
43
39
32
53
45
41
35
45
52
45
44
51
40
54
49
39
41
49
47
53
44
45
62
55
45
53
46
53
73
66
45
65
52
70
51
55
48
64
52
51
41
48
42
52
41
32
28
39
34
34
30
42
36
50
35
31
36
41
30
25
44
40
30
31
29
32
30
40
38
33
41
36
25
25
38
49
31
31
23
28
25
28
32
38
46
36
39
34
36
34
41
43
28
24
46
40
39
33
39
42
34
36
41
39
31
41
34
41
35
42
32
37
43
38
37
43
36
34
40
34
36
37
32
47
40
43
49
52
53
47
63
71
58
64
69
67
70
76
63
81
87
117
82
97
96
102
79
62
71
64
64
54
55
52
51
64
52
60
44
54
49
54
39
39
48
34
40
36
50
45
44
51
48
49
33
53
52
43
65
32
44
41
51
38
34
34
37
36
27
45
29
48
43
34
47
36
30
29
36
33
33
28
31
32
24
29
29
39
44
37
33
34
41
42
34
39
45
46
34
26
27
32
22
33
35
31
41
42
34
39
26
44
30
35
39
31
26
39
32
37
39
37
40
36
25
37
32
47
31
34
48
41
35
37
32
27
30
30
31
32
34
22
41
35
37
31
29
34
28
41
55
35
31
38
37
44
32
42
45
22
36
33
39
40
26
35
41
27
26
32
30
38
39
25
34
28
29
35
31
39
31
38
24
39
32
23
40
33
31
39
30
25
37
33
40
30
45
37
25
32
30
35
32
32
29
38
31
16
24
30
33
39
30
25
36
26
23
26
28
34
31
22
32
27
41
21
31
41
33
30
38
46
41
47
42
53
54
62
56
46
39
62
58
59
57
74
60
48
73
45
51
56
46
36
35
40
24
25
22
24
31
33
30
21
25
30
24
28
30
22
36
21
39
28
23
28
27
30
35
35
25
22
26
33
28
18
19
31
25
23
29
34
28
36
22
21
27
27
30
19
17
17
24
37
18
31
37
33
21
23
29
26
28
23
28
26
30
26
24
9
26
27
13
23
24
19
29
26
17
26
22
27
20
17
32
24
26
20
25
21
36
29
25
29
21
21
21
24
24
23
18
22
20
21
15
20
18
19
16
20
19
28
21
23
17
28
20
22
21
23
27
22
18
19
15
23
19
20
18
22
24
23
21
21
21
17
17
22
16
18
22
21
14
16
17
16
29
22
19
18
17
18
19
19
23
20
25
15
16
18
17
11
18
15
18
11
23
15
15
22
19
17
17
18
17
17
21
19
18
19
9
23
12
14
9
10
22
11
17
16
14
17
19
16
21
13
15
18
11
18
23
23
21
23
17
22
10
10
16
18
18
18
19
14
13
19
21
16
13
18
8
11
22
19
25
21
16
19
17
16
16
20
10
16
18
21
9
18
14
12
17
18
17
17
22
15
13
12
16
15
21
10
16
15
16
13
8
11
17
14
14
15
13
8
19
13
17
9
10
17
15
11
12
10
12
14
13
11
11
10
7
21
9
7
15
10
14
14
13
14
10
16
16
11
7
22
15
10
14
13
12
7
16
15
14
12
10
16
11
11
18
17
16
13
13
11
13
14
16
13
15
26
14
9
11
11
20
20
14
20
22
17
24
26
19
35
49
37
40
59
62
54
66
79
85
102
92
117
137
158
139
139
145
190
147
134
122
125
103
70
66
59
57
52
68
64
77
74
83
92
111
97
115
116
133
129
145
153
144
123
107
92
65
59
44
16
24
17
13
10
12
9
4
9
4
7
6
6
7
10
6
3
14
7
11
7
2
4
8
4
8
6
7
8
6
9
6
5
6
6
5
5
6
9
5
8
5
2
6
3
11
4
7
8
6
6
5
4
6
10
7
7
8
9
16
1
8
10
8
10
8
8
6
5
14
16
4
8
9
7
5
13
9
8
4
7
6
4
7
9
4
8
8
5
14
8
3
7
6
9
7
5
6
7
4
14
8
9
6
8
12
20
12
20
17
10
19
18
19
25
27
33
31
35
29
25
29
24
22
22
25
9
8
16
12
14
13
6
6
11
9
5
6
7
4
6
7
7
15
5
8
6
7
7
10
6
8
7
5
5
2
5
3
9
9
4
12
3
9
5
4
4
4
7
5
7
7
7
7
5
5
11
5
2
5
9
6
9
9
12
7
9
11
8
11
8
5
8
9
17
10
10
11
8
6
8
3
8
5
13
8
8
4
9
5
6
4
7
8
14
19
13
10
18
15
26
19
23
31
31
19
25
34
42
39
38
34
29
27
26
17
23
21
21
19
29
20
20
13
33
24
22
22
30
14
10
15
4
8
6
8
3
7
7
4
7
4
6
12
5
5
4
5
5
9
5
4
7
4
8
7
3
7
5
6
8
4
7
6
5
4
6
3
6
3
6
11
5
2
7
4
4
3
5
2
4
8
7
7
9
8
5
6
5
3
5
4
5
1
7
6
6
7
8
4
3
3
6
4
12
7
5
6
8
4
6
6
9
7
8
4
6
9
8
7
6
9
3
7
10
3
4
7
8
1
6
13
8
5
9
7
11
4
6
1
4
6
6
7
6
5
2
8
5
7
7
5
8
7
5
6
2
8
4
3
4
5
4
8
7
10
9
2
6
8
5
4
3
7
3
6
9
5
7
4
6
7
5
7
7
9
4
7
4
6
5
3
3
5
4
4
5
4
2
6
4
8
7
4
4
7
6
8
8
8
6
13
2
4
6
1
4
12
5
6
7
7
5
7
6
6
2
10
5
5
2
9
9
6
4
4
4
6
5
8
11
4
4
6
8
9
3
6
6
3
4
4
5
8
14
6
8
9
9
7
5
7
8
2
5
6
3
7
5
4
8
7
8
8
7
5
8
3
6
9
5
5
5
15
8
6
5
8
5
9
8
8
4
3
8
8
7
10
4
5
4
3
10
7
6
5
6
5
10
6
7
9
2
7
8
2
4
3
4
5
6
3
4
5
11
1
6
8
5
4
4
5
4
6
5
5
4
7
6
6
7
7
1
4
2
3
4
4
2
3
5
4
7
2
7
8
7
6
12
2
6
7
6
3
4
3
2
8
5
2
3
0
6
9
3
8
3
4
6
6
5
5
5
1
4
6
7
4
6
7
6
9
4
5
2
4
8
4
10
2
3
7
3
7
3
3
5
5
4
6
7
3
3
7
3
9
5
3
4
10
9
6
5
7
12
3
3
4
6
4
5
6
7
5
6
5
7
4
6
6
7
2
8
3
6
7
6
9
8
7
7
8
9
10
9
11
9
9
9
9
16
7
10
13
10
9
15
12
6
16
9
10
6
6
6
5
6
2
7
9
5
4
5
5
5
6
4
7
4
5
4
7
5
9
6
9
2
4
7
6
3
3
6
4
5
8
4
3
4
4
7
5
10
7
4
3
4
9
4
6
3
4
3
4
3
9
6
5
3
9
3
3
4
3
2
6
6
5
8
7
7
4
7
3
6
7
7
8
5
4
9
7
11
5
6
12
14
5
13
11
14
13
13
5
12
18
7
16
11
7
11
8
15
10
10
5
12
4
9
3
6
5
6
7
4
8
5
3
5
8
5
4
7
5
3
3
3
5
5
6
6
9
10
2
5
4
6
9
5
4
11
6
4
6
6
2
7
5
4
3
3
5
3
11
3
4
7
7
6
4
7
6
3
6
3
4
3
7
2
12
5
4
4
5
5
8
7
3
9
4
4
5
4
7
6
6
8
7
5
9
2
5
3
10
1
2
4
4
3
2
8
4
5
4
4
4
4
7
3
4
3
1
9
4
7
4
6
8
6
9
2
7
2
7
4
4
5
5
7
3
1
6
5
2
10
7
7
4
3
5
6
5
5
5
4
6
8
8
3
8
4
4
6
4
1
3
5
5
4
12
3
2
5
5
9
7
5
2
5
2
5
4
4
8
8
2
9
2
3
4
7
7
6
4
6
5
0
6
1
5
8
8
4
4
2
4
5
3
3
2
5
4
5
5
5
2
6
3
9
2
1
5
7
11
3
7
6
4
10
6
8
7
6
8
12
8
15
11
8
11
12
13
5
12
7
11
15
10
14
11
9
4
12
8
4
10
8
4
2
5
5
3
7
3
9
3
3
5
6
3
5
5
6
8
8
5
3
4
7
2
1
7
4
6
5
7
5
7
5
8
4
8
7
8
6
3
10
6
4
10
9
11
9
8
13
10
11
11
10
8
7
7
13
8
2
7
4
4
4
2
6
5
9
7
4
3
8
5
6
5
2
7
7
6
2
2
9
5
3
6
6
6
3
3
5
6
8
5
10
7
3
2
4
2
5
5
8
10
6
3
4
6
5
5
5
4
4
9
5
2
7
4
4
4
4
4
0
4
4
4
5
4
4
8
5
3
6
2
6
9
5
2
8
7
3
8
10
5
9
8
7
15
4
9
7
12
7
6
14
7
12
7
9
5
7
3
6
8
4
7
5
5
3
7
7
4
6
6
4
3
3
1
5
4
7
2
5
3
9
4
1
6
8
5
3
3
8
3
3
5
7
6
4
3
5
10
6
5
4
3
4
6
2
4
1
5
4
5
2
4
5
5
4
1
7
3
4
6
8
9
2
5
6
6
2
8
2
5
4
2
1
4
4
1
3
4
3
5
5
7
3
2
2
3
5
7
5
3
4
6
4
2
10
10
8
3
5
6
3
2
2
4
4
2
4
6
6
5
6
6
4
4
3
4
3
5
3
2
4
3
1
5
6
7
5
4
4
3
2
6
3
5
6
2
4
6
6
4
3
7
9
7
4
12
8
8
3
5
5
7
8
7
6
5
4
2
3
5
8
3
7
4
6
3
6
6
11
6
8
3
6
4
3
3
5
5
4
1
7
2
3
3
3
3
5
3
2
5
6
5
3
4
5
5
3
3
3
4
2
5
3
6
5
3
5
0
6
5
8
5
5
5
8
4
4
5
5
2
4
1
3
5
3
3
5
4
4
2
3
3
5
2
4
8
4
5
4
2
7
5
6
8
7
7
4
3
7
1
8
7
7
3
2
7
4
6
1
5
8
5
5
1
6
5
4
4
7
6
3
2
0
5
5
2
3
7
4
3
1
4
6
6
3
3
8
6
3
4
7
3
5
2
1
7
4
4
4
6
7
4
7
7
3
4
2
4
3
4
3
2
4
4
9
4
14
3
11
6
8
7
6
8
9
16
14
6
11
10
13
8
8
3
6
9
8
11
4
4
2
2
6
4
3
3
4
2
2
4
3
3
10
4
4
3
5
1
1
2
5
4
3
2
2
2
3
4
0
1
3
3
6
5
5
5
5
2
1
1
5
5
6
3
4
1
7
6
4
3
4
6
4
4
1
2
3
5
5
6
1
3
10
7
2
5
3
7
7
1
4
7
2
10
5
10
4
10
5
8
8
8
9
10
9
9
10
14
11
12
7
11
9
9
4
9
6
5
10
7
3
4
2
5
4
2
2
6
4
4
2
3
3
1
4
1
4
2
5
7
1
4
4
3
5
3
4
6
1
7
2
2
2
4
4
2
7
5
5
0
3
1
2
3
5
3
3
2
4
3
3
6
1
1
5
4
4
4
3
1
1
3
3
4
3
4
2
3
8
4
1
2
7
5
4
6
1
2
4
3
1
3
4
6
4
5
3
2
6
3
5
3
2
3
3
5
4
2
8
0
2
2
2
4
5
0
0
5
3
2
2
1
6
2
5
2
2
2
6
4
4
3
4
3
2
3
1
1
7
4
4
0
4
6
2
3
4
1
3
3
2
4
4
3
1
2
1
2
3
4
3
5
2
0
3
3
3
3
7
4
1
2
1
2
5
4
4
5
1
3
4
5
4
4
6
3
2
6
3
3
0
0
6
5
4
3
4
4
1
4
3
1
1
1
3
3
4
1
2
4
5
3
3
6
2
2
1
1
6
2
7
6
3
13
10
8
12
13
7
16
10
14
8
8
16
12
16
20
17
17
19
14
12
17
19
8
12
13
8
13
8
5
2
5
4
5
2
5
4
4
2
1
3
1
3
2
4
1
2
2
3
0
0
5
3
1
0
5
4
5
1
2
4
3
2
2
2
5
6
0
1
3
4
2
4
0
2
6
6
5
2
1
3
2
1
2
1
1
2
5
3
5
1
2
0
3
4
4
4
1
6
1
2
8
1
3
3
3
4
2
3
4
1
5
8
3
1
5
1
1
4
3
6
1
2
1
1
3
3
4
3
2
0
2
2
5
2
2
5
2
1
3
2
2
4
4
1
5
2
2
2
7
2
4
3
2
1
3
1
2
5
2
4
3
2
4
2
4
2
6
2
2
3
4
4
4
4
1
4
3
6
4
3
4
5
8
8
6
5
6
9
7
2
3
5
6
1
1
2
4
1
7
4
5
5
2
3
1
0
1
3
5
2
3
1
3
6
3
6
4
2
1
2
2
2
3
1
2
3
2
3
2
0
2
1
4
2
2
2
2
1
2
1
6
2
6
4
5
3
2
3
1
2
4
5
3
1
6
0
2
4
1
1
4
1
5
3
1
3
6
1
3
1
3
4
0
6
2
0
2
6
5
4
8
2
4
1
3
4
1
4
3
6
6
3
3
2
5
5
0
5
4
6
3
5
1
3
5
2
3
3
3
0
1
2
2
1
2
4
4
5
2
4
3
1
0
1
3
2
1
3
2
1
2
1
2
1
2
3
5
6
3
4
0
6
3
1
3
1
2
1
4
4
3
5
1
1
2
4
1
3
3
2
4
3
4
4
2
3
5
4
2
1
4
2
6
3
1
2
4
2
6
2
2
2
0
3
3
1
2
4
2
2
3
0
1
5
3
0
0
2
2
2
4
3
3
3
2
1
1
7
2
6
1
2
2
4
4
2
7
2
1
4
2
3
1
2
1
5
6
1
5
4
3
2
5
1
3
4
2
3
4
5
0
1
2
0
3
1
1
4
2
2
0
5
0
2
4
0
3
2
0
3
4
3
1
2
5
0
0
5
4
2
2
4
5
4
1
2
3
0
3
2
3
2
1
1
3
2
4
4
1
1
3
1
1
3
4
2
3
3
1
3
4
3
3
1
2
1
7
4
6
3
1
3
5
2
5
3
0
2
5
2
5
3
0
4
2
4
4
3
4
0
4
2
2
4
2
4
3
4
1
2
2
3
3
2
2
2
3
2
3
1
2
4
2
3
4
1
2
1
3
2
2
2
0
3
3
2
0
0
3
2
3
1
6
1
1
0
3
5
3
3
2
1
1
2
5
4
5
1
4
2
1
2
0
1
0
2
3
2
3
3
1
2
6
5
0
3
2
3
3
1
6
2
4
0
5
6
6
4
3
5
2
1
1
4
0
1
0
4
1
0
0
2
2
1
1
2
2
2
4
3
0
1
3
4
1
3
3
2
1
1
2
2
0
0
1
1
0
1
3
6
3
2
1
1
1
2
1
1
2
1
2
0
0
0
3
1
1
4
2
2
0
1
2
0
1
0
1
1
4
0
0
1
0
1
3
2
2
0
2
1
2
5
2
1
2
1
0
0
0
4
3
1
3
1
2
2
2
3
1
3
1
2
2
1
1
1
2
1
1
2
1
2
0
3
2
0
1
1
0
0
1
1
1
3
2
1
1
1
3
3
1
0
3
1
1
0
2
2
1
4
1
5
0
2
0
1
3
2
0
1
0
4
2
2
3
3
2
2
0
2
1
3
3
0
1
4
1
4
0
2
1
2
2
1
0
2
0
0
3
0
1
0
2
3
1
0
2
0
2
3
3
0
1
2
1
2
2
0
3
3
0
2
1
0
3
1
3
2
0
2
2
0
2
2
1
2
2
0
1
3
1
4
3
6
3
6
11
4
11
8
6
6
11
5
8
13
12
9
18
10
11
14
11
9
13
10
2
5
2
2
2
1
1
3
0
1
0
0
0
0
1
2
3
1
3
0
2
1
2
0
0
0
0
1
3
1
1
0
0
0
0
0
1
1
2
1
0
0
0
4
0
4
1
2
1
2
2
0
1
1
4
1
1
2
2
3
0
1
0
1
5
1
2
0
1
1
5
2
3
0
2
0
3
1
1
1
1
0
1
2
3
0
0
1
2
1
4
1
1
0
0
1
3
1
1
4
1
1
1
0
2
1
0
2
2
0
2
1
0
2
1
2
3
1
1
1
1
0
0
3
2
4
1
2
0
4
1
1
1
0
0
0
3
1
0
2
2
3
0
0
1
2
0
2
1
2
0
1
1
1
1
0
0
0
2
1
1
1
0
2
2
3
0
0
1
1
6
2
2
1
2
1
3
1
0
0
0
1
2
4
3
1
1
0
1
1
4
1
2
1
4
0
0
4
1
1
0
1
1
3
1
2
0
0
1
1
2
0
1
0
0
3
0
2
0
2
1
2
0
1
2
1
1
1
1
1
0
0
0
3
0
1
5
0
0
2
1
1
0
2
1
3
1
2
1
1
1
1
2
2
2
3
1
2
0
1
3
0
2
1
3
1
4
3
0
3
2
1
1
3
1
1
1
0
1
0
3
1
0
4
0
1
1
1
1
1
1
0
2
0
0
3
0
2
3
1
0
2
2
0
1
0
1
2
1
0
2
1
1
1
1
1
1
0
4
0
2
1
1
0
1
0
0
3
3
2
3
0
2
0
0
1
2
5
2
3
3
2
1
0
1
3
0
0
0
2
1
3
0
0
0
4
0
0
1
4
2
2
1
0
2
4
0
3
0
2
1
4
1
2
0
1
3
3
3
2
2
2
1
0
1
2
2
2
1
3
2
0
0
1
0
1
0
2
0
2
0
2
0
4
0
0
4
1
4
1
1
1
1
0
0
2
2
1
2
0
1
3
3
2
1
2
2
0
0
3
2
2
1
2
2
0
2
3
0
1
1
0
1
1
2
1
0
1
0
1
1
4
0
1
2
3
2
1
0
2
1
0
2
3
0
1
1
3
2
1
2
1
0
1
0
0
2
0
2
0
0
3
0
3
3
2
2
2
0
3
1
4
1
2
1
0
2
1
2
1
0
0
8
4
4
0
1
1
2
0
0
3
1
1
0
1
1
1
1
1
0
1
2
1
1
1
2
3
3
2
3
1
2
0
1
3
2
2
0
0
2
2
1
1
1
2
1
4
3
0
1
1
2
4
2
0
1
2
3
5
0
3
1
2
3
1
1
3
4
2
2
1
2
2
3
1
1
1
0
1
1
1
2
2
1
1
3
3
3
4
0
1
3
2
2
0
2
2
1
0
1
3
0
2
1
1
1
0
0
3
1
0
4
0
1
0
2
2
1
2
2
4
4
6
0
1
2
3
1
0
4
1
0
0
0
0
1
4
1
1
0
2
2
1
1
1
1
4
1
1
1
1
1
4
1
1
2
3
1
2
0
3
3
2
2
1
2
0
3
1
0
2
2
3
2
1
2
4
1
2
1
2
5
1
4
0
3
1
1
0
4
0
2
2
1
1
3
1
2
1
1
1
0
1
0
1
1
1
1
2
2
3
1
5
1
1
1
2
2
1
2
2
0
3
0
2
3
2
2
3
2
0
0
1
1
0
0
2
1
6
1
0
0
0
0
2
4
1
2
0
3
2
2
1
3
1
1
3
1
0
1
0
0
2
0
1
1
0
0
2
1
1
4
1
0
2
0
0
1
3
2
0
0
3
0
0
3
0
1
0
1
1
3
2
0
3
0
0
1
2
2
1
3
2
0
2
5
3
2
4
5
2
4
4
3
8
6
6
5
5
4
6
9
8
5
4
7
9
7
6
3
3
3
6
10
8
6
5
7
2
6
2
2
5
3
3
2
2
3
1
4
5
0
1
2
3
2
0
1
1
3
1
0
1
1
4
1
3
4
1
4
3
2
0
0
0
2
2
3
1
3
1
1
2
2
3
4
0
1
0
1
7
0
2
4
5
4
2
1
1
4
0
1
4
1
1
2
4
3
4
2
1
0
2
2
1
1
3
2
2
3
2
2
2
0
3
1
1
2
1
5
1
2
3
4
1
1
2
5
2
2
3
4
1
1
0
1
0
0
4
1
4
2
2
4
3
1
1
1
1
2
5
2
3
0
1
3
3
2
2
2
2
2
1
2
2
1
3
1
1
4
1
4
1
1
1
1
2
1
1
1
2
0
0
1
0
2
3
1
1
2
1
4
3
2
4
1
1
2
1
1
3
2
0
3
2
2
2
4
1
4
0
3
0
3
1
2
4
1
1
1
2
3
2
2
4
0
2
2
1
1
3
0
4
1
4
2
2
3
2
1
3
3
4
1
2
1
4
4
2
2
3
1
2
1
2
4
3
2
3
3
2
$ENER_FIT:
5.9250 0.607168 -1.583600e-008
$MCA_CAL:
3
5.9250 0.607168 -1.583600e-008
$ENDRECORD:
