$SPEC_ID:
None

$MEAS_TIM:
11644.72000 12149.56000
$DATE_MEA:
03/20/2013 9:40:16 AM
$DATA:
0 16383
0
0
0
0
0
0
0
0
0
0
0
0
0
0
0
0
0
0
0
0
0
0
0
0
0
0
0
0
0
0
0
0
0
0
0
0
0
0
0
0
0
0
0
0
0
0
0
0
0
2
66
339
525
595
677
627
628
456
324
503
3032
6837
7136
7124
7232
7210
7294
7307
7275
7366
7203
7218
7467
7223
7438
7535
7569
7886
7668
7746
7637
7562
7835
7858
8127
8032
8052
8081
8340
8345
8362
8479
8509
8575
8626
8911
9163
9105
9285
9393
9420
9357
9595
9857
9883
9936
9992
10278
10685
11327
11777
12266
12943
14094
14074
12682
12497
12520
12059
11762
11986
12002
11676
11058
10885
10826
11033
11168
11783
12350
12437
12095
11903
12498
12687
12200
11935
11902
12178
11530
11681
11603
11181
11112
11123
11253
11230
11262
11316
11294
11276
11442
11188
11169
11262
11143
11262
11430
11494
11226
11305
11161
11525
11417
11561
11568
11663
11259
11662
11434
11526
11250
11535
11227
11310
11308
11510
11280
11268
11030
11520
11341
11323
11291
11146
11193
11328
11266
11486
11673
12913
13733
12938
11942
11401
11060
10975
10964
11013
11113
10970
10916
10657
10913
10905
10818
10715
10948
10563
10642
10825
10712
10524
10646
10619
11053
10779
10730
10627
10620
10897
10579
10608
10413
10393
10397
10301
10388
10294
10212
10264
10223
10280
10124
10406
10216
10237
10131
10232
10190
10293
10283
10130
10257
10135
10140
10200
10421
10219
10094
9932
10168
10326
10107
9998
10095
10197
10139
10190
10288
10202
10246
10246
10373
10180
10774
10804
10708
10523
10351
10461
10243
10482
10109
10369
10101
10292
10296
10195
10347
10133
10121
10322
10001
10011
10137
10027
10047
10569
11684
13764
13978
12831
10806
10159
9815
9792
9823
9678
9690
9685
9719
9353
9569
9546
9313
9485
9481
9482
9483
9319
9308
9283
9240
9447
9377
9696
9992
10108
10565
10256
9739
9311
9111
9221
9108
8989
8994
9181
8970
8857
8882
8809
8956
8642
8855
8708
8736
8647
8612
8762
8783
8685
8571
8406
8463
8514
8609
8544
8515
8567
8413
8334
8453
8385
8509
8429
8373
8334
8274
8287
8367
8369
8308
8409
8524
8316
8367
8628
8853
8885
8982
8608
8170
8282
8360
8114
8125
8335
8216
8189
8358
8218
8133
8126
8119
7910
8028
8106
8100
8178
8011
7925
8024
7945
7797
7918
8002
7996
7945
7902
7909
8141
8161
8166
8284
8246
8397
8334
8382
8390
8538
8288
8440
8342
8299
8153
7900
8054
7793
7757
8001
7677
7733
7499
7371
7510
7648
7513
7510
7532
7422
7482
7506
7573
7350
7372
7372
7501
7490
7610
7206
7444
7479
7379
7358
7417
7516
7536
7631
7266
7361
7388
7361
7387
7331
7254
7345
7390
7336
7241
7307
7354
7291
7376
7312
7163
7331
7309
7291
7243
7387
7323
7351
7338
7190
7348
7444
7225
7464
7384
7326
7280
7435
7261
7265
7258
7322
7013
7160
7134
7009
7056
7056
6723
7064
6826
6867
6743
6647
6511
6486
6436
6458
6294
6158
6076
6111
6142
5910
5805
5754
5721
5610
5432
5548
5489
5476
5176
5344
5188
5189
5200
5166
5118
5147
5074
5085
5182
4999
4865
4895
4881
4868
4880
4940
5021
5089
5779
7381
8927
8858
7171
5475
4789
4677
4677
4597
4549
4563
4730
5101
5591
6135
5870
5094
4576
4331
4435
4210
4366
4313
4276
4299
4218
4116
4059
4228
5075
6713
8939
9182
7685
5372
4287
4067
3996
3889
4011
3777
4007
3834
3979
3916
3714
3883
3791
3790
3790
3928
3885
3849
4116
4538
4592
4674
4300
3992
3888
3899
3879
3718
3808
3916
3820
3744
3854
3973
3922
3758
3853
3852
3966
3819
3882
3934
3988
3819
3938
3919
3847
3943
3884
3867
3824
4039
3989
3966
3944
3870
4061
4123
3960
4008
3852
3919
4209
4076
4002
4089
3968
4001
4100
4063
3975
4013
4028
3956
3962
4033
3927
4049
3995
4072
4111
3948
3999
3802
3912
3881
3842
3895
3898
3931
3855
3778
4055
4143
4332
4150
4017
3810
3733
3787
3769
3803
3674
3801
3670
3756
3598
3694
3693
3738
3565
3660
3549
3598
3760
3634
3652
3625
3590
3567
3554
3623
3538
3601
3579
3526
3533
3545
3615
3618
3497
3468
3491
3609
3722
3728
3662
3911
4512
5434
5727
5198
4219
3734
3564
3553
3487
3460
3391
3554
3442
3477
3483
3613
3384
3531
3440
3547
3479
3517
3448
3507
3513
3551
3566
3628
3424
3509
3514
3587
3613
3551
3631
3565
3387
3558
3680
3609
3556
3640
3630
3649
3715
3854
3823
3910
4018
4188
4897
7017
12005
19525
28207
36036
41051
44833
45974
46658
47233
47239
47220
47179
46938
46814
46952
46841
46436
46245
45595
44379
42983
39971
35469
29176
21030
13026
6848
3786
2486
2186
2193
2225
2042
2112
2205
2126
2131
2128
2131
2167
2117
2123
1956
2056
2101
2112
2106
2054
2135
2077
2134
2045
2159
2190
2206
2096
2262
2394
2515
2501
2384
2498
2741
3493
4900
6815
8908
10287
10310
8831
6666
4660
3382
2696
2576
3064
4419
5668
5827
4440
2992
2388
2255
2059
1999
2012
2085
1989
1943
2054
1929
1934
1922
1920
1960
1943
1945
1976
1876
1948
1964
1888
1991
1993
1951
1958
1875
1921
1944
1848
1845
1894
1932
1925
1927
1983
1972
1958
2021
1892
1897
1923
1866
1818
1849
1902
1936
1886
1927
1962
1903
1959
1901
1950
1848
1882
1881
1930
1844
1965
1899
1888
1925
1958
1963
2033
1928
2062
1866
1932
1967
1996
1926
1946
1991
1894
1935
1984
1912
1832
1998
1917
1942
2016
2083
2191
2052
2032
1954
1914
1921
1912
1879
1882
1951
1981
1905
2003
1993
1980
1911
1892
1956
1930
2016
2156
2417
2715
2656
2518
2193
1902
1913
1892
1859
1910
1954
1941
1870
1887
1927
1837
1921
1888
1912
2046
2133
2286
2241
2203
2048
2004
2001
1903
2052
1962
1871
1913
1999
2033
1950
1961
1972
1995
1966
2002
1982
1961
1972
1953
1976
1944
1989
1974
1860
1930
1929
1891
1954
1871
1929
1930
1979
1913
1892
1900
1880
1836
1866
1915
1899
1873
1880
1904
1828
1863
1839
1868
1926
1855
1898
1902
1921
1876
1860
1908
1849
1887
1907
1952
1935
1877
1900
1894
1846
1870
1835
1869
1932
1864
1897
1868
1856
1890
1848
1819
1835
1902
1862
1808
1878
1875
1810
1847
1819
1806
1769
1813
1771
1859
1817
1866
1817
1737
1854
1929
2068
1990
1938
1883
1721
1821
1824
1786
1815
1787
1854
1738
1777
1808
1903
2026
1922
1888
1815
1762
1707
1757
1718
1821
1822
1749
1753
1745
1764
1731
1781
1830
1786
1747
1804
1757
1679
1645
1705
1803
1711
1722
1822
1752
1708
1749
1706
1763
1745
1739
1709
1726
1704
1784
1693
1775
1828
2050
2424
3084
3330
3063
2395
1998
1811
1821
1759
1808
1824
1769
1769
1699
1774
1748
1631
1813
1671
1828
1713
1689
1736
1800
1827
1753
1801
1744
1762
1801
1612
1705
1688
1798
1802
1845
1830
1774
1624
1702
1605
1712
1619
1669
1607
1598
1613
1717
1635
1666
1684
1679
1635
1680
1634
1661
1689
1623
1701
1700
1726
1790
1643
1638
1702
1667
1655
1694
1723
1690
1649
1694
1739
1625
1638
1831
1951
1834
1955
1694
1702
1719
1699
1681
1697
1719
1702
1642
1645
1663
1734
1636
1625
1644
1660
1685
1689
1636
1675
1758
1789
1716
1737
1748
1620
1705
1675
1664
1744
1578
1635
1610
1588
1710
1611
1688
1598
1685
1604
1558
1640
1621
1614
1635
1613
1717
1639
1773
1992
2388
2785
3039
2643
2209
1888
1667
1631
1651
1722
1733
1681
1656
1636
1610
1709
1693
1774
1827
1753
1764
1684
1668
1687
1605
1943
2239
2605
2962
3212
3298
3591
3371
2810
2200
1887
1650
1653
1623
1559
1638
1553
1601
1632
1651
1603
1655
1573
1542
1652
1559
1588
1528
1571
1630
1589
1620
1605
1512
1608
1641
1594
1643
1605
1613
1661
1717
1766
1845
1870
1763
1681
1618
1636
1600
1608
1577
1680
1613
1606
1635
1587
1655
1613
1591
1569
1620
1619
1578
1645
1612
1628
1626
1603
1552
1607
1621
1661
1616
1593
1671
1711
1644
1618
1657
1655
1751
1700
1707
1671
1688
1758
1715
1806
2308
3683
6819
10542
12852
11259
7292
3950
2380
1663
1551
1617
1623
1657
1675
1615
1552
1530
1622
1530
1527
1635
1555
1579
1602
1586
1560
1607
1559
1527
1539
1550
1470
1571
1530
1596
1575
1625
1659
1611
1594
1578
1600
1630
1653
1593
1597
1627
1724
1694
1778
1756
1704
1816
1674
1623
1586
1632
1551
1618
1611
1528
1546
1457
1523
1574
1591
1526
1557
1500
1593
1508
1542
1480
1512
1569
1449
1550
1501
1531
1547
1564
1599
1487
1550
1530
1539
1547
1630
1619
1516
1544
1504
1566
1582
1831
2038
2290
2337
2265
1900
1744
1544
1607
1539
1561
1547
1517
1557
1571
1553
1468
1582
1612
1537
1549
1597
1501
1528
1507
1507
1472
1508
1466
1556
1497
1548
1596
1565
1574
1528
1593
1568
1583
1664
1684
1747
1706
1572
1505
1617
1457
1549
1492
1516
1451
1539
1507
1549
1505
1610
1455
1520
1524
1564
1586
1513
1559
1498
1560
1561
1573
1566
1661
1571
1450
1519
1559
1549
1579
1588
1608
1819
1907
2010
1982
1851
1629
1615
1568
1517
1507
1462
1481
1488
1461
1572
1409
1513
1562
1530
1487
1459
1470
1511
1567
1502
1513
1472
1526
1598
1693
1792
1808
1808
1764
1634
1540
1496
1437
1518
1502
1492
1432
1458
1464
1560
1498
1545
1441
1515
1427
1548
1501
1499
1504
1469
1640
1765
1705
1606
1548
1579
1477
1436
1569
1589
1669
1693
1759
1740
1539
1596
1456
1442
1518
1494
1495
1519
1514
1476
1535
1571
1582
1563
1470
1454
1510
1530
1420
1479
1566
1493
1543
1514
1585
1552
1516
1477
1513
1428
1513
1562
1548
1516
1518
1496
1524
1453
1468
1422
1573
1511
1524
1493
1553
1499
1472
1580
1511
1551
1523
1569
1555
1541
1629
1769
1863
1746
1782
1689
1611
1593
1574
1507
1544
1540
1432
1461
1590
1516
1494
1471
1498
1486
1487
1413
1483
1552
1414
1480
1502
1512
1463
1493
1517
1521
1532
1443
1439
1504
1505
1555
1612
1497
1431
1465
1532
1466
1479
1456
1522
1468
1531
1476
1511
1537
1581
1496
1476
1437
1490
1471
1537
1461
1456
1480
1471
1459
1503
1501
1620
1523
1478
1459
1478
1512
1446
1490
1518
1536
1450
1530
1557
1527
1540
1449
1529
1479
1441
1499
1419
1544
1465
1468
1449
1543
1463
1461
1438
1490
1471
1459
1455
1441
1490
1466
1433
1520
1539
1476
1534
1518
1447
1476
1444
1515
1431
1410
1462
1403
1504
1501
1432
1500
1455
1443
1447
1516
1439
1418
1513
1532
1460
1520
1619
1545
1552
1577
1514
1480
1448
1487
1460
1438
1572
1481
1447
1510
1509
1492
1506
1688
1727
1798
1683
1567
1527
1560
1433
1432
1484
1494
1510
1491
1537
1498
1464
1521
1542
1548
1561
1576
1666
1617
1603
1603
1437
1456
1399
1416
1495
1526
1501
1381
1465
1504
1479
1486
1568
1601
1625
1674
1640
1579
1479
1505
1521
1639
1457
1557
1480
1531
1516
1464
1537
1465
1538
1508
1504
1535
1493
1493
1461
1544
1473
1534
1494
1488
1438
1463
1487
1506
1461
1516
1491
1501
1491
1633
1556
1532
1508
1469
1510
1508
1554
1541
1652
1697
1740
1688
1616
1614
1777
1973
2438
3042
3590
3666
3187
2514
1953
1590
1477
1543
1534
1533
1559
1565
1513
1526
1547
1545
1515
1441
1489
1475
1402
1431
1445
1505
1476
1528
1495
1455
1472
1553
1467
1575
1557
1647
1685
1888
1896
1871
1798
1750
1585
1462
1457
1465
1483
1425
1432
1437
1540
1487
1452
1517
1453
1554
1594
1611
2002
2781
4013
5466
6196
6028
5285
3919
2650
2020
1753
1637
1549
1575
1516
1581
1616
1574
1549
1574
1524
1615
1536
1538
1550
1571
1555
1523
1630
1501
1566
1594
1489
1535
1532
1502
1597
1474
1639
1591
1558
1541
1610
1578
1616
1707
1594
1622
1527
1532
1584
1628
1545
1575
1619
1508
1475
1534
1562
1501
1538
1490
1574
1644
1603
1600
1479
1491
1530
1452
1594
1560
1528
1528
1536
1604
1522
1603
1559
1606
1678
1608
1589
1612
1598
1591
1569
1499
1553
1549
1612
1620
1618
1520
1568
1535
1541
1611
1558
1709
1875
2035
2448
2632
2803
2685
2505
2178
1836
1716
1652
1553
1625
1499
1657
1578
1468
1578
1548
1559
1621
1738
1795
1957
2039
1903
1743
1686
1584
1528
1564
1590
1546
1580
1628
1585
1628
1592
1573
1604
1636
1536
1480
1576
1560
1496
1483
1528
1603
1522
1496
1566
1536
1538
1511
1466
1606
1590
1592
1477
1603
1544
1576
1555
1544
1524
1595
1494
1568
1563
1563
1616
1572
1541
1522
1578
1588
1544
1568
1618
1535
1574
1653
1583
1622
1519
1510
1625
1632
1580
1577
1511
1543
1557
1599
1561
1504
1565
1582
1549
1576
1598
1644
1660
1631
1650
1652
1593
1608
1611
1606
1621
1697
1655
1576
1569
1549
1592
1606
1596
1566
1661
1625
1597
1613
1613
1590
1581
1560
1478
1526
1497
1544
1506
1606
1557
1538
1657
1605
1591
1588
1629
1521
1552
1563
1534
1591
1641
1579
1574
1604
1539
1543
1529
1489
1671
1621
1636
1613
1719
1730
1630
1721
1754
1736
1726
1702
1657
1551
1613
1606
1608
1540
1557
1575
1574
1619
1588
1611
1672
1522
1588
1579
1544
1625
1632
1613
1672
1764
1716
1723
1589
1605
1664
1728
1634
1554
1688
1741
1960
2382
2735
2891
2762
2514
2072
1735
1663
1597
1572
1612
1580
1682
1621
1637
1718
1618
1557
1658
1667
1604
1540
1627
1571
1497
1573
1623
1597
1604
1575
1631
1588
1648
1650
1651
1646
1556
1563
1567
1470
1602
1624
1680
1632
1642
1650
1615
1626
1689
1642
1623
1633
1617
1578
1684
1685
1525
1595
1551
1584
1654
1561
1558
1562
1573
1588
1623
1561
1610
1608
1545
1625
1543
1660
1591
1638
1598
1660
1618
1583
1639
1585
1632
1623
1666
1653
1629
1675
1719
1643
1610
1662
1652
1673
1629
1685
1629
1628
1620
1645
1706
1589
1651
1619
1658
1644
1595
1644
1632
1620
1674
1685
1599
1694
1622
1659
1653
1671
1658
1632
1645
1600
1689
1670
1614
1665
1693
1545
1526
1658
1606
1657
1575
1628
1565
1616
1649
1700
1666
1593
1613
1666
1601
1695
1634
1603
1650
1648
1607
1651
1753
1817
1839
1771
1697
1682
1595
1647
1620
1551
1640
1575
1668
1692
1627
1644
1683
1582
1667
1694
1620
1557
1776
1661
1720
1652
1673
1732
1655
1663
1694
1658
1643
1686
1643
1673
1713
1579
1601
1690
1654
1658
1711
1697
1702
1696
1701
1682
1700
1687
1619
1675
1649
1681
1654
1661
1619
1656
1617
1638
1655
1611
1746
1672
1634
1579
1652
1729
1647
1688
1671
1665
1651
1727
1630
1635
1738
1695
1742
1737
1770
1688
1687
1622
1728
1683
1776
1699
1683
1672
1714
1748
1672
1667
1687
1661
1709
1658
1669
1639
1637
1639
1618
1700
1639
1673
1620
1655
1660
1633
1681
1667
1649
1679
1689
1627
1596
1701
1616
1620
1682
1624
1660
1612
1580
1653
1737
1659
1518
1628
1606
1589
1659
1566
1618
1661
1602
1695
1612
1680
1623
1642
1566
1680
1594
1664
1695
1633
1614
1600
1648
1624
1618
1686
1598
1651
1712
1652
1656
1575
1649
1637
1648
1647
1745
1645
1726
1697
1653
1688
1679
1576
1627
1628
1629
1622
1640
1543
1610
1628
1546
1664
1629
1635
1617
1614
1605
1715
1762
1768
1719
1715
1626
1594
1727
1716
1627
1686
1624
1628
1660
1548
1632
1637
1633
1608
1609
1670
1624
1612
1711
1681
1715
1818
1821
1768
1682
1695
1669
1597
1615
1632
1726
1719
1660
1661
1623
1649
1675
1816
1935
2119
2295
2455
2516
2260
1996
1931
1760
1728
1683
1732
1674
1772
1720
1687
1680
1723
1635
1706
1708
1783
1646
1686
1621
1640
1685
1782
1612
1736
1703
1687
1715
1803
1822
1942
2051
2231
2279
2145
1995
1819
1702
1670
1664
1666
1633
1709
1622
1722
1603
1711
1719
1647
1744
1680
1759
1655
1623
1612
1671
1759
1727
1650
1714
1645
1683
1657
1657
1648
1573
1667
1721
1662
1666
1759
1651
1686
1674
1692
1619
1646
1670
1718
1695
1669
1714
1582
1616
1679
1637
1618
1661
1677
1687
1725
1723
1659
1724
1725
1735
1722
1682
1669
1758
1770
1759
1767
1807
1916
1885
1865
1888
1917
1748
1719
1783
1709
1791
1736
1712
1701
1662
1693
1693
1794
1663
1682
1742
1652
1758
1718
1684
1685
1664
1723
1754
1674
1698
1676
1809
1932
1869
1897
1840
1806
1745
1704
1789
1774
1731
1728
1789
1717
1816
1711
1822
1788
1828
1963
2232
2746
3489
4554
5706
6853
7364
7486
6866
5771
4312
3266
2549
2161
1953
1850
1768
1851
1811
1765
1737
1856
1828
1793
1913
1994
2182
2423
2479
2527
2391
2264
1993
1914
1846
1806
1808
1872
1753
1693
1808
1793
1836
1787
1735
1751
1755
1807
1726
1784
1708
1753
1757
1785
1764
1828
1789
1789
1698
1831
1794
1763
1793
1743
1751
1712
1796
1772
1798
1767
1733
1832
1769
1766
1763
1709
1733
1735
1786
1788
1760
1744
1838
1815
1840
1753
1799
1822
1839
1815
1861
1821
1780
1789
1759
1803
1861
1815
1741
1778
1791
1837
1802
1776
1811
1793
1774
1840
1809
1826
1814
1991
2062
2262
2642
2921
3148
3317
3219
2843
2299
2040
1945
1819
1792
1783
1778
1864
1791
1935
1876
1815
1885
1738
1764
1848
1831
1816
1846
1850
1857
1924
1810
1839
1779
1893
1798
1749
1773
1806
1813
1827
1797
1846
1944
1761
1767
1862
1772
1798
1874
1869
1893
1876
1886
1867
1826
1840
1817
1914
1859
1893
1787
1906
1857
1798
1882
1809
1888
1959
1808
1862
1896
1813
1885
1839
1879
1893
1862
1825
1899
1850
1837
1880
1809
1881
1853
1832
1887
1898
1891
1920
1812
1851
1893
1895
1855
1960
1866
1886
1848
1857
1904
1949
1957
1842
1833
1911
1874
1997
1937
1876
1889
1966
1913
1904
1955
1902
1919
1881
1829
1846
1906
1928
1942
2072
1873
2028
1895
1917
1957
2001
1885
2001
1863
2001
1927
2005
1913
1926
1968
1928
1972
1922
1940
1957
1969
1932
2006
1975
1968
1966
2031
2090
2110
1991
2063
2017
2039
1989
2022
1997
1938
1911
1977
1969
2016
1975
1931
1975
2008
2010
1977
1913
1971
2118
2108
2128
2177
2233
2453
2295
2398
2380
2309
2271
2062
1940
2058
1994
2008
2008
2018
2111
1938
2060
1886
2113
1967
2108
2050
2058
2082
1963
1996
2026
2083
1990
2051
2011
2075
2044
1984
2100
2103
2066
2053
2141
2141
2051
2143
2019
2140
2127
2064
2133
2079
2044
2040
2112
1999
2065
2066
2099
2049
2061
2079
2035
2128
2083
2153
2061
2102
2033
2108
2095
2046
1981
2124
2094
2075
2121
2143
2100
2173
2179
2158
2120
2159
2115
2100
2160
2063
2083
2168
2182
2136
2164
2102
2075
2214
2145
2221
2248
2387
2382
2486
2476
2538
2499
2344
2212
2224
2187
2227
2273
2253
2351
2598
2781
2836
2958
2910
2731
2629
2388
2286
2260
2217
2152
2375
2378
2686
2702
2713
2872
2621
2511
2346
2361
2210
2206
2312
2218
2277
2316
2271
2257
2171
2270
2176
2360
2240
2277
2234
2282
2242
2193
2232
2176
2244
2209
2317
2276
2261
2312
2250
2299
2269
2315
2200
2200
2316
2298
2236
2289
2285
2240
2348
2286
2308
2288
2316
2201
2285
2213
2195
2215
2174
2101
2117
2123
1930
1955
1909
1803
1825
1807
1789
1835
1877
1918
1861
1848
1728
1686
1743
1626
1588
1674
1671
1602
1614
1684
1587
1621
1546
1666
1643
1608
1611
1621
1555
1573
1528
1569
1553
1574
1594
1556
1486
1482
1579
1528
1501
1467
1532
1521
1547
1457
1590
1577
1560
1526
1552
1529
1489
1479
1494
1416
1475
1558
1514
1459
1474
1463
1489
1485
1417
1460
1519
1432
1528
1520
1420
1456
1493
1481
1488
1518
1489
1457
1447
1412
1460
1405
1404
1413
1549
1431
1513
1442
1395
1452
1412
1440
1456
1370
1384
1435
1350
1392
1384
1382
1404
1392
1422
1409
1363
1360
1338
1391
1403
1413
1314
1425
1419
1373
1414
1398
1331
1480
1439
1412
1363
1368
1429
1390
1337
1455
1427
1391
1373
1404
1400
1438
1333
1427
1300
1358
1257
1262
1302
1303
1360
1311
1227
1261
1272
1293
1258
1246
1222
1184
1178
1200
1239
1263
1217
1248
1273
1333
1427
1457
1499
1480
1432
1383
1286
1259
1180
1130
1152
1082
1136
1106
1050
1165
1142
1077
1064
1047
1080
1066
1147
1055
1053
1113
1151
1037
1065
1099
1103
1038
1090
1075
1136
1121
1119
1198
1113
1115
1100
1148
1123
1132
1150
1175
1142
1167
1157
1179
1145
1170
1136
1150
1136
1202
1149
1197
1242
1295
1220
1240
1213
1179
1231
1124
1165
1096
1092
1107
1071
1077
1142
1143
1085
1090
1124
1098
1127
1102
1134
1171
1038
1072
1136
1037
1094
1001
1052
1025
1039
1075
1081
1058
1058
1056
1102
1041
1059
1058
987
1087
1062
1075
1057
1063
1004
1008
1034
1021
1038
1060
1055
991
1021
957
1003
1028
1006
974
993
1027
976
970
935
999
1016
1005
1023
986
949
986
948
999
999
978
974
1002
959
934
915
915
987
1016
994
992
973
968
939
979
991
1010
952
954
928
928
1007
911
947
955
982
964
920
967
916
950
958
922
931
991
943
980
980
996
1051
1058
1030
958
1017
980
932
958
989
905
864
882
927
905
999
922
937
957
890
913
923
981
1000
976
993
1018
1003
1051
1185
1177
1235
1355
1461
1622
2144
3341
5742
11256
20478
35499
55484
77474
96380
108081
106312
91078
66279
40240
20294
8708
3102
1195
556
392
344
343
362
347
330
328
325
341
363
334
368
310
318
329
307
319
310
321
343
303
305
330
280
336
289
303
278
296
273
324
309
321
291
300
303
275
288
256
280
288
286
312
307
291
269
252
285
265
258
309
284
275
278
282
268
279
299
270
277
261
275
274
275
264
267
295
286
272
283
313
309
290
311
286
280
299
245
288
290
254
243
273
303
300
280
272
313
305
316
332
284
295
261
241
284
268
303
255
290
313
300
284
288
293
320
259
274
267
291
246
276
242
254
264
258
255
282
296
253
251
270
289
270
245
266
277
288
275
269
246
279
290
292
314
285
313
298
319
301
303
312
282
270
296
253
266
267
303
277
234
232
225
228
262
278
246
263
268
286
250
242
273
275
255
236
281
272
254
252
285
232
239
255
248
267
243
274
274
271
254
264
248
237
241
245
246
233
254
278
253
256
281
349
318
255
331
318
308
296
282
280
229
256
297
262
257
256
235
228
251
257
249
250
266
270
245
248
264
270
253
229
239
237
244
227
257
260
261
284
255
279
247
247
249
268
242
270
308
273
336
409
523
804
1068
1407
1874
2122
2162
2073
1735
1147
816
500
353
271
264
237
250
256
242
264
238
232
251
276
258
244
229
209
236
223
213
249
242
232
232
227
264
210
228
243
234
236
212
232
211
186
263
235
250
244
224
227
212
267
255
186
245
256
221
248
249
242
242
236
252
256
248
266
298
264
359
316
310
274
263
240
250
226
270
273
262
286
271
279
273
255
230
262
251
238
242
221
216
239
244
216
232
257
230
218
211
213
237
219
252
237
226
243
256
242
229
233
223
197
217
218
273
243
243
229
236
235
222
242
196
237
207
232
234
230
190
224
228
223
209
243
220
232
222
227
245
227
225
245
232
254
243
228
249
227
217
293
269
274
265
289
281
239
209
236
193
224
263
202
235
205
213
215
215
202
245
217
234
216
240
202
257
244
257
259
210
203
241
259
270
282
291
334
351
326
334
252
261
251
235
227
230
223
220
220
210
203
208
194
223
225
217
218
232
252
220
208
222
206
219
212
213
202
211
235
211
219
216
237
213
234
242
263
290
267
319
287
305
283
314
296
286
303
322
305
277
267
259
248
222
253
240
236
260
236
272
253
256
230
223
207
220
201
217
220
217
217
233
255
224
219
218
216
219
217
213
226
209
220
221
233
225
230
253
234
212
230
208
248
245
238
204
211
224
223
242
226
199
239
218
215
201
191
229
202
193
209
194
211
211
189
207
217
200
192
231
233
215
215
213
224
218
192
199
194
212
198
225
239
208
263
218
218
241
245
243
223
226
227
229
211
212
203
224
222
219
221
201
238
206
216
221
227
196
240
231
222
236
246
249
242
240
224
215
215
230
209
218
228
202
222
189
209
196
231
210
201
183
182
216
232
220
227
221
207
207
205
218
187
199
219
230
215
214
231
212
225
212
237
189
204
226
217
201
224
194
214
223
214
231
220
215
231
236
221
239
233
219
201
238
209
208
225
189
200
202
221
221
213
216
199
201
206
192
194
202
196
232
225
212
195
215
215
217
170
208
214
219
199
226
213
198
207
205
180
193
192
194
191
215
197
223
237
190
208
221
231
219
223
230
217
206
222
196
227
226
255
203
241
201
219
218
228
192
204
246
240
202
213
247
198
210
218
189
239
222
233
211
245
269
255
236
236
231
221
205
208
230
216
231
255
192
224
204
223
216
193
193
202
203
194
189
203
174
186
208
195
198
225
217
230
222
195
230
217
224
234
231
230
225
195
180
231
225
211
231
193
231
222
246
272
271
247
292
298
301
238
217
243
211
202
199
231
197
210
179
176
205
200
233
226
235
270
257
276
272
271
239
232
199
218
193
200
210
188
204
208
208
197
191
198
196
181
196
193
189
212
215
206
193
224
193
212
181
184
189
197
179
180
172
198
167
207
183
195
186
197
186
196
203
237
275
285
322
371
406
438
401
381
353
317
264
224
201
189
196
176
186
172
194
190
164
208
191
199
176
206
218
206
174
195
159
204
186
198
206
179
173
171
167
189
173
185
190
184
184
187
176
197
168
188
185
203
206
209
173
203
178
189
169
158
180
198
163
169
176
163
182
187
178
207
185
168
178
183
172
179
176
217
200
228
249
232
215
201
229
202
188
198
210
198
197
191
216
195
176
194
197
187
228
206
221
173
202
210
171
196
183
181
171
160
176
164
188
203
215
225
201
224
217
186
188
181
192
175
201
196
182
176
175
208
214
219
237
250
211
214
213
217
249
223
203
220
216
205
236
177
179
193
189
206
187
192
162
191
168
196
175
202
209
189
191
182
177
157
181
181
157
190
172
183
176
205
187
204
159
198
206
191
174
159
188
237
210
253
243
291
310
329
319
308
287
275
245
229
222
227
189
190
195
175
187
193
198
198
175
200
187
185
189
181
192
176
176
185
179
171
172
170
156
188
167
187
155
177
188
200
183
155
177
146
150
162
164
180
193
180
186
183
175
176
188
167
179
157
175
187
178
174
188
178
178
174
153
174
177
170
160
147
160
170
164
162
147
151
159
171
159
172
175
180
189
166
146
152
166
157
177
174
176
163
152
178
187
153
181
187
175
178
196
186
219
297
361
442
516
562
699
687
711
649
618
437
346
277
196
185
169
148
174
175
186
165
153
176
154
169
170
155
171
173
166
167
174
179
143
145
162
159
177
186
178
178
158
186
165
160
196
199
182
184
171
204
186
215
230
237
222
235
200
205
177
187
166
163
137
171
157
164
158
163
166
174
162
162
176
173
174
202
189
187
191
172
187
170
201
204
174
153
166
161
153
162
153
161
171
172
145
149
148
159
167
182
144
161
170
162
144
172
195
178
167
167
188
141
183
154
162
159
153
152
190
147
150
180
150
162
178
151
145
136
173
148
155
162
177
173
133
158
177
156
169
166
182
183
173
191
173
201
195
199
185
184
165
152
160
165
156
187
169
167
185
183
201
229
231
214
233
234
212
205
181
185
199
153
238
210
188
194
211
221
189
213
168
156
173
136
145
146
163
141
172
167
164
146
136
164
153
181
179
156
151
168
160
129
180
159
169
149
187
161
198
179
174
180
198
166
173
166
208
188
230
195
213
218
227
206
207
187
184
173
136
171
142
155
161
157
160
142
154
149
150
163
141
146
137
164
158
157
169
137
147
133
149
140
128
151
152
166
156
154
138
172
132
123
143
148
170
143
150
145
162
154
149
136
152
131
158
168
148
160
138
141
181
168
149
181
156
171
182
171
167
171
187
221
167
166
147
147
161
161
152
136
156
139
127
149
164
168
166
159
167
187
166
190
193
157
143
150
167
133
149
155
155
152
143
154
133
126
147
147
152
155
154
142
145
140
153
133
158
152
148
141
141
157
130
153
150
147
141
141
141
134
120
138
135
142
137
149
116
134
152
146
135
142
131
151
126
156
135
135
122
140
150
158
145
137
148
133
149
134
143
123
137
142
149
169
154
127
146
160
156
155
174
150
164
165
178
179
168
206
161
203
180
178
146
187
160
143
140
115
141
148
128
138
157
128
135
120
137
120
149
167
137
156
166
185
214
154
180
167
148
177
151
162
142
132
148
133
129
135
150
174
182
159
171
150
147
125
141
151
127
149
146
162
129
148
133
124
136
146
167
151
141
137
141
141
173
154
125
149
154
160
144
152
135
172
179
232
270
308
449
542
643
714
794
821
876
717
646
508
338
238
189
177
139
159
152
152
113
129
138
132
129
112
122
121
134
146
126
149
135
152
128
132
150
150
158
132
154
149
133
140
138
134
141
133
117
115
111
118
120
143
127
130
131
139
130
119
117
117
126
129
132
136
129
125
123
128
130
160
108
120
138
127
155
147
141
154
186
202
169
196
170
215
180
168
149
116
150
117
139
121
136
118
164
115
143
134
132
121
136
117
111
132
142
109
130
123
124
127
133
132
116
128
112
144
124
150
143
157
145
144
129
154
138
131
132
135
123
139
127
145
136
129
129
117
126
131
154
145
123
170
130
133
141
144
132
141
129
138
107
131
131
131
128
107
129
119
114
150
123
123
106
139
147
131
127
107
112
130
117
131
128
95
116
129
126
136
116
113
138
135
126
112
128
122
133
138
144
140
125
146
144
131
157
121
142
153
143
142
128
122
117
129
126
128
140
128
131
126
104
116
127
147
113
130
122
128
126
126
118
123
121
120
130
140
153
158
144
169
118
132
124
120
127
119
116
110
137
130
107
132
134
160
151
184
204
222
241
231
261
278
268
256
225
179
180
141
139
131
139
126
120
105
116
116
131
130
146
122
127
129
130
128
135
118
132
113
107
100
96
124
116
123
119
142
135
131
136
121
110
133
133
142
143
138
137
141
138
131
132
123
130
128
130
133
117
148
144
119
143
152
140
149
149
153
132
175
168
159
185
165
188
216
197
192
156
174
152
121
115
117
118
132
102
108
129
101
121
102
106
138
108
151
142
121
139
126
106
135
138
124
153
120
128
149
159
150
201
183
187
185
254
197
186
148
157
149
130
109
124
110
123
107
139
110
105
94
121
113
115
111
97
135
130
120
148
122
130
122
107
136
101
120
113
124
116
127
97
106
126
127
125
127
133
137
151
148
156
154
156
136
135
129
114
113
102
93
116
132
122
98
110
118
108
110
131
107
136
111
114
118
114
110
105
120
123
121
147
148
137
158
168
159
153
132
163
143
118
117
142
104
132
113
124
110
144
119
112
122
115
102
107
115
128
116
115
111
124
133
129
132
122
137
128
139
131
116
117
138
119
125
146
120
109
115
101
122
120
108
111
119
109
92
94
112
119
121
111
119
133
116
111
115
119
104
118
125
129
92
127
136
144
147
173
161
158
197
190
204
234
223
235
282
267
339
401
464
500
593
588
579
532
471
390
264
208
173
137
131
124
130
126
118
136
86
108
109
109
107
113
130
102
114
134
113
118
93
113
128
109
122
105
128
105
123
112
120
118
117
128
122
114
93
110
111
94
96
119
109
107
92
116
111
94
124
98
113
131
103
110
115
106
116
128
118
107
119
122
91
81
93
101
117
113
132
129
136
118
128
121
147
139
141
157
154
136
122
129
122
125
124
109
92
89
108
110
116
113
122
118
117
117
107
103
103
109
105
118
118
94
109
108
101
117
119
110
104
90
119
105
133
99
102
94
99
93
118
122
92
104
108
112
96
106
116
99
115
110
92
115
102
92
105
102
97
111
89
104
104
87
98
97
99
104
135
120
119
118
125
115
110
114
97
87
105
105
117
108
108
87
119
122
90
104
111
102
103
105
102
94
126
113
100
106
98
87
111
111
115
89
90
108
116
107
104
119
115
112
128
140
126
131
128
109
132
113
106
114
119
88
100
94
100
120
95
98
115
98
109
102
141
156
149
198
182
178
193
240
227
259
218
237
224
250
226
258
265
288
338
304
276
261
199
186
136
108
112
105
114
110
97
109
84
108
100
87
112
104
101
94
99
81
103
106
93
94
99
91
99
104
105
102
111
120
102
114
110
125
110
120
127
110
101
102
103
99
104
90
94
90
96
86
96
104
122
120
108
124
150
117
131
155
154
157
150
140
149
126
134
105
105
94
105
73
90
87
101
105
106
98
120
98
111
97
84
91
83
96
117
121
76
105
80
109
107
81
92
93
106
99
100
111
103
111
94
119
107
101
104
114
99
95
104
89
88
93
104
87
94
102
95
80
101
101
96
88
97
98
94
81
119
93
90
106
84
65
96
106
89
99
107
77
98
101
94
85
91
107
120
105
111
90
106
102
117
113
90
89
83
96
88
107
118
98
103
111
114
85
97
97
94
91
92
103
105
92
130
95
112
100
78
94
93
102
92
90
86
80
91
91
83
94
80
98
93
78
88
76
86
85
93
100
104
94
85
88
97
92
98
106
97
93
94
87
97
79
93
85
103
92
89
105
95
118
114
107
126
108
121
123
120
97
108
99
122
91
97
80
91
101
78
98
94
105
105
90
90
74
109
92
98
99
98
90
101
113
105
100
121
117
130
146
134
118
124
122
102
121
102
113
123
119
127
119
131
127
114
140
142
136
139
125
135
124
96
122
111
101
92
91
96
96
99
98
91
97
91
99
117
91
94
107
92
89
87
91
85
99
90
89
110
96
94
99
107
89
104
106
109
85
88
86
87
109
94
92
95
95
88
97
94
78
99
81
86
93
96
78
81
81
100
97
118
97
88
100
98
91
104
96
77
99
114
91
78
101
90
98
91
97
104
92
101
123
123
112
139
126
112
143
128
124
112
129
130
106
103
122
128
111
116
133
138
131
121
135
132
151
178
127
147
125
107
100
116
117
117
104
97
100
94
96
85
97
93
85
88
97
105
90
106
96
78
77
81
91
84
91
98
92
91
96
104
121
98
92
92
106
99
105
89
97
91
89
102
103
88
95
91
98
116
100
94
94
106
106
105
104
116
101
113
89
107
91
97
105
113
106
107
112
113
98
125
92
96
86
92
77
86
84
104
75
111
91
90
111
110
108
79
73
101
87
94
122
100
126
117
103
125
103
105
105
108
97
105
87
69
100
89
95
105
106
97
84
106
86
89
115
109
111
111
88
107
111
105
108
95
108
82
105
95
80
108
102
102
105
96
91
86
84
75
86
101
113
93
101
101
104
89
109
90
130
110
117
93
98
94
90
90
74
88
87
80
105
104
83
89
88
86
82
93
99
93
96
100
90
84
75
91
86
85
95
102
80
94
99
99
100
105
89
81
80
102
95
88
96
94
82
90
74
94
86
104
98
92
101
91
97
88
88
86
87
91
87
102
100
94
81
128
99
109
96
88
95
90
86
104
79
87
84
103
80
83
111
79
88
90
95
99
77
72
77
82
80
100
109
86
100
74
110
96
95
100
80
94
99
91
93
86
92
84
98
93
87
99
110
94
82
95
96
100
113
99
70
92
85
98
86
85
93
78
104
95
90
87
91
90
79
95
86
98
94
88
84
95
62
91
86
77
80
91
104
84
88
89
84
75
91
89
91
78
81
81
92
84
67
87
76
84
78
77
76
91
82
89
73
80
89
90
99
104
111
104
88
83
79
85
103
98
105
84
104
97
103
119
97
115
130
129
115
116
124
115
110
103
110
97
99
99
84
85
79
90
87
95
86
83
92
89
100
86
83
85
100
85
81
81
87
77
82
83
77
86
67
92
78
87
79
91
77
77
95
87
90
99
96
108
82
82
75
75
102
92
100
74
82
85
76
85
75
95
77
82
78
86
89
98
100
96
99
67
89
93
76
79
87
79
83
89
89
90
90
91
74
88
78
80
69
94
89
95
76
86
101
86
80
78
95
103
108
92
79
94
114
74
92
91
92
102
92
86
111
104
100
76
112
74
82
70
94
88
93
78
86
79
96
95
76
74
101
98
112
142
136
171
181
195
176
189
204
229
193
171
145
117
110
110
99
92
99
87
81
81
83
82
82
79
90
96
84
83
93
93
79
71
85
90
74
75
67
74
92
98
97
77
89
104
112
93
108
103
100
102
99
104
122
82
97
96
84
91
79
104
89
74
95
90
84
70
73
79
96
104
118
106
105
114
131
107
96
93
90
95
76
90
92
82
63
82
87
79
94
93
88
97
112
102
110
122
95
101
124
114
93
117
97
88
87
93
111
85
77
71
83
68
91
90
83
72
80
86
78
81
65
91
80
90
84
102
80
82
70
86
80
101
60
97
83
87
91
88
79
98
72
77
97
84
80
86
77
82
90
66
73
83
77
79
74
87
99
79
73
90
70
92
56
86
76
84
75
66
83
98
88
89
87
73
83
81
75
78
70
89
81
56
76
81
77
88
80
72
76
90
84
67
63
78
83
82
89
79
85
73
76
81
74
82
75
85
72
77
72
68
100
68
85
78
71
74
80
86
75
76
81
85
95
90
75
87
89
102
95
107
119
107
106
141
107
94
92
127
119
108
118
115
96
100
86
80
88
80
101
83
81
88
91
71
87
73
78
82
83
80
84
68
78
90
64
72
73
78
80
75
65
81
73
87
94
87
79
89
90
97
90
94
94
77
68
87
83
88
76
77
86
109
130
144
153
170
211
172
196
195
171
167
160
128
117
98
102
102
110
112
108
116
120
126
135
138
124
147
117
114
136
95
86
82
73
83
95
75
91
118
95
104
113
106
114
136
129
137
146
103
139
116
132
123
115
112
95
127
125
138
160
160
154
197
201
212
192
195
205
184
170
160
121
126
111
106
94
89
91
103
84
105
85
100
91
74
101
88
98
83
87
86
87
70
96
82
73
69
88
86
79
79
89
62
81
77
93
83
70
85
80
80
100
87
85
93
96
92
95
87
96
93
110
110
91
77
63
87
68
71
83
76
71
83
80
74
89
75
81
71
65
60
81
58
81
74
72
81
83
81
84
78
84
92
86
61
80
71
66
73
84
79
97
86
81
74
75
76
82
88
79
77
83
91
86
79
56
105
75
72
82
88
82
87
91
85
118
122
122
128
164
144
180
172
183
191
180
164
159
118
112
101
110
76
62
61
90
87
71
65
76
98
75
60
77
66
87
74
60
90
90
83
84
75
77
96
68
82
84
74
91
77
85
68
83
66
82
88
80
64
86
98
84
79
92
77
68
91
66
76
68
94
76
85
71
73
74
85
80
59
86
71
93
92
72
73
90
71
76
91
86
84
96
98
77
84
84
78
80
65
77
68
83
85
82
73
54
62
86
79
71
83
71
78
74
85
81
72
77
87
63
87
74
76
72
89
83
75
68
81
66
87
81
76
73
77
82
78
84
86
71
86
93
76
80
78
81
85
91
89
82
87
77
85
62
76
70
80
90
75
70
62
72
72
75
83
88
79
64
77
76
69
63
66
85
70
65
67
67
74
89
71
65
77
72
72
69
90
66
83
95
78
85
89
88
82
78
81
64
74
88
69
82
87
79
76
71
79
78
72
76
82
68
70
79
71
80
71
62
75
75
80
75
74
107
90
96
87
87
99
99
90
72
75
85
95
66
71
69
80
79
60
68
61
66
74
85
78
68
68
75
77
74
67
59
73
86
85
84
73
88
85
83
95
91
95
82
91
90
80
85
65
74
78
74
69
73
79
59
78
88
57
84
97
79
85
88
93
85
76
72
84
81
88
87
81
87
74
74
72
91
79
87
90
75
73
77
72
84
102
91
81
100
102
92
93
86
91
96
66
75
74
81
85
75
82
80
75
62
71
68
74
79
75
51
73
52
80
66
90
94
81
82
71
81
89
70
78
82
80
81
85
61
63
69
68
77
83
77
71
65
74
72
67
77
72
59
77
71
85
88
73
99
86
78
92
78
96
84
84
90
90
97
94
90
115
103
92
99
104
76
95
77
91
71
76
82
77
82
76
78
84
81
83
89
80
79
78
83
76
78
74
75
91
88
88
88
76
99
93
91
100
80
94
84
77
94
72
89
77
82
70
76
96
60
86
79
77
75
83
73
85
74
81
59
74
75
73
51
73
82
78
72
83
65
89
64
67
89
79
51
68
72
68
88
76
69
77
82
80
79
75
75
85
74
74
71
73
78
68
67
77
82
90
67
71
78
74
78
59
55
63
73
64
58
80
67
83
74
78
76
59
77
72
75
75
95
100
83
103
127
120
97
113
94
99
69
87
71
86
71
67
48
61
70
63
68
69
66
59
63
61
79
73
62
68
72
75
83
59
85
92
57
78
74
75
72
58
71
70
65
65
75
61
76
73
55
67
68
65
62
68
62
53
59
58
51
65
77
76
68
62
83
70
59
60
71
61
65
63
70
65
60
71
62
50
77
59
69
60
77
76
63
76
68
84
85
75
88
97
117
141
140
168
186
183
190
216
220
250
219
231
207
174
165
114
103
81
80
79
87
57
91
72
69
60
90
60
77
70
64
66
70
67
51
59
66
61
76
75
64
57
63
64
62
66
87
79
88
77
81
82
81
84
68
63
79
61
73
96
80
103
95
130
142
134
124
176
177
164
160
153
135
111
133
118
119
130
117
99
90
77
78
70
56
65
77
53
61
54
49
50
58
51
64
71
52
69
62
64
61
83
89
78
101
97
115
123
188
202
212
258
254
264
315
328
314
309
270
249
228
151
144
126
128
147
147
186
198
240
251
277
297
331
351
358
315
299
253
223
185
145
105
100
71
74
58
64
58
63
44
46
60
60
49
51
48
44
59
55
52
51
54
54
54
70
56
62
47
52
65
68
51
55
60
48
60
54
58
60
65
60
63
62
69
57
65
78
76
71
99
96
84
100
80
79
80
77
59
51
56
56
73
60
58
59
73
89
87
74
87
76
75
91
78
69
74
76
64
59
56
61
65
58
50
45
57
51
59
53
64
65
68
69
59
39
59
51
43
63
53
54
64
55
64
55
50
65
52
70
61
80
74
80
55
67
73
60
72
76
57
51
60
53
54
64
54
68
58
50
64
66
50
52
44
59
50
68
60
66
55
53
44
67
50
53
51
58
61
51
64
67
73
64
90
74
92
93
81
92
120
111
100
75
96
100
76
83
84
66
58
61
60
54
55
52
61
64
55
51
45
48
55
43
56
49
45
51
61
51
54
48
59
64
58
50
44
55
46
44
47
48
55
44
66
46
53
57
47
54
65
53
39
51
53
49
54
50
69
64
70
72
64
62
52
81
71
58
45
70
47
65
40
56
55
53
52
54
74
41
50
53
57
58
52
49
55
51
63
55
61
61
56
56
56
59
49
56
67
61
60
54
59
70
50
68
60
43
48
52
47
50
44
40
67
56
55
55
64
52
48
56
59
41
51
51
43
54
55
50
56
44
61
55
51
52
54
55
61
64
72
60
59
66
67
69
46
56
56
51
60
60
48
65
58
59
71
52
62
55
53
63
47
56
59
54
49
45
54
52
57
60
52
48
67
57
53
44
66
49
55
47
67
52
54
62
41
44
65
62
57
62
62
46
54
54
49
53
51
59
61
51
53
58
48
65
71
65
66
49
64
69
58
48
71
61
58
42
49
55
58
59
67
54
60
52
52
47
50
54
60
65
53
59
50
58
61
67
63
60
51
52
56
56
57
48
56
63
45
57
59
53
49
58
55
59
61
59
71
53
70
63
57
47
55
64
58
58
39
65
56
59
52
54
67
52
45
45
43
66
57
48
52
57
52
47
58
61
57
58
63
61
49
41
63
62
56
60
53
50
46
51
62
57
54
48
63
49
56
51
48
57
50
59
57
67
67
62
55
68
48
62
71
51
65
67
65
56
50
66
69
50
64
83
82
53
61
51
69
62
47
64
52
56
73
65
63
55
51
46
51
51
50
59
65
65
79
89
89
107
120
151
157
131
168
157
182
199
185
166
154
148
124
112
96
87
66
62
59
50
65
64
71
61
45
56
70
49
56
55
42
60
43
46
62
54
66
57
40
40
66
63
55
61
89
67
93
106
132
132
125
132
127
132
131
136
136
124
135
97
91
72
69
68
50
46
51
52
51
51
54
57
49
55
50
54
49
49
46
53
39
45
44
62
43
47
44
37
57
43
36
51
49
46
43
51
39
60
54
53
51
58
40
42
52
48
48
39
58
43
45
41
41
56
55
42
49
44
48
44
38
53
48
50
48
43
39
55
46
48
45
43
49
55
50
57
53
44
43
56
55
52
46
57
47
58
53
50
66
49
60
49
47
56
71
51
49
40
51
40
55
57
51
48
54
54
52
51
49
52
45
51
52
42
35
47
42
55
42
46
52
49
44
46
60
51
55
63
58
59
54
65
65
52
57
53
53
40
51
39
54
40
48
60
53
48
49
63
52
51
65
47
60
48
62
49
46
52
49
42
57
47
47
56
52
58
55
67
45
61
59
70
74
74
75
56
63
69
66
64
77
73
105
125
147
157
182
269
288
361
414
471
543
583
682
698
728
773
778
636
522
481
328
240
181
109
68
60
45
44
43
46
42
40
39
41
41
41
26
42
36
41
37
33
37
40
39
30
42
41
31
37
34
44
40
38
44
40
32
49
40
35
26
31
34
37
35
45
52
44
28
36
34
39
39
45
31
36
47
45
33
35
33
25
39
33
43
41
23
27
33
35
30
36
44
37
40
28
42
44
40
26
37
36
27
32
35
28
29
30
38
41
34
51
38
47
30
38
43
33
47
25
35
41
31
37
39
43
39
45
36
43
37
38
29
36
38
42
43
46
38
41
40
48
39
38
47
40
49
71
54
65
60
58
51
54
59
58
47
51
47
46
64
54
44
61
40
32
30
48
52
48
44
67
55
56
43
45
48
47
39
45
41
35
39
40
48
40
48
50
47
57
56
67
67
89
96
96
91
117
95
96
118
100
110
97
89
78
68
57
42
45
38
39
44
46
38
36
38
44
23
44
32
39
37
42
42
40
28
35
25
23
32
32
40
41
46
52
46
63
50
52
53
65
73
61
67
75
75
78
71
68
83
57
62
49
52
31
34
36
45
42
31
31
35
41
43
56
30
33
34
39
38
38
48
40
35
46
50
44
49
49
55
53
71
64
67
55
50
59
50
51
42
46
40
39
40
58
49
55
62
57
60
48
52
48
43
51
55
56
59
52
52
44
43
49
55
46
39
53
32
27
42
41
28
40
37
19
40
29
39
35
30
28
36
26
22
33
28
29
32
30
35
39
37
34
40
36
34
36
29
19
34
36
32
34
29
29
35
28
43
33
34
30
34
33
46
31
29
26
26
34
35
36
29
40
30
35
27
36
36
34
28
31
26
32
28
30
39
27
42
26
31
40
29
36
33
31
28
36
39
36
37
41
26
38
29
41
28
33
31
35
41
36
37
47
22
36
34
35
35
40
33
25
36
31
24
37
26
36
26
31
30
33
37
29
28
31
39
27
44
32
30
40
27
31
36
38
36
29
28
38
41
27
35
26
26
43
37
44
33
43
26
47
33
44
39
40
49
35
50
33
43
32
51
36
27
42
40
33
41
47
32
38
27
30
41
32
42
42
33
45
40
60
49
45
63
66
52
70
57
75
80
80
75
71
47
65
51
35
46
37
32
41
32
23
39
34
35
38
42
32
48
43
38
39
38
40
42
34
53
45
31
60
26
52
31
44
32
34
39
32
49
24
38
25
31
43
37
30
32
38
40
31
39
46
39
41
34
41
44
56
47
42
29
47
40
34
40
31
32
39
33
29
26
28
27
43
31
55
35
31
35
16
29
31
39
32
34
37
32
43
30
38
33
37
40
38
38
39
31
43
29
38
34
24
33
38
39
42
31
27
29
38
29
24
45
31
29
45
30
36
31
38
45
24
43
26
39
31
31
29
30
34
35
28
25
38
34
38
32
22
36
34
34
37
34
47
43
24
39
33
32
42
38
31
40
31
43
42
37
33
34
35
39
29
35
39
33
30
33
38
27
29
27
28
31
32
22
21
33
47
30
21
39
29
29
37
33
28
28
36
26
36
39
43
30
26
33
26
26
31
37
40
28
43
40
40
29
27
34
25
32
34
41
38
36
23
36
38
29
34
35
33
24
39
38
29
34
35
32
33
34
32
35
36
28
29
24
21
26
39
32
40
30
39
33
44
41
44
38
33
46
42
32
40
44
32
34
39
20
45
36
38
35
26
34
35
42
20
34
36
30
33
26
28
27
31
32
34
34
41
44
38
31
34
38
32
44
39
30
34
36
31
31
36
34
29
30
32
48
33
40
40
46
47
43
50
42
70
51
62
51
61
54
58
53
49
35
50
48
41
54
47
40
51
43
61
56
63
75
72
99
115
118
150
134
167
147
169
158
183
176
171
139
112
103
68
52
47
43
30
37
29
34
22
25
33
30
29
37
35
32
21
24
32
31
32
30
31
29
32
25
38
26
26
33
26
31
28
36
29
30
28
40
26
33
30
31
24
29
28
34
28
29
35
38
38
22
32
25
32
37
35
34
23
20
31
32
33
24
25
20
30
27
26
20
25
24
31
35
22
24
25
30
30
28
33
30
26
35
23
23
31
34
25
24
29
26
29
35
24
29
22
28
29
28
27
29
25
33
25
36
35
24
24
30
29
24
27
29
28
29
32
21
31
32
32
33
25
37
24
24
30
28
29
23
29
26
28
28
28
34
21
30
39
39
39
35
47
45
66
72
90
104
112
119
114
117
150
145
161
169
172
154
147
114
104
76
69
50
29
25
27
23
19
24
29
25
24
23
20
20
22
24
16
23
37
22
28
15
24
27
34
32
27
25
28
25
21
31
20
22
19
34
23
31
21
28
19
19
24
35
24
21
23
18
22
21
26
22
32
16
30
36
21
23
20
22
25
24
29
23
26
31
26
24
21
32
32
24
21
25
20
25
20
32
25
29
27
21
20
25
34
29
27
21
31
23
31
32
27
28
39
22
25
31
24
21
31
23
30
31
22
24
29
27
29
26
20
23
20
21
31
30
31
31
27
18
24
22
29
24
41
32
29
33
47
37
33
36
55
58
55
66
71
106
88
102
113
106
138
134
143
154
143
144
153
124
122
80
68
49
35
44
36
24
34
27
28
23
15
15
18
18
18
26
16
27
21
21
20
21
15
21
20
27
18
26
25
21
24
19
23
25
28
28
25
18
32
17
16
22
13
29
19
20
26
28
28
21
31
20
25
23
28
27
34
22
21
25
21
23
15
26
27
18
29
27
25
24
27
26
26
26
31
22
21
27
25
18
23
23
29
24
28
30
20
21
27
18
24
23
30
26
27
23
22
34
20
17
26
22
22
22
23
16
20
26
24
17
27
27
20
28
27
29
25
28
23
21
19
23
19
28
21
30
25
24
27
28
29
25
22
17
14
31
20
18
25
26
14
21
17
28
31
31
23
29
26
24
28
23
16
23
19
20
17
22
26
25
31
33
36
26
23
22
27
27
20
24
22
26
17
18
19
25
17
21
21
30
21
26
26
24
23
37
27
17
29
21
24
21
18
26
18
23
29
17
28
25
30
20
20
16
26
37
24
26
34
31
27
29
33
37
39
33
24
38
35
31
42
38
29
32
27
36
28
23
33
28
35
23
19
16
32
23
24
18
26
21
32
25
21
26
21
24
23
28
20
25
29
35
30
43
23
35
18
36
49
20
37
24
30
22
26
20
15
24
29
25
20
25
29
21
27
17
21
34
27
29
22
23
19
20
23
20
20
22
16
30
31
26
24
19
19
34
33
28
22
22
32
16
23
21
18
24
30
26
33
28
23
20
20
30
23
20
19
29
29
23
30
22
18
29
38
27
38
30
30
33
54
49
54
44
59
66
65
66
73
80
69
69
83
81
79
77
56
54
54
50
36
30
29
24
25
27
23
23
26
18
24
18
22
18
13
25
30
19
27
23
18
30
21
19
34
20
17
22
26
22
20
20
23
30
19
15
23
22
22
20
16
28
25
23
24
21
17
15
22
17
19
19
26
21
23
15
20
21
16
17
22
22
18
24
21
28
23
15
14
28
27
26
25
23
24
26
27
26
39
42
37
42
58
60
45
62
58
52
54
64
60
54
35
35
41
30
30
24
28
25
29
32
26
17
18
19
19
15
21
29
25
33
20
22
29
23
24
23
22
25
20
20
22
25
23
16
19
28
23
19
23
20
27
26
26
33
26
29
48
35
35
45
46
47
57
68
59
63
75
68
96
84
89
91
78
64
53
47
52
52
32
31
35
23
29
20
21
19
16
26
27
23
12
22
15
24
22
15
25
18
17
25
23
24
26
28
26
22
19
18
25
23
22
17
23
16
13
20
23
20
30
21
23
23
22
20
19
20
19
22
24
19
19
26
16
16
15
17
19
21
23
23
29
19
12
13
17
23
26
25
11
30
19
19
18
16
19
26
16
17
17
16
22
23
18
19
15
21
27
16
24
14
19
18
21
23
20
30
17
21
15
23
17
19
16
27
16
17
17
27
24
12
17
19
16
20
18
18
17
23
17
17
17
23
17
22
17
16
23
19
26
23
23
18
22
33
25
23
20
14
18
27
22
14
18
24
22
13
27
20
30
24
30
20
21
22
15
20
20
19
10
15
24
12
26
21
25
15
19
22
20
21
24
15
19
24
22
12
27
19
23
26
20
16
18
13
17
25
20
29
25
23
23
24
21
24
23
17
19
14
14
14
22
26
18
23
16
20
24
25
18
27
24
26
27
24
24
24
20
21
27
28
18
15
19
20
21
16
25
23
15
22
18
28
10
18
26
18
10
19
16
16
15
18
16
16
13
19
16
20
21
17
17
19
27
20
32
22
21
11
11
22
16
19
20
20
20
14
19
19
18
15
12
20
20
22
19
18
13
14
19
20
14
27
24
26
39
36
42
58
50
55
61
45
70
45
35
39
37
28
19
28
19
28
27
34
20
35
40
37
43
49
48
57
57
75
73
75
82
77
78
74
87
85
82
89
68
73
57
48
60
51
52
48
48
56
42
42
56
35
29
36
26
34
28
16
15
15
21
17
19
18
14
18
19
24
20
16
12
19
17
11
21
22
22
16
21
14
13
18
14
17
16
18
20
26
18
21
16
19
17
20
17
21
15
15
15
20
27
18
30
22
20
16
26
21
24
21
22
13
11
18
30
12
16
13
18
26
21
19
24
15
17
15
21
17
21
15
19
17
30
15
17
18
25
14
11
17
19
23
22
17
24
19
17
19
15
29
25
22
22
30
23
15
24
22
20
28
21
20
20
28
28
17
20
21
19
25
23
12
19
14
23
10
18
24
18
23
13
27
21
15
19
20
18
24
22
24
16
15
15
15
17
17
13
22
21
26
23
25
16
21
16
10
14
20
17
11
22
17
23
17
18
17
11
22
17
12
28
18
18
20
19
21
19
25
16
19
17
20
20
23
20
20
26
19
30
20
21
20
22
19
27
20
30
25
31
30
21
20
43
42
31
38
47
38
59
52
45
51
70
63
76
88
80
77
74
74
55
48
48
36
24
22
29
25
25
17
28
28
29
27
22
32
21
20
24
15
14
26
22
24
18
17
23
18
18
22
22
22
15
21
21
13
20
19
19
19
13
16
21
19
19
19
15
16
21
12
18
22
16
19
20
23
15
27
16
11
22
18
12
18
15
12
15
14
18
13
15
11
11
15
15
13
18
14
15
19
10
12
19
8
11
18
19
18
20
22
12
17
14
14
24
20
17
24
25
13
23
18
13
20
20
15
16
12
15
16
14
17
18
14
19
14
15
13
21
13
17
18
10
17
26
14
11
16
11
15
15
7
20
13
17
8
21
14
17
16
14
12
9
22
16
14
17
16
17
11
12
17
15
9
15
10
11
16
24
14
20
16
16
8
13
12
20
17
16
21
13
14
14
9
13
7
13
13
20
23
8
18
23
9
18
9
18
16
19
8
15
13
12
15
10
20
18
19
15
18
9
16
12
15
14
16
13
18
16
20
8
20
26
19
16
17
19
19
21
24
18
19
18
18
16
22
28
15
17
27
23
24
17
18
16
15
7
22
21
22
17
16
13
12
5
15
11
10
24
16
19
20
9
14
10
18
22
12
14
12
19
13
17
14
18
18
18
9
12
17
16
11
15
21
14
24
26
16
17
9
12
17
22
11
10
10
11
19
18
8
14
15
19
15
16
20
12
12
16
19
17
17
19
23
18
19
15
28
11
11
13
10
12
20
19
12
13
14
14
18
10
14
12
17
15
21
28
13
11
9
17
14
12
18
13
16
20
12
14
16
13
19
27
14
13
19
25
25
16
29
26
23
28
22
29
32
26
24
19
21
23
21
24
23
13
18
20
19
13
11
17
16
9
17
11
16
13
15
15
15
19
14
19
14
19
18
15
14
16
18
20
21
20
13
16
18
15
13
12
9
13
12
12
14
13
19
8
11
14
15
13
17
12
7
16
17
11
12
10
11
15
10
19
15
22
18
8
12
13
11
13
15
18
11
17
15
11
17
6
20
19
10
13
11
14
14
13
10
15
14
17
16
16
15
14
19
16
14
15
16
16
10
10
18
15
12
11
16
16
18
18
10
15
21
17
14
14
15
17
15
13
18
18
14
18
8
15
11
13
18
9
15
9
11
13
10
14
12
16
9
19
16
9
14
19
15
11
15
15
8
14
22
7
10
7
14
5
24
14
11
12
11
12
13
17
16
20
14
17
10
20
12
14
14
21
18
16
11
13
11
6
16
20
6
11
13
14
14
17
7
14
13
15
14
7
12
15
11
23
13
14
20
11
14
10
11
26
23
22
35
36
28
35
32
34
44
34
35
38
51
27
37
36
41
33
38
53
40
46
43
63
34
46
48
36
32
46
25
33
42
22
43
43
33
54
40
39
46
39
35
30
53
35
27
51
30
36
37
20
26
25
17
22
18
24
10
10
8
18
13
15
13
12
15
14
17
14
9
15
16
17
18
13
21
14
17
14
14
18
12
14
14
15
18
17
15
19
14
22
15
12
14
10
18
10
12
18
12
11
15
15
14
14
13
10
4
18
19
13
17
17
16
26
21
14
11
17
10
9
13
21
13
22
22
15
9
18
14
27
14
14
12
26
18
18
9
16
21
22
21
21
15
23
32
29
22
18
28
29
30
25
31
30
24
22
25
21
30
17
18
23
21
25
10
24
18
17
16
20
24
18
20
15
17
18
18
13
17
18
6
10
21
15
23
11
12
10
9
12
12
20
24
15
15
17
10
10
11
16
15
15
13
17
16
14
13
6
15
8
10
13
13
14
14
14
12
15
18
20
14
15
12
17
18
20
11
17
17
18
15
19
14
14
22
18
12
15
17
12
11
10
12
18
19
18
18
16
15
14
22
13
9
13
11
14
17
17
13
11
17
13
18
12
14
20
26
30
20
29
40
33
34
42
43
46
55
64
54
66
76
73
68
68
60
41
54
44
33
32
33
26
19
18
16
11
11
15
21
10
19
22
21
12
18
20
34
30
19
32
36
33
33
32
31
31
29
40
16
28
12
25
23
19
18
15
11
9
17
9
11
14
9
14
12
16
14
11
13
10
7
13
11
11
14
16
8
6
12
8
8
11
11
12
15
7
11
15
12
6
12
14
14
11
11
12
12
18
16
13
14
14
12
10
6
8
12
15
8
13
19
15
18
13
11
14
9
15
11
14
13
18
15
14
19
14
15
8
16
10
10
13
14
11
7
10
15
17
10
26
9
14
8
16
13
17
16
18
11
15
16
18
12
19
17
11
19
18
18
10
14
17
11
14
20
12
9
19
15
18
10
14
15
15
12
13
18
14
12
16
21
17
14
16
12
23
18
21
11
13
12
14
18
12
8
14
5
13
12
8
13
17
17
12
9
8
11
9
15
18
11
19
15
19
10
11
18
10
20
22
31
27
24
47
35
42
51
34
40
50
52
41
47
74
51
56
58
48
50
41
32
29
20
22
20
21
20
15
11
10
14
10
13
15
12
13
11
14
22
14
15
14
16
18
8
12
7
4
16
11
17
18
9
21
16
18
10
12
16
15
18
15
14
19
13
14
21
17
14
15
14
18
25
20
21
14
18
12
21
18
18
13
17
13
11
19
24
20
11
17
21
18
16
16
16
14
26
18
22
18
15
17
26
17
17
11
17
16
15
19
16
6
17
21
13
19
18
17
19
20
13
11
17
12
24
16
17
15
20
18
18
13
17
15
9
22
18
11
16
20
6
15
16
15
17
15
15
13
17
11
16
9
18
18
15
18
16
15
21
17
20
13
10
24
17
14
21
20
13
12
17
17
7
22
14
11
11
13
11
16
13
23
11
25
14
9
9
17
14
14
15
5
22
17
24
14
18
15
16
11
16
16
19
13
9
21
9
15
14
12
19
15
12
16
12
13
10
14
13
16
11
11
11
21
13
15
16
15
17
8
15
16
18
11
15
8
14
5
18
13
13
17
22
16
11
6
9
13
9
12
12
11
14
21
10
18
10
13
16
10
17
17
12
15
10
13
19
10
16
14
12
13
15
13
15
10
12
12
7
11
11
15
7
19
14
11
12
19
12
9
13
12
14
14
17
17
12
10
13
19
12
11
10
9
9
11
14
10
7
11
12
20
12
14
10
14
12
13
6
14
15
15
11
11
10
9
15
7
12
11
10
9
15
8
11
14
13
10
16
14
18
22
17
10
12
10
17
17
16
12
14
29
25
30
24
50
43
50
64
84
86
101
111
126
135
158
146
179
182
209
204
248
257
232
229
192
173
130
137
106
91
76
72
80
78
88
102
100
136
152
152
166
183
190
203
208
212
205
190
143
127
87
72
42
37
33
29
19
17
12
8
2
8
7
7
6
4
4
2
4
5
12
5
7
4
7
4
6
3
7
6
3
5
6
4
7
2
1
5
4
5
3
4
3
1
4
1
6
3
8
5
6
5
5
5
8
7
5
4
4
3
10
9
7
6
4
7
6
8
11
9
9
7
4
4
17
8
8
8
8
6
4
4
2
5
5
5
4
2
4
5
2
6
7
6
2
5
1
3
2
2
6
2
3
8
2
12
4
10
25
11
16
21
24
20
27
23
25
31
43
34
39
31
36
48
36
37
35
32
23
15
13
14
11
10
7
10
6
6
4
2
5
5
4
2
3
3
3
1
3
1
5
5
4
1
1
4
7
2
4
5
4
4
2
4
3
3
5
8
3
5
3
3
5
5
5
1
1
8
3
2
6
7
1
7
8
5
9
5
15
4
6
8
12
5
14
7
4
6
15
9
6
10
13
10
11
3
4
8
6
4
7
1
6
8
6
6
5
11
8
11
14
13
16
19
27
15
29
35
29
44
42
30
31
44
34
42
37
27
27
34
23
17
15
23
19
20
22
17
19
16
21
14
11
15
7
6
3
5
5
0
0
2
1
5
2
0
3
2
3
3
2
7
2
4
4
5
2
2
3
2
3
3
1
2
5
2
1
1
5
2
1
5
3
3
1
0
1
3
3
1
4
1
4
3
2
0
3
1
0
0
3
0
4
3
4
0
3
2
3
4
2
2
2
1
2
2
4
2
4
2
0
3
3
1
4
4
3
2
5
1
8
5
1
5
3
0
5
3
3
3
3
3
0
6
6
3
2
0
0
4
2
4
2
4
1
3
3
1
3
2
1
9
2
3
2
2
5
2
4
3
3
3
2
4
2
2
4
3
2
0
4
0
1
1
1
2
2
3
0
4
5
2
1
7
3
2
1
3
1
2
2
2
2
1
3
1
1
3
2
3
2
1
4
4
6
4
5
0
0
2
0
2
2
5
2
2
3
1
5
1
6
4
0
1
3
2
3
3
2
2
2
2
1
2
0
1
1
5
4
2
1
3
2
1
2
4
1
5
0
1
2
1
2
3
0
1
2
0
3
3
4
2
0
1
2
1
4
1
4
1
1
3
3
3
5
3
1
3
3
0
2
1
3
4
1
2
3
1
1
4
3
1
2
3
0
3
1
3
1
0
2
5
1
2
4
1
4
2
0
2
0
0
3
2
1
4
4
6
3
3
3
3
1
3
3
4
0
4
3
2
0
6
4
3
1
1
0
1
4
2
4
2
3
4
3
1
1
1
4
1
2
1
2
2
2
1
4
6
5
4
4
0
1
0
3
2
3
4
1
2
5
5
2
1
2
1
2
1
2
2
3
3
3
4
4
2
6
1
3
3
3
2
2
5
1
3
1
1
1
3
2
4
3
2
3
2
6
3
2
5
3
1
0
1
2
2
2
0
2
3
2
1
3
2
2
3
1
5
2
0
1
2
3
2
3
0
1
3
2
1
2
6
3
2
3
1
1
1
2
2
2
3
5
4
3
3
0
1
2
1
3
3
3
3
2
1
2
6
4
1
6
0
3
3
2
3
1
2
0
4
2
1
0
2
1
1
4
0
3
3
1
1
4
1
1
4
0
3
1
2
4
3
0
1
3
3
4
2
3
3
1
3
3
6
1
1
4
2
4
2
7
3
4
3
3
1
2
2
3
0
2
2
2
1
2
6
2
5
6
0
3
1
0
3
2
4
2
0
2
6
4
4
0
4
5
4
5
1
3
5
1
2
3
2
1
3
4
4
5
1
4
7
1
3
2
2
3
5
5
3
3
4
1
3
3
2
4
2
6
0
2
5
4
2
3
2
2
3
3
2
2
2
4
1
3
3
7
1
0
3
2
2
4
2
5
1
2
3
1
3
3
1
1
1
2
6
3
1
3
0
2
2
2
0
1
6
4
0
5
2
7
6
1
1
3
0
4
1
4
3
5
2
4
4
1
2
1
2
2
2
3
0
3
1
1
3
0
2
4
0
5
2
3
5
2
1
0
1
0
2
1
1
3
2
1
3
2
3
1
1
1
3
3
2
2
4
2
3
0
4
1
2
5
3
1
0
2
2
4
0
0
2
4
1
0
4
2
1
1
0
1
4
0
3
1
3
4
6
2
1
3
3
1
1
2
4
2
2
0
2
0
3
1
5
1
2
1
0
3
2
0
0
2
3
1
3
0
3
2
1
3
1
1
4
3
3
4
4
2
2
3
1
0
1
2
0
0
1
4
5
3
2
3
1
4
5
5
2
2
2
7
4
8
3
2
3
3
3
4
4
2
0
3
1
1
1
3
6
3
1
2
3
2
0
3
3
7
2
3
3
2
1
4
2
2
0
3
1
3
2
6
1
2
2
3
1
1
1
1
3
2
0
3
2
2
3
3
4
6
6
4
4
3
3
6
3
6
2
6
8
6
7
4
8
8
8
11
11
11
8
9
7
14
3
8
0
5
2
2
4
3
1
4
3
2
1
0
2
1
3
5
4
2
2
1
2
3
3
2
0
2
3
1
0
1
1
2
3
2
2
1
0
1
2
3
3
2
0
1
0
1
3
1
3
3
3
1
2
1
0
4
1
6
4
1
4
0
2
3
2
2
3
2
3
0
2
2
2
0
3
5
3
2
2
1
1
3
4
4
3
3
3
5
3
4
4
4
4
7
2
2
4
2
2
3
3
6
3
3
1
1
2
1
2
2
4
1
1
2
2
1
2
1
2
1
1
7
4
0
1
5
3
2
3
2
3
2
0
3
2
3
0
3
2
2
1
2
3
4
2
0
2
1
2
5
2
2
1
2
2
2
0
2
3
2
3
2
2
2
3
5
2
2
1
3
0
2
2
2
6
1
3
3
1
4
1
2
9
3
1
2
1
1
1
2
1
3
2
2
7
0
3
3
1
0
2
2
1
1
2
4
2
3
3
2
2
0
2
2
2
3
3
2
2
1
1
1
6
4
1
3
2
1
0
1
1
2
0
2
0
1
3
2
0
1
2
2
4
1
2
2
2
6
4
6
3
5
3
3
4
8
5
9
5
4
2
4
5
6
6
2
3
1
3
1
1
1
2
3
1
0
3
4
3
2
3
0
3
3
0
0
1
1
4
2
3
3
4
2
4
0
4
1
1
5
1
2
0
3
1
1
0
4
3
0
2
1
2
1
1
1
1
1
2
1
3
2
2
1
0
1
1
3
1
2
2
3
2
3
2
2
3
2
4
0
0
1
2
3
1
1
1
3
3
2
2
0
1
3
2
6
0
3
2
4
1
4
0
2
3
0
1
2
2
5
1
1
1
0
1
2
1
1
3
3
2
1
0
2
1
0
3
0
0
0
1
0
2
0
4
2
2
1
1
0
2
1
2
0
0
0
2
2
0
3
0
3
8
2
2
1
0
2
3
3
3
4
6
8
4
7
11
2
9
6
10
9
9
15
9
6
12
16
11
15
8
4
5
2
4
0
3
0
1
0
3
0
1
0
1
1
2
2
0
3
0
1
0
0
4
2
1
1
1
0
0
3
2
2
2
0
1
2
0
3
3
0
1
2
1
1
2
0
1
2
3
0
0
5
1
4
3
1
4
0
1
3
0
0
0
1
0
2
2
1
2
1
3
2
2
2
3
2
7
1
4
7
2
6
16
3
7
4
8
4
12
6
7
14
14
10
12
5
12
11
6
7
6
5
3
6
2
4
0
4
2
3
2
2
1
2
2
3
2
1
2
0
1
3
2
4
1
0
2
2
0
0
0
4
2
0
1
2
0
0
0
2
1
1
1
0
0
1
0
1
3
5
1
2
1
1
1
1
3
3
1
3
0
2
1
0
4
1
1
2
0
1
4
2
0
4
2
4
1
3
3
1
0
1
2
1
1
2
0
1
1
1
0
2
1
0
1
1
1
1
2
2
0
2
0
1
2
3
1
1
1
2
3
2
1
2
0
2
2
1
1
1
2
0
4
2
3
1
3
0
1
2
4
0
0
0
1
0
5
2
3
2
2
3
1
2
1
0
2
1
1
1
0
1
0
2
3
1
1
1
0
2
1
0
2
1
1
0
1
0
3
0
4
1
0
1
1
0
1
1
0
0
4
2
2
1
0
3
1
2
1
3
2
4
1
3
2
0
2
1
5
1
1
1
0
0
2
2
1
1
4
6
0
1
0
3
3
2
2
5
4
1
2
2
1
1
6
5
3
3
7
2
3
6
4
2
7
3
3
3
4
6
2
6
1
1
4
1
0
4
1
1
5
1
0
1
2
0
1
1
2
0
1
0
1
0
0
1
1
0
1
1
0
1
1
2
2
3
2
0
0
1
0
0
0
3
1
2
2
0
1
4
1
0
1
2
2
1
2
0
0
2
3
1
4
0
2
2
1
2
2
0
2
2
3
2
2
1
1
4
1
4
1
0
0
2
0
1
0
3
2
1
2
3
1
1
3
2
1
1
1
0
0
1
2
3
3
2
2
1
0
4
1
2
2
1
4
1
1
3
2
0
3
1
2
1
1
0
2
0
0
1
2
2
0
0
0
1
0
1
3
1
3
6
5
2
3
2
2
3
4
1
4
3
3
3
4
6
2
4
6
4
7
9
5
3
2
7
3
4
0
3
0
0
2
0
0
1
0
1
0
0
1
1
2
0
0
2
2
2
0
2
0
1
1
3
1
0
0
0
0
1
1
1
0
0
0
0
1
1
2
1
1
1
3
1
0
0
3
3
3
1
0
3
0
0
0
0
0
1
2
2
0
3
0
3
1
1
1
1
1
1
1
0
2
0
0
2
1
2
1
0
3
0
3
1
1
2
2
1
1
6
0
0
1
1
3
2
1
2
0
2
0
2
1
0
6
1
0
2
3
2
4
0
0
0
1
1
2
0
4
2
2
1
1
3
1
1
1
2
0
0
0
0
1
0
0
1
0
4
1
1
1
1
1
2
4
1
2
1
1
0
3
2
1
2
2
0
1
2
1
0
1
3
2
1
3
2
2
3
0
4
2
2
0
2
2
1
1
2
2
2
4
1
1
1
1
0
0
0
2
1
0
1
0
1
0
0
1
1
1
1
0
1
3
1
0
1
1
4
0
1
0
0
3
0
5
1
0
3
1
0
1
2
1
3
3
2
1
0
1
1
1
3
1
3
2
1
1
1
4
0
1
0
2
2
0
3
3
3
2
0
2
2
0
2
2
1
1
0
1
1
1
1
3
0
1
1
2
2
1
1
2
2
0
3
0
3
0
0
1
2
2
4
1
3
2
1
0
0
0
1
1
0
0
1
2
0
0
1
1
2
0
1
0
2
1
2
2
0
1
2
1
2
1
1
2
0
0
2
0
1
1
1
3
0
1
0
1
1
1
2
0
0
1
1
3
1
1
2
1
1
1
2
0
3
1
2
1
1
1
0
2
0
3
0
2
0
1
0
2
3
1
3
1
1
4
0
2
0
1
3
1
1
1
0
1
0
0
0
1
0
2
0
1
1
1
2
1
3
1
0
2
1
0
1
1
2
1
2
0
0
2
3
3
2
1
0
4
1
1
2
3
4
2
3
4
2
3
3
3
4
4
3
5
2
4
3
5
7
4
3
1
1
0
0
2
0
2
1
0
0
2
2
2
2
4
4
1
0
2
1
1
0
3
3
0
2
4
0
1
1
0
1
1
1
1
2
1
2
3
1
2
0
0
1
1
1
0
3
1
0
2
3
3
1
2
1
1
2
4
1
2
1
1
3
0
1
0
3
0
2
1
1
1
0
1
0
1
1
2
1
4
3
4
2
1
1
0
1
2
1
2
1
2
1
0
1
2
2
0
0
1
1
2
1
2
0
0
1
1
1
1
0
0
3
3
1
0
1
2
1
0
3
0
1
2
0
1
0
0
2
2
1
0
2
1
1
0
2
0
0
0
2
1
1
0
2
1
0
1
1
0
3
0
0
0
0
0
2
1
0
1
2
2
0
2
3
1
1
1
0
1
0
0
0
3
2
1
0
0
2
1
3
0
1
0
0
2
0
1
2
0
3
1
2
1
0
0
1
1
0
1
2
1
3
2
0
3
2
2
2
1
1
1
0
2
2
1
2
5
4
3
4
14
6
10
7
6
6
11
12
7
11
17
17
13
16
22
20
19
23
13
13
11
5
10
5
4
2
2
2
3
0
1
1
1
4
1
0
0
0
1
0
1
0
1
0
0
0
1
0
1
1
0
0
2
0
0
1
0
1
0
0
0
1
1
1
1
0
2
0
0
0
0
2
0
0
2
1
1
0
1
0
1
1
2
1
1
1
0
2
1
2
0
0
0
0
0
1
0
0
2
2
0
0
0
2
1
1
2
2
1
1
0
0
1
0
0
0
0
0
0
1
0
0
0
1
0
0
0
0
0
1
0
1
1
1
0
1
2
1
0
1
0
0
1
0
1
2
0
0
1
0
3
1
0
2
1
1
1
1
0
1
0
0
0
2
0
0
0
0
1
0
0
2
1
0
0
0
1
0
1
1
0
1
0
2
0
0
2
1
2
0
0
0
1
0
0
0
1
1
0
0
1
0
0
1
2
1
0
2
1
0
0
0
0
0
1
0
0
0
0
0
0
1
0
0
1
0
0
0
0
1
1
1
0
1
1
2
1
0
0
1
0
0
1
1
0
0
1
2
0
0
0
2
0
0
1
1
2
1
2
0
0
2
0
0
0
0
0
1
0
2
0
0
0
1
0
1
0
0
1
1
0
0
1
2
1
0
3
0
0
0
0
0
1
1
2
1
1
0
0
0
0
0
1
0
0
0
0
1
2
1
0
0
0
1
0
0
0
0
0
0
0
0
1
0
0
0
0
1
1
1
1
0
1
0
0
1
0
0
0
1
1
0
0
0
0
2
0
0
0
0
0
0
0
1
2
1
1
1
0
0
0
0
0
1
0
0
0
0
0
0
0
1
1
1
2
0
1
0
0
0
1
0
0
0
1
1
1
0
1
0
0
1
0
0
2
1
0
0
0
0
1
1
0
3
0
1
0
0
0
0
1
0
0
1
0
2
0
1
1
0
0
0
0
1
0
0
0
0
0
0
1
1
0
0
0
0
0
0
0
0
0
1
1
0
3
2
3
0
1
1
1
0
0
0
1
0
0
0
0
0
0
0
1
0
0
0
0
1
0
1
0
1
0
1
0
0
0
1
0
1
1
0
0
0
0
0
1
0
0
1
0
0
0
0
1
0
0
2
0
0
1
0
0
0
0
1
0
1
1
0
1
0
0
0
1
2
2
2
1
0
0
1
0
1
0
1
0
1
1
0
0
2
0
0
0
0
0
1
0
0
0
0
0
1
0
0
0
0
1
2
0
0
0
1
0
0
1
0
0
0
0
0
0
0
0
0
0
2
0
1
3
0
1
2
0
0
0
0
0
1
0
1
0
0
0
1
0
0
1
0
0
1
1
0
0
0
0
0
0
0
1
1
0
1
0
0
2
0
0
0
0
1
0
0
1
1
1
1
0
0
0
0
1
0
1
0
1
0
0
1
1
0
1
2
0
0
0
1
0
0
0
1
1
0
0
0
1
1
1
0
0
1
0
0
1
0
2
0
0
1
0
0
0
0
2
0
0
0
2
0
2
0
0
0
0
0
1
1
0
0
0
0
0
0
1
0
0
0
0
1
0
0
0
2
0
1
1
0
1
1
0
0
0
1
0
0
0
0
0
0
0
0
0
0
0
1
2
0
2
1
2
0
0
0
0
0
0
0
2
0
0
0
1
0
1
0
0
1
1
3
1
0
0
0
3
2
0
1
0
1
0
0
0
0
0
1
1
0
3
0
0
1
0
0
0
1
1
1
1
2
1
0
0
0
1
1
2
1
0
1
0
0
0
0
2
1
0
0
1
1
0
0
0
0
1
1
1
0
3
2
0
0
0
0
0
0
0
1
0
0
0
4
2
1
0
0
0
0
0
0
0
0
1
2
2
1
0
3
0
3
2
2
3
0
1
2
3
1
1
0
1
0
0
0
0
1
1
1
0
1
1
0
1
0
1
2
1
1
0
0
1
1
0
0
1
0
2
0
0
1
2
0
2
0
0
0
0
0
0
0
0
1
0
0
0
0
2
0
0
0
0
0
1
0
1
0
0
0
1
1
0
0
0
0
1
0
1
1
1
0
0
0
0
0
0
2
0
0
0
0
1
2
1
0
0
0
0
0
0
0
0
1
0
1
0
0
1
0
0
1
0
0
1
0
2
0
2
0
0
0
0
0
0
1
1
0
0
0
0
0
0
0
1
0
0
1
0
0
0
0
0
0
0
0
0
0
0
0
1
1
0
0
1
2
0
1
0
0
1
1
1
0
0
1
0
0
1
1
1
1
0
2
0
1
1
0
0
1
0
1
1
0
1
0
0
0
0
0
1
0
0
0
2
0
0
1
2
0
2
0
1
1
1
2
0
1
0
0
0
0
1
0
1
1
1
0
0
1
0
1
1
1
0
1
0
0
0
0
1
1
0
1
0
0
0
0
1
0
1
1
1
1
0
1
0
0
0
0
1
0
1
0
1
0
0
1
1
1
0
0
0
$ENER_FIT:
5.9250 0.607168 -1.583600e-008
$MCA_CAL:
3
5.9250 0.607168 -1.583600e-008
$ENDRECORD:
