$SPEC_ID:
None

$MEAS_TIM:
9452.61000 9832.73000
$DATE_MEA:
04/19/2013 8:49:24 AM
$DATA:
0 16383
0
0
0
0
0
0
0
0
0
0
0
0
0
0
0
0
0
0
0
0
0
0
0
0
0
0
0
0
0
0
0
0
0
0
0
0
0
0
0
0
0
0
0
0
0
0
0
0
0
0
0
23
164
376
413
557
559
500
494
353
196
1451
4865
5855
5893
5853
5903
5905
5831
5895
6067
5923
5887
5983
6020
6056
6163
6314
6366
6403
6099
6267
6306
6456
6385
6480
6723
6636
6657
6780
6927
6979
7031
7112
7346
7321
7376
7524
7644
7879
7886
7938
7951
8161
8080
8157
8265
8568
8765
9416
10076
10201
10718
11903
11743
10841
10432
10558
10202
9643
9804
10133
9705
9333
8969
9080
9247
9120
9804
10288
10288
10116
9973
10492
10525
10224
10006
9943
9821
9950
9711
9460
9394
9350
9245
9291
9428
9343
9366
9292
9484
9461
9471
9501
9465
9491
9499
9481
9524
9662
9461
9481
9494
9892
9506
9588
9594
9653
9614
9460
9466
9554
9303
9445
9575
9382
9443
9500
9258
9450
9357
9315
9221
9257
9359
9246
9405
9354
9416
9918
10569
11163
10846
10010
9476
9319
9363
9269
9061
9139
9124
9015
9082
9049
8881
8952
9085
9021
8935
8961
9013
8793
8801
8859
8855
9114
9079
8843
8922
8915
9011
9091
8778
8649
8789
8908
8695
8633
8807
8555
8471
8546
8343
8546
8601
8665
8648
8335
8542
8604
8492
8377
8459
8446
8357
8403
8484
8608
8500
8497
8376
8492
8471
8451
8612
8538
8402
8443
8410
8390
8516
8622
8493
8654
8629
8678
9070
9005
8827
8588
8683
8489
8543
8600
8390
8494
8507
8513
8696
8603
8771
8497
8458
8414
8490
8435
8422
8511
8762
9577
11284
11758
10632
9169
8532
8203
7965
8154
8270
8102
8105
8131
8073
7991
8003
7891
8029
7898
7803
8043
7879
7739
7892
7931
7902
7968
7937
8263
8553
8457
8554
8101
7636
7655
7704
7625
7466
7654
7456
7518
7428
7482
7247
7412
7356
7357
7174
7228
7446
7244
7200
7443
7201
7217
7214
7195
7115
7091
7184
7085
7051
7038
7100
6964
7016
6993
6891
6861
7156
6955
7032
6961
6993
6940
7037
6914
7069
7029
7090
7415
7426
7511
7256
7026
6978
6784
6940
6900
6755
6935
6773
6865
6874
6695
6763
6757
6813
6831
6722
6791
6788
6849
6744
6682
6474
6769
6685
6810
6620
6687
6767
6795
6852
6925
6811
6738
6794
7129
7033
7044
7152
6916
6975
7096
7151
6962
6877
6719
6637
6685
6522
6435
6540
6333
6348
6289
6316
6145
6175
6375
6183
6097
6195
6179
6279
6056
6114
6150
6101
6200
6196
6205
6148
6108
6069
6120
6194
6395
6428
6066
6126
6016
6080
5953
6193
6041
5989
6147
6076
6063
6014
6066
6029
6093
6125
6010
5974
6002
6210
6176
6135
5922
6022
6102
5929
6172
6112
6066
6089
6249
6079
6065
6119
5933
6121
6112
5905
5918
5900
5970
6004
5917
5886
6042
5793
5615
5643
5536
5594
5531
5407
5340
5171
5355
5104
5160
5176
5024
5031
4967
4969
4724
4625
4624
4611
4630
4546
4430
4537
4480
4391
4321
4442
4227
4217
4296
4196
4266
4227
4182
4275
4084
4100
4078
4048
4128
4148
4245
4805
5983
7492
7512
6098
4868
4018
3861
3910
3814
3783
3878
3956
4224
4662
5047
4894
4300
3774
3548
3628
3484
3513
3567
3512
3466
3458
3516
3401
3522
4005
5270
7124
7774
6539
4647
3589
3414
3220
3202
3224
3293
3271
3221
3153
3144
3131
3138
3119
3155
3198
3201
3168
3370
3382
3583
3947
3913
3607
3169
3135
3207
3261
3134
3195
3315
3186
3307
3167
3215
3109
3088
3270
3176
3211
3191
3165
3161
3178
3222
3220
3182
3208
3194
3479
3205
3208
3303
3400
3159
3117
3386
3307
3327
3389
3312
3315
3348
3452
3320
3466
3316
3403
3415
3521
3453
3382
3349
3407
3341
3346
3413
3334
3350
3344
3327
3422
3369
3299
3221
3259
3286
3369
3378
3232
3210
3139
3206
3287
3514
3628
3483
3305
3187
3247
3153
3165
3111
3151
3182
3120
3090
3084
3075
3137
3090
2974
3137
3018
3002
3072
3046
3134
3079
3040
2884
3081
2992
3062
2936
2995
2989
2949
2908
3061
2925
2932
2878
3000
2925
3085
3151
3116
3320
3694
4467
4766
4321
3691
3165
3061
2912
2906
2919
3040
2897
2873
2958
2971
2874
2917
2872
2919
2886
2950
2920
2843
2940
2913
2987
2946
2961
2963
2952
2908
2907
3049
2957
3055
3038
2843
3036
2968
3117
2868
2949
3025
3143
3042
3189
3171
3238
3421
3452
4036
5523
9472
15461
22888
29318
34164
37001
38275
39053
39728
39313
40069
39645
39520
39690
39420
39034
38680
38609
38573
37752
36129
34059
30249
25426
18696
11737
6423
3382
2251
1877
1755
1821
1830
1778
1798
1809
1772
1838
1778
1752
1728
1717
1689
1860
1825
1759
1777
1801
1780
1842
1797
1708
1752
1780
1678
1804
1866
1934
2116
2012
1957
2044
2200
2777
3912
5479
7336
8542
8767
7808
6060
4036
2900
2312
2171
2390
3651
4720
4967
3992
2649
2048
1768
1859
1649
1659
1708
1723
1717
1678
1660
1568
1571
1633
1630
1599
1639
1606
1606
1617
1560
1585
1618
1702
1682
1660
1579
1557
1611
1607
1615
1690
1625
1660
1663
1597
1651
1586
1622
1582
1540
1586
1570
1470
1578
1554
1651
1617
1584
1603
1612
1600
1598
1591
1512
1582
1568
1612
1610
1607
1606
1545
1594
1643
1607
1648
1665
1721
1571
1624
1607
1581
1601
1601
1630
1621
1594
1561
1569
1614
1635
1638
1611
1709
1727
1692
1688
1678
1644
1574
1632
1618
1554
1577
1686
1571
1628
1601
1635
1634
1595
1594
1568
1595
1632
1731
1994
2154
2307
2199
1801
1775
1612
1723
1615
1565
1617
1584
1612
1581
1517
1598
1560
1651
1520
1710
1776
1888
1933
1910
1749
1655
1680
1663
1678
1619
1590
1616
1650
1558
1691
1648
1639
1645
1598
1655
1679
1604
1594
1628
1577
1623
1585
1604
1617
1613
1652
1583
1584
1586
1531
1586
1562
1595
1559
1619
1566
1541
1584
1546
1495
1528
1542
1567
1611
1539
1582
1566
1554
1594
1566
1598
1592
1630
1498
1583
1611
1569
1557
1581
1609
1497
1578
1565
1610
1649
1547
1560
1578
1593
1530
1483
1550
1555
1542
1502
1475
1541
1628
1574
1639
1627
1494
1512
1516
1503
1539
1500
1479
1494
1498
1447
1507
1507
1480
1644
1794
1689
1704
1509
1485
1588
1404
1426
1532
1512
1480
1510
1506
1442
1545
1657
1660
1623
1518
1501
1467
1404
1389
1440
1430
1418
1481
1436
1436
1438
1471
1497
1528
1561
1513
1490
1389
1481
1457
1441
1468
1394
1475
1429
1439
1507
1415
1450
1463
1343
1405
1516
1467
1446
1486
1422
1522
1643
2052
2448
2622
2547
2121
1733
1521
1490
1545
1496
1517
1520
1355
1421
1373
1483
1447
1445
1490
1435
1408
1470
1471
1443
1508
1497
1512
1440
1460
1445
1450
1472
1469
1395
1470
1530
1451
1515
1370
1485
1346
1417
1399
1365
1386
1326
1381
1446
1374
1403
1434
1375
1349
1404
1352
1414
1371
1359
1406
1339
1469
1481
1418
1446
1370
1364
1442
1415
1350
1388
1338
1377
1419
1408
1424
1503
1612
1639
1536
1400
1422
1364
1454
1388
1322
1485
1386
1431
1398
1406
1319
1344
1361
1388
1438
1402
1431
1416
1467
1391
1483
1393
1405
1435
1415
1398
1382
1333
1405
1400
1422
1369
1349
1381
1382
1365
1332
1421
1397
1378
1391
1337
1307
1337
1391
1413
1390
1457
1604
1990
2356
2546
2274
1852
1643
1472
1456
1426
1469
1423
1431
1388
1364
1367
1377
1402
1420
1503
1485
1446
1385
1373
1384
1362
1556
1824
2126
2515
2575
2812
2988
3018
2574
1916
1623
1404
1401
1321
1332
1356
1328
1349
1354
1301
1302
1302
1319
1330
1330
1391
1385
1310
1257
1389
1356
1344
1321
1324
1351
1287
1330
1401
1359
1365
1377
1398
1521
1536
1641
1538
1386
1361
1303
1324
1341
1354
1332
1359
1390
1286
1376
1358
1356
1344
1375
1411
1367
1387
1394
1360
1358
1386
1338
1272
1367
1352
1304
1322
1377
1370
1388
1407
1375
1351
1328
1478
1416
1432
1397
1409
1377
1399
1515
1858
2991
5464
8430
10800
9760
6391
3666
2157
1493
1370
1292
1387
1335
1378
1373
1270
1297
1296
1288
1298
1269
1370
1366
1345
1324
1321
1288
1331
1230
1266
1307
1307
1290
1410
1348
1303
1335
1329
1352
1307
1340
1285
1363
1399
1354
1367
1390
1390
1415
1449
1470
1497
1501
1461
1365
1369
1303
1273
1350
1341
1308
1365
1261
1284
1306
1317
1274
1325
1308
1364
1300
1257
1320
1278
1289
1321
1370
1263
1298
1313
1230
1264
1259
1245
1215
1280
1329
1353
1302
1321
1331
1354
1259
1330
1438
1661
1898
1998
1896
1639
1483
1370
1307
1342
1320
1383
1317
1304
1326
1296
1297
1306
1279
1286
1234
1255
1209
1291
1319
1286
1319
1250
1296
1327
1320
1252
1349
1276
1309
1340
1382
1318
1326
1413
1394
1451
1422
1379
1304
1229
1325
1303
1260
1302
1300
1246
1332
1294
1302
1306
1381
1349
1352
1280
1221
1272
1255
1248
1303
1277
1322
1346
1347
1356
1273
1296
1377
1345
1256
1369
1400
1461
1586
1673
1728
1542
1446
1337
1307
1292
1268
1273
1214
1137
1297
1229
1291
1310
1303
1309
1231
1230
1326
1236
1305
1270
1208
1225
1299
1315
1340
1429
1537
1538
1435
1402
1277
1294
1253
1273
1282
1282
1317
1310
1274
1266
1332
1327
1243
1230
1202
1279
1298
1260
1337
1400
1358
1397
1434
1500
1336
1263
1299
1276
1277
1350
1464
1512
1457
1380
1325
1347
1306
1261
1218
1269
1316
1257
1210
1302
1265
1235
1303
1246
1308
1233
1312
1236
1253
1305
1310
1257
1300
1356
1308
1254
1258
1301
1216
1256
1235
1338
1294
1285
1316
1305
1274
1259
1320
1326
1240
1312
1328
1265
1288
1287
1331
1382
1244
1294
1281
1351
1297
1236
1294
1451
1611
1625
1475
1520
1371
1357
1362
1320
1318
1347
1324
1279
1254
1254
1284
1223
1220
1312
1251
1224
1260
1179
1312
1263
1277
1234
1269
1295
1203
1235
1255
1299
1285
1316
1321
1332
1217
1345
1304
1253
1294
1283
1289
1355
1289
1323
1240
1270
1268
1334
1279
1284
1260
1273
1256
1229
1257
1335
1263
1261
1271
1347
1359
1347
1340
1313
1246
1271
1232
1208
1306
1303
1245
1272
1261
1321
1412
1284
1322
1356
1264
1218
1324
1239
1172
1262
1203
1256
1303
1253
1248
1341
1307
1245
1267
1231
1287
1316
1265
1232
1241
1261
1324
1295
1207
1278
1332
1289
1272
1264
1197
1262
1310
1310
1331
1318
1257
1259
1274
1224
1244
1254
1273
1256
1302
1212
1282
1288
1380
1406
1291
1327
1236
1307
1256
1357
1262
1324
1275
1237
1263
1222
1236
1342
1377
1409
1465
1527
1406
1389
1278
1273
1314
1275
1236
1295
1229
1231
1292
1343
1331
1359
1310
1387
1339
1369
1398
1429
1409
1337
1311
1355
1232
1331
1278
1388
1277
1308
1338
1275
1299
1298
1272
1395
1404
1413
1390
1392
1248
1204
1264
1335
1353
1294
1338
1281
1217
1330
1240
1262
1306
1320
1362
1290
1364
1279
1259
1280
1320
1249
1205
1240
1256
1293
1320
1167
1345
1236
1300
1298
1284
1379
1325
1395
1299
1377
1273
1296
1295
1375
1360
1474
1457
1368
1344
1315
1467
1682
1970
2498
2932
3151
2844
2265
1810
1398
1266
1262
1298
1325
1369
1244
1383
1320
1310
1337
1242
1300
1258
1277
1303
1303
1279
1290
1250
1331
1308
1311
1316
1306
1297
1356
1310
1444
1568
1586
1658
1728
1592
1483
1314
1350
1308
1235
1188
1236
1305
1286
1291
1304
1294
1356
1325
1339
1418
1414
1670
2175
3199
4350
5067
5228
4570
3534
2580
1889
1530
1351
1345
1368
1453
1410
1356
1327
1356
1359
1404
1332
1375
1441
1397
1311
1367
1373
1369
1336
1311
1342
1371
1411
1461
1353
1390
1405
1348
1372
1399
1371
1415
1409
1352
1360
1410
1387
1399
1377
1355
1369
1420
1325
1368
1364
1369
1322
1293
1340
1361
1334
1357
1331
1397
1372
1322
1324
1357
1346
1340
1382
1333
1363
1374
1340
1376
1354
1379
1411
1422
1417
1401
1394
1427
1358
1340
1360
1347
1337
1344
1413
1337
1336
1305
1388
1336
1372
1377
1436
1574
1714
2031
2284
2445
2367
2094
1889
1646
1524
1377
1449
1397
1421
1381
1414
1379
1371
1355
1363
1495
1510
1567
1693
1751
1731
1560
1456
1356
1385
1372
1397
1372
1430
1396
1298
1375
1422
1331
1369
1409
1427
1427
1308
1382
1312
1341
1339
1356
1360
1296
1303
1459
1344
1368
1386
1393
1369
1359
1363
1344
1390
1379
1398
1290
1363
1348
1352
1420
1348
1391
1405
1424
1461
1400
1397
1410
1381
1337
1323
1432
1406
1334
1424
1354
1416
1387
1389
1450
1378
1351
1364
1408
1389
1376
1348
1353
1313
1380
1328
1396
1352
1418
1456
1382
1457
1449
1448
1422
1394
1411
1450
1464
1478
1526
1504
1435
1419
1400
1455
1407
1441
1395
1399
1359
1382
1462
1312
1392
1367
1449
1421
1446
1381
1356
1408
1359
1408
1413
1500
1427
1413
1432
1408
1427
1390
1392
1417
1410
1413
1437
1421
1408
1419
1438
1369
1425
1438
1391
1505
1549
1544
1581
1505
1586
1524
1494
1507
1449
1421
1472
1455
1414
1382
1505
1443
1439
1410
1389
1440
1449
1413
1459
1443
1418
1389
1511
1538
1527
1458
1462
1470
1448
1479
1340
1428
1391
1546
1566
1761
2064
2316
2469
2514
2226
1884
1639
1485
1470
1433
1564
1521
1498
1515
1534
1509
1468
1481
1512
1466
1369
1454
1468
1435
1418
1408
1443
1398
1478
1445
1424
1394
1434
1459
1445
1497
1439
1398
1409
1464
1461
1450
1351
1509
1480
1527
1461
1527
1471
1414
1451
1439
1513
1510
1371
1469
1454
1430
1497
1383
1454
1510
1480
1440
1513
1495
1483
1497
1498
1448
1476
1457
1492
1509
1512
1395
1422
1540
1471
1454
1449
1487
1461
1479
1457
1486
1447
1469
1514
1490
1522
1470
1485
1600
1561
1456
1476
1484
1475
1496
1461
1542
1525
1404
1563
1574
1510
1492
1442
1465
1515
1567
1552
1485
1503
1564
1491
1541
1468
1479
1563
1540
1592
1491
1499
1513
1591
1447
1501
1447
1494
1450
1471
1517
1460
1468
1538
1559
1563
1544
1460
1441
1414
1463
1462
1447
1409
1489
1529
1513
1649
1612
1573
1561
1516
1530
1503
1518
1429
1484
1482
1584
1456
1539
1458
1518
1504
1544
1515
1538
1532
1494
1423
1512
1512
1508
1563
1538
1478
1604
1515
1513
1559
1470
1464
1548
1454
1513
1523
1501
1474
1552
1594
1564
1569
1597
1567
1526
1532
1583
1526
1531
1531
1527
1457
1540
1493
1556
1493
1561
1484
1581
1554
1607
1509
1563
1579
1538
1525
1572
1520
1554
1591
1592
1473
1640
1560
1538
1571
1538
1472
1575
1552
1528
1571
1464
1565
1576
1533
1533
1582
1533
1537
1612
1585
1561
1486
1561
1486
1468
1564
1599
1630
1534
1526
1534
1540
1587
1511
1582
1568
1502
1569
1607
1515
1555
1526
1498
1506
1534
1568
1591
1497
1442
1587
1557
1612
1512
1498
1503
1517
1570
1582
1525
1483
1560
1561
1531
1531
1599
1519
1534
1527
1528
1563
1559
1465
1499
1566
1506
1501
1479
1530
1567
1557
1546
1570
1536
1507
1509
1589
1444
1584
1585
1522
1588
1614
1580
1549
1472
1552
1546
1527
1550
1516
1523
1546
1550
1499
1475
1513
1512
1526
1463
1550
1602
1598
1594
1723
1634
1664
1663
1558
1542
1637
1594
1530
1585
1468
1437
1537
1551
1484
1530
1451
1506
1519
1586
1553
1523
1571
1590
1580
1597
1781
1684
1653
1574
1537
1586
1562
1596
1513
1552
1597
1567
1612
1619
1639
1639
1799
1866
2093
2181
2177
2128
1917
1791
1611
1591
1607
1571
1588
1573
1724
1681
1597
1609
1634
1573
1630
1683
1651
1647
1713
1639
1665
1653
1661
1681
1642
1650
1647
1748
1725
1896
2002
2064
2050
1988
1821
1790
1716
1641
1669
1566
1647
1606
1683
1630
1634
1657
1592
1580
1650
1601
1628
1599
1619
1623
1644
1657
1634
1635
1631
1651
1612
1677
1652
1647
1675
1658
1655
1652
1590
1677
1671
1638
1646
1653
1636
1689
1620
1596
1588
1652
1616
1650
1712
1637
1653
1692
1697
1645
1617
1604
1660
1604
1627
1650
1688
1674
1711
1672
1642
1676
1709
1743
1736
1795
1828
1838
1848
1848
1816
1800
1742
1703
1693
1759
1763
1651
1651
1661
1703
1638
1624
1689
1638
1760
1670
1654
1725
1693
1671
1676
1704
1683
1724
1655
1782
1821
1847
1886
1922
1805
1725
1737
1748
1772
1724
1706
1744
1754
1697
1830
1775
1805
1947
1977
2245
2502
3231
4175
5280
6494
7504
7724
7238
6088
4824
3751
2909
2336
1999
1900
1874
1765
1766
1779
1851
1777
1776
1938
1849
1993
2107
2282
2411
2480
2386
2180
1968
1869
1838
1803
1782
1844
1802
1802
1724
1839
1806
1763
1777
1781
1752
1882
1727
1818
1764
1852
1827
1798
1827
1862
1785
1797
1829
1816
1852
1810
1861
1837
1835
1823
1845
1752
1770
1833
1877
1794
1796
1833
1792
1862
1827
1835
1789
1862
1804
1829
1805
1875
1875
1851
1942
1861
1938
1931
1941
1894
1805
1889
1780
1856
1786
1863
1873
1816
1857
1925
1860
1922
1814
1855
1942
1930
1932
1911
1908
1939
2008
2181
2487
2898
3124
3136
3032
2806
2410
2169
1997
1927
1917
1866
1844
1832
1967
1974
1932
1916
1903
1892
1910
1923
1948
1837
2006
1903
1915
1910
1928
1940
1888
1926
1908
1932
1966
1967
1877
1876
1943
1908
1858
1985
1966
1923
1946
1971
1927
1883
1939
2034
1951
2004
2041
2079
1919
2004
1972
2101
1979
1982
1988
1982
1909
1941
1984
1962
2063
1939
2057
1931
1944
2030
1955
1956
1932
1943
2056
1985
2089
2014
2062
2061
2101
2000
2123
2098
2021
2036
2061
2014
2045
2062
2050
2071
2038
2105
1984
2058
2085
2092
2116
2150
2118
2099
2049
2062
2231
2126
2079
2106
2147
2208
2209
2155
2135
2170
2129
2081
2144
2114
2146
2182
2142
2139
2125
2181
2159
2142
2152
2220
2172
2136
2185
2129
2180
2214
2111
2214
2188
2211
2205
2182
2242
2184
2210
2339
2246
2265
2312
2262
2382
2409
2392
2405
2174
2269
2294
2265
2250
2367
2191
2292
2249
2235
2305
2371
2268
2350
2338
2259
2279
2261
2321
2321
2465
2485
2661
2666
2737
2680
2539
2450
2434
2413
2357
2277
2276
2321
2419
2422
2378
2282
2426
2401
2378
2397
2414
2344
2490
2427
2415
2407
2434
2395
2429
2433
2373
2490
2433
2446
2450
2401
2411
2496
2495
2416
2491
2483
2555
2542
2468
2457
2400
2508
2496
2513
2494
2527
2425
2491
2629
2517
2508
2524
2553
2484
2552
2534
2557
2535
2523
2577
2496
2529
2604
2613
2621
2579
2660
2589
2743
2573
2712
2541
2665
2605
2607
2646
2631
2586
2657
2701
2618
2782
2644
2744
2743
2718
2669
2845
2805
2860
2917
2934
2996
2775
2831
2772
2747
2783
2664
2785
2782
2858
2924
3283
3312
3464
3392
3249
3144
2939
2792
2783
2834
2797
2893
2968
3163
3183
3391
3314
3236
3139
3084
3046
2834
2896
2990
3073
2968
2995
2964
2813
2930
2887
2876
3033
3002
2934
2908
2836
3009
2931
2928
2920
2929
2903
2930
2917
3001
2894
2924
2845
3038
2970
2967
3004
2847
2970
2962
2917
2971
2909
2840
2877
2803
2873
2893
2892
2797
2824
2801
2820
2706
2647
2675
2562
2530
2494
2418
2361
2400
2412
2281
2292
2286
2217
2323
2333
2293
2221
2274
2167
2247
2090
2180
2116
2167
2155
2075
2095
2091
2061
2130
2106
2087
1983
1989
1998
2015
1950
2062
1975
1954
2021
2057
2004
1949
1995
1918
1915
1954
1972
2040
1915
1951
2008
1866
1886
1797
1925
1916
1848
1909
1915
1882
1871
1831
1833
1884
1862
1844
1869
1900
1817
1831
1752
1862
1750
1824
1807
1794
1835
1807
1768
1763
1802
1814
1768
1714
1767
1661
1709
1762
1763
1746
1728
1732
1639
1711
1677
1709
1662
1575
1607
1636
1628
1613
1667
1610
1644
1497
1575
1566
1521
1549
1600
1581
1498
1494
1533
1497
1532
1482
1508
1510
1524
1520
1516
1481
1489
1423
1443
1452
1456
1486
1437
1437
1482
1458
1498
1411
1415
1416
1343
1277
1278
1357
1295
1315
1339
1276
1222
1202
1332
1314
1226
1173
1274
1260
1160
1200
1175
1235
1229
1279
1315
1336
1397
1419
1375
1372
1302
1183
1158
1117
1084
1090
1071
1102
1039
1094
1011
1024
1025
1022
1004
1027
1034
967
1032
999
995
1096
1006
984
994
1018
931
998
1021
1001
945
1009
997
1062
1030
1014
1001
1013
1015
985
995
995
998
1015
1048
1025
961
967
1016
1002
1025
980
1101
1107
1086
1070
1103
1163
1113
1095
1088
1039
1070
1034
1044
1050
1012
994
968
997
1061
1026
1032
1013
985
981
968
1020
944
979
958
969
978
935
931
902
953
1025
974
975
902
960
965
943
968
985
982
982
940
965
1001
969
944
900
1009
911
866
909
896
896
927
933
975
890
929
915
943
907
899
960
911
921
912
887
876
920
853
879
928
920
879
933
956
890
907
896
906
878
861
876
895
905
925
919
854
879
897
863
894
912
880
829
837
858
842
815
876
843
869
884
862
889
787
869
876
854
877
876
890
959
890
933
924
908
854
885
839
892
828
836
819
909
866
893
829
832
919
870
825
930
914
866
870
901
949
971
947
993
1082
1133
1100
1342
1412
1835
2605
4637
8800
16377
28773
45143
63754
80556
91949
93210
80603
59855
36798
18993
8160
3058
1097
523
359
359
346
351
345
350
334
363
324
327
370
342
333
302
312
312
323
329
305
328
361
325
330
313
324
317
351
311
325
304
309
287
279
292
275
285
280
279
300
288
271
263
290
292
294
318
301
292
291
287
295
282
270
288
283
280
264
284
308
276
282
301
314
309
287
281
289
305
312
278
300
308
331
297
305
292
270
280
267
289
258
274
268
255
294
312
288
325
305
323
295
288
272
275
269
254
279
267
264
293
275
321
329
298
305
293
308
287
271
297
267
280
300
232
274
258
242
278
229
253
289
279
257
261
271
255
274
256
278
267
265
278
283
306
294
328
338
289
294
333
282
267
279
282
271
259
258
237
262
261
298
274
256
237
255
261
249
241
309
293
300
253
273
241
273
238
293
278
245
280
251
268
251
245
290
246
272
260
268
280
284
261
257
255
230
278
229
243
256
299
295
277
259
301
308
310
332
326
296
281
291
289
268
267
261
269
255
271
278
248
252
260
243
291
261
282
244
251
274
252
277
306
289
248
294
263
255
289
297
281
257
234
265
295
246
250
254
306
288
281
288
391
489
667
927
1231
1613
1835
1881
1773
1495
1103
744
498
341
292
284
249
272
260
261
229
252
262
212
245
261
272
265
208
259
245
248
247
243
253
238
223
258
242
255
216
232
236
216
261
239
259
225
229
285
243
241
274
244
230
246
232
259
250
234
241
248
282
245
269
246
262
271
272
313
303
308
320
353
301
333
322
292
277
268
285
280
298
251
305
240
261
234
281
260
259
251
258
244
258
223
237
240
253
239
223
226
245
269
229
219
235
228
234
264
259
232
250
218
254
254
215
244
256
265
239
254
270
273
258
258
221
241
225
240
235
256
238
274
229
236
229
248
241
227
274
248
237
249
241
246
249
238
245
244
239
270
273
279
256
297
281
284
265
254
262
252
238
243
233
238
227
256
249
218
238
240
244
239
240
218
213
247
260
236
253
246
223
245
269
286
295
309
301
305
324
324
299
255
260
257
238
239
253
236
219
253
245
235
229
236
251
242
261
274
235
212
256
263
246
248
266
255
270
232
239
254
230
239
253
251
239
277
270
299
258
300
302
276
325
343
358
311
346
294
305
313
281
270
258
278
259
288
277
270
307
257
281
256
277
253
237
254
250
223
213
199
270
208
237
230
262
218
272
243
253
215
218
267
266
223
244
262
240
219
243
259
273
257
233
240
239
238
256
248
227
223
253
262
235
239
217
246
264
222
253
227
254
240
250
240
230
245
202
229
257
250
258
221
239
228
222
218
243
230
209
241
240
229
228
231
270
265
224
240
264
255
240
250
230
232
249
242
254
261
225
249
230
262
260
223
228
214
235
254
235
242
251
247
295
257
270
239
252
241
272
252
232
224
234
246
226
220
237
231
234
215
251
244
212
225
233
203
209
226
259
246
239
241
245
235
243
242
233
274
214
254
236
240
265
240
241
237
234
219
239
229
240
235
223
234
233
248
234
239
249
222
238
240
248
198
251
219
211
237
226
228
192
246
254
222
246
231
223
228
212
240
256
246
258
237
223
218
213
233
249
240
230
225
255
242
232
232
211
231
229
239
245
229
245
238
229
207
243
245
260
274
253
241
223
242
240
241
261
246
218
264
271
267
263
262
246
240
251
230
266
253
243
272
239
233
207
242
208
244
237
269
261
240
260
301
267
273
262
261
225
233
244
239
274
266
267
263
252
237
238
239
194
249
225
213
234
219
231
235
212
207
238
238
228
241
264
249
229
244
234
214
263
237
250
242
224
251
252
240
234
242
241
238
258
268
334
312
336
339
334
337
328
314
264
243
278
251
237
222
241
232
226
233
212
222
246
274
298
295
303
289
273
274
239
248
241
221
227
258
227
249
234
201
234
224
250
211
202
218
203
230
234
206
243
213
212
212
217
214
217
194
230
206
215
230
210
208
205
221
215
197
211
231
226
236
255
277
326
332
392
426
439
446
377
361
326
289
249
240
254
221
195
250
206
194
211
222
204
212
201
208
219
187
207
214
242
190
244
243
218
214
204
212
201
203
206
213
194
206
189
218
229
196
260
222
229
230
248
230
213
205
200
228
224
205
228
225
187
199
214
213
184
196
195
223
211
218
199
216
220
217
194
212
223
209
207
192
228
226
271
222
242
220
212
213
229
211
182
230
218
213
241
235
222
221
242
222
223
226
217
197
193
202
212
209
234
194
191
225
242
226
251
254
232
227
231
229
237
203
258
205
235
231
225
213
231
242
249
245
243
227
219
255
231
243
268
250
257
242
245
227
201
254
220
249
239
207
224
241
218
229
213
247
237
207
233
216
191
194
207
197
205
196
216
195
211
209
192
205
204
206
211
235
238
226
234
230
247
268
277
275
307
323
331
322
303
322
265
244
277
225
214
232
228
208
222
230
225
232
208
215
231
222
221
220
191
216
197
194
190
200
215
199
224
191
204
181
211
208
234
223
206
207
201
226
194
189
192
164
208
199
183
210
227
237
184
225
235
206
194
215
202
206
205
216
187
226
220
216
191
204
224
188
182
193
179
185
180
215
188
220
182
199
199
184
175
174
225
197
192
189
195
196
192
186
211
186
203
199
213
205
220
227
223
240
248
298
291
377
388
466
595
617
677
677
633
520
461
347
272
200
220
211
208
189
209
195
201
221
205
229
210
214
206
200
216
198
199
195
188
213
190
205
196
198
180
194
196
242
222
236
246
244
211
238
236
253
254
239
244
272
260
242
235
245
232
212
207
195
211
177
178
202
201
215
199
203
196
192
230
223
215
216
199
229
201
246
219
213
204
211
210
208
221
188
179
207
206
217
186
201
188
189
196
190
192
163
181
202
186
188
188
218
203
204
229
200
187
202
221
195
219
190
183
206
166
186
196
194
185
186
193
186
215
206
157
186
192
191
196
172
179
164
199
204
212
192
184
211
230
200
187
233
240
204
225
227
220
212
197
207
230
187
217
195
207
207
229
232
252
264
284
300
306
289
287
308
273
261
230
217
229
246
243
220
225
218
217
197
177
178
176
184
179
191
169
180
194
182
179
183
179
215
178
181
177
193
189
163
182
193
208
175
218
228
225
213
185
189
200
211
193
199
208
207
193
231
227
243
243
266
216
197
186
213
200
189
200
172
152
191
195
183
163
181
186
202
198
179
182
197
195
218
177
194
175
182
191
168
182
196
182
158
199
169
179
168
155
196
187
156
163
171
159
194
171
193
171
172
184
171
179
163
184
183
182
173
203
207
193
204
179
173
201
218
212
206
197
200
206
211
204
221
192
188
184
171
182
190
156
178
178
179
208
193
182
189
216
210
184
217
196
155
190
161
174
184
174
179
179
175
177
169
185
191
168
167
177
158
171
167
156
174
158
161
161
170
182
177
177
181
172
171
180
169
152
172
198
174
175
145
181
183
173
160
166
158
179
165
193
165
167
163
155
182
200
190
185
183
187
168
188
162
188
203
170
173
173
157
181
200
178
152
189
187
193
185
185
187
196
203
192
205
226
230
221
226
224
207
226
213
214
230
214
185
207
206
176
193
173
167
177
175
186
188
210
179
184
182
164
195
183
194
206
224
212
191
209
177
161
169
156
157
169
157
163
190
186
210
192
189
207
182
184
183
185
165
183
173
176
176
170
166
166
185
185
170
219
141
163
191
178
182
167
186
194
193
169
191
170
198
200
185
245
252
321
413
521
575
651
757
800
760
699
650
455
370
301
221
183
183
164
166
171
150
160
173
189
175
181
161
185
155
158
175
167
185
173
176
175
183
173
171
164
168
177
185
176
160
159
155
182
188
180
171
171
162
171
161
171
179
180
162
138
154
166
185
166
172
169
171
144
171
157
174
152
160
157
191
168
162
175
233
205
193
207
212
206
231
239
213
216
187
197
176
163
155
164
162
173
180
194
160
187
174
177
197
162
151
151
168
146
183
152
193
170
150
164
166
169
166
162
138
159
157
189
183
171
179
191
151
171
184
177
157
169
153
152
167
153
170
181
163
182
177
174
181
148
174
177
175
173
172
156
168
173
147
170
158
185
175
144
159
161
156
146
153
167
173
132
157
164
152
166
147
143
153
134
164
157
154
140
154
167
161
147
152
141
141
182
172
167
166
152
184
202
156
181
177
156
174
168
175
179
174
178
166
157
195
162
176
168
157
187
159
173
172
161
168
165
163
156
158
151
178
166
158
181
148
192
184
163
181
170
180
163
158
184
171
158
170
146
166
152
149
173
147
154
167
178
163
200
236
191
214
272
288
264
277
247
220
183
188
175
163
140
151
161
168
163
143
144
143
163
166
177
158
141
150
152
177
155
147
137
168
155
163
152
166
155
164
139
158
166
142
148
155
171
168
194
173
173
173
172
169
182
148
161
152
149
151
151
151
143
159
177
149
158
148
175
195
185
182
186
191
203
187
227
211
204
200
196
172
176
153
174
140
159
152
141
136
138
173
175
156
130
164
167
137
157
160
161
140
167
174
152
158
169
168
140
160
162
188
184
187
227
207
193
215
209
202
188
160
185
149
140
131
154
157
132
140
132
173
135
141
156
139
138
151
155
145
145
150
135
137
166
153
135
160
151
153
134
138
131
153
140
123
128
171
161
147
141
157
171
154
157
177
160
152
156
150
145
140
133
167
117
151
144
145
158
145
129
179
140
142
125
134
144
151
148
146
146
127
165
139
166
162
169
191
184
175
157
199
169
166
158
137
151
139
149
139
140
107
148
135
147
135
139
150
148
132
135
142
137
168
143
166
160
161
135
160
125
143
172
154
150
144
143
140
159
142
129
142
152
128
117
141
135
119
129
136
143
141
161
139
141
136
149
139
140
133
145
138
154
144
162
125
167
159
175
164
168
178
168
174
223
218
243
241
250
294
342
357
459
487
550
525
592
523
448
367
265
220
180
133
132
151
153
144
140
134
144
128
152
129
137
132
141
122
139
123
112
129
135
131
123
109
144
154
146
138
147
159
126
151
142
145
154
128
129
143
140
139
143
101
113
130
141
123
135
106
109
133
119
131
127
133
142
124
117
136
128
153
128
128
138
125
149
108
149
132
112
139
155
142
161
131
132
161
168
160
168
142
130
143
140
131
151
125
117
137
151
126
116
120
124
148
137
111
120
138
135
135
129
160
118
128
141
129
130
121
130
131
135
128
122
157
116
149
135
129
138
152
123
135
122
125
130
135
155
141
136
112
142
151
138
132
147
140
139
130
148
136
125
114
123
113
135
144
116
128
131
124
151
147
134
124
118
130
117
122
131
132
127
115
131
131
145
141
112
132
125
114
131
133
128
130
120
122
126
133
128
110
162
147
142
141
135
140
111
126
129
132
117
160
151
138
162
145
145
140
132
136
121
127
147
138
125
134
122
135
130
131
136
143
151
147
153
149
156
217
213
209
219
232
244
215
246
247
221
258
265
293
289
319
299
307
279
255
208
195
145
141
143
123
145
123
109
112
137
155
110
138
133
123
115
146
118
114
116
135
119
110
135
150
152
148
148
144
144
170
145
178
168
183
174
151
145
140
143
136
117
117
125
117
128
110
117
111
142
141
136
122
127
138
130
158
168
165
196
170
160
158
175
145
146
132
124
126
130
132
127
109
119
124
131
124
125
119
143
120
132
127
108
133
123
126
130
125
134
123
134
145
138
153
122
147
113
125
135
121
135
132
142
127
136
137
134
122
134
132
136
119
111
97
125
125
134
132
130
131
134
155
114
108
117
132
117
102
130
124
122
138
114
122
117
122
121
126
112
129
137
138
133
122
127
121
143
130
126
120
122
143
103
117
112
121
125
127
106
121
152
130
139
136
119
141
137
134
125
143
148
133
134
134
118
131
119
125
130
124
125
113
127
128
119
115
133
136
109
140
124
121
121
119
116
140
112
137
132
108
120
116
112
120
134
118
136
130
112
127
121
120
142
108
139
128
129
162
158
119
166
174
132
159
135
127
146
151
132
127
140
125
115
112
133
142
117
131
124
129
125
122
105
121
115
112
137
137
142
123
143
131
123
143
145
119
160
154
153
143
178
169
162
166
179
178
201
186
200
154
168
152
149
172
174
158
169
162
153
148
119
123
124
151
104
129
136
136
122
92
118
130
125
125
126
128
124
137
129
137
145
139
142
121
137
133
122
140
113
142
156
147
130
126
141
127
153
130
137
128
129
122
161
108
136
126
129
129
132
134
123
114
127
130
118
124
140
135
126
142
119
127
131
150
147
144
146
129
118
120
108
122
142
119
129
133
143
125
130
158
127
123
154
165
192
164
173
178
179
173
177
175
176
181
170
148
182
140
196
186
177
188
195
211
229
212
196
194
216
202
195
190
185
183
158
150
149
116
136
119
161
133
149
148
125
128
131
129
127
146
147
150
125
135
136
117
125
123
125
129
139
134
128
148
137
128
122
135
121
136
158
129
137
120
136
155
131
146
153
148
176
154
163
130
156
146
171
150
148
166
136
148
145
138
136
114
156
129
127
133
121
117
132
153
131
122
132
123
126
145
112
139
121
130
125
134
131
130
159
125
157
135
149
147
149
136
145
136
141
135
127
148
147
111
109
125
144
120
149
126
120
140
145
159
122
174
143
148
166
178
168
183
152
138
156
152
159
142
130
139
142
140
141
137
159
139
115
121
134
140
160
152
151
137
134
145
133
148
129
146
146
140
124
144
144
119
138
126
127
138
118
141
123
132
143
114
160
141
150
125
110
129
149
132
129
139
124
142
131
139
135
123
130
115
122
135
128
138
128
124
121
137
139
143
122
139
119
132
141
134
111
125
129
132
130
137
120
135
134
123
126
118
138
134
124
138
151
128
145
137
130
111
120
125
123
133
141
139
137
121
142
121
128
109
123
113
120
129
148
112
126
150
126
145
133
129
130
129
152
132
124
146
127
134
136
130
115
132
126
122
129
140
133
153
137
147
143
149
142
139
120
152
125
114
133
133
130
115
131
142
127
140
150
141
131
131
144
121
129
139
132
125
131
124
134
144
156
156
119
137
114
128
127
143
132
150
132
127
143
146
134
113
127
129
129
112
128
123
127
129
131
131
128
143
133
149
138
111
158
130
130
144
147
132
143
117
152
151
153
142
149
170
150
147
162
147
162
168
162
157
136
151
160
157
132
149
148
145
139
129
150
140
133
129
145
135
141
124
153
122
130
118
134
144
139
118
152
106
154
122
114
156
147
133
137
132
134
127
150
133
119
142
127
133
139
129
151
124
137
128
131
145
135
134
127
134
138
124
150
130
134
130
130
148
133
127
144
130
151
135
158
138
128
134
157
135
139
138
108
139
110
114
162
139
119
125
126
158
121
131
143
131
140
125
126
129
151
126
137
129
142
143
132
130
138
114
137
130
115
154
126
137
140
117
136
151
137
123
141
140
134
125
128
110
143
150
193
170
178
183
181
195
214
264
210
256
238
234
193
172
157
148
173
153
152
140
141
129
159
145
162
118
142
139
134
131
124
148
136
131
136
135
136
136
140
141
135
137
155
137
128
143
138
148
149
161
149
151
166
154
172
175
174
163
148
153
157
121
155
155
139
136
141
149
140
141
125
156
133
157
163
147
154
156
128
139
151
151
138
146
116
129
131
111
123
124
105
117
144
133
143
143
176
145
148
131
153
156
163
154
158
144
143
128
156
145
131
124
134
109
102
139
146
128
142
108
142
116
128
113
110
127
116
143
125
117
114
158
133
124
110
122
130
133
154
146
125
156
129
170
137
129
145
126
104
111
130
124
132
117
133
115
136
117
110
124
119
134
130
130
118
121
104
110
139
119
136
114
125
126
137
135
115
108
135
120
131
132
141
104
133
132
125
124
140
124
134
97
114
132
113
113
136
148
123
154
128
136
140
132
130
127
122
126
108
114
132
117
117
117
133
107
130
122
129
112
130
140
131
128
118
122
144
121
134
138
152
139
180
163
194
186
192
190
224
208
208
191
221
189
186
169
173
149
146
143
138
147
136
119
126
131
136
141
128
148
118
121
127
123
106
123
126
127
106
107
127
116
130
115
124
142
133
120
118
111
141
135
134
124
125
132
126
120
119
143
141
142
143
144
167
160
154
187
257
257
284
276
292
277
258
312
318
301
289
259
309
277
212
241
185
179
165
173
186
192
200
174
145
165
136
137
146
153
145
139
137
127
153
152
161
167
197
195
192
219
202
227
234
213
245
235
271
249
225
248
239
195
192
239
214
217
254
273
279
291
302
325
325
304
298
296
272
255
223
227
222
201
177
162
171
154
151
139
149
142
161
137
156
130
140
142
125
142
140
138
138
147
159
135
135
139
147
146
144
154
160
151
142
149
153
151
136
149
150
166
168
147
156
141
160
139
129
141
135
153
164
160
150
147
131
147
144
146
134
146
130
125
123
130
148
131
120
134
139
163
138
141
129
144
158
145
139
128
145
145
143
134
145
143
152
131
131
152
105
138
142
153
130
147
141
159
156
163
154
129
134
136
130
145
149
154
125
150
181
185
163
183
225
206
215
232
229
258
252
207
213
202
213
189
165
173
155
142
138
149
153
159
167
155
135
137
143
144
128
142
141
120
158
150
148
145
146
152
121
145
141
155
139
136
131
162
162
158
150
144
152
155
183
158
153
203
164
160
166
141
135
130
138
140
139
152
154
140
155
145
142
149
158
151
127
132
133
141
140
164
138
152
159
127
137
130
152
141
150
160
141
145
152
131
156
127
141
128
147
136
145
126
158
119
142
146
126
130
134
122
136
143
125
155
132
152
150
148
156
122
140
140
147
131
153
156
150
143
163
152
134
148
131
147
155
145
145
150
131
139
158
158
145
163
131
152
165
156
144
158
155
165
118
156
175
147
144
160
144
140
128
142
126
139
134
165
152
125
128
145
158
119
116
142
139
121
157
136
165
139
129
135
146
184
145
153
160
152
153
156
132
152
144
142
145
148
132
153
144
132
130
132
135
143
131
151
122
139
146
144
123
124
173
155
149
132
155
169
161
176
166
150
163
177
155
155
141
159
133
124
159
139
148
138
143
139
145
131
148
132
141
137
132
125
140
125
142
145
116
139
142
154
159
166
147
147
151
166
162
162
153
129
154
153
145
148
124
166
134
151
138
169
140
163
138
155
148
139
151
140
155
139
160
141
152
152
135
142
121
123
145
156
141
135
156
148
137
154
144
149
146
159
175
138
186
162
150
182
151
178
175
162
177
169
153
151
137
140
143
154
132
129
118
143
138
164
138
139
132
117
136
138
144
131
135
155
135
135
146
149
143
138
131
164
140
138
166
148
129
142
147
135
122
138
128
131
152
148
135
132
120
141
147
145
147
131
150
145
133
153
162
127
155
170
160
168
140
170
153
149
160
150
145
154
135
145
131
147
132
147
142
137
131
155
128
130
134
138
116
136
130
142
139
134
147
154
155
155
169
172
162
169
177
184
190
191
191
160
208
181
181
206
177
157
180
143
134
141
145
149
115
143
114
108
123
141
112
153
136
122
145
132
135
124
141
134
106
119
145
118
127
115
120
126
145
155
138
152
150
159
168
157
159
159
159
180
173
186
153
156
145
137
128
135
136
112
127
119
111
110
118
111
139
123
129
118
120
112
113
129
121
118
117
135
122
146
119
117
142
134
153
163
145
172
135
167
148
138
148
123
138
143
134
112
127
114
118
116
102
108
124
134
125
107
113
117
99
118
97
133
127
109
119
107
125
95
122
118
124
120
114
96
126
128
135
116
115
120
107
120
115
100
118
111
114
111
105
85
113
103
128
109
99
130
121
137
114
112
127
106
110
117
120
107
110
105
114
115
116
125
110
127
149
120
103
110
111
124
92
124
132
133
118
162
172
161
171
219
215
242
271
254
271
288
265
249
241
162
175
144
134
122
144
123
108
121
122
91
135
120
109
122
114
119
130
127
118
119
111
99
99
125
111
112
118
125
124
109
123
124
142
146
129
151
151
125
136
152
139
150
165
146
138
170
204
154
203
222
255
248
324
380
359
370
383
406
458
438
444
443
427
407
389
290
276
216
175
157
149
128
112
113
114
130
106
115
128
123
93
110
127
114
129
131
125
115
147
144
146
164
180
201
218
256
248
259
294
327
315
354
299
307
275
211
219
191
183
178
175
211
232
252
261
285
291
314
373
402
379
342
342
278
259
208
168
142
133
152
123
129
123
95
108
94
103
97
115
101
101
99
122
117
117
96
109
106
90
125
120
110
140
107
125
144
104
104
110
117
103
124
115
103
113
109
112
108
100
134
136
122
113
154
148
157
155
137
137
130
122
127
125
101
105
127
130
98
125
110
116
118
132
128
149
129
145
157
153
144
150
156
148
161
148
177
164
157
142
135
127
134
116
102
109
125
126
116
109
125
110
133
128
94
122
132
118
108
117
134
117
138
132
121
118
129
128
148
164
136
147
159
154
142
151
143
143
159
162
151
139
159
123
137
114
110
110
125
122
124
131
117
132
120
127
112
109
102
127
108
101
104
122
130
119
114
91
130
116
122
153
148
126
144
151
147
155
159
162
152
169
152
170
139
120
143
117
126
143
113
107
127
117
109
100
100
122
123
112
90
130
106
94
119
110
111
126
113
118
118
110
112
112
129
112
125
143
132
131
130
120
95
137
125
109
137
121
110
120
125
127
122
121
138
130
132
119
145
110
138
158
160
137
152
148
119
152
152
155
157
136
148
129
110
132
125
156
115
119
117
105
111
113
110
115
111
105
132
120
122
114
128
141
131
122
128
144
120
148
127
121
121
109
116
120
117
112
110
118
107
95
132
115
132
113
112
121
114
111
120
123
124
110
114
104
122
121
106
112
96
115
111
122
122
110
117
120
113
128
127
108
97
103
105
126
119
124
104
136
117
113
117
109
101
113
124
112
125
118
128
107
120
113
117
112
111
108
125
105
103
112
104
110
121
103
120
110
104
103
120
109
106
102
132
98
121
135
106
85
109
132
120
114
114
130
114
115
103
109
127
126
122
114
138
119
126
112
105
106
118
119
112
123
98
132
120
113
119
123
121
106
115
107
107
105
115
116
117
80
100
113
112
123
115
103
105
120
111
109
125
87
95
99
93
118
119
105
131
100
113
115
115
151
138
129
123
124
131
149
129
109
100
103
90
90
119
116
103
105
114
97
109
95
109
97
113
119
90
110
106
103
101
96
121
118
105
102
100
107
102
93
103
102
118
122
104
100
111
83
117
101
100
115
100
110
100
117
119
108
117
87
106
91
117
108
110
122
115
108
108
106
111
105
86
92
104
107
89
101
96
100
81
123
98
91
113
100
107
97
97
96
108
87
93
100
111
94
104
113
107
92
118
125
124
157
144
158
161
192
219
193
216
213
201
211
202
159
167
151
121
110
138
104
117
98
81
87
98
90
103
74
116
110
98
79
115
83
106
97
87
108
93
92
94
98
104
108
110
116
106
120
108
131
166
148
155
174
199
148
199
176
163
164
175
156
145
128
110
108
106
99
86
97
88
97
77
94
84
86
82
77
94
76
91
88
91
79
91
77
85
61
82
76
89
94
80
82
91
79
87
90
87
92
109
103
75
76
90
71
86
77
86
93
84
79
82
105
79
77
83
86
79
77
77
97
86
85
84
92
75
89
91
72
84
87
90
95
85
92
111
93
81
85
68
75
92
71
92
76
86
89
99
100
106
105
100
119
88
88
116
108
97
100
94
83
88
92
87
102
98
70
84
93
90
83
70
99
86
91
98
72
89
82
97
81
85
81
82
100
102
91
80
79
96
86
89
104
79
84
83
84
81
83
89
83
63
76
90
105
100
91
98
81
84
87
96
116
126
100
103
90
89
106
110
107
114
89
77
108
109
105
125
118
100
118
128
138
151
141
178
155
146
166
182
161
191
187
174
169
189
205
199
261
328
390
360
463
532
574
646
663
668
672
733
616
522
451
331
206
170
137
117
102
60
80
69
79
83
67
68
88
72
80
84
74
80
79
79
73
81
72
76
71
78
93
76
72
74
72
67
78
76
70
68
73
67
78
103
77
78
59
74
71
59
80
70
74
79
73
62
72
77
76
75
77
63
67
67
69
68
81
54
72
49
82
64
90
66
60
69
81
65
88
95
62
69
58
81
83
80
53
75
70
77
79
76
79
68
81
71
71
70
84
74
67
86
82
69
65
67
66
75
76
72
65
62
61
65
69
87
73
59
58
86
71
72
74
81
74
72
85
84
84
101
117
104
112
147
133
146
124
150
156
147
148
143
161
139
131
150
126
107
99
84
90
70
103
85
93
93
92
92
81
87
72
70
85
76
79
77
78
81
90
80
73
85
91
91
77
109
104
122
105
122
132
144
141
139
129
111
132
120
117
102
88
65
75
76
92
83
72
84
77
79
81
70
89
64
66
67
62
83
74
82
79
64
75
81
78
76
76
71
73
83
86
78
97
78
79
111
102
95
89
88
114
120
94
98
89
71
84
60
78
73
71
68
65
61
67
72
65
84
76
67
71
74
83
69
72
79
86
75
88
100
76
90
77
87
104
90
106
106
107
84
85
91
78
111
71
78
89
96
94
85
111
100
105
126
129
118
155
152
126
162
165
165
166
154
166
165
155
143
134
126
106
114
90
77
89
81
66
81
78
85
64
77
54
59
73
75
71
72
62
68
84
84
82
84
64
91
69
67
84
78
72
79
68
75
66
74
57
62
86
75
72
74
81
81
72
61
76
67
67
85
78
62
69
83
73
71
80
83
84
79
90
76
71
72
82
67
63
69
64
78
70
77
71
79
59
72
72
78
79
77
67
80
80
74
74
55
72
71
67
63
63
78
68
69
76
79
83
76
70
58
70
63
74
75
83
48
81
97
58
63
67
67
46
76
67
67
52
75
76
71
83
69
64
63
85
75
68
63
71
78
76
66
75
75
81
56
72
69
72
91
57
70
78
67
72
89
84
82
95
98
90
82
93
102
80
70
75
83
74
82
73
66
80
80
72
70
65
68
86
71
71
83
88
81
97
78
70
101
81
109
90
92
110
103
96
108
121
104
113
79
70
82
68
73
66
83
66
62
71
67
72
77
70
83
50
75
76
82
67
77
77
83
84
82
91
80
86
92
88
74
84
95
80
100
85
81
94
66
69
87
62
82
86
59
69
69
92
73
69
85
61
80
83
89
67
77
77
78
82
75
87
77
67
73
84
89
71
63
58
74
65
59
76
75
88
58
66
58
63
86
86
62
60
67
62
60
82
52
67
66
73
56
58
68
72
65
65
61
66
74
72
70
64
75
63
69
77
80
72
73
73
57
60
65
64
56
64
71
63
59
59
68
44
61
49
83
64
78
69
65
71
74
60
89
70
62
71
75
81
70
83
79
87
89
103
87
81
93
86
111
113
93
104
106
82
110
104
87
74
79
61
63
70
63
72
60
60
47
65
72
62
65
66
65
68
66
54
67
68
54
61
60
56
66
60
69
53
52
47
69
67
63
56
66
59
62
53
57
65
78
71
66
52
82
71
84
65
65
59
64
64
68
46
57
53
56
59
61
64
64
58
65
54
58
70
56
60
63
58
57
61
55
63
71
69
62
67
59
78
92
83
91
77
87
70
80
67
89
84
74
71
77
76
69
76
73
71
64
69
71
80
69
42
55
49
55
71
64
61
65
63
86
63
70
60
59
70
68
81
63
75
64
57
74
55
71
67
58
70
59
70
70
75
62
71
73
88
66
82
79
97
92
100
102
112
85
106
109
131
82
89
97
87
104
93
96
78
92
82
99
89
110
102
114
110
130
116
147
136
153
184
186
180
169
163
136
122
117
93
74
79
52
56
67
60
71
59
56
65
51
52
57
64
58
59
65
74
67
62
60
61
54
65
50
48
63
46
49
57
52
78
44
56
51
60
54
68
66
47
50
58
70
43
62
62
65
63
58
51
73
68
71
52
54
69
58
58
50
68
58
57
53
60
52
50
51
56
42
53
54
52
43
61
53
61
48
44
64
59
52
48
49
57
54
62
58
53
62
54
54
54
54
54
46
50
58
56
56
58
50
65
54
44
62
48
60
49
62
62
44
54
50
52
56
65
51
53
39
57
50
54
50
63
56
51
62
51
53
48
39
59
60
62
46
46
53
51
56
47
57
67
67
90
100
95
109
119
126
130
118
149
164
175
176
191
154
143
142
126
94
75
79
47
67
59
50
56
56
70
52
62
58
42
49
58
51
61
64
50
54
54
64
56
67
60
44
49
67
56
55
62
47
44
58
65
56
39
45
64
70
53
65
55
60
63
64
54
55
52
61
47
50
63
56
49
72
49
63
67
61
45
50
56
65
68
45
63
51
58
50
50
55
43
47
61
38
62
63
52
52
61
48
52
47
40
63
59
67
47
52
58
74
51
45
58
63
66
72
58
60
71
53
78
57
72
60
56
64
66
69
64
56
51
53
53
60
64
56
60
61
59
48
69
58
59
42
65
68
63
70
78
80
96
99
111
116
136
124
124
148
136
171
183
179
190
186
197
206
195
159
139
134
111
82
79
75
72
70
73
63
68
54
62
62
47
52
43
58
62
58
50
51
53
57
54
50
52
62
58
53
58
47
50
42
50
44
64
49
45
53
39
49
47
51
50
58
46
65
62
52
52
45
44
53
50
48
46
57
63
61
48
60
47
41
52
61
55
56
52
57
56
53
46
46
43
45
66
64
48
44
50
44
68
43
60
40
45
63
39
52
54
61
65
55
55
57
51
50
50
52
52
53
45
61
54
53
53
52
43
61
56
51
61
48
62
54
51
70
55
64
53
59
57
35
45
57
52
53
43
53
50
54
47
52
52
54
40
44
57
52
42
61
51
48
58
38
45
45
51
42
65
50
55
38
61
53
41
51
50
40
43
40
53
50
49
43
48
54
58
53
51
49
48
45
45
37
52
52
58
42
51
62
58
56
64
52
58
65
44
47
55
64
48
46
46
49
46
60
60
52
53
59
58
65
48
57
55
65
50
56
62
63
67
88
85
75
80
95
81
81
88
95
75
92
96
104
114
92
86
92
94
84
65
58
69
69
74
79
71
66
56
75
67
59
54
48
61
63
44
53
41
65
67
70
54
74
54
45
53
59
60
55
63
63
50
49
55
67
52
56
51
57
51
51
53
40
60
47
39
48
66
51
64
48
56
41
55
48
49
51
60
44
54
41
53
65
45
56
55
64
49
40
57
50
51
40
51
40
60
50
51
43
55
51
62
43
52
62
46
39
39
48
44
41
44
59
50
57
54
68
52
61
69
80
45
80
83
82
95
70
90
91
97
103
92
106
89
100
69
84
66
70
55
57
52
62
66
56
60
51
64
52
46
50
56
43
37
47
42
50
47
58
46
52
51
40
56
47
53
56
43
51
56
43
51
48
57
45
57
44
53
39
47
52
50
54
48
51
59
51
49
43
59
50
43
56
36
41
49
37
66
59
45
64
56
48
52
50
48
59
40
49
48
44
69
62
71
63
70
55
82
77
70
76
67
62
75
97
102
87
73
97
78
95
80
67
57
65
60
67
56
51
57
62
51
77
70
54
62
73
72
60
58
67
69
58
64
49
46
51
64
49
49
45
50
50
46
47
50
51
48
44
53
54
52
42
52
55
46
47
72
58
79
77
86
79
102
99
112
105
88
105
104
91
99
101
99
91
93
80
64
58
65
55
41
62
60
37
64
57
56
54
47
48
49
42
46
50
53
57
51
45
40
46
43
49
59
57
54
46
61
41
52
58
55
48
53
59
45
49
48
43
43
50
43
57
64
49
59
55
41
51
50
60
39
51
52
43
68
44
37
42
63
69
74
63
52
67
55
56
57
62
66
75
63
46
53
65
59
51
51
49
38
56
47
51
46
54
45
45
60
42
50
43
53
32
59
46
51
51
52
56
48
59
55
61
51
59
45
54
62
37
70
47
61
49
55
55
48
44
63
52
43
41
54
39
71
68
45
55
41
44
34
47
54
52
50
49
48
67
41
51
55
54
46
45
51
56
54
49
46
54
54
43
55
52
41
66
56
47
58
50
50
58
53
49
51
64
37
48
56
47
56
48
48
48
42
61
51
43
40
49
34
42
45
54
68
49
53
52
38
45
36
51
70
44
45
57
46
59
54
45
51
45
53
49
58
59
54
59
60
59
48
39
54
57
50
68
49
55
48
45
40
57
58
44
46
44
44
40
45
52
52
50
52
40
51
39
50
52
45
54
57
41
55
47
45
40
59
51
52
45
53
43
56
47
53
50
52
60
65
52
42
51
43
50
59
34
49
47
53
52
44
55
41
59
50
61
51
66
47
53
54
50
60
69
55
61
64
62
78
75
100
88
103
91
125
111
120
115
125
140
129
126
120
125
126
126
154
141
134
142
123
113
123
97
116
120
132
136
137
143
154
158
147
155
169
156
153
164
127
169
148
150
145
144
113
118
105
106
81
79
70
77
75
60
65
61
66
63
68
51
66
47
69
54
60
58
63
56
70
59
67
71
49
67
51
49
62
53
62
61
49
53
54
58
75
66
64
58
72
54
57
56
51
56
57
69
62
55
59
56
63
59
54
64
70
60
55
55
74
42
49
72
60
62
51
74
66
71
62
61
62
65
63
66
63
64
60
67
75
68
73
73
66
65
55
70
70
74
55
64
77
68
53
68
75
83
87
66
59
66
70
79
67
64
68
71
80
75
63
67
64
66
73
61
70
79
75
79
66
67
70
79
92
70
71
70
73
58
64
62
51
70
51
64
61
70
56
61
61
60
58
57
56
60
53
63
63
48
71
62
49
58
68
61
57
78
58
58
65
63
52
57
74
61
61
80
63
70
51
51
63
65
64
55
58
70
60
51
60
54
63
49
60
65
63
53
60
60
68
66
76
72
72
73
67
60
73
72
83
83
61
67
83
81
70
86
104
81
107
87
120
104
131
133
133
134
122
120
109
106
104
113
115
103
125
120
126
107
115
139
101
97
73
97
67
77
72
76
85
60
63
56
62
66
71
69
67
83
78
66
87
63
78
66
88
74
69
83
86
81
58
68
67
74
66
67
71
71
56
71
65
62
70
64
63
53
50
59
71
57
68
47
54
63
62
66
56
60
58
64
65
62
55
62
54
64
72
78
61
65
56
59
57
63
56
65
51
58
45
61
61
53
60
60
68
73
62
58
57
64
62
69
57
69
68
61
83
52
65
68
68
71
59
48
51
61
69
58
63
67
54
61
61
74
56
61
67
55
73
69
64
66
70
66
76
63
56
62
64
52
59
63
61
66
50
78
69
90
73
67
73
66
56
66
69
79
62
64
62
57
60
64
75
47
52
68
64
58
56
63
65
64
59
50
54
68
65
49
59
61
69
65
60
49
68
59
49
70
62
61
64
61
54
53
60
65
68
52
57
57
65
61
51
64
73
72
67
62
83
68
64
69
67
61
78
83
67
68
78
106
92
88
95
104
106
93
89
107
94
95
71
112
107
106
88
68
74
75
72
70
64
58
59
70
73
68
67
60
59
76
73
82
55
61
72
68
71
61
72
50
65
74
65
52
63
64
69
61
66
65
63
61
75
71
71
60
69
56
52
64
56
66
55
72
53
70
69
65
69
58
75
68
52
73
80
64
62
61
59
79
72
60
50
58
64
63
71
59
74
71
72
60
64
73
65
55
73
57
48
55
52
80
54
65
53
68
66
66
71
74
64
57
48
66
66
54
48
58
54
51
69
67
69
70
48
66
56
63
73
64
71
61
79
51
77
70
73
50
71
56
46
72
69
43
54
66
44
56
79
61
70
53
51
55
56
65
63
56
61
57
64
59
58
44
42
64
61
58
61
62
68
48
40
54
60
66
53
47
67
44
46
56
55
45
57
60
40
56
60
41
50
56
44
62
51
59
57
56
56
62
48
51
57
49
39
55
51
56
58
47
57
48
50
55
67
55
64
52
56
59
45
53
52
65
61
51
46
57
60
42
58
43
35
47
53
44
47
40
51
33
45
58
57
52
54
55
53
55
56
59
63
42
49
44
47
46
56
49
43
49
67
55
47
58
48
63
48
40
47
54
54
53
49
61
43
43
62
37
42
40
52
59
38
57
50
41
56
46
49
50
40
48
77
50
46
58
66
56
49
55
50
39
52
58
43
46
59
63
42
46
48
53
56
45
44
51
51
47
53
40
54
56
54
59
31
56
39
53
47
39
47
56
48
49
53
58
49
50
51
57
54
44
61
46
59
43
65
66
65
68
75
107
105
129
144
130
172
145
167
183
171
159
193
213
232
206
204
244
221
221
183
189
157
147
141
145
123
130
137
138
153
144
158
173
163
174
185
202
211
225
215
212
209
202
167
144
159
138
97
84
83
75
62
53
51
63
41
50
48
41
58
47
36
43
56
57
62
61
61
46
43
50
55
50
62
50
44
48
43
49
39
49
47
59
56
50
50
43
50
51
64
40
48
42
48
53
49
43
54
52
37
42
49
47
47
53
41
47
54
41
37
49
59
56
51
42
45
41
52
51
53
52
49
53
44
42
48
50
57
42
46
43
59
56
50
52
44
45
47
39
67
41
50
65
73
51
73
73
62
62
68
60
52
42
58
49
65
57
79
73
65
56
72
68
74
77
71
69
68
80
74
58
70
65
74
63
61
43
54
48
48
51
57
55
45
48
43
30
42
51
42
38
44
51
36
45
47
44
44
54
46
43
41
49
40
48
38
44
40
46
58
44
41
42
45
37
42
43
35
43
37
47
47
55
48
49
46
49
46
51
35
34
48
44
52
51
55
49
46
44
48
57
34
42
44
67
52
43
51
37
46
43
54
41
36
48
46
45
65
55
56
53
50
44
58
64
68
69
83
60
96
77
92
110
104
94
119
117
119
106
123
102
103
97
116
86
63
62
62
66
59
74
66
72
63
60
47
50
69
52
54
53
55
50
61
78
62
53
55
51
60
57
68
70
52
64
51
45
54
47
49
57
46
57
49
54
39
48
50
45
38
51
45
49
41
43
47
26
43
40
46
34
46
46
47
44
36
54
30
50
37
37
41
32
56
43
43
39
48
50
31
34
54
36
50
49
41
39
54
39
50
41
43
50
51
39
56
40
57
37
32
52
42
35
34
38
41
41
44
42
41
36
31
43
42
41
37
42
43
39
38
52
45
45
52
31
41
43
47
47
38
47
47
39
36
44
53
48
42
42
54
33
48
36
45
45
40
50
44
54
34
41
37
50
42
30
38
37
45
47
57
49
50
48
45
33
42
40
38
31
52
36
46
32
29
40
37
37
39
50
36
41
49
45
51
31
40
49
38
41
34
35
44
35
46
47
32
44
40
36
43
57
50
42
45
41
42
45
49
56
52
56
62
58
62
61
64
50
77
75
81
83
89
68
75
84
52
56
45
51
30
38
38
43
39
35
39
26
45
36
42
36
37
38
32
31
41
27
35
40
37
40
40
35
35
32
32
35
31
31
33
32
30
39
38
40
33
29
37
27
36
24
27
30
36
37
41
33
39
28
38
48
32
43
35
38
30
35
40
21
29
40
30
35
36
26
25
36
38
33
42
23
19
53
29
27
25
19
30
30
27
27
41
31
29
35
23
33
26
33
28
27
40
22
36
36
32
25
29
20
27
22
25
29
23
31
22
27
32
28
29
30
31
16
34
20
17
20
29
17
21
33
24
27
23
28
26
23
26
25
24
21
23
26
25
31
29
30
23
27
37
25
24
23
20
20
21
21
28
28
25
19
22
19
24
20
26
22
15
15
23
26
20
24
24
23
25
15
22
19
21
19
29
20
15
24
19
15
18
23
23
21
17
18
31
11
14
19
16
19
17
21
21
16
23
23
16
16
18
25
18
19
17
21
14
14
22
17
26
20
16
16
28
20
23
20
18
25
14
20
16
16
24
20
25
26
17
19
20
24
16
18
26
17
22
19
25
16
17
12
12
15
19
19
16
17
17
16
14
14
13
21
18
18
19
18
20
16
14
18
17
16
12
13
18
26
20
18
16
13
18
23
17
20
12
26
23
22
13
25
22
19
16
16
18
20
14
13
18
11
14
20
19
20
18
16
21
15
12
14
16
17
24
13
20
16
28
16
18
13
18
17
24
15
18
15
18
11
17
23
16
29
14
18
17
24
26
22
24
21
33
41
44
55
64
72
69
92
87
92
132
100
141
145
188
193
205
232
222
217
251
207
181
173
107
104
74
70
74
81
81
76
105
94
109
122
135
130
133
150
162
183
183
200
188
159
128
104
82
75
48
39
36
18
17
10
12
20
16
12
8
14
12
13
13
9
10
9
4
12
10
9
12
7
8
10
11
9
5
9
9
10
15
11
6
9
10
10
8
8
10
7
12
11
6
14
12
7
13
4
5
2
8
8
11
6
9
5
10
15
6
9
12
8
6
7
9
9
8
13
10
10
10
12
12
11
12
10
11
5
10
8
9
10
8
12
7
12
4
9
8
8
9
8
10
8
10
7
6
9
6
11
13
13
7
16
14
18
19
17
20
17
28
16
22
32
30
35
39
43
40
46
37
39
38
32
30
26
23
20
16
8
14
10
7
7
12
6
7
9
8
8
4
7
6
12
7
7
6
9
7
4
9
3
4
12
7
9
6
4
9
9
5
6
4
13
6
8
9
7
8
11
11
13
11
8
8
5
7
6
8
5
7
10
10
11
10
8
13
10
8
12
9
15
17
17
9
6
10
7
7
15
8
7
8
12
7
5
9
13
9
11
6
8
9
11
8
14
12
17
20
23
17
28
27
30
33
38
42
43
43
42
37
42
45
40
34
31
27
26
28
24
27
34
38
22
30
24
25
24
22
18
14
6
12
9
6
11
8
9
9
9
7
9
4
9
4
6
12
7
8
10
5
10
10
6
9
9
11
7
8
8
6
8
12
5
6
5
8
11
9
7
5
4
5
4
5
9
9
4
6
2
9
6
4
7
6
8
11
4
7
8
5
10
6
11
7
9
6
5
7
10
8
9
4
6
9
6
9
8
9
7
9
9
7
11
11
10
14
13
12
14
12
11
12
7
16
13
10
14
14
3
8
13
10
5
12
1
10
6
9
6
10
7
7
9
8
7
8
9
9
10
9
14
4
6
7
5
12
6
5
7
3
5
9
5
5
6
7
9
5
5
10
4
8
6
8
5
7
10
10
7
1
6
8
4
6
13
9
10
3
9
7
6
5
4
7
7
9
7
7
10
8
7
8
7
14
8
7
9
5
9
8
6
4
10
6
8
8
6
9
6
11
9
5
7
8
6
8
6
6
5
7
7
5
8
6
8
6
4
8
4
15
5
5
5
4
5
3
5
5
3
1
7
5
9
16
6
7
8
7
2
6
6
8
3
10
6
7
7
9
5
4
5
10
7
7
8
6
8
11
4
6
16
12
7
13
8
8
5
6
8
12
11
9
10
6
11
7
11
7
8
8
5
8
8
4
9
7
7
6
7
8
5
10
9
6
8
5
6
10
14
4
7
7
5
9
8
8
5
5
14
7
10
12
6
7
9
9
8
3
9
8
7
13
3
2
5
6
5
9
3
7
7
8
7
5
7
3
6
1
5
4
9
4
8
8
6
6
5
7
10
4
6
8
7
9
5
5
7
5
7
7
5
6
10
5
7
7
9
5
6
0
8
9
10
11
10
7
5
8
8
3
4
10
6
12
5
6
5
6
5
8
9
3
6
10
6
6
3
5
8
5
4
4
6
5
3
6
11
10
4
2
10
8
5
5
11
3
7
8
7
4
8
6
10
10
10
9
8
8
8
10
11
7
16
15
8
14
8
8
5
13
13
20
15
17
15
16
15
11
10
10
6
9
15
11
6
6
8
9
10
13
6
4
5
7
10
6
6
6
6
9
6
9
6
6
4
6
11
9
2
4
7
7
4
5
5
8
6
6
5
5
8
7
7
9
12
5
5
7
6
5
2
3
10
2
4
8
9
6
7
9
5
8
5
8
11
10
8
6
8
10
5
8
8
9
12
9
8
13
11
9
9
9
6
6
12
13
16
16
17
21
10
17
20
9
20
16
21
20
14
23
14
15
15
12
3
12
5
7
9
11
5
7
9
7
5
12
7
3
7
4
1
6
4
7
3
7
5
7
8
7
6
7
7
2
10
9
7
6
5
7
7
3
5
9
6
8
9
9
5
12
7
5
3
9
6
8
5
6
4
6
5
5
7
5
11
7
6
5
5
9
9
8
7
9
9
8
7
6
3
6
8
7
3
1
6
13
6
2
4
9
7
9
4
9
10
6
6
6
3
2
9
6
6
5
6
5
10
8
7
8
4
3
7
4
10
5
9
6
7
9
3
9
6
7
6
7
7
5
7
4
8
6
7
6
10
7
6
5
7
3
1
4
12
7
7
8
5
9
7
6
5
3
8
4
9
7
3
9
4
2
7
7
7
6
5
4
8
1
5
11
2
5
10
3
7
7
4
6
6
2
4
7
13
3
3
3
3
8
5
15
5
7
9
6
10
6
2
8
11
7
9
7
6
6
5
5
4
3
1
5
5
7
12
2
5
6
9
9
12
5
9
8
15
9
11
17
14
14
10
7
12
9
20
16
15
16
11
10
11
19
13
8
17
11
13
15
6
5
10
6
4
6
5
5
4
3
5
9
6
11
6
7
8
8
3
6
3
7
4
4
4
6
8
5
3
13
7
8
4
10
9
16
6
6
10
10
15
11
15
13
17
12
10
14
6
13
14
12
11
9
11
9
12
10
8
5
3
2
7
7
5
5
4
4
8
8
6
5
6
6
11
8
7
5
8
8
7
4
2
2
8
8
6
3
7
7
2
6
7
5
4
10
8
11
3
5
4
6
4
7
12
8
8
4
7
9
2
6
6
6
2
6
7
11
1
10
4
7
5
5
4
8
3
7
3
4
6
8
5
4
10
12
6
11
9
7
18
10
8
8
12
13
14
8
8
11
6
11
6
14
7
10
18
13
10
12
3
3
11
8
6
6
8
4
5
7
5
5
6
4
8
4
1
12
5
4
5
9
10
3
7
4
3
3
3
2
9
11
7
8
2
12
6
6
7
5
9
3
11
4
4
12
6
8
8
2
4
3
5
6
2
4
5
3
5
5
9
3
5
4
9
6
5
3
6
6
5
5
8
7
1
8
4
3
3
1
6
6
8
4
9
7
7
7
10
4
3
2
4
6
5
6
10
5
7
6
3
9
7
3
5
6
8
6
9
10
6
7
3
8
6
5
7
8
4
9
2
3
5
5
4
5
5
6
8
7
3
11
6
6
6
10
5
4
5
6
8
4
4
5
6
8
6
9
4
9
3
11
4
3
7
9
8
10
7
5
8
9
6
2
4
4
2
8
3
5
3
5
5
5
6
6
8
6
3
9
6
5
6
6
3
4
4
2
7
4
11
4
3
5
6
4
5
4
4
4
3
5
5
2
3
3
4
7
9
0
0
2
6
4
5
3
7
5
4
3
5
5
3
4
6
3
3
5
8
3
5
5
2
4
2
3
8
6
8
6
5
5
6
4
1
2
7
5
6
3
8
5
5
7
7
3
6
6
6
0
5
2
5
3
3
6
7
6
7
2
6
2
2
4
3
5
4
3
5
4
12
8
5
4
8
1
3
2
4
2
4
9
5
8
3
5
6
1
1
3
6
8
10
5
7
3
8
6
4
7
9
7
8
6
8
9
13
11
5
10
14
9
13
9
12
11
7
10
18
10
15
21
14
6
14
14
4
4
6
9
5
4
5
2
5
7
6
4
2
5
4
3
4
6
3
5
6
6
4
8
4
3
6
5
4
4
2
9
5
7
5
7
2
1
3
9
4
5
3
7
4
5
2
5
8
2
6
2
6
9
10
6
5
7
8
4
2
5
2
3
4
3
7
3
7
7
9
4
5
7
7
10
5
6
7
4
7
5
16
3
10
7
10
5
11
11
10
18
14
9
13
10
13
12
8
3
14
7
10
8
4
9
4
8
9
8
6
1
5
7
3
2
1
5
5
1
4
4
0
5
3
3
2
2
6
10
3
4
1
1
6
4
0
7
4
5
4
5
0
3
5
4
2
3
1
2
5
4
2
5
5
2
4
8
6
4
3
4
1
3
3
3
4
7
2
5
3
2
2
4
9
5
1
4
2
2
5
7
4
5
2
5
6
7
5
5
5
9
5
3
6
0
4
6
2
3
6
4
3
3
4
4
4
4
3
2
7
4
1
5
3
5
6
5
3
4
5
6
4
2
5
6
4
1
2
9
3
4
7
10
5
5
1
4
6
2
6
3
6
3
4
5
4
3
2
3
7
6
0
5
3
6
6
5
3
6
8
1
4
3
8
4
2
7
3
4
2
8
1
5
2
5
1
2
1
2
2
3
6
5
5
3
3
4
1
3
5
5
3
4
3
0
3
1
5
4
5
5
5
4
2
7
2
2
4
4
7
5
5
5
6
7
12
15
9
12
11
14
11
12
13
19
17
16
17
14
22
20
12
25
16
26
15
21
20
20
21
8
11
11
10
16
6
7
2
6
6
5
4
3
6
3
6
4
2
4
4
2
8
3
5
5
7
3
3
4
2
5
2
5
3
4
2
1
3
4
5
4
5
6
2
5
6
1
6
5
0
5
2
4
3
2
5
6
6
2
2
2
2
2
1
1
2
2
3
3
3
2
5
3
6
1
1
3
3
2
5
2
3
5
1
4
7
2
3
3
8
2
0
4
4
3
3
6
2
1
1
1
4
5
3
1
2
5
5
2
5
6
2
7
3
2
6
3
3
3
5
4
4
4
4
2
6
7
2
4
4
8
6
3
6
4
0
3
3
2
2
2
5
7
3
8
4
6
8
9
4
5
13
13
2
6
8
8
3
6
8
3
5
4
11
6
4
8
4
7
2
1
2
3
2
2
4
5
3
3
6
2
2
5
4
4
6
5
2
5
1
1
4
1
3
2
4
9
5
7
4
3
7
3
2
1
4
6
3
2
7
2
5
3
5
3
4
6
2
1
9
4
4
4
3
3
0
1
6
4
5
3
2
3
7
4
2
2
2
2
2
2
4
4
7
4
2
11
5
3
2
2
3
3
6
6
2
7
4
5
4
2
9
2
2
2
1
2
4
3
2
3
5
4
0
5
3
4
4
4
7
4
2
2
1
3
1
2
2
3
9
3
2
4
1
3
3
3
0
5
3
1
4
3
2
3
2
0
2
5
2
1
3
6
3
7
3
6
3
4
1
4
4
3
4
4
3
0
6
0
2
9
1
5
5
1
2
5
3
3
1
1
3
4
1
8
2
1
7
4
4
4
4
4
3
1
4
2
4
3
3
3
4
1
3
4
3
8
2
6
5
2
2
6
2
4
4
0
2
3
2
4
1
2
2
2
3
8
1
2
3
1
4
1
3
4
2
1
2
1
3
5
3
7
2
6
6
5
2
4
2
3
4
6
2
3
2
3
1
1
4
1
7
2
5
3
2
1
2
3
3
1
3
2
2
1
2
5
3
2
2
1
4
3
7
2
1
5
8
3
3
2
3
3
5
3
9
2
1
1
3
3
2
3
2
1
4
4
1
2
4
6
5
3
7
4
3
3
5
5
2
0
5
3
3
6
7
1
0
4
2
3
3
2
3
2
2
4
2
5
4
2
5
1
5
3
2
3
2
3
3
1
0
4
2
5
1
1
2
0
4
1
4
2
2
2
0
3
2
3
1
1
1
4
3
5
4
4
5
3
1
1
0
3
2
2
4
1
1
3
4
3
3
3
1
4
2
3
4
3
2
3
2
1
4
3
2
1
2
2
2
4
2
7
3
2
1
0
2
4
2
0
4
3
5
4
6
3
1
4
4
3
3
2
4
3
4
10
4
7
2
4
1
4
1
3
2
2
4
6
2
1
1
3
2
5
1
2
4
0
5
1
1
2
0
1
1
2
4
3
3
2
6
3
3
2
2
2
1
2
3
5
2
3
3
1
1
3
3
0
2
1
1
0
2
5
3
1
2
0
1
1
0
0
0
3
2
4
2
4
2
3
4
2
2
1
3
4
2
3
2
2
1
1
1
2
5
3
3
1
3
3
1
2
3
3
1
2
2
3
5
1
1
2
3
4
5
5
4
3
1
1
2
4
2
4
2
7
1
2
2
3
0
6
2
3
1
2
3
0
1
3
2
4
1
4
4
2
1
2
1
1
4
1
2
1
1
1
2
2
1
0
1
0
1
2
2
3
1
2
2
2
1
1
1
3
1
4
0
3
2
2
1
2
1
3
1
2
1
0
1
2
1
2
2
3
2
1
5
1
1
2
2
4
1
0
1
1
1
2
4
3
5
1
2
3
1
2
2
1
3
2
3
1
4
1
2
2
2
6
4
7
2
6
5
12
8
16
8
8
14
13
19
17
16
15
23
18
22
13
16
9
12
4
8
6
7
6
3
0
6
2
0
0
0
3
0
2
0
4
1
3
3
0
0
4
0
2
0
3
0
0
1
0
0
0
1
1
2
1
0
1
4
2
2
1
2
2
1
1
0
2
0
2
2
2
1
3
3
0
1
2
1
1
1
2
0
2
3
1
1
2
0
1
0
1
6
4
3
2
1
1
4
2
1
2
2
2
0
3
1
1
1
4
0
4
4
2
2
0
1
1
2
0
0
0
1
2
2
3
3
0
2
0
2
0
4
4
3
1
3
1
1
1
2
4
2
1
4
0
1
3
0
0
1
2
2
2
2
5
0
0
0
1
2
1
4
0
0
4
3
3
0
1
1
3
1
0
2
3
1
3
3
0
1
2
1
2
2
0
1
1
3
3
1
3
1
2
0
3
1
2
2
2
1
3
3
2
0
2
1
2
1
3
2
0
1
0
3
1
3
0
0
0
2
0
0
0
3
1
2
1
0
0
3
3
1
3
0
2
4
1
0
1
2
6
1
1
2
0
2
3
1
2
1
0
2
3
6
1
2
0
2
4
1
2
3
0
1
1
3
0
1
2
3
1
2
0
1
2
0
1
3
2
3
0
0
2
1
3
1
1
2
4
0
3
0
2
6
1
3
0
3
1
1
0
1
3
2
1
2
2
2
1
2
0
0
1
0
0
1
1
2
3
3
2
2
0
3
3
1
1
3
1
0
1
2
2
3
2
2
2
1
1
0
1
1
1
4
2
1
0
2
4
3
2
2
1
1
1
2
1
2
2
1
1
3
2
2
0
0
1
2
0
4
2
1
2
0
2
1
1
2
3
1
3
1
1
1
1
4
1
1
3
2
1
2
3
3
0
1
2
5
2
1
2
2
3
4
1
4
2
3
2
3
0
1
1
0
1
2
1
3
0
1
2
1
2
3
4
1
2
1
3
1
5
4
0
1
1
2
2
3
0
3
1
1
2
2
0
3
1
2
0
2
0
4
1
1
0
4
0
1
1
6
0
3
1
1
1
0
3
3
1
3
0
2
4
2
1
0
0
3
3
5
0
0
2
1
2
1
4
4
2
1
3
2
2
1
1
2
5
1
1
2
4
1
2
1
3
2
1
3
3
0
0
1
1
2
1
1
1
2
0
0
4
3
3
5
1
1
5
1
2
0
0
4
5
1
1
3
2
3
1
3
0
0
2
2
2
0
3
2
3
2
2
5
3
2
2
4
0
2
2
0
3
4
1
1
1
3
2
2
2
1
3
1
1
3
0
3
0
0
3
2
4
1
3
0
4
0
0
2
2
2
2
1
2
2
1
1
3
1
1
0
3
3
3
3
2
1
0
4
2
2
1
3
1
0
5
2
3
1
3
2
6
1
1
3
4
2
4
1
2
4
2
2
1
0
2
1
1
2
2
4
1
0
0
0
5
3
0
2
1
0
1
2
2
0
0
2
1
2
3
2
1
0
3
3
2
0
1
1
1
1
2
1
2
5
1
2
1
0
1
1
3
1
4
3
0
1
2
2
2
1
0
2
5
1
2
1
0
4
3
2
1
0
1
2
0
3
1
2
3
0
3
0
2
3
3
4
1
2
3
3
3
1
3
1
1
3
1
1
2
0
2
0
1
3
4
2
1
1
4
1
2
3
3
0
2
0
3
1
2
2
1
4
4
5
0
1
2
3
2
1
0
2
0
5
0
2
0
1
2
2
2
2
1
2
1
3
3
1
5
1
3
3
0
3
1
4
0
1
2
2
4
0
4
3
3
1
8
0
4
1
3
0
3
3
3
0
2
2
3
1
0
1
2
0
2
2
3
1
1
2
2
2
2
3
3
2
1
4
6
1
2
0
7
12
5
6
7
7
6
6
4
7
6
8
3
8
6
9
9
8
8
6
4
7
12
6
8
4
3
5
7
4
4
2
2
3
3
5
5
3
2
1
3
3
1
1
3
0
2
1
3
7
4
1
2
0
2
2
0
2
3
3
1
1
1
5
3
2
6
1
1
3
3
5
1
3
2
1
1
0
3
2
2
3
2
2
2
0
3
1
3
1
3
7
0
4
2
5
3
2
2
3
3
2
4
4
2
2
1
2
3
1
3
5
2
5
0
3
2
1
3
4
0
2
1
2
0
3
5
1
1
2
3
1
3
1
4
4
0
3
2
2
0
2
3
4
1
3
3
4
5
2
1
3
1
1
0
4
0
3
3
2
3
2
3
2
6
5
3
0
1
2
3
3
1
2
3
3
2
0
3
2
2
1
1
1
5
4
1
0
3
2
1
5
3
4
7
1
1
1
4
0
4
0
3
4
5
3
2
2
2
0
2
1
4
2
3
6
3
2
1
3
3
4
2
5
6
3
3
4
0
3
2
0
3
0
2
2
3
2
0
5
3
1
4
1
0
3
3
2
4
6
0
3
2
0
2
4
$ENER_FIT:
5.9250 0.607168 -1.583600e-008
$MCA_CAL:
3
5.9250 0.607168 -1.583600e-008
$ENDRECORD:
