$SPEC_ID:
None

$MEAS_TIM:
53096.30000 55183.07000
$DATE_MEA:
04/16/2013 4:45:29 PM
$DATA:
0 16383
0
0
0
0
0
0
0
0
0
0
0
0
0
0
0
0
0
0
0
0
0
0
0
0
0
0
0
0
0
0
0
0
0
0
0
0
0
0
0
0
0
0
0
0
0
0
0
0
0
0
0
100
860
2035
2575
2898
2959
2989
2776
2073
1224
6074
23323
32321
32379
32903
32741
32849
32831
32890
33387
33304
33058
33499
33269
33574
33857
34880
35716
35319
35592
35256
35185
35931
36055
36032
37070
36907
37602
38128
38750
38755
39189
39822
40271
40883
41819
41847
42746
43528
43606
43791
44338
44292
45198
46162
46146
46839
49258
52374
55662
55762
59088
64983
65624
60126
57076
57740
56645
53860
55057
56374
54849
52472
50533
50323
51255
52102
53872
57293
58412
56756
55534
57515
58421
57136
56528
55611
55715
54796
54354
53502
51723
52026
51667
52031
51689
51921
51876
52237
52042
52175
52316
52322
52716
52868
52667
52978
52326
53000
52553
53164
53154
53273
53445
53846
53983
53571
52822
52972
52952
53081
52998
52976
52475
52925
52516
52561
52476
52350
52381
52100
52251
52339
52559
52142
52070
51838
52462
54344
59045
62616
60740
55843
52620
51671
51286
51083
50753
50924
50861
50083
50423
50440
50006
49890
49988
49861
50410
50283
49421
49622
49467
50015
50601
50758
50267
50499
49547
49459
49573
50023
48946
48822
48384
48291
48381
48435
47815
48099
47830
47621
47770
47908
47551
47832
47502
47427
47443
47191
47677
47234
47084
47535
47364
47520
47427
47321
47223
47229
47250
47110
46993
47284
47616
46758
47218
47155
46914
47452
47767
47479
47432
47365
48004
48837
50168
50538
49379
48589
47824
47993
47736
47843
47507
47762
47582
48085
47961
48020
47777
47107
47241
46742
46910
47014
47065
47478
48883
53005
61532
65670
60537
52128
47381
46250
45906
45482
45946
45267
45689
45059
45165
44793
44890
44562
44661
44463
43853
44060
43843
44290
43506
43749
43677
43843
44505
45851
47574
48394
47036
44553
43322
42218
42421
42157
42025
42342
41827
41611
41977
41215
41536
41457
41070
41004
40852
40699
40571
41213
41308
40338
40522
40304
39763
40167
40371
40057
40065
40295
39639
39641
39480
39345
39712
39139
39307
39104
39040
39248
39146
38422
38742
39028
38780
38595
39083
39014
39959
40670
42021
41915
40189
39199
38224
38466
38090
38205
38395
38244
38065
38103
38268
38102
37953
37902
38308
37342
37337
37859
37706
37671
37287
37375
37602
37274
37507
37416
37297
36950
37441
37543
37514
37878
38277
38548
38862
38910
39274
39729
39449
39693
39706
39706
38309
38610
37844
37865
37113
37000
36299
36266
35559
35370
35454
35293
35033
35026
34850
34739
34692
34733
34481
34269
34263
34436
34509
34270
34530
34363
34328
34364
34478
34054
34201
34100
34110
34604
34995
34589
34179
33937
33755
33542
33551
33404
33675
34018
33791
33671
33844
33685
34137
33852
33727
33804
33619
33817
33693
33501
34141
33845
34023
33533
33912
33394
33228
33679
34104
34205
33993
34024
33783
34124
33185
33633
33306
33269
33368
32968
33068
32961
32742
32638
32464
32356
31948
31580
31389
31051
30437
30238
29990
29549
29457
28700
28355
28202
27575
27691
26972
26472
26290
25944
25370
25393
25384
25039
24818
24334
24116
24355
24190
24121
23675
23838
23486
23903
23644
23553
23417
23168
22921
22478
22326
22788
22907
23308
25775
32455
40543
41993
34871
26562
22987
21645
21506
21352
21384
21506
21755
23216
25535
28219
27732
24261
21272
20106
20023
19921
19829
19526
20067
19618
19557
19535
19573
19971
22177
28618
39132
43863
37099
26550
20635
18654
18246
18033
18270
18119
18133
18252
17784
18044
17779
17606
17589
17476
17640
17647
17547
17660
18308
19827
21700
21737
20355
18586
17817
17407
17628
17779
17778
17778
17690
17878
17656
17750
17587
17743
17868
17597
17933
17821
17934
17865
17875
17907
18037
18016
18083
17994
18112
18048
18078
18164
18290
18378
18298
18548
18762
19003
18510
18847
18792
18754
18691
18757
18592
18751
18590
18812
18552
18487
18461
18408
18494
18501
18602
18584
18420
18761
18766
18613
18792
18402
18289
18267
18172
18277
18250
18238
17861
18016
17974
18275
18409
19558
19939
19319
18209
17877
17516
17349
17332
17415
17441
17572
17160
17466
17311
17310
16930
17310
17156
17202
17042
17217
16990
16992
16709
16774
17070
16767
16771
16601
16648
16489
16335
16543
16385
16537
16547
16375
16487
16473
16615
16803
17108
17576
17267
17723
20216
24079
26666
24216
20324
17410
16628
16045
16335
16228
16338
16240
16380
16298
16127
16268
16155
16412
16124
16010
16125
16270
16255
16241
16239
16418
16393
16535
16168
16192
16471
16570
16451
16494
16443
16465
16907
16703
16485
16860
16749
16862
17150
17006
17456
17618
17635
18090
18151
19006
21676
30180
50122
83654
123179
160930
187375
204660
213308
217679
218716
221294
221649
221160
220614
219576
218971
218219
217208
216165
213075
209400
200897
189469
171022
143110
106096
68382
37275
19549
12665
10562
10191
9970
9835
9697
9839
9649
9933
9855
10020
9907
9850
9771
9773
9681
9657
9664
9820
9779
9784
9972
9733
9902
9710
9835
9766
10029
10060
10797
11308
11835
11427
11306
12331
15339
20842
29559
39717
47796
48976
43230
33405
23458
16663
12889
11686
13895
19131
25891
27549
22414
15469
11601
10447
9990
9427
9354
9417
9071
9214
9066
9001
9012
8844
8976
9051
8845
9188
8970
8874
8952
8904
9220
8862
9032
9176
9106
8829
8970
8727
8752
8813
8869
8904
8973
9082
8923
9085
8936
8881
8833
8784
8822
8802
8924
8809
8788
8931
8885
8910
8884
8866
8826
8808
8908
8787
8831
8746
8868
8784
8861
8914
9013
8956
8971
9178
9342
9330
9196
8879
8814
8769
8962
9016
9006
8983
8947
8970
9014
8934
8899
8900
9084
9070
9459
9696
9736
9782
9437
8981
8970
8949
8770
8909
8794
8901
8819
8844
8993
8916
8602
8990
8685
8803
9297
9262
10013
11416
12408
12804
11759
10413
9460
9091
9018
8821
8839
8799
8781
8812
8915
8960
8736
8786
8876
8751
9338
10071
10341
10670
10428
9642
9276
9281
9196
9084
9124
9209
8935
9248
8952
8840
9089
8988
9128
9114
9178
9220
9277
9267
9039
9007
8915
8837
8776
8828
8934
8878
8905
9038
8859
8922
8961
8901
8901
8921
8948
8855
8891
8731
8665
8792
8719
8731
8772
8699
8953
8646
8692
8781
8753
8837
8644
8802
8774
8572
8671
8983
8963
8863
8737
8498
8742
8678
8587
8751
8829
8753
8612
8867
8758
8505
8706
8508
8528
8498
8437
8560
8511
8521
8546
8828
8877
8640
8548
8318
8317
8301
8420
8500
8462
8356
8487
8183
8330
8745
8949
9326
9303
9409
8812
8421
8088
8212
8234
8084
8159
8225
8196
8186
8404
8632
8842
9047
8962
8581
8111
8040
8106
8205
8010
7914
8175
8119
8075
8072
8329
8061
8244
8460
8695
8235
8375
8229
7868
7883
7797
8010
8092
8108
7971
8073
8014
8137
8201
7923
7810
8019
7979
7872
7864
8125
8142
8226
8918
10813
13617
15169
14299
11855
9658
8661
8288
8420
8362
8106
8426
8345
8222
7964
8281
8008
8016
8063
8002
8019
8006
8005
8056
8023
8291
8329
8402
8073
8095
7924
8041
7719
7881
8177
8336
8182
8337
8011
7758
7759
7717
7858
7911
7708
7799
7865
7725
7580
7497
7659
7534
7719
7745
7642
7619
7728
7673
7742
7882
7786
7794
7767
7778
7592
7729
7738
7901
7743
7721
7758
7880
7900
7820
8139
8417
8803
8962
8698
8319
7933
7842
7697
7887
7704
7675
7730
7725
7796
7679
7559
7684
7682
7683
7839
7831
7853
7797
8021
8030
8129
8132
8056
7898
7636
7650
7770
7834
7707
7696
7820
7688
7537
7726
7738
7658
7547
7687
7531
7779
7686
7599
7662
7541
7647
7583
7839
8000
8907
10518
13064
13999
13040
10957
8928
7937
7783
7667
7761
7803
8009
7773
7813
7648
7771
7866
8136
8415
8334
8186
8003
7826
7646
7781
8222
9492
11886
13783
14921
15691
16775
16683
14783
11130
8976
7905
7516
7442
7636
7533
7457
7530
7422
7491
7499
7425
7534
7283
7367
7465
7392
7354
7330
7386
7621
7695
7465
7516
7432
7315
7295
7372
7519
7416
7409
7751
8124
8510
8702
8414
7848
7805
7535
7321
7718
7437
7482
7543
7456
7449
7492
7413
7586
7457
7787
7625
7627
7709
7665
7473
7624
7377
7432
7434
7411
7447
7795
7466
7609
7685
7778
7781
7874
7864
7704
7561
7756
7784
7718
7709
7942
8031
8262
10048
15043
27156
45032
58908
56228
39511
22389
12414
8498
7630
7540
7704
7959
7915
7819
7574
7414
7349
7213
7264
7224
7186
7458
7258
7346
7274
7219
7332
7073
7319
7018
7278
7275
7421
7468
7285
7326
7292
7232
7366
7444
7667
7637
7488
7428
7439
7528
7698
8060
8008
8087
8203
8096
7898
7611
7341
7367
7350
7511
7570
7218
7338
7113
7166
7238
7324
7168
7304
7155
7316
7177
7109
7184
7133
7123
7367
7059
6987
7111
7194
7170
7048
7034
7134
7148
7237
7302
7405
7432
7134
7269
7273
7212
7485
8094
9184
10128
11161
10466
9714
8319
7556
7353
7311
7336
7331
7188
7256
7166
7152
7159
7398
7270
7576
7394
7180
7077
7162
7332
7212
7101
7278
7270
7324
7414
7509
7436
7305
7335
7311
7309
7255
7592
7626
7909
7894
7955
7706
7448
7376
7135
7211
7130
7062
7124
6984
6992
7147
7358
7114
7150
7238
7191
7200
7245
7133
7059
7140
7128
7308
7301
7435
7467
7552
7408
7138
7173
7340
7256
7573
7719
8159
8798
9386
9518
8926
8095
7471
7295
7169
7206
7099
7281
7109
7242
7070
7076
7021
7058
7104
7031
7204
6934
7139
7152
7104
7151
7248
7271
7361
7630
7991
8448
8423
8496
7746
7496
7212
7155
7023
7134
7142
6872
7170
7276
7127
7018
7184
7144
7050
7113
6922
7024
7183
7118
7308
7650
7894
8063
7785
7654
7319
7185
7091
7217
7247
7634
8116
8168
8255
7799
7249
7039
7020
7020
7078
7063
7175
7199
7124
6951
7127
7000
7101
7101
7109
6893
7161
7109
7020
7158
7226
7389
7349
7422
7319
7181
7102
7038
7045
7043
7151
7288
7123
7187
7097
7112
6961
7118
6971
7227
7188
7235
7168
7103
7021
7175
7257
7418
7490
7339
7091
7135
7266
7603
7766
8672
8927
8615
8158
7754
7735
7453
7280
7329
7095
7062
7078
7222
7219
7147
7075
7071
6968
7024
6914
7021
6906
6957
7237
6918
7067
7139
7222
7174
6988
7077
7103
6981
7124
7175
7162
7163
7404
7002
7055
7110
7221
7030
7069
7280
7339
7256
7193
7164
7081
7094
7281
7200
7016
7035
7133
7117
7114
6971
6985
7195
7067
7228
7271
7416
7263
7217
7103
6874
7034
7206
7027
7003
7227
7153
7196
7296
6955
6997
7274
7080
7098
7073
6984
7038
7185
7188
7039
7088
6994
7032
6933
7085
6991
7093
7096
7031
7033
7021
6993
6948
6890
7099
7063
6869
6955
6943
6917
7016
6974
6944
6958
7148
7084
6994
7002
6928
7050
6934
7058
7038
7006
7081
7024
7054
7128
7157
7354
7378
7485
7492
7423
7081
7071
7132
7137
7010
7109
7284
7060
7071
6933
7257
7285
7488
7849
8284
8495
8240
7550
7232
6958
7119
6959
6961
7105
7126
6977
7014
7165
7321
7343
7323
7581
7519
7607
7873
7607
7581
7334
7271
7336
7150
7165
7072
7139
7186
7152
7222
7131
7154
7107
7137
7564
7682
7878
7919
7683
7451
7098
7291
7268
7244
7216
7193
7250
7158
7020
6999
7158
7190
7196
7327
7320
7415
7153
7172
7061
7096
7027
7224
7108
7136
7154
7074
7222
6979
7126
7142
7181
7219
7337
7486
7318
7363
7241
7063
7271
7348
7559
7944
8056
8182
7866
7673
7487
8277
8726
10659
13080
16228
17777
16435
13193
10234
8228
7331
7149
7166
7450
7413
7415
7379
7249
7216
7131
7193
7104
6965
7001
7127
7349
7091
7078
7226
7051
7286
7152
7198
7132
7122
7442
7598
8043
8197
8636
8983
9146
8916
8249
7798
7316
7007
6855
6975
6866
6815
7063
7309
7119
7333
7250
7373
7384
7481
7678
8570
11417
16113
22224
27763
29198
26525
21453
15299
11018
8857
8000
7744
7662
7562
7590
7658
7712
7582
7640
7664
7510
7567
7384
7518
7705
7601
7529
7574
7460
7487
7494
7455
7668
7447
7681
7727
7471
7593
7525
7629
7626
7553
7629
7821
7872
7867
7887
7677
7531
7561
7422
7606
7632
7782
7703
7573
7540
7550
7584
7538
7569
7488
7647
7681
7737
7627
7529
7587
7410
7504
7505
7445
7557
7714
7603
7437
7533
7612
7678
7741
7713
7834
7715
7666
7624
7617
7562
7698
7523
7651
7637
7420
7458
7410
7635
7584
7715
7680
7895
8595
9768
11281
12700
13334
13192
12378
10761
9277
8297
7939
7699
7797
7910
7669
7581
7840
7779
7805
7817
7687
8174
8849
9574
9815
9581
8767
8388
8007
7545
7686
7389
7841
7657
7643
7653
7505
7513
7543
7565
7580
7736
7535
7469
7595
7318
7362
7501
7414
7561
7710
7489
7482
7633
7497
7779
7912
7938
7806
7901
7665
7698
7656
7582
7511
7609
7612
7617
7498
7613
7828
7697
7664
7770
7831
7840
7826
7678
7658
7800
7760
7906
7943
7889
7856
7815
7903
7613
7796
7633
7609
7628
7521
7633
7582
7618
7534
7607
7887
7743
7691
7710
7888
7853
7848
7972
8214
8025
8016
8115
8097
7964
8209
8227
8188
8056
7956
7764
7683
7917
7923
7948
7918
7898
7723
7703
7728
7735
7663
7569
7682
7715
7746
7621
7711
7677
7716
7542
7897
7915
7868
7763
7879
7799
7920
7705
7839
7881
7904
8019
7819
7868
7929
7850
7832
7678
8060
7733
7851
7896
8106
8178
8720
8643
8676
8632
8492
8271
7985
7922
7777
7904
7859
7973
7800
8053
7927
7878
7905
8096
8138
8150
8138
8142
7915
8033
8235
8258
8372
8381
8283
8105
8157
8040
8022
8048
8144
8179
8656
9217
10589
12246
13673
13957
13061
11319
9544
8500
7969
8137
8108
8157
8293
8248
8196
8277
8138
8182
8144
8033
7983
7850
8040
7929
7969
7974
8007
7996
7931
8033
7863
8068
8012
8015
8002
7923
8049
8005
7925
7951
8049
7941
8022
8124
8120
8281
8208
8267
8258
8111
8109
8058
8108
8280
8028
8192
8041
8159
7997
8113
8165
7961
8171
8023
8148
8102
8030
8081
8081
8058
8092
8137
8021
8118
8244
8066
8320
8068
8054
8142
8066
8205
8144
8230
8247
8287
8245
8401
8372
8206
8435
7997
8212
8254
8406
8311
8356
8433
8441
8283
8237
8288
8198
8260
8210
8322
8171
8164
8205
8393
8280
8542
8275
8418
8364
8314
8207
8303
8343
8324
8260
8442
8328
8382
8244
8217
8371
8146
8369
8091
8237
8288
8159
8407
8357
8321
8386
8360
8309
8471
8296
8159
8399
8326
8322
8267
8344
8247
8404
8444
8747
8977
8878
8841
8878
8401
8219
8280
8392
8318
8388
8451
8412
8573
8518
8431
8564
8485
8352
8334
8498
8366
8501
8346
8408
8464
8412
8568
8469
8644
8364
8599
8545
8720
8544
8402
8375
8552
8519
8466
8275
8532
8574
8664
8807
8726
8776
8649
8822
8542
8404
8445
8617
8522
8415
8389
8455
8435
8553
8603
8560
8494
8465
8450
8655
8498
8407
8546
8459
8538
8686
8767
8592
8504
8510
8721
8785
8543
8453
8634
8394
8665
8639
8575
8557
8615
8677
8553
8720
8698
8660
8709
8665
8676
8824
8713
8550
8640
8571
8629
8749
8506
8748
8558
8648
8598
8641
8764
8768
8657
8420
8664
8646
8678
8685
8662
8619
8643
8644
8572
8460
8493
8414
8536
8709
8505
8568
8517
8653
8633
8618
8533
8379
8482
8767
8544
8522
8603
8700
8527
8636
8531
8645
8457
8536
8612
8509
8391
8637
8552
8516
8437
8492
8621
8508
8478
8616
8541
8537
8613
8552
8601
8549
8748
8866
8755
8971
8690
8720
8526
8608
8430
8416
8569
8235
8428
8448
8572
8459
8569
8519
8639
8490
8569
8688
8566
8675
8864
8999
9006
9200
8964
8814
8980
8789
8665
8835
8585
8593
8543
8489
8674
8769
8454
8535
8436
8549
8573
8582
8739
8781
8812
9137
9459
9486
9623
9232
9144
8846
8700
8632
8582
8690
8569
8595
8749
8756
8861
8837
9203
9439
10412
11396
12170
12373
12158
11094
10078
9437
9007
8885
8870
9046
8970
9114
9173
9079
8975
9022
9136
9019
9131
9132
9125
9001
9246
8942
8986
9074
9120
8886
9005
8993
9073
9303
9972
10604
11184
11513
11147
10741
9919
9285
8948
8885
8872
8861
8918
9171
9154
8939
9165
9026
8876
9004
8928
9015
9187
9062
9048
9015
8973
9158
8777
9058
9129
9105
8959
8923
9097
9090
8979
9098
9186
9101
9150
9181
9120
9212
9066
8950
9169
9025
8915
9042
8951
9176
8885
8948
9040
9138
9115
9156
9212
8825
9170
8993
9250
9175
9218
9207
9207
9067
9316
9310
9382
9337
9708
9499
9902
10247
10319
10285
10136
10097
9859
9467
9527
9497
9575
9470
9277
9462
9311
9314
9358
9503
9477
9396
9504
9232
9456
9328
9330
9456
9394
9365
9428
9325
9679
9769
10073
10256
10442
10275
9778
9922
9545
9703
9403
9497
9523
9526
9523
9658
9777
9911
9944
10220
10722
11330
13228
16118
21112
26992
33944
39364
42375
41686
36768
29999
23342
17300
13903
11809
11052
10450
10201
9993
10028
9964
10121
9976
10289
10435
10849
11735
12556
13234
13754
13551
12671
11843
10686
10240
10156
9877
10168
10155
10142
10136
9988
10094
10209
9948
9896
9980
9980
10067
10103
9981
9904
9961
10210
10050
10069
10212
10084
10188
10099
10206
9938
9924
10164
10208
10021
10264
10369
10014
9961
9991
9974
9978
10079
10086
10339
10177
10142
10166
10240
10090
10189
10289
10106
10272
10328
10217
10371
10518
10487
10431
10532
10487
10253
10163
10193
10171
10238
10265
10265
10408
10298
10348
10310
10310
10288
10371
10304
10473
10502
10559
10818
10937
11753
13138
14886
16547
17665
17510
16004
14175
12382
11302
10767
10368
10507
10456
10576
10549
10578
10738
10644
10773
10632
10563
10825
10838
10703
10613
10698
10718
10963
10852
10815
10833
10724
10726
10701
10774
10821
10741
10768
10828
10872
10630
10740
10779
10761
10727
10837
10670
10853
10881
10856
10916
10995
11075
10960
11025
10793
10924
10895
10985
11049
11125
11151
11149
10850
11043
10891
11022
11142
11135
11024
11155
11046
11158
11195
11092
11011
11088
11225
11145
11236
11254
11260
11406
11275
11302
11465
11507
11356
11259
11339
10944
11319
11371
11313
11238
11255
11577
11495
11583
11670
11711
11686
11582
11732
11664
11804
11565
11757
11732
11958
11808
11856
11837
11510
11545
11716
11936
12054
11715
11737
11807
11712
11917
11834
11958
12015
12048
12019
12019
12237
12348
12075
12152
12065
12145
12254
11939
12215
12237
12200
12090
12322
12192
12221
12342
12389
12576
12648
12852
12851
13108
13232
13163
12776
12732
12656
12508
12456
12465
12407
12645
12466
12712
12472
12522
12561
12514
12759
12728
12805
12743
12730
12938
13190
13691
13925
14401
15099
14990
14824
14408
13995
13433
13195
13058
13110
12877
13116
13260
13113
13100
13043
12990
13277
13160
13177
13447
13454
13378
13348
13336
13308
13245
13542
13601
13391
13497
13576
13469
13488
13441
13530
13588
13773
13851
13718
13801
13877
14090
13954
13993
13911
13710
13697
13917
14074
13965
13976
14035
13805
14112
13978
13918
14020
13920
14233
13971
14272
14000
14128
14075
14070
14072
14368
14320
14415
14096
14489
14326
14421
14524
14475
14568
14569
14470
14273
14615
14480
14694
14535
14894
14475
14694
14889
14899
15042
14919
14627
15098
15265
15729
15977
16189
16646
16707
16364
16084
15685
15403
15321
15243
15266
15342
16108
16791
17720
18503
19254
19536
18592
17775
16534
16085
15817
15663
16113
16158
16504
16781
17780
17991
18487
18053
17669
16566
16682
16166
16101
16236
16076
16496
16238
16343
16331
16642
16339
16172
15932
16220
15861
16318
16131
16251
16185
16231
16256
16278
16287
16294
16354
16063
16183
16325
16367
16268
16483
16376
16506
16189
16176
16533
16454
16252
16072
15995
16195
16029
15891
16216
16077
15705
15552
15566
15266
15135
14906
14705
14538
14061
14060
13733
13481
13385
13293
13008
13142
12874
13092
12841
12690
12749
12634
12334
12490
11977
12037
11942
11811
11764
11962
11533
11882
11831
11632
11745
11743
11451
11613
11327
11054
11365
11106
11458
11061
11391
11312
11203
11258
11058
10739
10912
10951
10965
10859
10820
10893
10772
10705
10620
10649
10789
10665
10578
10690
10567
10434
10351
10488
10424
10447
10327
10415
10455
10358
10436
10232
10358
10170
9971
10104
9894
10219
10187
10173
10199
9971
9747
9875
9803
9780
9536
9636
9655
9579
9553
9553
9526
9530
9380
9415
9324
9186
9262
9045
9091
9034
8937
9182
8883
8968
8834
8827
8823
8856
8837
8600
8720
8648
8630
8538
8393
8477
8420
8435
8440
8311
8427
8479
8314
8480
8308
8177
8179
8158
8128
8106
7898
8132
8036
8056
8212
7960
7869
7799
7676
7607
7507
7363
7456
7370
7215
7199
7202
7103
7325
7092
7091
7028
6916
6928
6892
6777
6797
6842
6657
7024
6892
7172
7480
7672
7942
7835
7578
7220
6926
6489
6487
6242
6138
6004
5991
5972
5939
5885
5706
5788
5606
5629
5660
5584
5611
5441
5635
5426
5606
5515
5604
5559
5473
5595
5578
5485
5436
5403
5558
5667
5688
5519
5728
5590
5654
5661
5587
5724
5593
5528
5834
5695
5658
5663
5647
5719
5698
5787
5780
5786
5940
5997
6173
6136
6209
6248
5952
5955
5684
5815
5632
5655
5645
5672
5518
5759
5551
5734
5695
5815
5653
5708
5637
5538
5448
5548
5367
5438
5468
5421
5401
5323
5271
5287
5262
5302
5335
5242
5112
5395
5245
5396
5282
5234
5387
5372
5276
5255
5270
5209
5126
5136
5209
5044
5001
5163
4809
4971
4942
5056
5152
5192
5131
5049
5156
5003
5056
5003
5001
4937
5060
5098
5036
4939
4969
5019
4983
4930
4728
4917
4859
4927
4906
4818
4955
4866
4981
4876
4984
5093
5048
4882
4850
4805
4763
4856
4806
4866
4830
4721
4856
4766
4717
4691
4833
4840
4903
4756
4715
4713
4897
4729
4836
4672
4965
4914
5132
5194
5257
4974
4984
4873
4894
4963
4791
4907
4798
4731
4767
4839
4751
4770
4811
4797
4790
4907
4864
4882
4799
4875
4913
5015
5080
5101
5312
5618
5896
6242
6642
7405
8801
11570
18460
34243
65908
120228
200971
301435
405620
489992
527202
493846
396570
265427
149004
69787
27305
9962
4013
2399
2027
1968
1843
1950
1912
1852
1952
1915
1843
1816
1788
1870
1888
1792
1678
1845
1823
1780
1932
1823
1784
1791
1789
1891
1785
1759
1683
1679
1658
1686
1647
1651
1639
1581
1602
1601
1597
1565
1577
1634
1568
1567
1669
1613
1660
1650
1637
1543
1600
1529
1587
1599
1572
1620
1584
1531
1535
1531
1595
1577
1520
1580
1602
1566
1540
1612
1645
1615
1750
1712
1610
1616
1655
1597
1620
1587
1461
1544
1558
1625
1485
1579
1529
1609
1545
1606
1677
1746
1705
1709
1757
1628
1572
1565
1477
1541
1616
1611
1704
1655
1620
1641
1618
1679
1515
1508
1507
1468
1456
1523
1473
1503
1449
1436
1471
1496
1499
1485
1448
1452
1514
1460
1463
1496
1466
1484
1450
1414
1497
1560
1468
1586
1538
1700
1597
1683
1723
1686
1741
1812
1687
1611
1506
1456
1479
1541
1494
1415
1466
1446
1447
1470
1373
1471
1537
1519
1542
1490
1523
1536
1470
1505
1519
1496
1486
1488
1411
1489
1461
1413
1447
1481
1454
1466
1476
1413
1398
1460
1452
1477
1361
1493
1455
1457
1484
1452
1421
1492
1407
1530
1546
1649
1654
1747
1759
1831
1819
1695
1655
1531
1506
1542
1540
1523
1541
1496
1581
1521
1466
1430
1507
1525
1383
1425
1405
1385
1467
1435
1426
1493
1484
1410
1427
1459
1511
1484
1452
1543
1489
1465
1505
1489
1455
1443
1445
1370
1439
1503
1467
1677
1865
2392
3212
4404
5954
7700
9508
10434
10598
9516
7491
5129
3279
2296
1685
1440
1366
1430
1383
1417
1417
1386
1433
1430
1480
1447
1440
1386
1396
1359
1413
1288
1354
1350
1346
1323
1369
1312
1332
1384
1331
1366
1290
1325
1389
1343
1271
1373
1387
1366
1375
1374
1378
1446
1412
1356
1418
1286
1295
1408
1336
1381
1402
1397
1469
1364
1421
1533
1591
1743
1717
1892
1822
1893
1809
1732
1602
1524
1530
1437
1481
1477
1517
1548
1522
1557
1488
1442
1376
1504
1427
1447
1420
1505
1397
1419
1429
1340
1379
1384
1272
1395
1363
1398
1363
1366
1279
1430
1421
1342
1373
1355
1335
1314
1313
1379
1406
1377
1408
1393
1356
1412
1362
1425
1391
1419
1406
1328
1324
1352
1407
1362
1323
1393
1339
1325
1316
1331
1415
1302
1305
1378
1348
1327
1329
1358
1334
1354
1346
1391
1365
1468
1497
1542
1481
1644
1582
1660
1547
1451
1353
1385
1310
1314
1307
1317
1319
1313
1312
1311
1380
1372
1316
1266
1370
1255
1332
1366
1302
1340
1393
1415
1397
1321
1436
1459
1577
1641
1752
1856
1927
1858
1754
1670
1500
1430
1386
1333
1316
1294
1335
1347
1388
1294
1314
1245
1356
1317
1311
1361
1319
1354
1304
1339
1408
1380
1442
1355
1438
1376
1372
1444
1411
1349
1317
1387
1343
1420
1418
1404
1595
1617
1771
1809
1779
1867
1881
1807
1883
1846
1909
1764
1704
1623
1480
1445
1407
1397
1503
1469
1478
1467
1482
1468
1439
1489
1380
1414
1310
1304
1321
1313
1262
1284
1349
1299
1333
1329
1299
1330
1304
1302
1352
1358
1323
1269
1348
1356
1320
1370
1401
1444
1384
1410
1371
1341
1321
1390
1421
1373
1378
1352
1433
1373
1322
1289
1262
1286
1315
1266
1362
1352
1329
1270
1327
1306
1332
1327
1239
1341
1335
1344
1285
1286
1280
1275
1360
1317
1300
1388
1255
1262
1344
1248
1292
1366
1309
1335
1254
1394
1317
1372
1398
1339
1369
1473
1336
1375
1334
1278
1342
1291
1288
1263
1317
1342
1220
1297
1280
1260
1328
1347
1407
1340
1517
1456
1559
1505
1364
1341
1326
1346
1351
1232
1265
1268
1292
1235
1284
1278
1297
1325
1315
1299
1268
1320
1311
1313
1324
1307
1309
1319
1258
1303
1340
1292
1333
1265
1226
1322
1339
1295
1312
1339
1285
1376
1286
1324
1320
1259
1345
1282
1336
1306
1307
1314
1256
1313
1364
1297
1358
1330
1400
1316
1364
1301
1268
1255
1271
1174
1272
1236
1289
1245
1199
1277
1200
1240
1237
1211
1271
1218
1294
1312
1379
1289
1270
1290
1312
1243
1320
1184
1201
1275
1220
1252
1314
1253
1281
1299
1304
1315
1291
1289
1277
1295
1317
1295
1318
1347
1385
1408
1416
1399
1419
1395
1397
1343
1415
1387
1437
1390
1361
1421
1479
1402
1411
1365
1360
1309
1353
1428
1395
1398
1344
1355
1332
1301
1264
1297
1329
1329
1357
1309
1413
1514
1457
1552
1451
1436
1435
1398
1376
1396
1383
1413
1439
1397
1369
1517
1377
1309
1233
1265
1259
1304
1179
1216
1272
1250
1271
1179
1316
1284
1324
1329
1335
1276
1315
1408
1415
1387
1359
1300
1322
1326
1351
1315
1293
1319
1286
1324
1336
1293
1453
1464
1570
1663
1821
1839
1880
1967
1937
1862
1707
1610
1390
1314
1286
1215
1275
1290
1282
1245
1229
1278
1352
1442
1498
1540
1528
1643
1654
1565
1404
1365
1290
1228
1275
1240
1263
1259
1233
1174
1240
1227
1166
1221
1204
1243
1223
1230
1255
1247
1245
1283
1213
1275
1202
1239
1239
1227
1123
1253
1193
1159
1196
1222
1222
1152
1246
1185
1199
1189
1226
1234
1328
1411
1579
1839
2076
2154
2297
2382
2283
2173
1937
1795
1612
1440
1314
1293
1211
1243
1172
1211
1163
1187
1240
1177
1147
1185
1185
1162
1147
1234
1116
1116
1265
1190
1121
1197
1194
1141
1123
1170
1144
1147
1153
1191
1117
1215
1182
1150
1209
1188
1226
1185
1213
1189
1220
1170
1109
1190
1188
1140
1186
1170
1145
1142
1150
1158
1099
1160
1134
1111
1146
1127
1204
1173
1174
1189
1132
1211
1217
1219
1219
1253
1308
1222
1252
1256
1276
1227
1273
1237
1287
1227
1174
1173
1192
1204
1207
1281
1270
1215
1236
1220
1252
1211
1252
1220
1112
1149
1117
1141
1173
1171
1157
1189
1175
1224
1285
1332
1278
1273
1254
1268
1312
1306
1122
1241
1173
1138
1166
1144
1270
1310
1392
1272
1323
1299
1355
1330
1390
1339
1317
1377
1433
1290
1291
1294
1314
1190
1217
1127
1263
1221
1182
1164
1195
1213
1309
1240
1263
1270
1311
1296
1258
1132
1140
1128
1093
1049
1110
1122
1140
1136
1101
1148
1159
1283
1294
1306
1246
1298
1316
1323
1288
1333
1448
1522
1587
1744
1811
1774
1836
1731
1657
1561
1473
1356
1309
1292
1276
1214
1227
1180
1156
1266
1222
1270
1273
1304
1216
1169
1255
1250
1161
1222
1150
1135
1108
1143
1141
1098
1109
1072
1105
1082
1122
1119
1117
1147
1124
1190
1123
1114
1081
1181
1111
1157
1128
1182
1198
1191
1165
1127
1172
1179
1150
1165
1179
1178
1176
1124
1085
1141
1190
1220
1136
1144
1119
1124
1131
1186
1161
1107
1036
1084
1095
1115
1102
1088
1093
1116
1047
1148
1080
1065
1137
1156
1126
1038
1107
1162
1174
1154
1126
1141
1161
1246
1225
1202
1192
1177
1300
1368
1477
1686
2152
2494
2918
3316
3575
3832
3766
3412
2964
2292
1751
1499
1272
1140
1079
1048
1047
1093
1129
1138
1104
1058
1138
1166
1203
1093
1066
1115
1135
1088
1138
1107
1097
1125
1093
1056
1086
1100
1168
1193
1151
1253
1297
1251
1253
1233
1232
1281
1245
1256
1301
1276
1338
1409
1393
1414
1359
1185
1219
1132
1180
1155
1093
1046
1147
1165
1086
1138
1173
1153
1119
1149
1200
1222
1183
1203
1292
1222
1234
1232
1211
1201
1133
1115
1061
1064
1110
1062
1067
1103
1015
1010
1016
1028
1035
1067
1151
1089
1109
1076
1075
1149
1048
1079
1063
1106
1118
1154
1169
1122
1101
1163
1083
1109
1086
1103
1011
1122
1036
1115
1192
1158
1082
1111
1065
1083
1044
997
1012
1078
1023
1079
1105
1065
977
1054
1141
1106
1088
1012
1157
1148
1151
1126
1242
1207
1184
1219
1147
1140
1168
1103
1161
1203
1160
1172
1151
1137
1210
1313
1391
1543
1511
1662
1686
1712
1683
1582
1601
1409
1365
1369
1286
1301
1304
1283
1273
1248
1195
1148
1088
1071
996
1073
1012
1076
1041
1028
975
991
1008
974
1009
998
977
1037
1015
1065
1041
1025
1030
1067
1107
1059
1105
1079
1054
1147
1134
1149
1119
1047
1129
1058
1127
1097
1177
1177
1234
1341
1463
1373
1436
1311
1273
1212
1069
1048
1060
989
957
952
1048
956
1061
1023
1062
1011
1038
1044
1014
976
1041
1022
1016
1051
1013
1003
986
1029
1042
1053
1001
969
942
995
1021
1005
1052
955
1058
965
989
1043
945
1011
955
928
1001
997
1004
920
1008
982
988
979
1000
1063
1042
997
1044
1040
1031
1046
1068
1081
1112
1150
1172
1220
1146
1094
1063
1037
1028
979
955
993
989
977
986
1047
1027
998
996
1093
1014
1073
1115
1139
1081
1071
1057
1042
975
1024
972
952
986
938
931
1000
942
958
959
998
940
942
942
995
906
977
891
939
955
964
1030
954
980
980
943
925
1002
936
943
964
945
977
963
943
960
903
910
934
908
890
908
975
897
961
911
992
902
973
1004
1029
995
926
1006
969
999
987
997
977
970
961
952
905
932
956
959
981
879
1016
947
986
968
995
1002
1041
1080
1101
1137
1092
1170
1177
1321
1187
1207
1258
1264
1247
1216
1194
1253
1176
1179
1120
1103
1016
1078
1007
1002
948
927
1013
976
958
952
987
1061
1029
1053
1101
1098
1109
1117
1095
1096
1080
993
1045
992
952
992
962
951
959
971
1023
960
1043
1014
1029
1047
1001
1037
1074
1020
1015
966
958
948
966
910
994
884
969
918
958
893
976
1025
913
970
981
999
1070
1033
1047
1044
1032
1090
1176
1182
1395
1589
1950
2364
2904
3327
3837
4257
4431
4454
3984
3216
2491
1860
1413
1219
1059
1044
1001
1031
938
895
882
907
911
892
927
907
854
955
890
948
883
967
952
946
964
974
995
1035
1001
1024
980
931
940
970
863
918
893
968
936
878
834
869
885
929
905
913
925
893
872
972
934
920
943
867
926
957
864
945
882
944
902
910
947
923
994
1019
998
1015
1075
1123
1187
1201
1256
1184
1248
1112
1148
1068
1024
890
938
940
986
918
930
910
876
919
927
913
923
924
930
903
918
889
907
952
920
848
885
906
876
856
948
957
925
891
884
999
958
939
971
957
984
986
945
939
893
858
942
825
907
917
943
901
922
899
966
897
915
914
946
981
914
931
960
887
909
835
884
896
874
898
934
852
884
871
858
879
933
885
883
898
922
848
864
813
903
864
858
859
893
853
863
852
859
811
884
864
924
908
898
908
902
889
956
962
948
935
962
967
940
949
929
949
896
1003
934
953
871
909
889
926
1022
894
927
917
907
992
927
917
907
860
840
928
924
943
872
853
848
877
906
846
898
924
934
935
939
970
973
950
937
915
925
867
870
788
826
837
782
873
892
885
984
989
1107
1275
1293
1464
1526
1582
1584
1498
1429
1320
1188
1074
1034
895
873
936
872
801
804
824
837
911
839
864
886
862
891
858
946
837
836
812
869
935
864
882
815
843
880
845
898
853
860
878
846
869
892
952
880
902
923
972
972
907
991
923
906
905
850
867
827
892
873
957
943
890
896
913
969
1010
934
1013
1036
1117
1135
1170
1177
1198
1190
1158
1076
1007
867
933
903
888
788
807
852
848
822
818
835
791
882
824
774
860
829
877
852
838
877
912
866
868
856
907
803
925
889
1028
1025
1067
1085
1126
1162
1217
1118
1063
1059
924
918
825
841
788
816
809
773
823
809
803
817
799
784
797
867
832
842
842
836
821
857
864
814
819
787
839
776
782
797
755
763
769
757
790
796
818
838
944
885
953
931
963
995
932
962
943
871
817
813
836
815
844
742
799
776
831
800
778
788
826
826
777
779
799
764
794
815
809
822
819
881
892
904
930
1002
1008
986
989
964
961
978
945
831
857
789
765
788
768
769
792
843
761
748
755
861
835
785
822
820
839
820
844
901
888
868
819
827
822
781
795
796
764
804
803
795
810
773
757
760
811
718
775
791
755
804
752
755
758
764
758
801
734
792
814
816
774
739
778
751
756
770
791
765
835
838
943
868
1004
1099
1171
1135
1177
1176
1262
1226
1375
1432
1600
1849
2244
2538
2779
2975
3187
3036
2887
2247
1907
1480
1176
935
958
799
840
828
791
796
786
769
731
775
697
727
737
770
763
742
758
737
738
773
791
714
746
737
772
812
794
810
846
783
803
805
791
736
756
751
801
736
759
737
780
744
732
698
760
753
734
681
719
715
684
755
699
702
738
667
667
688
671
763
735
734
708
759
780
752
763
831
746
837
818
850
853
855
872
894
865
871
827
863
800
769
767
773
760
760
696
747
760
742
770
824
733
788
801
736
726
740
757
725
703
712
780
786
760
730
730
801
802
740
773
743
757
792
782
719
757
748
691
712
676
692
766
718
739
769
720
796
804
796
773
796
782
762
716
730
728
771
717
732
749
715
699
702
725
744
767
713
755
769
732
766
746
696
707
719
726
719
658
668
709
679
683
700
714
716
702
665
735
724
742
709
760
717
719
796
734
735
700
744
710
700
723
681
709
735
717
789
787
743
799
841
819
836
829
863
818
804
777
716
758
750
709
739
738
753
668
709
711
694
716
779
757
772
910
1031
1023
1098
1190
1275
1316
1308
1425
1363
1362
1308
1354
1435
1507
1660
1760
1712
1632
1581
1400
1146
1028
867
795
786
723
712
686
703
700
696
744
692
663
657
692
680
650
660
700
709
693
662
741
745
772
748
807
816
819
876
873
862
949
881
947
895
881
857
796
830
781
774
744
647
656
674
658
669
695
686
741
755
705
744
812
828
863
893
954
971
1011
955
999
914
860
805
758
727
708
704
690
718
711
684
709
717
714
724
707
771
710
702
699
689
699
690
692
681
694
664
680
653
678
673
718
691
712
739
774
786
737
766
769
765
718
707
710
685
703
661
705
634
661
633
724
682
707
684
707
710
671
738
689
714
704
706
680
678
654
703
689
700
677
694
645
647
704
680
662
709
680
715
691
685
753
732
756
718
733
691
706
731
702
696
679
639
662
689
681
684
768
723
740
725
744
770
785
777
766
797
736
731
729
725
720
721
711
680
685
667
671
667
721
672
712
658
665
660
693
685
705
668
650
665
679
643
677
702
722
699
673
682
691
642
719
698
714
679
681
693
664
661
685
683
681
668
719
683
730
742
769
718
777
776
783
809
770
755
795
706
751
773
709
715
676
660
633
628
648
637
701
678
669
648
659
679
691
704
740
720
699
721
732
743
667
762
794
822
861
870
864
893
905
902
948
993
975
1016
959
983
945
907
911
940
917
907
953
938
910
853
881
798
736
746
717
712
685
723
728
717
691
706
730
688
710
743
742
743
743
683
731
699
741
662
721
692
726
720
730
772
826
763
709
687
735
713
692
735
742
719
712
685
697
689
721
712
662
660
695
696
655
672
725
684
688
729
676
730
764
763
765
753
796
768
817
784
778
762
711
726
718
729
716
732
711
680
759
741
751
748
776
793
881
896
911
958
1039
967
992
976
966
1012
1010
1075
968
950
1021
959
996
983
1040
1023
1162
1158
1195
1160
1182
1202
1119
1130
1105
1073
1015
989
911
821
833
791
823
792
801
781
794
796
735
748
711
720
749
691
752
747
700
680
733
721
770
709
728
715
727
709
704
732
760
770
772
764
747
725
736
746
721
741
733
743
785
801
790
784
820
909
871
789
862
850
806
843
795
780
817
761
769
797
738
751
759
753
787
795
712
797
763
728
722
737
749
723
730
706
717
744
712
739
708
705
751
794
740
778
765
766
853
788
790
858
794
785
810
789
758
736
696
727
739
688
712
724
724
714
753
749
790
789
856
812
875
883
877
915
927
935
903
901
927
875
875
845
770
744
836
709
720
745
718
715
760
734
687
769
775
784
776
743
804
827
782
767
774
820
833
741
732
763
751
757
735
735
748
699
746
760
750
731
742
749
774
766
789
787
746
797
740
760
753
747
674
730
693
724
685
712
704
687
692
724
711
711
755
727
721
666
721
738
752
683
735
718
705
704
743
757
775
739
750
659
681
717
754
747
734
742
767
773
751
752
739
752
722
729
763
725
749
711
710
731
785
740
724
719
776
727
716
689
683
693
682
717
678
671
688
754
719
731
726
762
781
738
796
725
789
726
747
750
728
742
748
768
783
746
773
765
775
808
768
730
791
755
734
766
705
716
686
714
694
688
695
725
709
727
707
729
753
709
767
751
760
706
665
701
729
709
712
709
737
710
752
699
716
759
775
742
745
746
759
752
723
750
747
770
742
781
726
738
723
736
742
783
733
692
748
681
722
712
699
669
680
742
737
747
757
740
803
771
790
777
791
786
789
813
843
855
782
857
856
920
942
884
944
882
863
818
821
799
765
799
719
793
748
810
759
762
728
771
736
693
788
770
797
732
741
762
750
763
788
710
762
724
773
694
732
764
788
750
739
718
728
746
819
779
748
768
741
728
744
762
805
769
798
768
724
746
757
741
731
730
706
734
753
731
752
731
763
706
742
727
729
780
843
737
720
723
746
728
734
763
761
746
752
677
724
759
760
735
775
737
742
716
744
716
751
776
730
757
759
760
802
757
702
799
729
776
784
789
792
776
806
751
759
802
738
728
734
747
776
736
759
720
743
786
717
757
756
755
766
744
781
891
920
932
980
1113
1163
1214
1273
1362
1356
1323
1264
1138
1033
970
859
785
782
789
823
771
773
734
786
723
755
739
757
759
773
748
773
768
779
754
767
659
717
774
707
746
757
773
767
782
769
846
825
781
891
892
915
903
904
909
857
876
958
887
856
864
866
822
774
752
761
751
742
795
733
826
794
851
871
830
838
889
852
884
833
831
781
780
784
753
713
711
723
740
735
721
725
750
722
770
811
806
840
800
845
904
873
863
917
863
854
885
787
765
761
748
736
765
759
735
712
676
727
739
692
692
723
684
708
688
692
717
748
738
748
693
717
799
727
731
751
762
819
800
802
775
789
806
804
772
770
722
797
785
723
670
727
665
726
694
673
695
698
679
672
737
703
671
656
722
687
661
719
721
687
682
741
707
703
730
690
705
710
698
740
719
689
730
671
661
676
677
667
699
715
680
688
696
760
692
683
682
654
731
682
693
696
651
684
722
717
662
671
716
725
729
678
637
687
704
704
695
711
664
675
686
782
667
692
673
654
672
723
748
773
805
911
884
951
1020
1092
1084
1139
1165
1131
1185
1167
1148
1101
1109
1041
923
886
828
781
809
763
750
747
750
721
723
675
781
717
722
738
683
692
736
738
723
675
728
783
816
720
754
744
695
756
688
731
680
731
776
719
694
717
680
782
738
769
761
729
740
762
717
821
890
971
1023
1107
1281
1372
1494
1520
1519
1599
1546
1544
1622
1647
1590
1592
1429
1377
1252
1144
1078
997
994
1039
945
1049
920
948
897
842
765
774
780
769
786
804
843
793
852
816
961
920
962
1022
1027
1190
1289
1313
1290
1274
1324
1313
1303
1325
1294
1322
1283
1270
1132
1204
1286
1334
1394
1450
1597
1654
1785
1708
1665
1605
1615
1557
1532
1460
1423
1278
1184
1158
1037
929
919
907
856
815
817
820
850
785
789
801
774
788
789
783
763
745
774
735
766
756
760
753
800
756
774
812
760
794
882
876
835
842
825
845
816
821
845
840
844
874
837
885
826
843
807
836
810
811
809
848
878
811
758
795
751
796
786
769
771
798
777
741
747
743
794
728
815
727
771
750
818
741
770
806
745
766
811
785
776
759
742
779
751
807
830
821
798
745
828
811
807
762
798
763
740
804
721
836
807
799
778
814
831
795
827
924
938
989
1147
1113
1184
1206
1330
1349
1303
1278
1260
1230
1132
1026
976
956
919
848
776
772
757
789
808
758
759
828
766
800
799
725
745
802
800
776
802
815
783
808
855
762
827
790
835
828
827
866
903
818
883
885
912
962
924
939
904
928
925
862
860
866
856
823
819
808
802
818
790
765
755
801
797
821
804
850
781
771
810
810
753
838
860
812
793
841
886
809
820
816
881
831
829
780
820
785
778
839
796
833
833
808
817
760
785
746
799
791
786
816
782
752
785
821
747
793
786
802
795
796
788
783
733
715
779
806
748
787
756
719
824
838
805
816
766
840
845
780
785
827
875
838
845
816
808
797
823
797
821
877
824
834
830
812
839
867
820
813
793
762
786
817
795
831
763
747
790
789
744
768
743
801
750
815
775
834
764
840
814
859
767
825
757
807
866
787
766
852
854
836
809
813
789
805
824
798
763
801
817
795
817
810
802
815
796
805
824
818
777
819
794
770
775
742
810
779
843
860
841
857
876
881
879
856
854
817
887
838
842
811
816
768
803
772
796
835
802
804
793
758
735
749
821
750
762
812
764
843
798
872
758
794
782
814
834
798
834
831
809
878
838
807
862
853
818
784
801
828
800
842
795
793
795
765
750
785
880
858
845
860
854
776
888
832
806
832
853
811
792
799
814
807
790
766
800
791
702
794
791
762
839
866
847
799
854
877
870
887
881
945
892
914
913
916
890
840
824
810
843
808
773
839
812
741
745
735
745
818
739
761
775
767
783
750
788
764
788
782
780
796
802
788
787
800
838
784
757
777
796
739
785
751
738
770
768
764
787
746
769
794
731
776
769
774
785
743
806
749
788
760
817
826
802
864
870
843
848
859
864
852
852
838
892
858
801
806
829
822
748
781
751
788
776
795
766
758
766
765
807
782
789
771
725
714
823
710
758
770
830
830
804
866
944
995
914
997
992
995
1109
1056
1086
1081
1054
1057
985
963
891
893
806
747
808
746
735
759
729
746
705
749
709
733
721
772
732
721
672
698
679
678
684
719
714
731
718
684
700
714
750
733
744
763
815
894
853
844
953
923
895
928
880
932
887
837
866
869
741
776
745
669
739
688
655
648
659
647
639
610
678
706
713
664
656
656
618
709
627
687
670
728
700
747
739
762
768
827
824
792
857
880
802
829
753
740
757
732
707
637
613
705
645
636
602
634
646
659
606
613
677
640
591
620
619
626
643
639
679
618
578
608
627
658
615
640
595
610
630
659
632
637
650
590
677
632
638
627
662
686
614
668
665
635
667
650
620
645
643
656
625
679
624
602
646
649
657
605
649
628
606
670
610
634
652
637
621
638
618
653
702
631
642
700
672
657
704
782
866
826
957
950
1097
1185
1294
1324
1436
1501
1637
1545
1496
1461
1224
1156
967
844
765
670
679
620
594
678
693
631
673
669
697
742
720
657
646
660
715
678
641
635
621
659
627
621
659
669
638
647
674
680
728
739
760
795
791
834
777
831
817
855
861
884
943
927
997
1029
1066
1173
1315
1512
1712
1772
1938
2149
2166
2346
2487
2472
2579
2553
2507
2304
1997
1746
1460
1249
1028
866
840
747
695
697
685
679
643
673
635
655
686
659
630
618
634
613
694
664
771
784
858
929
944
1105
1182
1348
1396
1499
1674
1758
1787
1891
1947
1728
1488
1390
1206
1053
963
928
1000
1082
1246
1433
1471
1503
1776
1926
1919
2064
2080
2081
1925
1627
1452
1160
971
871
813
794
674
673
688
624
633
620
611
602
596
603
640
640
609
607
614
621
672
654
629
640
675
644
582
660
642
635
626
597
632
650
643
691
643
592
544
619
652
657
628
630
715
753
732
727
753
819
788
697
746
768
701
698
706
667
676
668
678
623
607
657
701
662
738
738
741
845
836
849
837
851
806
835
894
823
850
884
847
823
818
802
720
706
722
677
676
628
684
651
696
657
689
644
641
707
641
677
637
579
648
641
636
675
595
724
721
747
761
800
834
813
776
880
837
890
871
872
858
870
858
856
816
782
781
729
669
678
635
639
663
679
610
691
641
632
651
652
706
674
677
647
660
658
651
690
647
617
714
713
699
712
756
788
833
865
878
904
874
872
963
902
915
871
835
796
793
804
773
707
701
680
665
650
600
643
622
627
598
600
615
627
643
626
598
601
619
630
647
708
624
695
670
683
730
656
702
690
678
707
636
735
708
690
717
667
637
665
674
643
635
668
669
651
629
683
715
677
725
764
794
790
788
786
801
782
821
802
851
862
832
829
780
747
706
660
714
688
686
674
675
607
578
608
659
657
629
631
683
653
658
648
711
702
695
706
750
731
715
759
712
685
681
695
678
628
679
627
644
554
653
641
653
644
646
582
596
612
671
618
634
665
635
606
631
640
641
595
606
616
620
654
642
584
662
714
673
656
713
644
650
701
687
676
687
665
635
670
682
635
658
651
671
653
613
655
662
702
658
641
624
642
640
653
647
647
697
618
668
672
629
643
579
605
625
660
615
644
680
632
619
622
625
633
632
655
637
623
579
638
651
654
643
580
665
664
670
606
629
643
642
636
645
642
636
670
695
654
629
570
660
653
640
606
632
606
619
640
610
586
630
661
607
660
670
648
642
637
631
600
586
648
595
604
617
566
595
587
619
612
588
599
594
600
604
588
609
649
636
633
622
704
692
654
699
699
678
714
676
705
712
731
716
689
642
626
620
645
580
627
608
584
568
583
571
595
574
616
583
618
601
578
647
599
552
584
582
597
572
586
573
560
536
597
581
537
610
583
544
553
565
588
571
524
547
588
579
595
560
579
602
623
577
589
621
600
647
592
622
587
591
617
604
593
578
573
622
555
573
618
601
600
559
553
578
567
541
529
531
557
537
513
514
536
551
587
527
562
539
557
579
582
633
630
688
709
752
841
885
940
944
996
1113
1130
1142
1186
1129
1101
1061
927
780
735
651
622
538
555
522
588
542
537
527
550
509
500
541
531
516
525
500
464
497
481
504
487
491
511
531
524
565
553
567
592
591
687
770
755
810
906
895
933
957
1053
1033
940
954
967
869
772
694
711
565
589
556
550
547
504
481
480
495
433
467
460
515
478
492
507
472
461
451
489
490
467
502
491
509
499
438
487
488
461
460
503
502
502
477
472
478
482
498
496
460
475
459
461
484
464
481
468
431
459
466
495
491
477
486
471
483
513
440
458
461
454
438
466
472
477
469
486
500
434
458
454
431
450
419
491
478
486
451
503
494
495
489
547
522
539
559
532
521
520
537
510
529
549
534
526
528
519
470
470
486
470
466
473
447
466
472
428
437
487
471
459
474
488
481
471
503
490
523
484
529
473
488
515
507
551
546
528
563
497
528
515
497
536
460
471
443
479
516
538
525
544
536
585
527
575
541
576
588
530
555
584
622
585
565
619
623
561
612
576
536
554
575
611
603
683
662
698
770
745
778
812
874
917
900
906
955
925
969
1033
970
961
1089
1264
1371
1594
1846
2053
2354
2701
2989
3272
3651
3726
3931
3865
3523
3137
2535
1987
1474
1068
781
652
514
534
411
432
430
461
410
430
431
389
413
403
410
401
459
435
405
441
456
389
416
402
447
407
398
406
405
406
379
393
409
434
410
427
422
397
376
403
405
421
404
391
414
405
401
426
426
418
419
399
391
393
381
398
389
411
375
423
374
388
426
387
408
431
373
421
410
386
424
378
383
387
388
432
382
375
381
410
400
449
361
412
408
421
401
407
398
412
404
422
399
389
359
378
417
390
412
395
385
395
398
409
417
424
388
414
408
373
401
398
420
358
399
398
395
444
422
437
430
466
512
512
579
574
634
687
741
771
809
779
861
865
851
893
924
923
841
729
691
634
586
500
486
459
476
489
469
438
454
480
491
475
449
471
457
423
408
419
449
379
415
407
471
450
480
518
525
562
637
653
641
696
687
747
731
824
829
810
774
684
640
516
514
470
406
432
418
376
435
395
372
391
427
395
373
423
391
390
364
420
400
395
396
409
426
351
426
404
437
399
431
445
433
444
458
509
491
529
528
585
539
579
581
549
585
586
544
497
483
435
430
407
396
392
416
370
359
398
406
379
408
400
428
421
459
427
433
439
467
441
477
466
467
453
522
495
530
520
487
532
550
498
504
498
456
452
416
453
442
422
478
483
521
570
571
693
756
734
757
780
771
863
878
901
899
946
1005
943
864
817
744
705
594
586
556
519
513
469
460
450
439
442
445
450
408
398
418
408
372
421
382
407
425
401
398
438
404
415
414
439
395
369
410
403
367
421
390
379
416
379
386
400
402
370
413
372
389
416
404
387
423
360
402
389
409
415
402
400
438
409
432
392
438
409
387
426
421
411
415
380
386
407
425
396
419
422
420
398
380
435
393
437
421
418
400
365
362
402
387
395
402
418
417
393
407
418
395
408
389
404
393
386
409
412
343
400
424
362
410
406
407
409
374
418
404
402
390
401
418
412
377
419
386
402
419
373
414
379
367
386
406
406
439
383
425
407
381
399
371
397
414
451
410
436
384
416
405
416
447
466
413
457
428
425
433
439
466
424
403
443
387
412
376
406
372
415
423
406
399
382
404
413
408
426
382
455
418
454
493
527
515
518
501
576
556
630
559
580
573
560
513
524
440
418
434
409
408
397
398
387
417
432
413
418
429
426
440
439
463
432
419
474
432
503
447
493
500
499
500
509
478
468
478
506
494
470
507
434
427
445
434
453
412
433
391
440
386
418
427
438
450
423
415
465
442
400
429
428
454
411
451
414
422
417
430
392
411
397
420
355
361
375
332
404
377
373
385
365
362
352
373
356
402
398
380
384
415
356
373
396
393
364
392
378
383
349
394
382
363
405
352
374
396
350
348
350
392
405
377
365
351
360
377
383
329
368
333
404
382
369
351
374
391
313
340
322
374
330
359
348
386
391
357
349
389
371
392
379
364
401
429
456
462
503
518
526
503
484
523
559
562
559
535
569
564
507
567
532
537
487
459
435
467
402
394
382
389
377
369
349
338
363
367
339
364
360
389
335
366
349
372
382
386
333
345
375
360
369
378
364
355
420
362
368
407
356
366
339
369
343
335
376
362
370
345
331
356
352
366
327
366
346
345
334
333
372
378
368
356
350
317
326
325
334
357
360
363
342
350
371
335
354
350
394
340
359
381
397
370
431
433
386
439
425
435
443
437
489
453
449
478
509
474
470
435
389
323
372
387
299
342
337
325
350
328
370
348
342
360
389
367
355
372
388
400
408
348
353
369
373
375
371
372
386
342
373
342
381
333
359
328
367
376
351
374
366
379
397
418
472
447
442
473
527
555
563
538
596
568
533
566
609
545
597
547
556
553
510
523
506
547
510
516
547
576
593
657
700
745
779
895
833
964
1032
958
984
953
866
738
670
540
483
412
366
376
349
336
347
343
329
338
355
349
331
345
277
342
318
315
268
334
302
331
349
312
290
307
293
313
325
329
290
294
319
306
317
332
299
336
305
336
311
319
284
328
334
323
321
329
356
336
307
297
354
341
304
313
328
306
316
301
327
314
338
304
338
315
310
307
289
268
286
294
303
345
334
321
288
323
334
317
295
315
307
314
325
325
319
346
305
305
305
329
285
299
321
309
354
342
309
321
333
275
288
312
279
310
325
335
297
311
295
308
283
317
314
309
314
296
332
292
311
295
302
318
328
317
291
317
317
287
320
300
313
290
308
303
311
323
319
367
352
377
387
415
487
533
569
630
722
735
781
823
872
943
966
1040
962
949
837
694
591
492
421
380
352
360
310
285
312
298
280
273
291
295
250
300
298
293
315
326
306
302
296
290
291
305
311
299
303
342
332
294
295
331
315
301
302
335
342
310
334
327
325
298
308
322
342
317
288
298
308
311
291
315
306
287
289
309
284
318
290
303
308
321
275
329
289
302
282
316
284
305
313
299
308
299
306
286
284
282
290
271
296
304
293
300
308
266
291
309
330
305
282
305
300
279
285
321
300
310
319
299
326
321
324
344
355
345
356
343
309
327
321
343
320
341
290
310
260
324
303
317
313
275
315
329
316
327
336
359
352
418
474
448
526
555
583
606
658
700
773
876
914
995
1051
1040
1078
1127
1101
1002
915
804
741
580
540
512
447
433
381
368
393
345
305
333
322
298
291
284
284
281
276
314
280
287
288
314
299
277
309
273
268
273
301
278
297
314
282
283
313
286
279
280
258
262
305
284
282
296
274
293
266
265
262
281
298
262
279
296
280
340
295
271
298
295
252
284
293
317
299
300
275
293
310
289
283
305
273
321
272
299
294
290
310
276
296
281
287
283
295
288
282
286
293
276
294
303
312
330
272
253
311
333
312
294
318
316
289
293
276
315
295
275
258
288
282
295
248
266
281
290
291
270
270
284
258
247
255
277
295
255
290
309
257
247
277
315
283
300
283
274
283
295
288
277
309
276
261
251
261
280
280
287
258
296
277
297
264
287
254
293
270
298
243
247
274
291
253
267
308
275
288
255
262
266
270
284
265
262
280
282
278
277
262
250
255
280
235
302
284
279
272
272
281
298
286
287
291
310
278
275
298
282
345
310
308
311
324
334
322
335
329
341
376
377
360
378
389
372
434
404
464
451
466
447
464
516
541
551
502
476
468
437
456
397
429
365
396
354
398
418
375
351
388
345
341
307
324
321
314
315
264
328
319
342
305
297
325
330
347
331
316
322
358
314
307
309
313
344
342
333
335
340
341
342
353
300
317
301
252
282
291
279
259
269
275
275
299
272
264
290
295
290
279
265
262
266
262
267
294
282
275
271
273
251
296
287
283
274
273
256
282
271
302
289
292
278
279
286
283
284
295
288
291
283
271
306
272
260
327
301
306
333
338
363
384
395
424
440
445
481
484
488
510
536
532
533
551
565
522
490
421
411
377
357
319
320
330
323
294
314
250
278
280
268
273
279
284
316
261
302
251
256
283
284
247
304
275
306
306
275
314
285
267
291
269
308
273
299
300
272
265
302
270
273
293
299
289
265
273
306
269
283
258
253
267
290
297
265
306
279
279
262
273
307
295
279
262
286
289
280
297
304
274
289
269
292
279
305
321
332
325
352
304
365
394
396
393
402
455
429
517
444
469
476
435
439
381
396
380
359
369
357
357
361
348
344
360
369
385
366
366
392
373
424
406
351
361
361
348
298
297
312
315
300
293
283
274
282
269
283
313
292
304
248
281
271
287
262
297
298
327
316
325
379
420
420
461
496
462
478
572
518
580
572
628
621
613
567
507
505
410
412
346
359
315
295
302
301
271
297
308
322
327
305
279
306
291
258
307
311
291
263
274
295
296
308
289
288
305
270
273
297
285
298
293
308
317
286
305
318
284
301
266
272
300
308
289
284
245
301
263
307
255
268
257
309
288
279
324
289
324
264
312
303
293
320
334
349
321
281
322
323
339
334
362
319
314
314
289
297
291
298
268
298
293
275
260
272
310
283
274
244
287
269
287
294
293
313
258
295
301
286
264
285
310
305
298
286
309
291
303
295
255
298
299
287
276
275
265
270
285
299
239
265
284
297
303
312
298
296
301
295
279
305
296
305
271
310
266
290
272
287
253
287
275
291
284
267
286
302
310
283
282
276
261
311
261
285
279
275
258
242
280
271
280
307
269
296
264
275
255
283
294
275
246
274
263
277
303
283
284
270
282
281
292
285
288
283
273
307
277
259
258
266
285
287
292
289
300
249
303
301
270
288
264
304
283
303
263
301
273
292
284
329
288
278
280
296
305
313
328
295
314
288
291
294
290
306
277
292
272
279
262
282
296
278
304
259
290
246
280
274
276
298
266
294
270
270
288
276
293
278
280
313
269
297
290
303
272
271
262
282
308
251
298
271
276
303
263
297
280
284
285
301
284
286
325
261
303
271
320
260
271
305
322
300
317
300
333
305
331
415
424
471
462
518
543
653
699
656
687
704
678
711
692
682
718
754
723
770
804
796
737
700
664
598
634
667
675
704
753
798
858
881
887
903
936
892
919
901
884
887
863
878
862
809
759
710
577
630
595
523
505
444
424
408
380
376
390
342
312
336
311
318
335
310
352
318
335
347
364
346
350
316
324
329
338
368
316
313
303
333
341
308
318
313
310
297
358
317
310
314
313
329
325
315
352
322
324
326
378
322
315
262
325
323
337
373
305
364
353
356
327
313
348
372
343
334
315
345
364
316
339
364
355
349
353
367
342
341
359
317
327
314
334
332
339
320
329
348
372
371
385
381
384
373
368
345
376
396
370
391
368
368
384
365
356
356
389
392
360
393
406
363
437
376
395
418
387
393
392
414
383
429
429
399
361
387
364
365
358
332
327
327
350
345
332
320
302
327
347
353
340
305
354
309
268
337
338
306
356
359
340
330
323
324
329
332
320
331
335
365
327
355
361
325
326
349
345
327
326
348
372
327
332
350
332
374
334
378
335
340
364
333
318
357
361
331
371
344
375
366
387
411
364
375
426
377
426
381
375
382
392
439
409
446
451
461
426
493
480
544
525
596
605
635
674
726
717
735
741
694
677
671
659
609
648
620
650
690
641
607
618
569
554
510
472
460
448
448
442
358
359
374
375
393
380
411
375
388
417
455
384
480
366
408
392
446
436
371
465
452
437
438
433
436
445
416
373
369
360
368
326
385
335
349
361
380
356
316
340
320
313
323
355
343
343
351
330
352
323
323
319
338
349
363
329
349
330
346
328
370
333
336
354
314
343
334
333
316
368
320
311
364
369
361
333
306
343
335
348
353
322
325
364
384
334
339
356
367
349
325
318
323
336
324
361
351
345
333
348
352
369
334
332
343
333
316
378
320
329
359
328
316
318
330
370
326
339
344
326
330
342
370
343
338
390
328
321
354
360
345
367
368
375
352
353
354
375
361
380
329
374
359
361
392
350
355
344
340
350
331
360
358
372
329
368
364
354
346
329
360
334
327
346
355
368
354
352
339
333
378
335
317
341
351
351
344
329
342
349
325
338
322
386
327
368
308
364
346
355
340
363
374
382
392
397
383
392
436
455
485
504
474
503
487
498
525
531
560
544
568
559
549
514
553
568
513
466
423
428
445
393
417
396
370
405
371
381
348
358
360
377
362
373
360
370
346
347
342
395
375
355
375
363
348
388
378
366
337
341
335
398
379
373
372
389
358
380
339
340
328
385
316
355
361
368
367
363
364
357
308
373
347
373
369
352
335
370
345
354
330
318
339
351
357
343
319
365
347
367
345
353
370
339
377
355
370
341
364
378
320
299
337
353
343
349
357
339
346
341
382
343
352
343
339
348
347
320
394
326
341
312
342
326
390
346
378
362
353
343
409
358
377
373
392
385
366
387
358
377
345
355
326
330
307
323
314
309
320
310
313
303
298
307
336
336
338
318
302
313
300
319
312
346
320
308
359
328
339
316
316
317
323
311
313
302
303
326
268
330
286
315
298
289
308
283
322
286
323
342
317
297
274
309
294
286
313
296
301
298
298
297
305
310
294
305
292
322
309
260
294
281
299
285
310
330
314
269
319
253
290
309
286
304
269
267
287
300
284
310
297
324
280
265
310
282
304
257
270
313
283
278
289
269
264
263
274
305
295
272
311
290
268
261
274
267
277
312
296
299
306
255
288
309
269
289
267
293
307
299
282
292
259
293
275
299
302
268
279
292
271
293
306
281
241
311
257
304
255
295
282
275
232
248
247
296
264
279
258
292
248
268
275
280
290
288
275
272
289
320
248
275
306
251
250
255
263
274
274
252
276
293
271
267
256
266
278
301
248
278
255
272
289
287
264
249
264
262
266
270
265
276
272
267
276
279
294
277
314
305
364
391
409
474
533
576
637
742
816
892
923
956
1019
1023
1085
1157
1220
1246
1239
1340
1359
1299
1273
1137
1014
927
877
782
787
701
731
807
832
866
855
905
965
1010
946
1049
1029
1154
1168
1189
1116
1064
1021
939
911
704
657
522
460
395
380
319
331
299
258
292
265
288
294
280
275
282
292
279
268
319
276
297
254
280
282
317
251
245
256
260
296
256
289
266
275
287
307
263
257
270
279
305
270
248
272
273
279
259
274
232
257
292
287
274
242
271
272
272
264
256
252
285
269
286
249
308
288
279
296
284
279
272
299
287
285
281
272
281
276
268
283
286
268
283
268
279
267
266
280
309
280
274
297
292
312
301
313
324
334
310
335
355
304
331
343
311
290
335
302
328
331
358
359
347
397
355
367
416
419
384
421
441
428
372
451
394
423
395
337
344
337
283
287
255
277
246
248
243
246
221
239
268
261
237
240
228
249
246
236
224
254
225
238
251
275
238
261
239
251
227
240
223
266
232
248
246
265
249
261
249
219
245
257
289
280
231
252
247
280
261
249
250
259
240
262
267
254
267
257
279
260
236
286
249
266
267
258
243
277
277
269
240
266
283
261
258
264
247
273
249
272
240
258
269
293
279
307
353
347
363
425
397
461
486
510
533
558
616
595
638
642
650
711
696
596
599
580
499
419
400
407
347
357
301
362
372
325
346
331
361
348
345
336
316
309
319
315
322
316
333
307
336
344
338
348
352
338
348
309
321
302
285
304
274
281
245
250
253
212
277
221
241
262
260
254
230
247
217
229
252
249
262
242
253
235
231
245
233
245
231
238
224
221
231
259
234
250
251
225
252
216
253
243
225
232
217
244
232
221
235
250
229
245
252
247
226
237
237
223
251
228
262
218
247
241
235
251
209
247
249
254
215
261
252
246
234
227
241
232
242
225
233
220
237
219
236
238
250
227
242
212
261
227
235
244
264
243
253
252
253
232
250
267
240
239
263
218
265
261
273
236
205
253
242
236
242
221
239
223
250
263
245
224
222
239
233
220
268
264
222
220
228
207
255
212
236
236
207
222
224
228
242
237
207
198
224
199
233
229
184
232
204
208
199
219
218
221
203
217
231
236
236
235
209
253
228
235
241
236
227
265
260
277
323
300
327
343
340
368
387
401
439
414
423
480
466
429
408
350
343
309
248
232
253
227
227
214
230
222
197
195
203
172
194
226
222
195
199
226
217
196
210
191
196
203
191
184
197
204
200
201
192
210
194
180
181
193
200
176
183
192
195
200
193
196
177
189
173
202
212
186
190
216
191
193
182
178
176
183
180
203
176
197
182
198
179
190
193
157
157
202
174
196
194
171
176
165
165
167
167
160
153
179
146
148
161
211
172
172
157
146
190
160
169
132
164
146
169
157
162
143
142
178
144
166
135
153
150
141
149
152
150
138
145
152
155
159
163
158
151
143
157
140
125
137
163
152
146
134
140
131
149
129
148
146
134
152
128
144
150
113
134
146
130
126
125
137
132
115
153
134
134
137
127
122
126
115
106
141
131
103
122
111
113
104
111
125
135
114
118
102
119
118
122
125
116
112
111
122
117
120
106
114
115
113
114
112
94
134
104
108
97
119
127
111
121
107
115
101
110
97
119
121
109
121
98
88
110
112
125
95
119
115
114
113
102
108
116
121
114
105
110
119
123
113
115
120
136
128
117
121
112
112
98
120
112
122
101
99
107
113
116
95
99
100
89
104
96
95
101
121
91
82
94
98
88
99
102
90
108
90
91
87
99
99
101
76
103
96
106
94
100
88
82
75
91
100
96
100
106
94
83
104
90
80
82
92
81
95
84
95
99
93
96
95
79
94
88
92
98
97
84
100
90
98
100
88
82
101
90
95
97
85
94
96
100
106
103
92
99
96
103
130
114
102
115
114
121
122
125
126
127
123
147
207
240
261
325
342
392
474
500
563
643
736
761
833
921
992
1155
1173
1251
1264
1207
1104
977
830
627
525
461
404
388
397
432
417
476
508
544
594
701
809
827
867
865
1029
1027
1040
997
931
755
624
480
326
247
201
161
107
102
91
84
59
65
55
70
46
50
45
61
32
53
52
48
53
64
59
46
45
50
56
49
41
51
52
42
58
43
48
48
39
52
55
49
47
42
50
44
44
58
49
49
51
40
48
53
50
45
45
60
53
45
51
52
47
68
45
59
49
70
59
57
61
58
74
89
52
77
72
71
65
56
49
54
51
51
56
60
39
45
46
34
45
46
46
41
43
47
44
41
42
43
55
55
45
43
59
39
60
68
74
76
80
96
93
120
113
122
129
134
148
177
179
213
225
196
248
232
204
177
188
152
118
105
88
70
64
58
54
29
41
57
47
51
49
53
48
39
41
49
54
34
53
33
42
41
47
36
39
40
50
42
44
40
46
41
44
49
45
45
39
34
40
44
36
53
40
50
34
36
46
50
61
46
43
55
50
52
45
75
61
58
49
57
50
47
68
61
60
65
70
60
57
61
61
68
46
56
46
54
35
43
34
60
35
46
34
56
55
75
66
76
79
97
101
105
131
120
145
157
149
187
195
202
241
237
246
218
217
227
211
195
165
151
142
132
153
166
168
149
155
159
134
136
139
115
84
55
54
57
51
42
51
48
35
40
29
49
38
41
46
33
42
44
44
43
48
30
31
39
37
41
43
40
29
44
37
42
28
50
33
30
43
45
38
29
47
37
45
39
44
32
30
36
35
40
36
36
35
37
36
34
41
33
52
31
40
39
42
38
44
35
39
35
39
31
46
28
35
44
43
46
49
34
45
40
38
54
51
45
61
57
44
50
59
54
47
65
59
41
49
60
54
50
46
50
63
61
49
48
49
50
61
54
48
50
48
46
41
34
45
46
43
49
38
45
40
48
44
44
40
50
33
37
42
30
39
37
30
21
44
44
51
41
45
41
36
31
29
47
39
40
40
35
45
36
48
38
40
44
30
46
48
31
36
31
39
44
31
38
41
35
35
35
30
38
46
49
35
43
46
39
45
48
40
50
32
43
35
36
53
43
39
46
49
40
47
40
35
35
32
39
38
41
47
42
36
34
24
31
31
43
32
41
45
47
35
24
42
34
43
36
43
35
48
38
37
46
40
40
47
43
34
35
41
51
35
39
30
38
27
45
46
31
41
33
40
35
26
41
49
49
46
39
43
35
50
46
50
49
50
58
56
60
49
53
50
57
56
48
47
46
57
38
37
40
38
49
46
31
41
35
36
38
40
46
31
48
55
44
54
36
38
40
34
41
36
44
43
34
53
30
44
27
34
39
44
37
29
42
29
34
30
31
27
44
41
41
40
34
29
41
40
35
36
34
47
26
44
28
42
33
43
34
39
32
36
37
33
31
32
43
29
31
36
23
40
29
34
39
37
40
35
44
44
34
39
35
42
38
44
48
39
37
43
36
31
37
48
30
40
45
34
42
34
45
41
34
46
38
33
28
34
43
42
35
34
43
34
40
37
33
33
40
38
34
30
36
31
44
36
32
45
45
26
31
32
37
36
26
33
49
34
49
35
35
42
36
40
29
41
53
38
50
41
41
57
56
55
50
64
63
64
68
57
78
77
74
95
92
90
88
88
86
62
81
79
57
51
49
58
62
38
42
51
37
32
36
25
43
40
33
32
37
38
37
29
39
33
25
33
48
26
39
43
39
35
28
37
38
29
26
35
40
39
38
37
32
29
41
36
35
37
30
37
41
37
35
43
31
31
40
36
35
35
27
39
33
37
25
39
40
29
46
39
44
42
50
36
36
51
38
53
50
49
41
58
56
56
55
67
74
68
82
86
75
79
77
76
74
86
67
88
95
71
87
93
82
69
55
60
59
50
44
42
42
33
41
30
27
39
29
27
38
30
47
37
25
48
45
43
30
44
46
31
32
37
33
33
46
31
33
34
37
44
33
29
34
31
36
33
35
38
31
34
37
34
26
34
33
43
36
39
32
39
36
45
33
44
39
43
40
46
45
39
28
46
35
41
41
37
48
31
45
29
29
36
24
32
47
33
31
34
39
29
39
44
29
37
39
33
31
35
32
30
35
20
24
30
46
36
34
31
43
47
39
36
27
32
31
29
40
34
27
50
39
36
34
34
32
30
36
28
38
36
36
34
26
33
34
36
37
26
27
34
41
39
35
34
22
44
41
36
42
38
39
29
38
29
20
19
38
35
37
30
37
39
31
38
38
33
34
43
47
30
43
25
35
31
41
30
28
26
39
38
25
38
39
35
28
29
37
27
37
39
36
29
40
37
30
39
41
36
36
32
27
26
33
45
46
31
38
39
32
38
33
31
37
39
36
45
49
47
45
51
45
52
55
48
48
50
78
57
81
78
77
73
81
73
79
65
66
70
70
81
96
83
77
65
60
51
50
53
52
44
35
45
43
48
33
37
44
41
36
41
36
41
32
30
34
25
35
41
29
33
36
41
36
43
44
35
48
34
50
45
44
43
46
50
37
48
60
60
52
58
63
49
71
61
68
72
79
55
50
83
71
47
50
53
36
48
38
36
40
23
39
39
35
29
22
25
37
31
25
19
31
27
33
34
39
23
37
31
31
29
30
29
36
31
31
42
33
40
33
50
36
22
31
41
40
31
26
47
30
37
34
38
35
35
50
34
31
33
34
31
25
31
45
32
32
40
42
43
41
40
34
37
38
28
39
30
46
39
39
41
35
46
43
42
42
42
28
53
53
41
51
65
66
43
53
72
52
56
68
55
59
66
53
56
47
61
55
46
49
44
41
25
38
34
43
51
40
34
30
31
39
29
31
36
31
23
34
34
29
34
30
27
43
42
31
33
14
47
17
41
30
24
40
32
32
35
33
27
25
33
34
40
24
37
38
38
32
34
29
32
38
33
33
31
26
36
35
37
42
36
25
36
27
44
37
25
24
34
27
34
41
29
30
42
35
39
27
30
28
33
24
26
40
38
31
27
39
33
30
38
28
34
32
32
23
33
36
30
32
26
25
25
41
31
29
30
35
32
33
28
29
27
23
31
36
45
28
37
32
35
38
37
43
26
33
28
26
27
25
34
21
37
35
25
33
30
34
37
39
37
35
31
41
23
40
43
36
50
43
41
39
48
56
32
33
41
47
43
36
42
37
34
38
32
31
24
42
32
35
29
21
24
38
35
30
27
25
34
35
36
29
38
42
36
30
26
36
24
33
29
15
26
23
25
27
23
29
35
27
23
32
24
21
25
25
29
23
34
34
33
38
37
39
26
37
35
24
31
26
21
27
28
29
25
28
32
20
28
35
20
26
27
28
20
38
24
26
27
34
42
27
27
29
37
24
29
40
29
39
30
28
35
34
31
37
24
23
30
31
28
31
29
25
27
27
35
36
26
28
25
32
30
26
24
27
28
41
32
38
15
33
36
25
28
31
27
30
21
28
29
31
35
31
32
30
29
27
33
15
44
30
35
36
25
29
29
27
29
33
27
34
35
30
43
32
33
44
45
70
58
56
55
62
58
65
60
62
66
75
66
77
64
62
59
49
53
44
32
35
29
38
14
38
48
25
25
30
25
30
31
23
27
32
40
33
24
27
32
31
36
23
24
29
27
25
25
32
31
24
28
21
28
21
37
25
29
28
32
17
24
34
27
18
26
33
27
31
22
34
26
19
32
28
33
31
24
27
28
26
30
26
24
24
34
30
23
31
17
17
32
28
33
37
57
48
45
60
46
47
40
53
53
62
59
79
84
65
73
74
94
62
64
75
68
42
47
51
35
39
27
32
41
24
32
12
18
23
28
23
22
24
21
23
19
18
20
18
29
19
26
25
17
26
18
20
28
26
25
21
25
23
29
24
29
20
20
26
22
18
27
15
27
30
22
15
22
21
28
29
28
15
17
24
24
26
26
23
21
20
7
24
20
16
22
17
14
16
26
21
17
27
20
29
27
14
19
17
23
33
17
17
20
21
17
15
28
23
22
17
22
17
17
18
21
31
19
25
22
25
26
13
29
23
27
19
24
22
29
29
16
25
23
21
19
17
29
21
19
27
24
25
17
29
20
12
16
22
22
22
23
16
8
18
18
16
20
28
29
20
21
22
20
18
18
21
17
14
18
16
17
12
16
18
25
17
14
25
17
18
21
24
22
16
22
21
24
28
18
24
26
18
27
19
19
20
24
21
16
20
21
22
17
14
22
26
20
17
16
27
19
24
19
22
22
12
19
22
20
29
27
18
22
17
24
28
17
21
16
25
27
33
41
43
50
54
61
64
79
76
73
103
87
104
96
100
84
96
100
106
118
124
107
139
87
101
99
66
79
49
54
42
37
46
40
26
27
22
21
18
22
16
21
22
19
14
22
16
16
25
17
17
16
23
14
19
20
18
22
28
19
18
22
31
29
17
28
22
19
20
13
18
16
20
25
21
28
17
30
22
21
16
18
23
23
19
16
14
20
19
26
23
19
25
27
26
15
15
21
27
18
28
21
20
18
22
28
15
24
27
19
14
32
18
15
23
21
17
22
20
18
18
19
17
22
22
23
19
25
23
16
20
20
16
26
20
27
18
28
20
24
15
22
20
15
19
18
23
19
16
13
22
18
22
25
16
19
22
18
17
22
28
17
21
20
23
23
18
25
19
20
29
19
33
31
35
38
47
31
30
33
44
45
52
58
47
50
45
36
31
34
34
29
25
25
28
20
20
22
13
19
15
22
14
20
19
15
19
36
14
24
15
17
19
17
18
17
17
12
14
18
20
14
18
13
27
14
19
19
19
17
24
15
17
15
19
18
15
19
21
18
19
22
17
19
19
17
14
18
21
25
17
18
15
16
16
18
20
19
14
21
21
14
19
26
17
14
13
21
13
19
17
22
17
13
17
18
22
15
19
18
13
16
20
17
18
10
15
18
24
22
19
8
15
16
19
19
15
14
22
26
13
17
13
13
19
19
11
14
16
17
17
17
11
17
25
18
16
12
15
17
17
18
16
16
23
14
19
14
10
19
15
18
17
19
10
18
13
15
27
19
17
18
17
21
27
19
12
19
14
21
24
16
18
17
16
18
22
24
18
27
18
18
26
13
16
19
20
24
16
27
18
17
24
21
21
30
23
16
18
19
8
16
22
18
17
22
25
24
16
24
26
24
20
12
15
15
21
11
14
20
15
17
16
14
21
16
13
15
22
16
27
17
20
20
25
15
19
22
11
11
14
20
20
17
13
24
13
17
18
19
14
18
15
17
12
18
10
7
14
19
19
17
16
14
19
23
18
17
11
21
15
14
15
16
19
19
14
17
12
18
13
23
16
23
18
15
16
20
17
16
11
14
16
15
27
12
16
16
16
9
16
15
13
14
25
11
18
13
18
12
22
12
14
15
14
7
16
17
17
12
14
17
16
11
11
18
16
20
18
15
16
11
10
13
17
11
23
16
15
19
14
15
11
14
12
13
18
13
17
11
17
12
17
16
11
16
14
18
23
24
18
12
12
15
14
18
15
8
12
24
16
17
19
8
11
12
19
15
15
19
20
13
22
10
12
9
11
11
20
18
13
17
20
9
8
12
18
17
11
12
6
13
21
10
22
12
20
11
17
13
12
21
8
18
15
13
9
18
19
13
8
14
14
15
19
18
24
14
18
23
12
17
14
10
27
18
23
20
18
21
23
24
25
15
14
13
16
7
13
10
17
11
10
12
17
11
13
11
10
21
13
4
4
12
11
13
10
9
8
7
19
7
4
10
10
15
5
16
7
13
6
9
12
13
13
8
10
12
12
11
14
6
7
7
9
3
16
7
17
15
12
16
10
10
11
10
16
9
12
8
11
15
9
8
13
9
12
17
17
13
10
13
8
15
12
11
8
8
14
18
14
20
21
12
7
16
9
12
14
9
16
15
13
11
10
12
9
15
13
8
11
11
6
11
11
13
10
7
8
13
9
15
6
13
9
13
5
7
11
15
7
9
7
9
13
15
11
6
9
9
16
13
8
13
9
7
8
11
10
10
13
11
11
11
10
6
16
6
9
7
13
12
10
11
15
10
8
10
15
8
10
13
9
18
11
8
14
11
16
5
5
15
12
10
7
6
9
8
9
8
12
5
7
6
16
9
10
10
17
7
11
11
10
18
13
12
12
8
13
10
13
12
13
15
9
9
8
11
18
20
11
14
25
29
21
32
33
36
47
40
48
66
60
50
62
86
56
70
88
94
85
111
109
112
87
100
93
55
51
50
23
23
26
25
13
14
9
6
7
15
7
11
8
9
6
12
12
7
7
10
10
7
10
6
5
16
8
11
6
6
10
12
9
8
9
8
10
2
9
10
10
10
10
12
2
12
7
4
17
10
13
8
11
8
9
8
10
15
11
10
9
5
11
10
11
8
13
12
7
7
4
12
8
6
7
5
10
7
10
8
4
10
4
7
8
11
9
8
8
9
10
6
13
10
4
6
10
8
7
8
8
8
7
7
6
10
13
8
9
2
10
4
10
7
13
15
10
7
6
6
8
11
10
10
8
5
8
6
9
5
8
10
13
10
5
14
8
3
14
9
5
7
8
9
12
4
3
8
12
12
7
8
5
7
5
6
11
9
5
8
4
11
12
15
6
9
10
7
10
10
12
11
11
6
18
8
13
11
4
7
11
8
13
8
16
10
9
22
9
10
7
8
8
6
9
4
9
8
10
10
6
8
5
11
9
13
11
7
7
11
14
9
10
2
5
11
11
7
13
10
12
7
11
9
8
10
10
10
7
8
10
11
13
14
11
11
10
4
5
12
18
6
11
6
7
9
10
9
5
10
11
9
11
5
11
8
14
11
8
9
7
11
11
7
10
12
11
8
11
10
12
13
13
8
9
8
10
6
12
12
17
10
11
12
8
8
8
13
7
7
9
9
8
10
6
7
10
7
12
8
7
12
10
8
5
9
8
15
7
7
6
6
5
7
11
13
8
13
14
12
11
6
11
12
11
7
6
9
8
9
4
5
15
10
6
11
8
13
9
9
7
13
13
9
9
6
9
9
9
10
9
12
4
8
9
9
4
5
9
14
6
7
16
10
10
10
13
7
13
9
19
10
11
7
10
9
11
10
11
7
11
11
16
10
8
4
12
15
10
8
8
8
11
15
13
8
12
8
14
9
8
12
14
15
9
13
6
5
10
9
11
15
10
9
11
16
15
9
12
5
19
10
9
9
10
11
7
6
10
7
12
7
9
14
8
9
11
8
6
16
4
10
12
5
10
13
10
11
10
16
14
11
13
13
10
21
20
12
16
11
15
12
14
11
9
13
11
14
13
12
6
8
3
12
15
12
15
6
11
10
5
7
12
8
11
14
6
14
16
5
7
7
10
8
5
9
10
6
7
11
6
11
10
7
6
7
16
4
12
15
12
8
11
10
10
10
15
8
7
10
12
9
12
11
7
13
14
11
9
11
6
12
10
12
11
10
10
9
5
10
11
9
15
11
11
12
8
5
12
8
15
7
7
16
11
8
10
4
6
9
7
10
11
10
13
14
8
11
13
10
10
15
10
11
16
18
11
10
11
10
9
14
10
8
16
10
10
9
10
10
9
12
16
11
6
12
7
13
10
8
13
10
7
9
9
11
11
14
15
8
12
9
12
10
12
11
12
10
8
5
9
9
8
11
9
13
4
13
15
11
11
7
9
11
6
10
6
22
11
12
10
6
7
10
13
14
8
13
7
15
7
11
7
19
12
9
8
8
13
11
14
12
11
10
9
13
9
12
12
14
13
10
12
11
14
10
10
15
9
10
20
13
9
8
11
13
19
8
15
6
9
7
9
12
8
10
6
16
7
13
10
9
13
9
11
9
7
16
9
14
12
9
12
8
18
6
8
12
11
18
9
12
6
7
8
9
19
13
14
9
12
15
9
6
7
10
10
5
13
7
8
8
13
11
9
8
7
13
8
9
14
6
11
8
14
8
10
11
9
15
9
9
11
22
10
4
11
6
12
7
13
14
6
13
6
14
10
10
10
15
9
8
13
11
9
11
21
14
5
10
15
6
9
15
12
7
9
2
16
11
11
11
8
16
11
15
13
22
26
20
22
33
28
31
27
30
46
49
45
38
38
43
43
35
38
43
49
44
41
46
29
54
46
54
45
33
53
43
30
31
40
23
29
23
18
15
15
14
19
14
8
12
16
12
17
11
29
17
16
18
18
17
15
10
11
11
14
13
9
15
10
14
10
18
19
14
13
15
17
10
13
13
13
11
22
19
14
13
9
19
16
10
15
15
12
14
8
14
11
10
12
18
12
11
14
16
9
16
15
15
17
18
20
6
8
7
14
14
14
11
14
14
7
16
14
6
12
13
16
20
13
19
6
17
17
10
10
16
11
6
18
16
19
5
14
17
11
18
12
9
14
18
10
15
15
13
19
16
16
16
13
14
10
18
18
14
16
14
10
12
10
13
19
10
18
11
10
20
17
14
13
12
14
9
15
9
23
12
13
13
21
14
13
15
10
7
16
17
17
25
14
19
9
11
10
13
7
13
11
12
17
28
9
11
11
20
11
15
9
14
15
13
18
19
9
15
10
17
13
10
19
11
14
17
14
8
11
14
12
17
11
13
12
19
15
14
15
14
17
8
10
11
10
16
10
14
10
15
11
16
10
18
15
15
8
14
$ENER_FIT:
5.9250 0.607168 -1.583600e-008
$MCA_CAL:
3
5.9250 0.607168 -1.583600e-008
$ENDRECORD:
