$SPEC_ID:
None

$MEAS_TIM:
7590.73000 7982.77000
$DATE_MEA:
04/22/2013 10:15:49 AM
$DATA:
0 16383
0
0
0
0
0
0
0
0
0
0
0
0
0
0
0
0
0
0
0
0
0
0
0
0
0
0
0
0
0
0
0
0
0
0
0
0
0
0
0
0
0
0
0
0
0
0
0
0
19
136
268
383
416
408
442
389
245
177
1028
3716
4688
4820
4735
4674
4789
4653
4713
4701
4634
4880
4682
4754
4799
4816
4809
4986
4979
5086
5133
5114
5062
5010
4983
5178
5151
5181
5350
5359
5451
5402
5499
5427
5635
5570
5652
5898
5975
5995
6103
6287
6161
6252
6384
6340
6550
6559
6488
6745
7098
7607
7757
8137
8387
9307
9443
8585
8291
8234
8044
7610
7757
7964
7980
7423
7136
7165
7276
7447
7740
8024
8342
8139
7976
8171
8309
8202
7907
7957
8012
7923
7856
7484
7389
7342
7428
7482
7383
7361
7509
7630
7540
7380
7395
7426
7561
7589
7732
7549
7380
7636
7762
7674
7527
7595
7510
7754
7799
7551
7488
7622
7742
7511
7700
7467
7505
7618
7559
7442
7602
7431
7415
7528
7694
7454
7426
7479
7339
7494
7716
7758
8604
9178
8686
8029
7476
7359
7348
7258
7156
7181
7237
7282
7230
7042
7159
7255
7194
7099
7169
7012
7171
7054
7021
6996
7239
7187
7166
7064
7052
7107
7188
7043
7111
7127
6981
6960
6800
6881
6923
6926
6870
6794
6819
6903
6857
6727
6829
6786
6892
6896
6701
6814
6882
6807
6862
6838
6760
6851
6782
6747
6731
6909
6741
6823
6787
6873
6626
6768
6770
6722
6744
6758
6821
6751
7042
7093
7310
7052
7110
7000
6977
6914
6851
6832
6753
6885
6865
6773
6854
6895
6882
6861
6820
6867
6879
6837
6869
6796
6957
8002
8880
9676
8619
7495
6792
6620
6602
6507
6605
6672
6674
6379
6532
6485
6441
6404
6501
6314
6299
6332
6297
6331
6286
6302
6341
6127
6373
6634
6948
7063
6902
6447
6355
6172
6088
6054
6079
6206
6085
6051
5944
6113
5972
6121
6091
5949
5854
5904
5869
5958
5962
5904
5899
5759
5839
5796
5719
5900
5859
5740
5751
5707
5713
5738
5720
5858
5643
5766
5739
5674
5547
5741
5730
5527
5525
5652
5735
5810
5695
6020
6135
6007
5904
5659
5634
5571
5561
5550
5630
5722
5682
5484
5526
5566
5510
5473
5524
5449
5542
5458
5473
5407
5410
5409
5410
5560
5360
5413
5471
5375
5327
5486
5335
5625
5577
5594
5544
5826
5674
5761
5701
5771
5630
5648
5614
5704
5457
5303
5502
5304
5342
5217
5242
5058
5159
5131
5092
5215
5137
5007
4978
5114
5091
5058
5031
5038
5038
4989
4894
5054
5052
4993
4961
4965
5058
5018
5044
5124
5177
5062
4982
4939
4931
4978
4798
5011
5043
4984
4857
4839
5059
4894
4872
4887
4923
5053
4789
4899
4932
4923
4920
4944
4909
4876
4948
4893
4922
4946
4900
4960
4977
4902
5033
4940
4880
4781
4858
4855
4730
4766
4880
4794
4752
4895
4757
4584
4641
4489
4600
4482
4480
4343
4303
4315
4319
4344
4075
4109
4047
3920
4033
3783
3825
3816
3882
3731
3717
3594
3589
3542
3527
3594
3504
3512
3474
3552
3439
3407
3398
3503
3271
3330
3386
3336
3339
3285
3345
3361
3901
4837
6101
6054
4893
3749
3311
3208
3135
3227
3136
3147
3174
3348
3762
4262
4048
3496
3085
2942
2809
2836
2945
2836
2808
2838
2792
2821
2869
3059
3258
4360
5806
6348
5263
3783
3005
2605
2659
2681
2662
2639
2653
2626
2640
2567
2684
2615
2573
2583
2551
2556
2584
2695
2779
2893
3222
3179
2959
2676
2579
2604
2563
2569
2588
2611
2637
2510
2665
2604
2562
2606
2571
2662
2662
2680
2631
2604
2641
2668
2636
2699
2618
2640
2632
2758
2705
2699
2689
2794
2720
2706
2792
2816
2792
2678
2740
2810
2751
2754
2703
2743
2691
2767
2767
2700
2680
2783
2691
2779
2808
2651
2790
2723
2683
2759
2793
2726
2662
2718
2587
2609
2595
2727
2629
2555
2645
2630
2722
2888
2921
2820
2769
2571
2644
2637
2581
2560
2620
2549
2538
2512
2500
2484
2473
2378
2544
2492
2492
2446
2471
2526
2405
2491
2429
2536
2348
2434
2423
2416
2287
2452
2421
2430
2387
2406
2449
2424
2433
2582
2550
2480
2507
2657
3068
3699
3888
3485
2947
2459
2473
2340
2358
2376
2375
2439
2454
2474
2415
2405
2387
2364
2344
2328
2417
2428
2318
2334
2381
2310
2419
2483
2424
2374
2337
2478
2404
2374
2411
2458
2421
2447
2481
2455
2462
2472
2476
2573
2530
2667
2661
2659
2624
2804
3340
4554
7582
12764
19073
24071
28235
30355
31582
31948
32308
32388
32801
32407
32201
32290
32210
32015
31912
31591
31014
30645
29553
27237
24675
20408
14851
9370
5046
2757
1838
1561
1511
1422
1443
1413
1432
1422
1444
1472
1461
1380
1427
1437
1436
1472
1421
1413
1426
1409
1438
1428
1398
1432
1399
1450
1405
1434
1525
1546
1666
1653
1653
1627
1797
2247
3138
4536
6045
7246
7196
6255
4760
3261
2287
1919
1688
2041
2933
3860
4095
3123
2132
1597
1477
1433
1369
1366
1365
1411
1317
1279
1290
1293
1269
1282
1329
1343
1394
1325
1272
1269
1341
1294
1333
1315
1354
1317
1265
1318
1314
1321
1263
1263
1297
1307
1342
1345
1356
1288
1335
1386
1311
1255
1376
1305
1211
1270
1256
1306
1227
1246
1233
1307
1250
1359
1238
1280
1307
1285
1307
1240
1275
1306
1344
1266
1325
1340
1302
1286
1285
1327
1289
1228
1342
1287
1328
1277
1320
1234
1291
1301
1328
1386
1378
1376
1461
1425
1392
1328
1341
1281
1272
1306
1237
1327
1263
1268
1306
1261
1340
1240
1368
1297
1307
1318
1391
1508
1629
1846
1893
1757
1532
1467
1352
1219
1220
1273
1308
1290
1275
1316
1296
1297
1260
1284
1269
1319
1512
1518
1576
1467
1445
1327
1328
1334
1311
1320
1388
1274
1301
1320
1278
1342
1277
1329
1315
1311
1311
1359
1333
1325
1336
1292
1264
1317
1337
1260
1247
1237
1305
1312
1310
1235
1297
1272
1287
1275
1272
1292
1281
1237
1239
1311
1263
1202
1287
1256
1298
1258
1273
1236
1271
1299
1183
1316
1287
1291
1353
1274
1265
1251
1219
1274
1226
1246
1263
1294
1340
1277
1268
1235
1331
1251
1245
1248
1265
1209
1242
1248
1207
1271
1303
1219
1229
1206
1233
1185
1218
1250
1221
1219
1204
1191
1172
1164
1288
1349
1424
1406
1317
1341
1250
1165
1191
1153
1165
1177
1180
1198
1247
1238
1262
1295
1302
1350
1231
1240
1180
1149
1193
1175
1150
1184
1137
1211
1199
1220
1215
1183
1220
1266
1190
1203
1180
1147
1155
1198
1117
1183
1126
1239
1177
1213
1169
1135
1182
1105
1240
1100
1133
1216
1190
1130
1236
1297
1622
2048
2252
2107
1650
1430
1240
1202
1189
1231
1217
1241
1172
1189
1181
1069
1152
1211
1128
1180
1120
1196
1136
1156
1151
1186
1173
1204
1183
1162
1205
1137
1194
1108
1237
1241
1187
1210
1158
1081
1119
1118
1173
1141
1155
1144
1124
1174
1081
1118
1094
1045
1126
1099
1127
1101
1102
1111
1158
1147
1176
1163
1107
1119
1117
1102
1104
1187
1156
1113
1086
1112
1175
1160
1165
1232
1322
1305
1289
1230
1253
1153
1105
1148
1141
1105
1227
1173
1149
1078
1056
1061
1124
1105
1157
1221
1132
1145
1121
1163
1170
1171
1171
1076
1186
1111
1054
1115
1139
1119
1129
1113
1169
1128
1046
1111
1109
1149
1078
1075
1119
1119
1091
1130
1108
1158
1153
1167
1377
1606
1983
2119
1871
1463
1225
1198
1110
1110
1186
1180
1175
1161
1137
1103
1103
1189
1224
1207
1271
1202
1140
1134
1137
1152
1315
1399
1873
2087
2319
2318
2479
2468
2090
1633
1232
1098
1082
1102
1112
1104
1061
1079
1068
1088
1084
1101
1052
1106
1109
1106
1075
1086
1063
1134
1132
1013
1008
1086
1115
1033
1020
1106
1078
1079
1108
1178
1172
1264
1267
1215
1159
1147
1125
1087
1133
1103
1136
1078
1074
1144
1057
1001
1107
1064
1128
1119
1135
1077
1130
1052
1110
1063
1145
1102
1084
1108
1106
1112
1123
1066
1080
1150
1176
1121
1073
1216
1145
1169
1121
1153
1114
1114
1267
1574
2511
4536
7326
8851
7855
5087
2731
1570
1206
1125
1081
1127
1120
1112
1132
1062
1113
1102
1068
1057
1089
1064
1060
1087
1102
1037
991
1077
1053
1029
1102
1120
1084
1065
1096
1024
1066
1059
1056
1120
1089
1127
1097
1098
1062
1143
1125
1144
1147
1144
1171
1157
1150
1138
1084
1059
1089
1048
1086
1099
1066
1075
1023
1022
1041
1075
1079
1019
1047
977
1017
998
1051
1067
1012
1078
1040
1126
1075
1026
1071
1080
1014
1028
1064
1054
1110
1050
1052
1102
1068
1075
1129
1102
1194
1441
1534
1619
1575
1381
1215
1119
1077
1045
1031
1128
1055
1014
985
996
1119
1015
1051
1114
1060
995
1025
1044
1087
1065
1040
1094
1090
1039
1077
1104
1098
1144
1105
1026
1088
1098
1096
1085
1118
1165
1112
1070
1086
1056
1048
1066
1072
1049
1052
1041
1070
992
1066
1053
1084
1099
1060
1042
1024
1064
1004
1061
1101
1015
1049
1082
1129
1137
1054
1016
1136
1010
1091
1071
1078
1253
1303
1374
1408
1309
1130
1045
1083
1035
1008
988
1065
1051
1042
997
1061
1014
1116
1010
1043
1032
1070
1077
1042
1047
996
1069
1029
1050
1195
1181
1292
1271
1210
1146
1036
1058
973
1019
986
1059
1050
1028
1059
1035
1088
1029
1066
1014
993
1038
1084
1027
1032
1112
1062
1176
1147
1162
1048
1078
1032
1037
1042
1073
1145
1169
1185
1113
1069
1050
1013
1081
1016
1009
1091
1043
1079
1031
1067
1007
1010
1051
1022
994
1038
939
1037
992
1057
1069
1038
1071
1086
1047
1074
1009
1010
1011
1042
1076
1046
1033
1070
1037
1029
1045
1062
1095
1021
1022
999
1051
1085
1007
1036
1030
1118
1063
1060
1064
1021
1016
1133
1236
1260
1287
1256
1187
1166
1125
1063
1085
992
1110
1016
1047
1014
1018
983
958
984
1061
1013
1022
948
1054
1064
1030
1050
1052
1047
1048
1105
1035
1037
990
1021
1052
1055
1024
1051
1051
1077
1053
1014
1046
1024
1056
1076
990
1048
1034
1034
1065
1117
1042
1038
1009
1017
1021
955
1057
1066
1059
1101
1084
1073
1122
1107
993
982
1029
971
966
1051
977
988
971
981
1090
1033
1097
1038
1004
975
959
1017
1047
1006
1001
1029
1057
1023
1045
1001
1061
1063
1015
1000
1063
1045
999
1030
1018
1037
1022
1055
1071
999
1053
1020
1085
1031
993
1000
1018
1041
1072
1040
1113
1094
977
1031
1053
999
1086
1045
1000
1015
1020
1071
1054
1044
1101
1016
1090
1053
1078
993
1010
1074
1096
1001
1032
1045
1047
1029
1048
1076
1223
1220
1246
1130
1101
1089
1042
1059
1000
1082
972
1001
1031
1051
1021
1031
1098
1062
1065
1094
1167
1170
1144
1077
1111
1062
1013
1048
987
1028
1059
1101
1060
982
991
1028
1127
1051
1060
1128
1204
1065
1131
1087
1019
1110
1048
1014
1084
1058
1091
1047
1040
1050
1066
1071
1112
1047
1105
1047
1042
1000
1028
988
1043
1026
988
1003
1119
1000
1043
1038
992
1020
1082
1070
1098
1035
1057
1009
1067
1050
1111
1046
1146
1130
1182
1164
1138
1061
1193
1212
1438
1723
2068
2600
2620
2259
1733
1316
1108
1065
1064
1045
1096
1089
1102
1138
1101
1012
1025
1035
998
1031
979
1051
1008
1066
1012
1035
1050
992
1083
1024
1064
1110
1065
1139
1122
1251
1262
1287
1370
1258
1247
1108
1091
1064
1010
1088
999
1002
1062
1056
1050
1028
1063
1116
1069
1058
1123
1408
1868
2746
3639
4098
4173
3576
2779
1923
1512
1251
1156
1166
1152
1122
1088
1116
1140
1163
1131
1092
1086
1094
1112
1147
1075
1114
1087
1158
1141
1085
1135
1090
1144
1147
1134
1040
1090
1101
1110
1088
1119
1083
1043
1165
1117
1084
1180
1101
1031
1067
1124
1202
1142
1036
1146
1030
1063
1081
1146
1078
1074
1116
1130
1161
1124
1144
1115
1060
1072
1052
1096
1116
1080
1102
1149
1174
1134
1112
1152
1140
1144
1129
1131
1151
1145
1102
1122
1092
1082
1060
1082
1134
1079
1073
1123
1129
1079
1114
1197
1308
1524
1675
1900
2017
1918
1746
1509
1315
1272
1141
1093
1133
1159
1097
1119
1155
1146
1106
1180
1226
1239
1255
1446
1404
1383
1258
1221
1102
1092
1132
1133
1066
1111
1113
1091
1143
1087
1143
1149
1108
1136
1067
1106
1084
1088
1131
1118
1139
1132
1084
1050
1115
1158
1142
1121
1174
1148
1154
1110
1142
1100
1072
1120
1123
1141
1085
1084
1106
1156
1154
1140
1095
1129
1108
1139
1160
1177
1143
1130
1077
1181
1167
1186
1161
1146
1141
1093
1142
1121
1112
1091
1164
1097
1067
1065
1142
1131
1114
1136
1156
1094
1139
1154
1142
1170
1140
1148
1190
1223
1153
1174
1282
1202
1202
1166
1151
1154
1133
1111
1116
1165
1169
1113
1142
1216
1143
1107
1132
1160
1093
1159
1171
1117
1130
1134
1149
1166
1191
1160
1153
1155
1092
1125
1208
1124
1089
1082
1141
1127
1153
1183
1085
1144
1174
1180
1126
1129
1141
1152
1137
1240
1232
1262
1269
1280
1329
1163
1162
1142
1153
1181
1168
1145
1141
1121
1176
1196
1168
1196
1252
1118
1159
1193
1153
1184
1233
1274
1206
1170
1154
1172
1222
1188
1177
1184
1163
1263
1290
1467
1630
1907
2006
2045
1776
1485
1359
1205
1184
1243
1198
1202
1209
1221
1220
1137
1184
1143
1234
1222
1132
1172
1155
1176
1186
1175
1186
1122
1218
1144
1173
1161
1190
1148
1255
1190
1127
1188
1099
1142
1181
1159
1175
1218
1187
1192
1215
1228
1193
1220
1279
1179
1174
1168
1223
1144
1214
1188
1218
1185
1202
1167
1178
1123
1163
1229
1188
1184
1211
1229
1210
1178
1151
1228
1177
1181
1154
1090
1165
1203
1181
1214
1182
1212
1178
1201
1165
1292
1189
1270
1190
1181
1223
1228
1203
1241
1271
1200
1224
1206
1222
1186
1205
1190
1222
1169
1260
1255
1274
1208
1267
1201
1177
1230
1190
1210
1223
1249
1318
1214
1143
1203
1188
1208
1198
1169
1222
1220
1156
1154
1246
1191
1204
1257
1198
1232
1220
1198
1232
1220
1224
1208
1172
1173
1248
1212
1237
1262
1289
1290
1271
1278
1355
1336
1260
1262
1197
1223
1166
1257
1261
1210
1289
1207
1232
1205
1233
1234
1235
1233
1246
1286
1222
1275
1231
1258
1268
1249
1249
1221
1301
1276
1288
1263
1208
1205
1216
1236
1199
1216
1233
1253
1324
1331
1322
1331
1264
1237
1263
1223
1218
1290
1161
1214
1222
1260
1203
1218
1159
1266
1235
1210
1236
1212
1230
1222
1312
1199
1254
1239
1213
1263
1285
1224
1308
1302
1206
1305
1252
1255
1306
1335
1223
1306
1231
1287
1205
1265
1261
1262
1257
1280
1255
1241
1310
1259
1287
1263
1213
1244
1299
1240
1238
1328
1312
1241
1266
1201
1262
1320
1212
1271
1264
1299
1240
1273
1240
1243
1261
1234
1215
1274
1163
1270
1223
1202
1270
1301
1266
1195
1251
1263
1252
1224
1212
1268
1312
1271
1287
1260
1236
1321
1215
1204
1349
1291
1255
1255
1156
1182
1214
1230
1301
1274
1273
1282
1180
1219
1288
1252
1200
1234
1250
1201
1286
1284
1306
1292
1281
1226
1278
1269
1209
1342
1212
1285
1272
1283
1212
1238
1250
1270
1255
1299
1238
1258
1316
1331
1336
1334
1395
1257
1273
1368
1256
1247
1263
1268
1278
1281
1191
1217
1252
1215
1238
1234
1209
1290
1298
1277
1282
1248
1296
1422
1384
1340
1337
1359
1246
1257
1219
1315
1297
1287
1298
1224
1305
1257
1261
1431
1472
1659
1702
1820
1857
1683
1525
1338
1396
1217
1340
1316
1315
1351
1256
1335
1244
1329
1292
1361
1276
1322
1327
1340
1375
1341
1313
1381
1401
1318
1285
1328
1332
1369
1347
1583
1572
1677
1700
1635
1473
1381
1350
1326
1375
1333
1263
1340
1367
1275
1298
1325
1269
1340
1313
1335
1325
1286
1364
1341
1338
1297
1369
1375
1320
1323
1329
1377
1315
1333
1320
1299
1368
1264
1338
1354
1315
1370
1313
1278
1268
1363
1307
1306
1303
1324
1317
1311
1302
1308
1338
1287
1288
1391
1355
1325
1366
1337
1365
1344
1317
1366
1301
1368
1337
1344
1371
1450
1479
1510
1445
1500
1520
1546
1486
1475
1443
1382
1419
1346
1363
1294
1353
1317
1333
1331
1410
1366
1441
1368
1352
1285
1415
1384
1292
1336
1376
1330
1406
1419
1505
1466
1502
1512
1519
1466
1345
1410
1430
1350
1429
1349
1537
1443
1434
1430
1452
1407
1466
1619
1824
2256
2826
3652
4577
5564
6074
6262
5674
4789
3807
2891
2188
1886
1635
1616
1522
1553
1510
1440
1463
1466
1474
1510
1610
1727
1719
1859
2000
1929
1888
1754
1654
1535
1483
1509
1448
1517
1488
1427
1488
1492
1505
1417
1420
1504
1384
1436
1439
1476
1450
1424
1413
1515
1463
1460
1503
1554
1559
1487
1456
1475
1510
1484
1431
1515
1460
1425
1529
1468
1564
1474
1478
1533
1456
1516
1519
1478
1400
1491
1471
1544
1552
1543
1507
1552
1512
1544
1484
1525
1543
1509
1545
1564
1493
1506
1473
1465
1537
1546
1535
1480
1484
1469
1464
1518
1515
1517
1570
1511
1500
1541
1693
1858
2077
2356
2540
2648
2456
2187
1841
1671
1590
1574
1629
1537
1526
1583
1570
1645
1557
1594
1591
1611
1587
1497
1568
1580
1526
1618
1628
1589
1537
1556
1564
1482
1584
1582
1540
1576
1553
1632
1575
1553
1568
1614
1499
1606
1548
1591
1600
1574
1598
1579
1570
1619
1605
1600
1571
1590
1540
1711
1626
1564
1588
1573
1585
1627
1591
1671
1687
1580
1645
1629
1634
1576
1582
1621
1662
1647
1589
1661
1626
1673
1706
1703
1584
1675
1634
1608
1713
1655
1654
1695
1588
1621
1608
1655
1678
1706
1764
1636
1710
1706
1703
1715
1769
1757
1683
1661
1686
1631
1727
1658
1713
1699
1716
1679
1724
1756
1682
1721
1761
1687
1766
1781
1767
1700
1712
1774
1752
1776
1797
1700
1797
1802
1821
1813
1826
1892
1789
1760
1847
1763
1776
1731
1830
1733
1779
1872
1794
1799
1917
1899
1936
1871
1870
1885
1854
1798
1796
1847
1842
1882
1811
1816
1850
1904
1992
1796
1871
1848
1879
1862
1911
1885
1928
2044
1989
2086
2092
2153
2254
2247
2032
2013
1938
1946
1926
1891
1883
1929
1944
1872
1868
1916
1925
1881
2010
1900
1910
1936
1898
1975
1960
1948
1976
1990
1957
1938
1916
1889
1984
2012
1897
1949
1965
2071
2035
2010
1978
2091
2074
2069
2047
2069
2059
2016
2013
2029
2083
2017
2078
2016
2111
2050
2041
2054
2073
1995
2085
2084
2001
2087
2032
2072
2051
2078
2109
2147
2142
2030
2015
2102
2060
2152
2159
2219
2173
2155
2013
2151
2104
2060
2163
2153
2257
2090
2109
2244
2193
2194
2188
2258
2330
2373
2387
2414
2497
2367
2345
2264
2165
2151
2277
2269
2278
2486
2505
2730
2803
2891
2776
2615
2501
2433
2339
2296
2326
2374
2351
2476
2506
2583
2609
2669
2583
2452
2467
2360
2340
2414
2402
2385
2369
2341
2351
2340
2390
2316
2352
2325
2313
2415
2344
2346
2378
2337
2296
2468
2355
2408
2427
2301
2411
2367
2354
2342
2435
2305
2360
2421
2377
2360
2372
2324
2348
2302
2345
2436
2282
2271
2328
2378
2239
2344
2278
2210
2019
2120
2159
2124
1980
2028
1956
1981
1931
1932
1942
1948
1857
1856
1828
1919
1923
1827
1853
1794
1737
1698
1746
1723
1734
1699
1655
1636
1703
1714
1698
1718
1683
1721
1640
1631
1664
1646
1614
1537
1628
1623
1648
1617
1634
1596
1597
1547
1621
1599
1635
1544
1595
1577
1548
1562
1553
1506
1510
1509
1515
1532
1499
1550
1459
1480
1539
1421
1506
1530
1535
1478
1436
1491
1450
1505
1458
1432
1490
1513
1505
1482
1408
1420
1478
1487
1330
1401
1422
1431
1423
1444
1394
1417
1392
1368
1382
1324
1337
1369
1276
1320
1343
1295
1266
1305
1289
1311
1245
1226
1283
1268
1239
1220
1203
1224
1260
1192
1297
1192
1274
1229
1169
1244
1250
1185
1194
1240
1178
1181
1145
1198
1226
1235
1214
1175
1192
1139
1144
1117
1099
1128
1072
1122
1079
1055
1050
1073
1025
1039
1100
1050
1042
1031
1003
1006
1043
958
975
1018
1062
954
999
1066
1115
1171
1129
1119
1142
1070
1014
929
908
907
886
871
840
873
918
896
812
847
838
827
842
846
802
799
777
797
787
819
805
850
789
793
785
816
765
809
823
827
843
805
819
809
826
784
834
828
807
820
795
789
905
805
820
860
880
841
840
869
822
856
860
916
941
892
898
872
824
896
804
795
817
796
842
842
848
819
869
881
837
858
844
812
811
815
783
770
791
771
803
798
834
793
780
812
813
755
776
838
774
807
811
765
777
779
771
753
742
763
716
770
801
731
747
746
776
754
755
742
707
744
728
732
762
766
722
716
733
801
676
750
726
719
702
726
689
771
748
695
677
720
687
721
740
687
692
697
709
723
741
746
725
712
737
712
738
709
768
722
666
695
747
656
695
753
728
696
701
674
614
742
748
715
693
744
694
738
774
730
734
731
752
696
674
691
677
709
698
704
641
739
731
748
696
679
720
679
720
692
747
702
776
752
775
900
892
932
1017
1279
1559
2483
4370
8622
15830
26900
40736
55967
69445
77063
74168
61986
43563
25284
12319
4926
1845
659
395
323
309
274
268
306
299
264
299
290
308
283
282
269
237
240
271
268
278
270
266
278
266
288
259
271
254
249
280
251
227
253
255
220
220
228
239
244
234
212
235
234
254
230
258
213
221
205
220
235
232
210
218
218
193
231
231
227
211
245
233
230
228
225
209
242
224
244
227
239
279
237
217
267
228
235
259
227
200
238
251
234
253
201
238
221
223
243
278
252
274
225
229
250
253
210
225
245
242
242
252
277
236
236
232
243
233
224
197
221
248
238
192
200
207
201
203
197
200
214
233
238
196
218
230
187
191
202
216
228
208
207
226
240
242
274
238
245
262
280
275
255
236
248
217
198
210
215
217
208
215
215
206
236
190
229
202
211
223
197
237
201
205
231
234
230
242
227
208
196
227
211
204
222
218
188
206
190
197
206
239
236
203
198
207
210
198
187
190
218
245
213
233
212
222
269
263
252
262
241
273
231
233
230
222
248
234
239
219
258
212
212
193
222
210
219
179
215
186
229
226
214
192
208
243
201
224
242
232
214
221
218
219
210
187
221
195
195
236
235
224
267
358
464
629
864
1141
1365
1516
1555
1442
1113
822
490
341
265
263
211
209
228
206
216
199
218
197
238
204
202
209
204
214
183
214
194
200
202
190
232
201
199
226
196
165
184
199
217
190
199
191
221
165
218
187
203
207
209
178
182
190
201
192
189
208
205
252
198
193
192
221
234
229
264
259
236
271
262
299
229
230
245
239
234
252
227
231
199
263
215
225
216
214
216
202
210
214
223
222
208
207
205
220
196
205
198
224
186
206
196
201
185
188
183
177
208
205
196
196
210
194
190
199
226
206
197
231
214
206
187
166
207
186
210
183
178
194
176
192
180
193
198
190
171
190
185
207
211
195
201
206
193
205
240
245
247
208
229
204
251
268
212
194
202
219
210
197
201
189
191
191
184
196
203
196
198
204
177
197
179
210
218
202
211
194
204
198
226
225
229
239
255
254
275
290
235
227
207
205
219
190
185
183
153
185
190
191
203
215
173
189
197
207
193
168
173
180
216
202
234
222
170
197
195
208
212
212
203
190
219
223
200
200
237
225
241
271
264
263
272
272
281
271
241
252
279
218
215
224
173
213
198
195
237
216
181
233
231
226
232
210
158
204
203
193
186
200
211
183
203
175
186
176
195
204
201
185
199
238
194
209
187
200
218
201
189
209
195
182
220
186
199
220
194
198
210
215
187
193
183
201
190
216
183
195
166
202
174
186
218
176
201
199
187
192
199
206
181
189
202
197
178
176
186
183
185
192
195
179
181
184
202
210
200
201
206
197
221
213
208
189
209
197
194
194
175
195
170
199
175
202
190
171
187
209
192
203
202
220
223
209
232
229
218
181
166
185
196
195
182
159
168
189
202
176
197
185
184
198
194
198
211
189
194
212
198
226
188
192
214
164
196
217
211
213
190
223
204
193
200
181
190
190
203
203
172
191
174
201
199
181
198
198
183
223
207
201
182
174
182
199
196
176
164
170
171
175
183
202
184
190
199
193
206
167
186
180
190
214
208
209
169
158
190
191
205
180
189
194
184
173
175
194
209
199
199
196
200
188
183
221
217
183
207
207
201
209
201
200
211
231
200
203
219
205
203
222
196
184
198
204
173
195
214
182
192
216
205
180
175
183
187
178
167
196
200
226
213
219
227
230
206
220
203
235
187
173
189
209
204
207
204
189
201
199
202
202
175
188
159
170
169
179
184
165
183
197
158
207
175
179
189
200
194
176
220
189
195
219
201
190
164
188
172
201
188
179
194
192
237
255
258
279
290
262
263
275
222
217
203
192
178
181
173
171
154
220
190
201
210
234
224
213
230
265
245
216
221
177
171
183
188
204
212
203
175
170
165
193
184
204
170
187
184
181
178
178
193
171
147
182
175
177
186
185
185
166
180
166
162
167
174
153
166
175
167
199
203
188
191
225
253
242
256
312
313
333
322
312
281
241
216
210
201
183
176
183
159
152
180
190
190
156
145
160
187
164
181
163
181
217
164
174
168
169
166
174
173
159
158
164
164
185
170
162
186
159
174
172
176
185
175
204
154
172
195
160
163
161
173
181
171
193
196
163
176
166
156
157
173
187
170
176
160
170
173
156
175
201
196
187
187
205
170
174
195
184
176
194
152
214
188
166
177
138
171
172
201
187
172
161
168
164
170
171
191
181
177
173
185
154
183
157
197
173
174
171
192
199
201
215
203
167
200
180
156
155
201
171
194
172
195
206
188
193
199
228
195
206
209
190
196
194
188
209
175
173
186
201
163
174
167
156
196
184
189
194
185
178
193
182
175
157
159
161
150
173
179
159
162
174
150
173
177
183
170
179
194
193
196
196
200
203
225
210
214
255
265
272
301
255
225
221
225
198
195
194
179
182
184
181
167
198
170
193
176
189
192
199
173
155
178
164
189
184
159
156
136
144
152
180
158
159
172
187
147
160
170
150
184
183
148
156
166
181
173
163
160
187
170
173
159
170
138
186
157
174
154
156
176
167
169
164
156
165
173
161
158
155
162
156
141
154
185
164
138
171
162
155
134
156
137
179
162
176
161
161
166
164
176
141
158
159
189
173
162
180
169
173
187
227
222
246
297
327
417
488
560
546
546
505
408
346
238
221
193
152
149
156
128
148
176
165
147
168
159
163
159
183
156
151
170
158
167
164
174
164
153
183
162
166
160
172
185
195
180
198
181
195
183
181
182
179
198
199
200
215
199
214
183
178
183
162
163
168
159
169
163
175
163
173
152
161
169
167
161
170
180
178
174
171
194
193
160
176
183
146
172
164
150
132
155
157
174
165
176
140
151
151
183
166
142
165
150
154
181
166
149
160
163
154
179
168
178
177
186
164
167
161
174
173
161
146
163
163
178
173
172
165
155
164
156
150
155
141
159
157
147
158
165
153
159
160
162
183
177
184
161
179
183
191
169
148
160
186
193
165
178
171
156
161
178
194
222
220
243
241
255
278
221
226
196
196
196
191
174
201
156
187
187
180
179
177
172
164
153
143
160
169
145
137
139
145
134
163
128
125
152
151
145
163
169
151
148
170
171
132
170
147
182
163
156
184
166
172
149
175
152
161
196
171
175
189
193
216
202
173
177
158
179
132
134
159
150
121
146
140
158
127
150
155
174
149
131
158
141
148
182
145
163
145
168
157
147
132
150
165
160
144
149
137
135
148
147
140
161
144
144
141
151
163
137
138
144
128
139
150
143
150
136
136
139
159
157
160
154
147
159
148
155
173
158
196
191
153
172
164
169
136
142
170
121
154
137
174
159
152
150
166
173
163
133
170
145
161
177
147
159
143
166
145
149
165
145
133
145
159
126
132
138
134
148
146
152
142
130
125
143
137
153
133
157
152
140
139
135
149
135
144
148
147
139
143
139
140
148
134
150
144
140
133
151
149
143
137
148
164
142
153
135
146
150
160
158
141
150
175
166
139
136
134
154
138
136
136
146
144
162
154
145
143
142
133
155
169
162
174
178
198
180
171
181
180
176
165
211
228
169
175
176
195
175
165
143
162
139
118
134
136
138
153
154
154
134
142
157
155
156
171
160
143
177
170
136
138
148
136
141
134
137
164
155
150
178
156
157
169
144
154
151
160
123
135
145
135
132
131
134
148
141
123
115
141
119
119
151
138
125
156
171
154
148
148
146
150
154
173
170
207
242
327
385
421
555
603
648
626
659
587
460
339
247
202
157
158
137
171
154
136
137
144
122
150
117
135
128
129
127
144
135
127
182
135
133
159
160
152
147
123
140
141
137
149
134
135
119
130
138
136
151
144
132
142
150
136
131
151
140
137
139
114
145
152
140
124
149
142
133
150
140
143
137
147
143
142
144
152
156
172
143
178
166
204
185
183
159
155
162
143
145
148
135
129
121
148
121
128
157
129
132
128
126
147
139
141
133
151
132
118
143
128
137
128
130
136
127
135
124
159
153
155
141
118
143
152
152
124
124
132
124
131
134
144
116
122
140
126
134
121
145
172
119
149
133
128
127
152
134
126
122
158
124
143
129
132
141
157
141
129
114
147
120
130
151
135
124
132
112
129
118
111
119
125
119
116
111
127
122
134
133
130
116
143
117
121
144
139
124
131
146
139
160
146
148
145
131
124
141
120
140
129
131
158
141
132
141
150
139
138
135
158
132
144
133
115
128
147
126
140
138
132
122
144
105
139
149
125
145
130
132
134
126
142
129
138
110
136
104
143
121
125
107
126
139
152
157
154
194
197
201
213
239
210
230
223
167
171
150
137
125
151
132
118
139
121
114
107
135
112
129
138
115
138
134
128
127
121
119
142
120
142
117
132
129
130
139
128
124
122
142
138
125
146
140
164
142
148
130
135
147
138
126
142
139
115
106
128
139
132
123
141
124
140
154
148
134
142
142
162
148
157
168
187
199
156
168
172
160
140
139
127
121
116
117
118
117
116
122
132
118
122
133
117
120
121
119
128
125
132
121
107
130
126
125
122
122
142
143
176
172
167
168
174
163
160
147
155
123
130
123
111
134
114
122
98
135
131
143
111
126
105
119
108
129
115
136
134
142
125
122
122
105
140
122
119
118
109
121
106
105
120
100
106
135
120
130
119
127
127
125
146
116
134
127
125
127
118
118
117
117
124
136
129
124
115
129
100
135
119
132
112
134
123
112
114
111
135
146
122
113
132
129
123
173
165
160
168
146
133
137
130
124
114
116
130
109
131
101
136
105
101
112
114
100
116
122
108
121
118
128
129
125
133
135
150
122
86
111
123
145
117
123
120
122
104
97
114
126
117
127
95
107
116
113
116
111
98
119
116
124
118
114
113
122
107
111
109
113
97
99
114
112
116
122
143
149
171
154
171
203
192
201
185
204
240
218
288
367
394
436
426
470
422
426
340
291
191
172
149
130
124
123
112
117
132
134
89
117
122
109
124
110
116
108
108
96
117
114
111
105
106
132
127
124
122
111
127
98
131
119
117
117
96
111
108
112
104
106
103
100
118
108
102
106
104
106
100
132
128
107
91
87
101
88
129
97
118
113
113
109
107
106
103
103
116
123
120
112
105
127
111
125
132
126
129
140
128
113
110
105
96
122
123
107
106
107
107
109
112
120
125
117
100
101
104
111
107
125
109
113
118
95
125
112
112
107
129
105
105
115
122
108
117
111
120
102
98
103
94
110
101
106
102
108
120
116
119
107
117
126
131
126
118
109
95
105
109
116
95
98
112
114
98
107
126
105
127
136
113
93
103
111
96
114
96
90
123
114
102
104
110
107
94
89
126
90
96
106
97
88
114
106
110
116
99
103
92
97
90
112
106
89
93
112
130
113
101
101
125
129
119
124
116
130
114
120
134
112
112
111
90
115
97
84
106
103
85
100
103
87
144
106
143
148
149
163
180
167
193
206
214
202
218
211
206
205
200
215
239
231
278
265
246
186
153
139
110
108
112
111
107
105
123
105
88
109
111
109
112
104
99
104
100
108
86
100
107
100
83
103
119
136
117
124
132
140
138
123
124
144
132
133
107
110
111
109
98
94
110
115
99
114
89
89
100
108
107
105
122
130
107
112
143
141
130
151
135
127
135
116
87
116
106
107
92
112
106
111
107
111
88
109
110
105
93
107
94
126
101
91
98
113
95
99
99
111
92
98
113
113
107
119
99
106
109
112
101
119
108
107
112
100
91
86
127
101
95
101
111
104
102
110
113
105
98
99
78
109
104
110
117
109
89
104
102
122
110
103
99
98
90
111
114
103
101
114
99
99
120
94
111
113
105
105
90
119
111
109
88
89
99
104
103
96
104
94
100
131
100
107
90
109
114
119
123
108
87
118
115
135
112
110
86
98
92
92
97
83
109
97
98
100
96
120
98
104
118
91
95
102
105
88
90
97
92
97
110
80
112
81
96
105
93
102
91
94
89
83
78
100
98
101
75
104
115
113
93
114
110
113
103
110
134
120
123
116
105
111
109
100
94
109
101
82
99
97
95
100
94
89
105
92
89
104
105
118
115
112
127
115
101
123
112
114
124
132
117
151
138
148
142
126
178
146
186
130
138
137
138
147
124
145
126
154
113
106
121
110
109
102
103
93
98
105
121
90
106
100
105
102
117
120
91
129
108
110
109
110
92
86
93
122
107
76
103
108
118
112
122
101
99
96
96
96
96
114
102
105
104
97
91
94
110
101
108
115
100
94
112
98
104
105
110
94
116
118
120
114
127
115
107
114
114
117
97
117
101
91
99
83
95
109
114
111
113
106
114
113
131
142
138
169
150
136
145
146
146
142
163
141
158
145
149
132
147
138
163
164
173
176
175
196
190
145
161
168
158
153
148
136
123
118
121
125
102
118
102
98
118
117
121
114
100
107
111
101
94
91
91
124
112
95
108
101
115
96
113
108
111
115
94
88
122
107
117
124
118
107
130
105
123
107
117
112
107
133
107
139
122
109
130
125
104
118
111
122
109
123
119
105
115
94
109
126
119
105
108
113
97
101
102
116
90
96
103
108
107
116
104
117
98
103
109
113
121
136
137
124
97
118
104
112
134
108
114
119
73
106
107
126
106
116
123
123
104
102
109
94
108
108
106
127
127
146
146
143
140
141
141
126
142
115
142
125
112
107
86
111
97
101
108
99
109
105
97
113
108
89
133
130
107
110
128
129
117
112
123
122
106
116
106
121
97
118
103
100
122
105
97
109
111
105
123
117
117
125
104
91
105
107
88
86
98
105
118
109
108
99
101
95
97
107
86
113
84
116
105
113
113
128
129
99
109
100
99
96
103
114
101
105
100
98
102
106
105
99
101
92
94
110
138
98
101
97
103
118
115
109
123
107
102
109
136
100
115
99
112
104
97
119
95
106
106
103
122
106
101
133
104
131
106
137
100
119
117
101
119
120
120
118
124
109
109
97
105
105
117
133
125
98
87
119
118
128
110
105
100
103
98
108
103
94
112
87
126
101
108
101
105
104
106
109
118
106
107
104
107
116
111
108
117
106
129
122
115
106
112
129
114
134
114
123
129
100
111
104
99
100
105
94
105
110
113
115
108
112
116
113
114
107
106
88
131
102
127
97
114
116
115
107
121
112
101
105
129
110
119
134
141
136
134
117
136
139
118
149
115
116
126
115
98
111
102
100
107
111
119
100
112
116
103
98
109
112
99
105
129
109
125
118
94
105
100
119
122
92
102
116
108
149
114
104
103
106
112
111
90
116
118
114
116
90
111
113
120
118
107
114
95
114
114
107
112
107
113
113
105
97
97
107
118
129
140
136
115
102
124
91
119
110
113
106
103
113
107
113
115
102
85
110
94
102
93
112
99
94
106
105
107
108
91
100
105
112
104
110
110
112
131
112
114
118
107
117
123
126
113
121
108
100
98
101
113
102
95
86
95
117
97
120
114
114
127
141
139
132
146
161
179
200
186
202
172
181
177
159
145
132
123
121
110
147
96
115
103
118
105
98
115
104
101
128
99
92
101
118
116
103
105
128
116
115
99
117
130
118
91
103
122
114
106
117
119
127
128
122
133
134
124
118
121
125
109
112
102
128
106
98
114
107
118
112
120
130
118
114
118
123
115
126
120
141
136
129
106
119
99
106
90
93
127
105
130
109
95
106
112
104
135
130
110
129
150
127
152
146
132
133
117
117
112
114
111
102
110
105
103
95
104
90
108
99
93
104
102
113
112
114
101
113
115
110
100
106
111
135
93
124
133
123
114
120
113
131
135
116
118
114
124
100
113
101
102
82
105
97
103
126
109
92
116
100
88
94
90
101
103
100
90
103
103
92
101
116
113
124
105
106
103
98
97
110
83
100
90
125
101
117
108
103
93
92
111
102
100
88
89
105
109
93
99
101
100
78
110
88
86
94
97
106
92
93
99
96
117
105
99
89
102
115
93
110
104
82
116
100
84
106
110
112
108
113
136
132
139
156
142
161
164
164
205
179
184
171
179
160
145
154
157
121
122
119
112
102
101
99
117
104
117
97
93
113
96
98
99
94
98
108
107
103
91
94
123
116
106
91
98
114
114
109
105
96
114
107
107
113
102
104
103
97
93
133
100
94
139
119
138
157
165
164
204
221
186
217
228
229
236
260
242
286
231
215
218
206
181
163
174
139
129
163
137
150
139
124
136
126
117
101
113
121
121
130
117
118
121
129
120
133
153
169
168
201
184
204
192
216
198
223
214
202
181
209
182
198
181
164
196
196
235
218
245
255
248
239
252
233
235
240
235
207
191
157
148
152
129
141
141
137
138
126
161
139
108
127
116
101
109
101
111
98
96
113
134
114
118
103
123
107
129
91
110
133
111
123
128
111
116
127
119
115
124
137
117
121
112
120
119
119
117
132
112
107
129
120
128
113
109
129
114
108
107
102
138
110
107
119
123
113
104
117
126
102
92
122
141
118
125
100
114
102
109
122
121
139
104
119
128
108
115
107
112
122
106
104
111
123
108
124
119
105
108
111
116
118
110
117
99
139
104
120
135
122
148
160
165
209
180
193
211
210
219
160
179
182
171
137
124
129
120
113
114
116
129
95
104
117
114
138
119
110
114
138
123
127
120
118
117
120
117
105
103
101
117
103
111
119
132
121
124
147
142
136
132
128
146
140
133
163
128
131
121
113
144
116
121
118
119
135
118
111
109
125
131
143
108
124
110
109
126
114
123
123
111
116
110
128
144
125
128
140
133
128
118
131
132
102
118
123
112
126
138
105
105
117
111
87
127
125
118
117
116
104
126
113
119
126
121
120
125
122
95
127
117
124
108
123
114
121
125
128
112
120
129
103
111
120
121
131
104
127
110
125
104
113
127
132
116
115
120
110
126
127
132
120
125
115
122
119
140
119
93
103
128
128
111
118
107
104
128
140
109
100
121
114
114
107
114
109
117
116
125
123
138
97
131
132
119
119
92
121
124
105
131
130
113
130
112
142
101
125
127
106
114
127
121
107
126
127
104
113
109
112
125
124
125
106
115
132
108
93
106
129
149
117
136
137
139
127
108
108
125
113
134
105
101
102
101
99
111
120
103
108
112
123
115
122
107
114
110
113
124
109
101
118
127
112
129
115
112
129
113
113
128
119
125
96
104
118
119
123
106
108
111
120
118
114
123
105
138
149
117
127
124
105
104
132
130
117
111
116
123
112
125
118
130
134
117
108
115
121
121
118
120
129
124
125
133
122
137
150
122
119
138
136
129
113
142
130
126
109
107
109
103
131
112
115
108
111
112
109
118
106
134
108
115
119
120
126
124
122
118
104
114
99
119
134
124
120
138
109
113
111
123
91
128
117
100
125
120
125
106
118
118
113
102
107
138
101
112
118
126
127
143
107
137
129
127
116
115
124
138
132
126
108
106
130
132
130
111
104
120
111
108
110
104
122
132
95
112
113
114
110
115
100
105
132
120
120
136
130
129
134
131
144
132
148
138
154
144
167
166
169
158
132
133
111
109
125
116
125
112
107
121
110
114
95
125
110
106
92
101
102
112
92
96
98
104
104
96
122
98
108
105
115
111
110
92
111
126
105
118
122
120
135
145
130
138
137
131
125
146
120
114
118
103
104
94
112
83
86
104
106
98
102
93
90
100
80
90
120
101
93
94
107
121
106
105
103
116
132
111
126
119
129
121
120
135
119
131
126
113
107
98
90
98
98
80
111
89
106
89
90
98
80
121
115
100
105
95
87
100
96
111
85
98
100
105
92
79
100
87
89
102
99
105
91
92
103
91
95
100
85
81
95
98
113
79
80
90
86
84
89
81
86
100
85
97
101
95
90
99
91
77
104
102
94
85
87
93
90
97
87
98
88
77
85
74
91
102
89
103
100
82
127
127
129
154
140
152
172
212
188
220
217
216
229
217
193
169
153
136
115
108
105
85
84
91
80
92
83
104
90
101
100
113
110
78
104
93
102
93
86
111
106
89
94
115
81
95
86
96
101
111
121
116
119
137
134
137
117
117
140
127
159
139
129
160
183
186
207
226
230
268
287
300
282
347
343
356
354
356
385
386
335
273
254
185
159
141
114
109
89
77
111
101
91
97
76
109
97
85
103
103
92
122
99
111
120
102
129
142
127
154
177
184
200
228
238
243
270
281
278
252
236
202
183
156
158
141
188
160
184
193
240
225
245
281
283
318
325
301
280
251
207
176
142
123
133
100
119
88
86
98
74
82
94
97
97
89
92
89
95
88
107
93
95
94
101
95
97
80
94
93
95
85
93
111
107
96
97
92
94
82
83
90
91
99
88
92
98
94
114
117
96
116
117
120
94
130
121
106
114
83
78
100
94
80
95
113
86
109
92
113
117
97
103
130
129
143
142
125
118
121
122
136
132
152
115
130
109
108
103
95
110
89
80
97
104
109
121
98
96
102
96
108
90
90
104
83
107
93
99
110
106
96
107
102
131
117
124
103
116
126
105
129
111
111
139
136
122
126
119
127
93
105
91
107
92
100
110
92
101
96
88
119
75
117
107
98
104
82
108
86
97
117
103
89
103
101
115
106
108
128
151
164
138
152
139
148
111
117
128
129
109
113
104
129
101
100
93
103
85
95
93
103
79
105
104
101
96
103
83
100
93
97
82
93
81
104
110
94
108
115
107
89
110
87
110
104
94
99
99
116
98
102
99
140
106
74
90
80
96
100
103
114
100
100
123
123
121
124
114
118
151
109
128
114
136
127
112
141
76
100
101
100
96
116
111
94
90
93
99
93
93
97
100
103
106
92
91
97
117
106
108
127
99
104
107
98
93
91
96
100
90
99
90
89
73
84
100
92
92
91
91
93
98
79
101
84
102
106
80
91
104
102
99
87
98
98
100
90
94
97
103
98
96
79
89
90
103
100
100
88
110
98
100
100
94
102
71
105
98
102
92
105
87
103
95
91
105
109
90
82
100
89
78
98
105
81
96
114
102
84
86
106
93
91
100
108
83
100
98
88
98
89
95
92
103
84
102
91
83
83
112
106
95
101
95
116
97
83
88
106
77
118
116
102
94
93
84
87
87
100
94
88
98
101
101
95
86
89
84
93
91
94
77
90
73
92
97
84
74
95
108
87
89
100
83
95
84
92
89
90
96
84
90
107
101
105
106
112
83
84
94
103
105
98
113
92
101
107
80
96
92
84
92
80
82
96
106
81
71
79
93
74
87
74
100
95
107
96
78
80
93
90
86
89
68
95
90
101
92
80
90
80
75
91
82
75
92
83
73
85
82
90
94
86
93
84
77
82
73
97
75
97
84
129
92
107
97
86
78
96
103
90
98
81
117
101
83
91
73
94
75
85
88
71
89
91
70
80
68
79
84
80
88
75
89
95
70
94
97
93
124
124
111
120
135
179
150
168
154
167
174
176
151
158
142
117
95
84
85
52
81
75
67
83
79
68
76
72
74
97
74
74
73
59
71
79
84
70
77
91
76
63
78
91
85
85
104
92
96
107
118
139
135
126
128
133
138
148
144
141
124
122
116
90
77
99
85
81
85
68
81
86
78
63
74
71
89
89
75
79
79
63
70
73
62
74
66
70
75
51
64
81
60
75
75
76
81
73
79
54
59
62
86
62
64
76
61
85
58
64
68
72
71
65
69
69
70
77
70
71
65
65
70
64
61
73
71
65
73
79
80
65
72
61
69
84
67
59
77
76
74
56
69
73
65
86
71
74
80
71
65
59
80
77
83
83
76
77
100
83
73
71
61
75
73
81
62
60
55
49
68
74
65
72
70
79
66
78
69
71
75
78
69
73
69
65
78
77
61
78
86
90
94
95
72
76
82
66
68
78
68
69
66
89
79
76
69
77
87
100
77
77
96
76
73
103
93
87
92
81
70
84
77
102
87
90
86
93
90
98
104
118
92
132
126
119
133
121
130
140
137
127
145
150
145
145
171
188
234
247
298
325
390
410
459
481
518
550
553
558
533
500
383
268
220
184
117
110
83
67
62
56
66
48
46
48
62
51
43
45
67
62
76
47
51
60
65
53
49
64
62
50
70
55
57
66
60
63
61
81
62
50
73
72
62
53
61
62
58
51
66
63
62
59
59
59
50
70
63
69
52
60
62
61
50
57
55
56
66
65
59
62
52
61
73
71
54
53
46
70
51
56
60
58
55
62
60
53
64
55
54
73
59
70
56
43
63
56
62
61
56
63
56
61
50
63
54
60
74
53
59
47
56
48
66
54
55
53
68
48
66
55
63
55
58
51
67
70
68
73
106
89
90
97
124
122
112
111
140
136
131
135
132
127
136
123
108
72
76
75
61
61
72
61
61
60
65
66
66
85
72
76
60
62
59
45
69
54
58
65
65
63
75
86
71
85
86
86
104
85
90
110
115
118
121
96
109
108
97
80
74
72
57
64
60
71
63
66
74
75
67
85
59
60
80
70
63
65
51
54
62
63
71
51
48
51
64
72
45
61
77
62
61
74
89
69
79
69
78
92
85
115
92
93
77
76
65
72
73
56
59
51
58
63
50
52
59
63
65
57
57
72
50
53
50
77
52
65
72
83
69
64
64
87
74
96
87
81
77
68
67
65
86
64
63
55
76
68
77
75
85
86
92
92
112
96
109
117
157
138
131
126
133
142
125
130
133
120
99
100
100
76
96
79
78
75
72
69
63
57
78
67
57
53
59
68
57
61
49
59
66
61
69
61
67
63
49
60
68
67
64
57
64
66
72
61
71
53
71
53
52
60
43
60
62
54
60
57
71
68
48
54
59
65
59
60
55
67
66
58
53
45
46
58
82
66
63
58
63
58
74
44
62
56
59
73
51
61
56
56
60
59
57
58
54
67
50
66
71
59
61
62
57
59
60
65
55
58
75
54
57
57
54
66
61
57
48
67
50
54
44
50
59
52
55
58
54
54
62
53
50
47
55
67
55
59
61
50
62
63
56
47
56
49
55
57
55
42
57
66
53
57
54
59
67
55
67
64
79
71
56
65
61
52
54
67
62
71
68
48
65
64
64
64
66
52
56
57
65
57
44
64
59
66
64
63
67
71
72
80
68
88
83
83
91
82
78
96
103
57
70
63
58
63
52
66
65
61
58
62
44
79
57
61
87
69
56
55
75
69
79
58
63
75
70
80
51
65
77
87
73
60
74
73
86
64
69
72
71
59
63
71
56
61
64
39
53
56
61
68
44
54
64
60
58
55
65
77
59
61
53
64
45
48
44
55
55
66
51
51
62
55
51
57
54
54
56
55
61
67
51
50
56
67
62
51
63
56
60
47
50
60
53
40
52
62
52
51
57
59
60
44
62
47
52
47
45
48
60
35
48
54
54
54
42
53
55
57
50
70
51
59
49
62
58
46
48
54
52
58
51
52
58
53
63
61
57
59
63
63
69
66
70
68
92
80
67
64
85
79
78
87
63
83
88
62
73
69
72
61
61
48
66
55
54
50
47
49
63
41
49
50
57
66
54
52
46
40
51
60
55
54
48
57
54
51
45
62
53
52
42
53
52
63
47
52
71
50
71
44
61
38
55
67
48
63
48
56
52
44
52
57
41
63
54
54
51
48
47
64
43
60
69
70
46
62
59
65
57
67
52
64
58
64
56
44
58
48
62
67
52
63
85
69
57
74
70
76
65
97
80
65
71
58
54
66
66
49
47
64
51
49
43
46
49
44
52
47
53
59
52
62
67
56
67
48
55
55
61
43
61
59
65
47
59
53
57
51
41
44
50
51
51
47
46
49
53
76
77
81
76
65
76
78
69
82
98
100
93
100
74
59
95
75
76
73
84
76
70
76
79
104
81
97
97
131
111
109
125
136
133
127
164
146
139
117
129
82
71
80
60
62
59
56
52
50
51
55
47
50
50
44
41
40
46
43
47
58
54
44
41
49
50
33
49
39
40
47
48
45
32
62
40
53
41
44
54
33
39
49
45
46
46
38
54
50
58
44
49
54
47
54
58
57
39
40
53
41
31
44
47
48
45
50
27
52
50
38
53
51
51
44
53
43
45
63
49
53
44
43
46
48
48
47
52
61
53
52
38
42
52
48
42
50
47
49
29
44
45
38
40
49
63
38
44
45
36
42
39
42
52
45
46
46
47
44
46
39
49
48
43
43
58
52
48
51
41
43
52
43
51
42
43
56
42
46
47
48
49
44
56
57
63
72
87
88
95
110
105
135
110
152
149
155
142
153
127
140
113
65
68
63
50
46
43
41
44
39
40
42
45
39
48
45
33
50
44
41
39
47
44
53
50
43
40
47
43
54
51
45
40
42
44
45
49
50
39
43
42
49
46
42
40
53
49
42
41
50
40
42
54
51
32
31
47
44
51
40
37
44
52
27
41
43
39
39
54
32
40
53
50
41
40
46
31
44
36
43
43
34
40
44
33
45
43
41
44
51
52
38
51
47
37
44
43
43
44
48
52
65
54
57
62
44
44
46
47
48
40
46
58
41
45
46
51
38
57
32
52
57
36
59
45
53
52
42
49
59
46
53
50
64
73
76
91
72
94
88
120
121
152
133
157
153
158
170
173
173
143
135
126
104
79
85
82
52
68
63
53
61
62
53
51
31
36
35
43
45
35
30
41
41
36
45
39
48
42
37
49
37
41
41
46
42
34
43
38
40
39
41
35
44
37
44
39
49
49
31
46
50
49
39
41
40
51
38
40
50
61
45
48
38
55
53
42
36
38
50
32
38
41
32
48
38
43
37
49
40
45
42
40
43
51
54
51
42
36
34
38
35
50
39
40
52
43
44
41
39
40
36
40
48
38
60
42
45
50
43
52
34
37
44
38
37
36
41
41
36
37
40
38
40
29
42
46
40
33
47
44
48
38
43
55
42
39
48
38
42
42
44
44
50
41
38
43
45
36
50
29
51
49
36
42
42
43
35
37
38
36
44
32
38
45
37
39
41
28
39
39
42
46
39
41
47
40
43
49
27
43
27
41
51
55
41
57
41
51
47
47
35
61
45
31
41
55
39
50
50
35
58
41
48
37
38
45
50
39
53
50
63
64
55
54
61
64
64
64
60
69
69
68
79
72
77
59
86
85
83
62
60
65
60
63
59
64
63
54
52
44
59
48
64
55
49
39
40
40
56
46
32
49
51
46
37
39
35
50
39
53
74
54
46
50
55
40
45
41
46
57
54
37
48
49
37
43
43
47
53
31
37
41
42
43
49
44
39
47
50
46
35
42
35
44
45
31
36
52
38
32
23
34
37
45
44
42
47
39
42
45
37
42
39
35
36
41
33
43
36
39
47
35
44
50
42
48
45
44
43
48
48
40
52
59
67
49
65
66
56
56
63
87
89
81
86
82
83
74
58
62
52
47
61
47
45
40
38
46
32
43
33
37
44
33
44
55
33
42
52
43
44
35
42
43
33
35
35
44
52
37
38
45
49
32
34
45
39
51
43
40
30
38
44
48
37
36
52
50
32
37
45
40
43
49
50
39
44
39
49
41
45
44
49
42
37
36
40
42
38
48
45
53
38
46
38
41
38
48
50
50
51
48
50
53
76
45
74
74
71
60
73
68
66
85
60
47
43
41
46
40
46
42
47
44
55
51
65
56
48
65
59
69
51
59
54
52
66
50
42
50
48
34
52
49
41
50
38
39
46
47
41
37
38
44
32
34
37
49
44
44
50
42
55
70
65
51
76
70
69
79
77
72
97
94
77
74
99
74
70
63
56
65
52
44
36
47
46
49
29
48
42
50
43
35
39
48
46
39
39
37
40
47
51
42
48
37
34
46
55
36
47
37
58
35
43
52
44
55
41
42
48
45
55
28
48
41
41
42
43
54
44
51
45
38
46
42
36
48
38
48
41
47
44
42
49
48
48
43
44
61
50
47
44
45
48
53
48
36
52
42
41
41
48
38
51
45
44
32
39
37
42
45
36
29
45
43
56
48
38
52
42
53
57
36
38
50
56
46
55
37
45
52
40
40
42
46
56
33
39
44
44
24
38
45
38
32
35
38
38
41
40
40
34
46
45
35
40
45
50
46
46
45
38
41
40
40
40
25
37
51
46
44
54
41
46
47
41
40
46
39
43
35
42
46
34
39
45
44
47
36
50
37
36
31
34
49
34
40
51
44
45
44
43
41
39
48
47
48
47
39
40
48
45
38
37
50
47
32
41
52
45
37
45
36
51
31
44
46
40
32
46
39
40
60
35
41
49
45
44
46
46
47
57
49
60
38
30
40
38
43
38
34
42
48
39
31
44
27
40
48
43
37
43
51
57
40
42
40
52
30
47
46
58
39
36
53
36
47
42
45
40
46
45
41
40
37
28
46
42
37
30
46
43
36
43
46
46
43
40
36
40
37
43
33
40
40
43
44
45
42
49
57
51
64
67
83
84
97
95
76
101
94
107
99
118
101
115
115
108
112
110
110
111
105
86
84
101
88
105
112
100
124
118
114
102
125
118
133
140
114
125
103
116
133
123
132
110
101
100
93
80
75
75
55
62
62
53
52
43
49
55
57
46
34
51
50
52
48
50
38
58
43
54
49
42
52
37
57
49
54
41
45
50
56
49
59
57
53
60
43
46
51
47
48
42
45
42
47
32
49
36
37
48
39
56
41
58
45
43
61
45
43
48
38
52
55
51
58
71
46
70
57
38
66
63
61
44
47
45
49
61
51
58
49
51
43
56
50
55
48
66
58
46
49
61
54
49
44
52
48
53
55
66
49
58
53
41
50
55
56
63
65
54
66
59
64
60
65
55
69
63
54
72
71
68
55
70
52
55
43
46
45
59
57
42
44
61
51
45
39
49
51
39
61
44
48
52
49
50
40
49
59
48
42
48
46
47
42
49
48
59
52
49
46
39
48
52
59
52
49
52
53
51
45
44
53
43
44
46
47
54
56
53
50
49
50
48
55
62
58
52
58
56
55
60
62
65
63
60
44
51
51
59
67
58
58
63
64
82
72
79
83
97
81
112
106
123
117
123
103
97
98
99
106
76
84
89
94
97
109
100
89
81
78
73
57
67
69
60
55
61
63
47
60
46
55
42
58
66
56
55
61
70
52
68
76
74
70
64
61
56
70
54
58
68
76
64
62
48
53
57
61
58
54
43
47
46
57
46
46
62
48
59
43
52
45
47
53
48
49
53
54
43
41
50
62
52
36
36
39
43
55
45
59
58
54
36
48
58
50
60
57
49
43
52
56
58
56
55
50
40
55
47
47
44
44
54
50
48
68
54
50
46
60
43
38
46
51
61
57
39
45
59
61
57
52
45
50
55
56
48
49
56
59
51
47
50
59
45
70
38
36
57
42
57
40
58
61
49
51
48
52
58
51
42
57
47
52
61
61
34
44
55
53
47
51
37
46
58
56
45
43
55
49
52
52
63
40
48
44
51
43
44
54
55
58
54
50
61
52
58
55
50
47
41
66
52
62
43
48
52
45
55
53
59
47
43
56
51
55
60
45
44
50
39
52
60
81
69
73
67
52
67
74
60
73
87
59
82
73
87
83
75
95
74
80
78
58
73
78
74
60
50
73
53
55
59
57
65
57
59
58
64
63
45
62
63
62
46
54
59
48
49
54
58
42
45
58
52
58
57
53
53
65
43
63
56
42
53
47
52
47
52
51
56
44
67
53
75
68
56
41
39
46
63
48
50
55
53
58
48
49
53
40
54
62
43
64
45
57
37
46
57
47
38
47
60
36
56
42
45
56
42
41
45
55
62
50
48
53
41
47
44
49
65
50
48
50
49
45
47
44
46
63
47
50
39
57
57
60
63
52
59
62
60
51
62
55
59
47
58
53
41
56
48
48
46
46
43
51
54
56
57
52
56
50
52
51
47
41
38
38
40
56
51
45
43
47
55
37
37
39
54
48
50
63
43
38
49
46
39
45
33
49
37
49
50
52
46
38
49
49
45
38
37
40
43
54
49
48
40
56
52
49
58
35
41
34
41
42
58
41
42
41
45
37
37
52
45
36
41
47
39
44
49
35
45
58
37
46
45
45
35
31
46
46
49
41
48
40
36
58
35
34
40
55
46
45
37
40
53
41
32
40
43
48
35
57
49
41
50
43
42
36
38
36
39
32
40
42
42
29
47
41
45
38
37
37
39
38
47
47
50
31
43
40
36
46
34
43
37
35
25
57
38
46
37
48
33
48
43
36
49
41
31
35
31
52
31
39
44
46
33
27
32
42
44
38
45
37
37
53
31
43
31
40
45
49
34
36
37
47
44
40
41
36
44
46
42
50
38
32
50
51
44
33
42
41
50
36
46
46
55
77
87
70
109
99
129
130
127
121
140
137
140
176
173
170
181
202
201
163
169
171
142
134
135
126
113
101
114
110
110
132
131
125
156
153
139
145
169
144
169
167
179
161
168
137
116
143
97
80
51
60
43
55
43
44
33
56
38
38
51
45
48
40
42
41
44
27
41
36
39
37
36
51
43
51
42
48
44
30
49
45
45
34
40
38
53
37
43
37
36
35
42
27
35
35
39
42
36
39
36
41
52
29
39
28
33
40
44
48
41
35
47
48
29
45
29
54
46
36
35
35
47
43
54
50
36
37
28
36
57
41
40
37
41
43
34
47
38
42
53
50
38
48
51
50
34
45
38
54
51
47
46
45
49
49
43
42
62
52
42
46
57
60
53
61
48
67
56
54
61
54
62
54
57
48
72
49
49
40
50
50
30
35
29
32
23
32
37
30
32
52
32
43
39
34
49
46
33
42
41
31
42
36
42
34
37
32
32
36
31
49
40
33
30
30
38
41
40
45
28
38
41
48
44
32
40
43
34
41
34
29
34
31
38
50
36
38
44
36
32
41
29
32
41
46
47
33
41
35
26
34
34
42
23
39
37
32
23
39
42
49
39
46
40
63
48
54
69
68
70
80
71
71
83
78
102
97
102
86
115
105
107
79
84
83
56
66
67
43
54
51
60
43
37
39
50
49
60
46
55
40
46
46
39
49
55
46
44
53
47
57
51
52
53
51
45
39
44
34
34
43
31
36
46
38
42
29
41
32
30
44
30
34
37
39
34
42
40
24
32
40
36
45
39
37
33
37
43
42
39
31
33
33
38
40
46
44
17
38
34
43
33
37
42
33
28
39
31
39
31
43
35
45
24
41
28
49
30
32
18
34
34
21
37
33
38
37
27
47
44
41
45
46
23
37
35
42
28
34
36
33
41
38
37
28
33
30
42
45
51
30
30
37
25
43
35
38
30
27
26
39
34
35
34
43
33
32
37
36
38
36
42
40
42
20
35
31
31
26
34
46
23
29
31
36
35
31
20
31
33
34
34
33
32
41
29
32
34
36
43
36
33
38
32
33
19
37
36
24
42
38
24
33
36
26
31
32
25
35
37
36
26
33
28
20
29
21
43
40
33
41
50
41
43
50
51
59
50
77
59
66
72
67
61
43
59
32
50
45
46
34
35
33
28
39
34
32
39
28
29
19
22
30
25
26
33
29
30
41
35
28
28
20
33
26
22
31
22
29
23
29
33
25
27
35
29
23
27
37
26
40
27
20
25
22
27
31
25
23
24
27
26
28
36
28
34
33
26
25
33
39
23
24
31
25
30
33
30
19
23
33
37
31
28
21
28
21
26
26
18
24
25
27
22
26
22
19
26
23
28
28
23
13
23
24
22
22
28
27
22
11
14
23
14
24
28
20
18
15
23
20
25
17
20
12
26
28
17
19
23
17
28
29
24
16
22
22
21
24
24
22
14
23
26
25
28
20
22
19
22
18
20
27
23
24
21
16
21
28
18
24
17
22
16
17
15
18
23
17
17
16
19
9
17
9
16
26
15
15
22
28
12
27
14
17
24
26
20
14
15
14
15
16
22
23
10
15
13
16
16
21
13
22
14
19
13
17
16
10
20
15
20
20
20
18
19
10
21
18
25
19
18
15
13
26
20
13
20
17
19
17
14
16
13
13
17
26
20
27
22
12
15
21
17
16
12
23
18
18
22
10
11
13
17
13
9
16
11
9
18
27
13
9
12
16
20
13
15
8
14
10
6
9
13
13
7
9
18
10
16
12
12
16
14
7
22
16
16
12
13
8
13
12
16
16
18
10
20
9
17
15
9
14
15
17
9
15
14
12
14
9
13
10
13
9
16
20
17
8
10
16
17
11
22
17
16
22
15
13
18
14
20
14
17
28
17
18
14
12
25
23
27
26
45
31
51
56
71
81
96
102
85
122
137
137
163
175
153
191
181
164
167
150
144
109
83
65
62
54
59
70
61
75
75
92
99
84
120
122
108
131
163
149
174
159
142
123
90
82
53
35
45
21
21
17
15
12
7
6
11
12
8
13
9
14
6
9
13
8
8
7
7
11
10
7
11
12
11
5
9
5
11
6
4
7
10
11
9
5
8
10
12
2
6
15
8
6
6
7
9
12
7
10
5
5
3
10
6
6
9
11
13
7
6
11
8
7
13
9
9
7
12
4
12
3
10
13
7
9
7
9
7
14
6
11
5
7
9
5
6
9
5
9
6
4
6
5
10
8
10
5
5
7
10
9
7
10
14
13
11
14
20
20
22
26
24
37
19
38
31
36
24
32
42
25
25
24
18
13
15
9
9
7
6
3
11
5
5
12
6
6
5
7
9
3
8
5
6
6
6
3
6
5
3
6
3
5
8
8
4
9
7
4
3
7
5
6
9
7
8
7
10
10
3
9
4
3
10
9
9
9
5
7
6
10
4
10
9
12
9
7
8
8
12
12
12
7
10
9
7
11
4
6
8
5
8
10
5
7
7
7
6
9
10
8
7
13
11
9
16
22
14
22
14
20
24
30
29
35
40
49
42
37
38
36
40
28
15
27
24
24
13
38
20
30
19
18
18
18
13
21
19
6
7
10
6
6
11
6
9
7
3
5
5
6
2
8
8
11
5
10
6
2
9
3
9
8
6
8
4
8
1
7
4
8
8
8
12
4
5
5
6
6
4
10
5
6
4
5
7
4
8
7
6
9
7
9
17
3
1
4
11
6
4
4
6
5
5
8
2
2
11
6
9
9
8
6
7
6
5
9
8
8
13
7
5
6
1
4
8
3
3
11
7
7
5
9
6
12
5
6
6
6
4
4
11
11
6
9
8
9
7
4
5
1
4
6
4
12
8
3
2
6
5
2
4
7
7
7
8
2
4
8
8
4
8
6
10
8
11
7
2
8
2
8
3
9
3
1
7
4
8
8
3
8
4
5
4
3
6
5
7
5
8
6
5
5
3
6
1
1
2
5
5
7
11
5
5
4
5
4
6
6
3
8
11
5
9
7
6
3
3
7
8
10
6
6
6
5
6
6
2
6
4
5
6
6
15
7
3
4
5
2
7
6
6
8
4
4
5
4
9
4
6
6
3
11
4
2
5
7
12
5
6
9
2
1
4
9
4
7
8
5
12
5
2
5
8
8
6
3
10
6
4
5
8
8
11
8
4
8
5
7
10
8
9
6
9
8
5
3
5
7
4
5
6
5
5
5
10
2
9
4
6
8
4
6
3
7
6
3
10
7
4
6
8
4
9
3
4
5
4
6
5
9
5
2
4
4
3
7
8
5
4
8
1
4
7
8
11
10
6
7
3
7
6
4
2
9
5
4
3
8
5
6
6
3
6
5
8
6
3
3
4
8
2
2
7
8
4
9
6
3
8
8
10
7
7
5
3
4
5
6
9
5
5
6
8
7
4
3
0
4
6
10
3
4
5
4
3
3
2
4
4
4
10
1
4
5
4
6
5
4
4
10
6
6
7
7
7
10
4
4
7
4
5
2
3
2
7
6
1
7
4
5
5
7
3
6
10
6
8
11
7
12
12
10
6
11
17
12
6
9
6
8
12
12
9
12
12
12
16
9
16
9
2
4
6
9
3
6
2
3
5
7
1
4
5
10
11
3
2
4
5
7
7
8
6
5
3
8
8
3
6
4
11
6
5
7
4
8
4
10
6
5
2
3
5
5
7
3
6
6
7
5
1
8
4
10
0
12
5
2
4
8
2
3
3
2
6
5
7
5
6
2
6
8
7
7
6
6
9
5
11
10
6
13
8
13
11
11
15
14
10
5
13
6
10
10
12
9
20
13
8
9
12
11
8
8
5
8
6
9
9
5
6
6
9
8
5
6
4
5
4
4
13
5
2
3
5
6
2
7
2
7
4
3
2
3
10
4
1
9
4
4
13
3
4
5
7
6
10
6
3
2
4
6
8
5
6
4
5
4
2
7
5
4
9
6
3
7
9
8
6
4
7
4
6
8
5
6
3
5
5
4
5
2
4
4
7
7
6
11
5
8
4
2
6
3
4
8
2
4
2
6
6
6
5
6
4
5
3
4
3
3
6
6
3
2
9
5
3
3
5
3
7
3
0
9
3
11
4
3
4
3
6
5
5
5
9
8
3
3
4
4
4
5
2
5
6
6
7
5
4
3
4
2
2
5
3
3
8
5
5
8
3
5
1
2
3
6
3
5
5
6
1
4
4
2
9
7
3
4
3
5
2
3
3
4
5
2
8
2
2
5
4
2
6
4
4
4
6
7
4
8
4
6
3
7
5
3
4
1
5
8
8
7
3
6
8
8
1
7
11
8
10
12
7
14
14
6
9
12
11
7
10
10
11
12
18
10
14
11
6
7
10
14
6
6
5
6
3
5
8
4
3
9
2
1
4
5
2
8
5
6
4
4
4
6
6
4
8
10
6
4
3
7
5
5
4
8
7
10
7
4
6
5
10
4
10
9
12
10
7
7
13
8
3
11
10
7
4
10
7
3
7
10
5
7
8
2
6
5
6
8
4
4
4
14
5
5
7
10
6
2
5
3
6
3
8
4
5
4
5
11
3
1
6
4
8
2
4
5
2
3
8
3
9
3
5
2
5
3
6
4
5
8
3
4
4
4
7
3
4
3
4
3
7
1
7
2
7
5
4
2
4
6
4
6
3
4
4
9
8
11
5
11
7
3
14
9
7
13
8
7
9
5
8
9
6
5
5
12
11
6
10
10
9
13
13
9
2
0
2
6
5
4
3
4
4
5
8
4
6
4
8
9
5
2
5
3
5
5
6
3
5
2
4
3
4
6
5
3
3
4
6
2
6
5
2
7
9
9
3
6
6
4
2
5
3
3
6
6
7
5
10
11
5
4
6
5
3
2
5
2
8
4
2
4
4
7
5
1
7
5
5
3
7
8
4
4
5
6
3
8
3
4
6
3
3
4
2
5
2
1
2
5
3
4
8
3
5
2
5
4
4
2
5
3
2
5
7
8
2
3
2
7
3
3
2
5
7
3
5
1
4
6
2
6
7
9
6
4
2
5
3
7
3
5
5
3
4
5
2
5
8
7
3
4
10
8
6
11
5
5
11
4
6
7
6
4
5
3
6
4
5
3
4
5
7
2
4
4
6
2
6
8
6
7
3
8
4
5
5
8
5
4
2
5
3
3
3
4
7
4
2
9
4
4
3
6
5
6
3
2
8
4
6
4
11
2
6
4
2
6
6
1
0
3
4
6
6
2
3
2
6
7
4
5
7
7
2
3
8
7
5
1
2
7
5
3
9
6
5
8
6
3
3
6
3
1
11
4
5
4
6
5
4
4
3
5
2
4
2
7
4
3
3
4
5
7
8
6
3
5
6
4
2
3
4
4
6
3
10
6
2
4
2
2
7
1
4
4
8
3
3
7
3
0
6
5
4
5
1
2
3
3
7
6
8
3
3
9
10
2
8
7
6
5
9
8
3
11
9
8
13
13
14
9
9
7
11
14
5
5
8
6
5
2
5
8
7
5
5
1
1
2
3
5
2
2
1
5
3
7
3
5
3
1
9
1
2
3
4
9
3
4
3
2
2
3
3
3
2
4
8
2
3
7
8
1
2
4
5
4
7
6
4
3
1
2
3
3
6
3
6
6
5
2
2
5
2
2
4
2
7
7
3
5
5
4
3
6
7
5
5
7
9
9
8
10
12
8
10
14
8
5
13
14
17
11
10
10
6
6
7
7
5
7
1
1
2
6
3
3
3
5
6
3
5
4
5
2
3
3
3
3
10
2
3
4
2
5
2
4
4
4
3
2
1
4
1
3
3
2
4
1
4
3
1
6
2
2
4
6
5
5
5
5
2
2
3
4
3
5
1
2
4
2
2
4
2
4
2
6
2
5
3
2
3
1
4
2
1
2
4
1
5
4
1
2
2
2
4
3
6
1
0
1
4
2
1
4
6
3
3
5
2
6
8
5
3
1
3
2
4
1
2
5
3
7
2
5
0
3
4
0
2
5
2
1
3
2
2
1
3
3
0
4
4
2
0
4
3
5
9
1
4
0
2
6
4
4
6
2
3
2
5
3
6
10
6
2
4
4
4
3
6
2
1
2
2
5
6
4
2
1
4
5
3
1
0
3
3
1
3
3
2
3
2
1
3
1
2
0
4
3
6
5
5
2
3
2
2
5
5
2
4
5
5
4
4
3
2
1
4
8
1
5
6
5
3
6
10
8
7
11
9
14
20
18
9
12
14
15
14
18
14
15
20
22
21
16
13
14
12
7
8
7
5
8
4
3
5
7
6
2
3
2
2
4
3
7
1
2
2
3
3
4
4
3
2
2
1
2
2
5
5
1
2
2
3
6
2
2
3
2
2
2
4
3
5
3
2
3
6
1
5
2
4
1
5
2
2
6
6
2
1
5
1
5
0
3
3
8
4
4
4
2
2
1
5
1
1
2
5
0
3
1
4
2
5
2
1
4
3
2
2
2
8
5
1
4
2
4
7
1
3
4
6
4
2
3
2
0
3
5
5
2
7
2
3
5
4
2
1
2
5
4
6
3
2
4
4
1
0
3
2
1
3
4
4
5
4
2
3
2
3
8
1
4
3
4
4
6
9
4
2
10
8
7
11
5
9
6
9
4
2
7
4
4
9
3
1
1
4
5
1
1
1
3
3
4
5
2
2
0
2
2
2
2
1
4
2
2
1
2
4
0
1
2
3
1
4
3
1
1
2
2
2
2
5
3
2
3
4
4
6
4
4
3
0
2
8
2
3
0
4
3
1
2
1
1
2
4
1
2
2
0
5
1
2
4
5
4
1
3
2
5
1
4
3
2
0
4
5
4
3
0
2
1
4
2
1
5
3
2
1
2
2
3
5
7
5
3
4
6
1
2
2
1
3
6
3
3
2
3
0
3
1
4
3
2
1
5
2
3
2
4
1
3
3
5
4
2
0
0
0
3
1
5
3
1
1
4
4
3
1
5
3
4
5
3
1
3
2
3
3
1
3
3
0
0
3
5
4
1
1
3
4
2
3
6
3
4
2
3
3
2
5
4
1
7
1
5
3
5
1
3
2
3
5
0
2
3
0
1
3
4
2
2
4
3
1
3
3
2
5
2
2
3
2
4
8
1
3
1
3
1
3
2
4
2
5
5
2
3
3
1
1
4
2
3
0
4
1
5
2
2
2
3
4
5
4
1
2
2
3
2
3
2
3
6
4
7
2
3
2
5
3
4
4
3
2
3
4
1
3
2
3
2
1
3
1
1
3
5
1
3
4
2
2
2
1
2
7
4
3
3
2
2
3
3
3
1
4
3
3
5
3
1
1
4
0
6
0
2
4
0
1
4
2
4
2
3
4
1
1
4
2
1
3
4
1
4
3
2
0
6
2
0
7
2
2
2
2
3
3
2
1
1
2
3
2
1
1
2
4
1
2
0
0
1
1
5
0
2
1
1
5
1
2
2
1
3
1
1
1
4
2
0
3
2
3
1
0
3
1
3
0
2
2
0
1
1
4
7
1
3
3
4
0
3
0
1
0
1
0
0
1
2
1
1
2
2
1
1
3
2
2
2
4
3
2
2
3
2
6
2
2
4
4
4
1
2
5
3
1
3
3
3
1
1
3
2
1
1
0
4
2
1
3
1
3
1
2
1
2
4
3
1
6
2
1
3
1
4
1
3
3
3
1
2
3
1
4
3
4
1
6
2
3
2
1
3
4
0
1
1
2
5
1
0
2
3
1
1
2
3
0
1
1
3
3
1
1
2
3
5
2
1
2
0
0
1
2
1
0
0
1
0
3
2
1
1
3
1
1
2
3
3
0
0
0
6
2
0
1
4
3
2
4
3
2
0
0
1
2
1
2
3
3
1
1
1
4
1
1
0
1
2
1
1
2
0
1
1
1
0
0
3
2
2
2
1
3
1
4
0
1
2
1
1
1
1
2
0
3
4
0
3
3
1
1
2
1
1
5
1
1
1
1
1
2
3
1
1
1
1
1
1
0
2
4
1
3
1
2
0
1
3
1
1
0
0
0
2
0
4
3
3
1
1
1
1
0
4
3
2
1
3
2
1
2
1
1
0
2
2
3
2
0
0
1
1
3
1
1
5
3
1
2
3
4
6
3
3
4
5
5
5
12
9
7
8
6
7
20
11
17
13
14
20
19
14
8
19
10
5
2
10
5
0
5
1
3
0
2
1
1
0
3
2
1
2
1
1
1
1
2
1
1
2
0
0
1
2
2
2
2
1
4
0
1
1
0
1
1
0
2
0
1
1
3
2
3
0
0
1
0
2
0
1
2
0
0
1
0
1
2
3
2
2
0
1
1
1
2
3
0
1
2
2
1
2
0
0
1
4
0
3
1
2
2
1
1
0
1
1
2
4
2
0
2
1
3
1
1
0
2
3
0
1
2
0
0
0
1
1
2
2
0
1
1
2
1
1
0
1
1
2
1
0
1
2
2
1
2
2
1
1
1
0
4
2
1
2
2
0
0
1
0
1
1
1
1
1
2
2
1
1
4
2
0
2
0
1
0
0
1
1
1
1
1
0
2
2
2
0
1
2
2
0
2
1
1
1
2
4
1
2
0
1
4
0
2
1
4
1
4
4
1
1
1
1
1
2
1
1
2
2
2
1
0
3
1
2
0
0
1
0
4
0
2
3
0
0
4
1
1
1
0
1
4
1
1
2
0
0
2
4
3
0
1
3
0
1
3
1
2
1
1
0
1
1
0
0
0
1
6
0
1
0
3
1
0
2
0
1
0
0
1
1
3
3
3
4
0
1
2
2
0
0
1
1
0
2
2
1
2
1
0
2
1
2
0
2
0
1
1
0
0
0
1
1
2
0
0
0
1
0
2
1
0
1
1
0
2
1
0
2
2
1
2
1
0
1
2
0
1
1
0
2
1
0
1
2
3
1
3
1
1
3
0
0
2
0
1
2
1
2
1
3
0
2
2
3
2
3
1
1
3
1
2
2
1
0
2
2
0
2
1
2
1
2
1
1
1
3
1
2
3
1
1
2
1
0
0
0
2
2
0
2
1
0
0
1
0
3
1
0
2
1
1
1
1
1
3
0
0
3
3
0
1
4
1
0
4
0
0
2
1
0
1
2
0
2
5
4
1
1
1
1
0
1
5
3
3
3
2
2
1
3
0
2
1
3
1
0
3
2
2
3
0
1
1
0
0
1
2
0
1
1
0
3
4
1
2
2
0
2
1
1
0
0
2
2
2
1
1
0
0
1
0
4
0
2
2
2
0
0
3
3
0
1
2
0
1
0
2
0
3
0
1
1
1
1
1
0
3
1
1
3
1
1
1
0
2
1
1
1
0
1
1
1
3
3
0
1
1
7
1
1
1
0
4
4
1
0
2
2
0
3
0
2
3
2
0
1
2
1
1
1
0
1
2
1
3
1
1
1
3
0
5
0
2
1
0
2
0
0
0
1
5
2
3
0
2
0
2
0
0
2
1
1
0
3
0
2
0
4
2
1
1
3
0
0
2
0
4
0
2
2
2
2
2
0
2
0
1
5
0
1
1
0
2
2
2
1
4
0
1
2
2
2
3
0
1
2
1
2
1
0
1
1
2
1
1
1
0
0
1
1
1
1
1
0
3
1
3
1
1
1
3
1
0
4
1
2
0
2
2
3
1
1
1
1
4
1
2
1
2
3
1
2
2
5
0
0
1
3
4
2
1
1
2
0
4
2
1
0
0
2
4
1
1
3
4
2
2
1
0
1
0
1
1
0
1
2
1
2
1
2
2
3
3
1
0
0
3
1
4
3
1
1
3
0
1
1
1
0
1
1
2
4
3
0
2
0
1
2
3
1
0
1
1
1
1
1
0
3
0
0
0
1
1
1
2
1
2
2
0
0
0
0
1
1
0
1
1
1
1
0
0
3
1
2
2
0
0
0
2
0
1
1
2
0
2
2
1
1
1
1
4
0
2
3
2
3
3
2
2
2
4
2
3
3
3
2
4
6
2
2
2
6
1
0
1
2
3
3
7
4
4
6
11
7
4
10
3
7
8
6
7
7
8
4
2
4
7
3
9
5
8
3
6
5
5
5
3
3
6
2
3
5
2
3
3
6
2
1
0
1
2
2
3
0
0
3
2
0
4
2
1
0
1
4
1
2
2
5
2
5
0
2
1
0
0
2
1
1
2
1
0
2
0
4
2
2
7
2
4
2
2
4
2
1
3
1
2
2
1
2
2
1
3
1
3
1
1
2
5
6
1
1
0
2
4
1
4
1
2
3
1
8
2
3
1
0
2
5
0
1
2
1
3
2
0
0
3
0
3
5
1
2
2
2
3
3
2
0
2
1
2
2
2
3
2
0
1
0
4
1
2
1
3
3
2
2
4
2
1
2
0
3
4
1
1
0
4
1
1
1
0
2
0
2
1
2
3
1
2
1
2
2
1
6
3
3
4
3
4
2
2
2
4
3
0
2
2
3
1
0
0
3
1
3
3
2
1
2
1
1
1
5
1
5
5
2
3
1
1
2
4
1
2
1
1
4
3
1
2
1
1
2
1
1
2
2
3
0
0
1
2
2
1
2
1
1
2
4
4
3
0
1
1
3
1
2
$ENER_FIT:
5.9250 0.607168 -1.583600e-008
$MCA_CAL:
3
5.9250 0.607168 -1.583600e-008
$ENDRECORD:
