$SPEC_ID:
Sample title.

$MEAS_TIM:
89186.54000 90924.29000
$DATE_MEA:
08/11/2015 1:15:53 PM
$DATA:
0 16383
0
0
0
24
129
60
14
44
113
369
664
2961
52992
97666
97984
92768
87611
85106
89355
96773
89418
75210
66848
63515
63070
60985
57985
55772
53329
52402
50720
49344
48068
46625
45821
44948
43673
43066
42436
41557
40808
40301
40175
39740
38629
38112
37220
36807
36482
36055
35827
35382
35046
34502
34720
34051
33835
33064
32943
32753
32427
32442
31951
31423
31520
31526
31010
30677
30510
30556
30475
30139
30090
29743
29840
29775
29786
29559
29841
29431
29512
29673
29793
29278
29741
30230
30256
30408
30591
30699
30917
31347
32322
33481
34088
33837
33840
34244
34741
35389
35468
36537
36926
37563
38257
38732
39095
40144
40797
41509
42537
43241
43713
44639
44993
46534
47373
47119
47069
47441
48290
49114
49748
50083
51198
54746
60997
63252
61837
70103
83346
78732
66892
68940
75359
67403
57226
54466
53439
53797
53576
54059
54100
54408
55770
58417
62568
64690
61505
59777
64434
68231
64164
58207
57061
57941
57545
55970
54570
54541
54942
54707
54189
54100
54573
54696
54691
54521
54827
54504
54932
54139
54697
54292
54862
54692
54997
55008
54752
54999
55333
55040
54395
54978
54755
54628
54607
54273
55045
54705
54924
54291
53810
54126
53774
53071
53516
53478
52956
53346
53161
52914
52678
52379
52217
52259
52064
52340
51999
51779
51876
51643
51341
51168
51580
51216
51065
50753
51011
50752
50701
50213
50173
49660
49993
49551
49386
49227
49188
48887
48801
48716
48688
48511
48413
48390
48328
48530
49338
50858
50179
48890
47229
47292
47255
46787
47353
46761
47192
46941
46226
46471
46201
46533
46026
45812
45925
45633
46027
45692
45542
45474
45181
45420
45198
45633
45262
44874
44930
44919
44381
44754
45024
44705
44200
44498
44585
44403
44216
43965
43550
44016
43681
44065
45412
46024
45836
43851
43363
42534
42544
42766
42258
42413
42392
42371
42575
42634
42731
42764
42203
42030
42025
41524
41556
41110
41095
41251
41160
41318
41497
40634
40562
39955
40281
40711
40029
39680
39955
40119
39363
38726
38644
39033
38570
38597
38309
38442
38082
38518
38028
37656
37406
37640
37490
38037
38807
40154
39467
38609
37036
36373
36199
35858
35996
35903
36237
35656
35495
35133
35289
34988
34899
34899
34214
34554
33976
34329
34081
34285
34873
34579
33985
33426
33362
33292
32802
32667
32595
33029
32590
32520
32303
32224
31978
32048
31833
31918
31730
32107
31553
31512
31360
31689
31576
31572
31299
31555
31747
31471
31901
31769
31617
31616
31462
31180
30916
31077
30865
30687
30921
30749
30610
30238
30025
29961
29872
29491
29793
29557
29551
29435
29294
29121
28959
28953
28956
28891
29050
28670
29034
28573
28679
28775
28899
29391
29536
29761
30153
30851
30659
31012
30436
30081
30054
29732
29231
28820
28526
27992
27859
27126
26738
26325
25743
25455
25074
24907
24423
24571
24325
24084
23830
23877
23595
23568
23301
23446
23071
23396
23246
22901
22708
22860
22328
22491
22046
21959
22143
22015
21958
22002
21778
21764
21656
21477
21118
21124
21028
21232
20949
20898
20856
20740
20866
20671
20349
20298
20278
20232
20316
19897
19826
19868
20087
19521
19917
19582
19639
19511
19395
19518
19594
19396
19260
19269
19003
18917
18989
19028
18533
18942
18816
18785
18494
18368
18454
18333
18308
18438
18065
18168
18153
18320
17996
18074
18027
17960
17897
17537
18060
17995
18007
17970
17553
17372
17369
17306
17073
17273
17262
17264
17246
16971
17103
17120
17192
16827
17060
16912
17032
17050
16897
17257
16855
16658
16744
16584
16504
16565
16900
16338
16248
16513
17258
17384
16954
16375
16111
16064
16022
16038
16081
15794
16013
15864
16019
15975
15683
15728
15447
15600
15300
15143
15141
15199
15150
14882
15144
15268
15283
14865
15012
15226
15239
15056
15147
14945
14672
14891
14664
14827
14799
14434
14684
14395
14638
14369
14472
14305
14252
14384
14243
14441
14458
14225
14278
14103
14420
14203
14125
14264
14157
14218
14019
14120
14420
14079
14183
13987
14198
13728
14061
13936
14074
13918
13812
13891
14068
13733
13683
13936
13940
13611
13773
14030
14223
14105
13905
14075
14134
14346
14508
14480
14300
14568
14426
14615
14795
15072
14917
14990
14887
14729
14661
14997
14971
14904
14832
14781
14606
14700
14675
14936
14648
14586
14533
14618
14359
14392
14497
14322
14173
14242
14422
14035
14153
13834
13822
13847
13694
13572
13758
13741
13435
13623
13595
13519
13313
13444
13385
13331
13355
13419
13397
13104
13203
12920
13069
13003
12783
12776
13059
12831
12665
12669
12666
12656
12704
12471
12661
12346
12607
12377
12536
12269
12316
12224
12186
12093
12154
12132
12274
11937
12141
12281
11921
12190
11965
11986
12188
12394
12460
12056
11977
12022
12176
12046
11979
11821
12111
11856
11718
11852
11951
11822
11785
11844
11634
11724
11745
11675
11684
11766
11804
11826
11813
12030
11507
11592
11787
11655
11809
11721
11710
11763
11759
11614
11703
11817
11503
11600
11627
11356
11585
11642
11571
11515
11578
11452
11679
11411
11991
13110
14565
16009
17246
17751
18315
18555
18541
18263
18590
18387
18362
18331
18482
18187
18312
17961
17842
17763
17505
17478
17060
16523
15520
13864
12343
11287
10622
10593
10565
10267
10350
10314
10266
10267
10221
10188
10381
10513
10291
10058
10125
10099
10064
9889
10009
10038
10108
10040
10367
10352
10462
9894
10035
9860
9855
10139
10009
10024
9971
10168
10445
10862
12907
16725
25056
38267
53275
63750
63618
52976
37699
24493
16624
12881
11342
11007
11232
11799
11536
10702
10100
9732
9943
9702
9731
9621
9668
9837
9610
9476
9274
9408
9506
9453
9335
9456
9326
9482
9348
9355
9413
9296
9338
9369
9200
9308
9084
9497
9191
9126
9373
9326
9234
9512
9163
9202
9200
9283
9206
9215
9216
9287
9153
9302
9254
9225
9354
9141
9273
9314
9237
9290
9227
9132
9305
9234
9219
9198
9234
9173
9307
9116
9394
9388
9380
9270
9426
9371
9339
9125
9134
9156
9136
9249
9217
9367
9403
9227
9383
9309
9420
9159
9240
9151
9305
9527
9583
9438
9454
9420
9289
9248
9319
9241
9175
9457
9251
9138
9309
9235
9240
9195
9228
9105
9058
9128
9436
9872
11501
12555
11815
10260
9339
9112
9003
8942
8941
8924
9224
9138
9060
8973
8885
9269
9023
9031
8996
9286
10300
11915
12708
11570
10573
9891
9807
9813
9739
9796
9738
9345
9820
9578
9706
9640
9486
9669
9417
9495
9586
9795
9906
9954
9663
9395
9252
9276
9214
9239
9407
9300
9261
9155
9187
9132
9307
9232
9217
9105
9199
9105
9050
9071
8966
8997
9040
8995
9114
9074
9002
9026
8924
8891
9029
8943
8934
8920
9041
8927
8910
8831
8876
9091
8946
9055
8933
8681
8821
8958
8895
8867
8822
8901
9060
8733
8779
8981
8889
8870
8752
8839
8987
8762
8891
8970
8931
8924
8907
8891
8721
8842
8912
8930
8893
8780
8923
8834
8803
8948
9191
9779
10327
10593
9607
8928
8938
8943
8740
8593
8773
8897
8950
8862
8790
8846
9233
9869
10130
9477
9042
8882
8557
8657
8580
8708
8790
8755
8814
8416
8676
8736
8643
8680
8758
8800
8689
8516
8609
8695
8828
8585
8538
8668
8723
8625
8678
8726
8634
8703
8628
8579
8568
8449
8644
8500
8473
8752
8642
8482
8617
8824
9049
9168
9119
9442
9138
9103
9191
9185
9129
9052
8968
8859
8912
8922
8826
8972
9192
8931
8964
8886
8896
8791
8950
8690
8852
8769
8840
9025
8824
8921
8855
8601
8845
8675
8502
8603
8725
8774
8747
8618
8701
8601
8558
8523
8661
8689
8742
8751
8552
8505
8535
8409
8325
8672
8524
8394
8506
8406
8696
8411
8422
8516
8650
8501
8409
8493
8495
8477
8514
8446
8514
8626
8518
8496
8685
8552
8533
8387
8417
8506
8483
8510
8486
8355
8483
8361
8409
8497
8461
8502
8442
8389
8443
8461
8321
8507
8457
8482
8558
8352
8551
8289
8512
8363
8445
8417
8413
8413
8509
8437
8393
8271
8318
8448
8404
8483
8499
8357
8394
8383
8500
8444
8491
8316
8378
8435
8498
8339
8334
8688
9704
11455
12218
11053
9574
8755
8603
8483
8327
8272
8568
8484
8506
8336
8506
8411
8471
8482
8473
8303
8373
8519
8282
8405
8525
8354
8571
8575
8841
9142
9024
9048
9359
9111
8716
8495
8398
8463
8533
8450
8439
8245
8369
8531
8278
8247
8233
8370
8458
8255
8398
8315
8324
8456
8325
8483
8457
8388
8462
8421
8318
8420
8436
8363
8443
8517
8492
8370
8361
8203
8289
8520
8261
8427
8282
8292
8354
8350
8414
8144
8361
8376
8189
8316
8298
8142
8307
8322
8461
8478
8413
8270
8286
8262
8292
8338
8383
8428
8335
8378
8541
8481
8299
8331
8236
8385
8517
8559
8759
8632
8727
8541
8615
8617
8533
8524
8521
8314
8662
8472
8721
8736
8784
8564
8605
8660
8719
8765
8988
9668
10457
9811
8989
8403
8373
8351
8453
8320
8479
8383
8220
8389
8430
8329
8323
8330
8175
8372
8405
8499
8440
8320
8297
8324
8367
8413
8311
8508
8381
8308
8352
8204
8444
8550
8868
9066
9202
8923
8805
8812
9092
8953
8537
8267
8354
8129
8320
8331
8432
8441
8173
8440
8268
8221
8267
8265
8269
8190
8371
8303
8137
8362
8149
8162
8149
8203
8399
8260
8249
8295
8369
8311
8338
8305
8362
8393
8236
8244
8143
8269
8169
8421
8507
8605
8645
8632
8467
8429
8465
8243
8222
8147
8112
8482
8131
8274
8348
8315
8266
8461
8264
8321
8278
8278
8468
8256
8368
8294
8353
7913
8225
8148
8260
8266
8192
8156
8230
8332
8262
8185
8258
8353
8327
8309
8292
8231
8264
8170
8409
8370
8319
8165
8096
8267
8302
8276
8340
8218
8228
8130
8189
8225
8080
8353
8252
8150
8256
8300
8287
8296
8247
8306
8330
8346
8425
8135
8147
8434
8137
8326
8258
8310
8397
8323
8310
8202
8221
8256
8445
8160
8235
8307
8211
8224
8248
8292
8181
8310
8007
8265
8120
8117
8295
8206
8476
8260
8355
8098
8214
8292
8441
8446
8470
8363
8420
8087
8099
8242
8228
8330
8334
8150
8186
8156
8238
8151
8127
8319
8141
8208
8286
8266
8248
8099
8188
8326
8366
8346
8254
8541
8396
8082
8222
8289
8157
8294
8404
8528
8880
9144
8795
8410
8233
8169
8293
8032
8337
8106
8196
8363
8172
8314
8328
8365
8286
8141
8226
8322
8162
8335
8143
8286
8247
8139
8298
8360
8479
8325
8315
8363
8133
8362
8322
8259
8187
8207
8187
8166
8540
8280
8156
8259
8229
8238
8198
8202
8417
8397
8523
8421
8548
8401
8481
8392
8205
8197
8389
8387
8205
8270
8383
8339
8514
8292
8394
8284
8291
8339
8521
8237
8265
8170
8343
8219
8381
8316
8289
8290
8285
8272
8344
8316
8364
8466
8386
8246
8214
8424
8151
8232
8321
8454
8323
8465
8515
8352
8581
8447
8419
8430
8524
8399
8369
8425
8476
8380
8242
8299
8297
8356
8528
8298
8521
8451
8496
8309
8567
8316
8219
8522
8608
8855
8694
8646
8442
8276
8347
8288
8121
8188
8355
8328
8269
8401
8272
8373
8301
8342
8211
8330
8238
8129
8291
8530
8294
8231
8235
8371
8329
8255
8249
8240
8297
8325
8440
8277
8364
8101
8225
8208
8248
8488
8472
8333
8270
8412
8219
8192
8219
8237
8419
8398
8715
8670
8938
8728
8422
8507
8631
8198
8368
8492
8314
8312
8306
8565
8516
8469
8447
8405
8392
8277
8437
8330
8238
8280
8555
8400
8492
8545
8272
8251
8430
8484
8362
8454
8234
8487
8445
8317
8253
8381
8267
8435
8229
8272
8241
8175
8422
8384
8240
8298
8473
8377
8359
8435
8538
8461
8412
8447
8321
8467
8466
8379
8346
8423
8300
8475
8464
8457
8279
8335
8382
8355
8458
8340
8502
8544
8463
8346
8414
8393
8309
8382
8332
8448
8259
8258
8345
8577
8593
8447
8611
8326
8386
8384
8366
8323
8384
8243
8290
8173
8391
8443
8554
8431
8339
8372
8300
8468
8482
8475
8416
8337
8429
8518
8374
8369
8447
8521
8476
8694
8927
8963
8631
8600
8670
8354
8483
8534
8580
8760
9162
9565
9354
8795
8471
8501
8569
8380
8255
8441
8495
8400
8357
8491
8435
8567
8588
8523
8555
8358
8447
8343
8406
8421
8595
8463
8403
8393
8214
8308
8414
8320
8403
8575
8667
8599
8795
9008
9104
8727
8652
8522
8439
8597
8452
8632
8508
8517
8412
8361
8331
8421
8414
8427
8551
8709
8548
8685
9589
14504
29313
55442
75390
68388
42819
21447
12632
10580
10126
10075
9766
9516
9588
9659
9570
9609
9480
9456
9236
9530
9578
9473
9530
9504
9574
9568
9638
9558
9389
9482
9439
9390
9569
9374
9444
9584
9522
9443
9478
9384
9524
9377
9477
9539
9395
9419
9495
9469
9199
9475
9457
9330
9335
9464
9359
9510
9418
9297
9614
9560
9302
9384
9413
9473
9490
9575
9442
9417
9381
9426
9403
9422
9551
9504
9366
9553
9380
9487
9651
9474
9603
9556
9569
9457
9339
9642
9534
9473
9484
9597
9446
9575
9383
9572
9488
9413
9608
9506
9480
9575
9669
10690
12553
14526
14924
13138
11097
9968
9597
9523
9348
9447
9471
9406
9501
9725
9449
9600
9557
9455
9508
9578
9610
9670
9589
9757
9751
9560
9766
9594
9711
9655
9775
9672
9639
9636
9784
9731
9627
9697
9779
9738
9422
9697
9472
9679
9573
9738
9631
9670
9674
9773
9562
9632
9575
9705
9978
10010
9897
9766
9527
9599
9704
9629
9618
9750
9624
9944
9696
9583
9634
9662
9815
9977
9729
9730
9881
9670
9698
9592
9826
9902
9918
10005
10088
9914
9654
9751
9702
9806
9732
9725
9700
9731
9829
9745
9808
9808
9668
9877
9872
9658
9710
9775
9838
9786
9946
9791
9821
9779
9726
9777
9788
9787
9859
9752
9714
9889
9703
9719
9824
9994
10004
10053
10027
9853
9941
9764
9652
9917
9753
9980
9583
9879
9834
10084
9898
10042
9851
9734
9794
9957
9839
9915
9900
9763
9920
9941
10050
10054
10005
9903
9953
10009
9921
9919
9932
10053
9922
9917
10093
9850
9938
10006
10051
10000
10164
9967
10101
9945
9759
9848
9825
9974
9982
9919
9919
9968
10011
10101
10076
9930
10030
10099
10121
10018
10092
10284
10334
10475
10342
10360
10214
10240
10114
10099
10219
10209
10231
10280
10353
10443
10339
10280
10326
10446
10453
10458
10223
10354
10060
10289
10338
10408
10558
10618
10608
10635
10291
10231
10469
10348
10214
10272
10233
10328
10270
10275
10341
10281
10383
10328
10165
10217
10396
10310
10277
10459
10447
10354
10170
10226
10377
10191
10362
10326
10278
10455
10337
10384
10431
10643
10627
10378
10185
10190
10394
10319
10433
10458
10152
10330
10335
10504
10220
10368
10358
10420
10428
10513
10448
10429
10387
10293
10400
10445
10388
10344
10513
10505
10486
10448
10414
10365
10626
10396
10713
10526
10550
10651
10464
10396
10209
10658
10678
10530
10461
10629
10666
10393
10442
10524
10371
10356
10529
10571
10591
10592
10789
10655
10526
10623
10753
10781
10734
10568
10612
10703
10559
10629
10746
10648
10722
10697
10609
10700
10528
10635
10793
10690
10755
10819
10721
10538
10650
10838
10874
10794
10737
10817
10806
10824
10875
10808
11053
10776
10732
10662
10793
10828
10769
10902
10738
10868
10757
11013
10920
10946
10755
10938
10747
10790
10837
10980
10826
10704
11076
10798
10970
11144
10941
10805
11044
10882
10913
11087
11011
10888
10864
11133
11154
10943
11138
11090
10952
11068
11036
11070
11062
11032
11101
11147
11192
10982
11053
11119
11494
11073
11197
11155
11348
11148
11277
11399
11055
11093
10992
11148
11347
11150
11133
11270
11080
11193
11382
11217
11145
11174
11254
11394
11361
11275
11437
11378
11295
11186
11329
11429
11393
11222
11422
11325
11586
11676
11313
11322
11413
11453
11372
11385
11362
11373
11485
11410
11427
11642
11519
11324
11448
11557
11588
11265
11451
11574
11542
11655
11618
11579
11405
11448
11491
11611
11311
11336
11616
11544
11467
11554
11511
11313
11536
11556
11471
11359
11616
11547
11610
11461
11321
11461
11181
11083
11444
11267
11296
11071
11246
11222
11268
11459
11510
11189
11201
11144
11265
11131
11295
10967
11505
11172
11231
11191
11342
11155
11367
11160
11310
11296
11116
11180
11277
11019
11583
11249
11283
11150
11261
11233
11260
11115
11221
11332
11291
11180
11307
11123
11299
11195
11199
11240
11521
11221
11400
11337
11360
11243
11231
11293
11286
11352
11385
11279
11290
11341
11276
11244
11418
11466
11476
11363
11361
11407
11437
11251
11200
11486
11335
11307
11228
11297
11256
11313
11556
11583
11269
11263
11375
11398
11355
11523
11594
11199
11490
11581
11531
11588
11289
11305
11440
11487
11256
11458
11471
11387
11474
11506
11625
11376
11377
11578
11485
11623
11755
11874
11628
11817
11485
11332
11413
11498
11427
12020
11679
11901
11820
11566
11505
11555
11508
11656
11675
11590
11884
11841
11544
11538
11680
11613
11712
11591
11593
11733
11646
11740
12341
13181
14668
15603
14905
13454
12327
11794
11599
11538
11706
11662
11824
11782
11700
11899
11751
11688
11709
11891
11888
11878
11604
11909
11984
11635
11844
11920
11810
11864
11880
11797
11899
11954
11780
11786
11674
11780
11957
11872
11971
11920
11811
11923
12114
11834
11862
12040
11833
11988
12130
11798
12227
12211
12136
12100
11815
12147
12083
11949
12029
12127
12100
12063
12318
12053
12307
12132
12127
12169
12023
12096
12372
12155
12177
12343
12715
13325
13411
13402
12804
12617
12499
12504
12330
12297
12288
12397
12269
12140
12364
12353
12409
12321
12398
12345
12283
12370
12441
12138
12577
12414
12405
12374
12346
12212
12452
12673
12294
12392
12745
12561
12459
12463
12425
12610
12684
12562
12739
12818
12795
12694
12878
12720
12770
12809
13092
13919
14532
16378
20783
29671
45440
64951
81469
86692
78058
60620
41954
28050
19967
16256
14812
14218
13952
13538
13673
13482
13400
13801
13423
13305
13577
13176
13536
13505
13430
13574
13681
13514
13457
13493
13576
13518
13541
13483
13272
13512
13496
13565
13657
13695
13570
13438
13410
13822
13559
13439
13443
13686
13599
13482
13634
13832
13691
13573
13790
13563
13630
13770
13729
13669
13529
13820
13763
13832
13776
13782
14004
13753
13900
13845
13898
13871
13884
14034
13992
13877
14048
13963
13943
14094
14055
13858
14043
14033
14095
14240
14248
14082
14192
14096
14200
14346
14224
14390
14242
13979
14154
14149
14100
14176
14218
14332
14103
14403
14212
14271
14472
14355
14332
14425
14536
14602
14849
15670
16350
16504
16076
15261
14582
14618
14797
14562
14870
14560
14555
14573
14702
14417
14532
14756
14944
14684
14676
14980
14791
14747
14600
14650
14838
14649
14871
14917
14860
15005
14807
14913
14840
14751
14855
15067
14972
14926
15174
15016
15139
14939
14976
15089
15212
15050
15263
15085
15000
15265
15172
15079
15500
15407
15376
15602
15204
15373
15499
15324
15401
15410
15704
15507
15653
15287
15539
15301
15493
15362
15511
15504
15614
15668
15577
15826
15838
15731
15698
15716
15990
15832
15775
15937
15950
15695
15546
15962
15924
15785
16036
15902
15921
15996
16152
16161
16075
15899
16025
16082
16132
16041
16104
16138
16300
16441
16180
16317
16633
16493
16483
16622
16585
16496
16430
16517
16441
16575
16455
16570
16546
16592
16767
16536
16703
16825
16680
16803
16862
17082
17073
16778
17140
16925
16876
17101
17049
17031
17204
16982
17134
17182
17221
17044
17488
17317
17326
17319
17207
17452
16962
17240
17080
17507
17242
17584
17280
17766
17596
17459
17645
17515
17716
17636
17646
17815
18062
17720
17880
18025
17795
18184
18122
18366
18399
18490
19726
20332
20833
20428
19506
18920
18463
18394
18591
18038
18327
18618
18321
18221
18325
18790
18703
18771
18667
18771
18672
18541
18894
18930
18847
19277
18854
18880
18756
18974
19212
19084
19037
19363
19150
19228
19488
19282
19271
19167
19517
19188
19462
19445
19545
19750
19620
19519
19478
19680
19722
19757
20050
19923
20038
19671
20074
20126
19932
20182
19845
20115
20102
20059
20325
20355
20346
20548
20306
20505
20451
20565
20664
20616
20641
20736
20768
20732
20605
20824
21122
20851
20837
20893
20956
21108
21199
21022
21070
21138
21559
21363
21311
21336
21328
21630
21474
22100
22340
22600
22589
22217
21896
21830
22121
21954
22123
22004
21972
22222
22225
22304
22569
22663
22664
22693
22517
22343
22452
22463
22711
22936
22624
22666
22554
22669
23146
23203
23062
23271
22985
23125
22807
23089
23250
22826
23310
23007
23018
23265
23378
23189
23317
23411
23389
23318
23516
23497
23628
23705
23465
23336
23563
23446
23876
23750
23975
23493
23581
23811
23804
23742
23310
23633
23636
23821
23259
23503
23457
23464
23448
23401
23497
23105
23197
23145
22788
22789
22627
22542
22039
21751
21381
21024
20633
20149
19797
19262
18747
18554
18106
18113
18000
17710
17811
17555
17579
17049
16905
16683
16362
16189
16259
16170
16090
15912
15896
15907
15545
15601
15570
15997
15685
15627
15519
15351
15305
15307
15079
15177
14854
14879
14917
14942
14973
15020
14973
14836
14577
14551
14671
14494
14568
14396
14367
14579
14349
14556
14228
14020
14174
13967
14025
14054
14007
13914
13776
13808
13603
13799
13760
13597
13772
13433
13508
13404
13288
13441
13272
13312
13259
13448
13375
13168
13060
13036
13028
12945
13026
12919
12868
12776
12721
12636
12702
12564
12518
12406
12477
12508
12091
12193
12065
12048
12067
11823
12084
11921
11845
11816
11661
11659
11563
11347
11340
11390
11204
11181
11299
11229
11112
11079
10963
10756
10825
10690
10638
10688
10595
10545
10622
10236
10404
10251
10262
10155
9960
10095
10247
10101
10044
9719
9665
9358
9504
9336
9291
9362
9224
9262
9065
8939
8979
8806
8723
8591
8568
8455
8571
8443
8357
8431
8157
8107
8010
7895
7789
7781
7792
7765
7692
7720
7398
7512
7431
7241
7242
7073
7029
7052
6851
6646
6681
6508
6511
6594
6496
6438
6239
6440
6323
6241
6274
6025
6004
5941
5871
5752
5672
5767
5594
5590
5575
5432
5693
5542
5363
5262
5250
5170
4985
4909
4831
4897
4935
4844
4760
4799
4565
4603
4527
4535
4492
4476
4295
4215
4400
4416
4111
4086
4068
4215
4008
4141
3964
4068
3902
3900
3804
3792
3802
3735
3639
3668
3647
3689
3607
3587
3462
3503
3530
3563
3398
3341
3320
3426
3306
3334
3302
3333
3158
3239
3235
3267
3265
3221
3194
3174
3023
3175
3147
3101
3134
3044
3120
3033
3048
3095
3029
3026
2988
2993
2962
2999
3044
2961
2924
2973
2937
2907
2947
2910
2921
2902
2979
2816
2828
2762
2797
2858
2794
2857
2813
2756
2801
2713
2687
2772
2731
2721
2696
2737
2661
2600
2608
2734
2678
2663
2711
2648
2581
2734
2710
2687
2843
2747
2612
2531
2526
2446
2429
2477
2435
2503
2373
2406
2313
2342
2385
2328
2348
2426
2400
2349
2311
2276
2226
2322
2386
2223
2253
2260
2271
2243
2229
2244
2143
2141
2126
2211
2198
2253
2221
2247
2180
2205
2258
2177
2142
2358
2254
2269
2257
2365
2331
2369
2407
2415
2524
2493
2752
2961
4034
8177
23994
78340
226076
525569
937682
1240598
1203700
850543
435521
161817
44171
9175
1936
825
787
742
699
703
658
614
620
578
538
584
603
512
536
515
520
508
498
508
499
524
509
509
487
502
508
507
531
454
501
458
473
470
470
448
511
480
469
454
440
439
437
477
424
483
470
485
492
491
522
492
494
482
439
445
447
457
463
451
463
473
468
437
420
463
428
453
435
474
435
461
472
482
500
523
472
454
470
436
436
441
452
448
455
441
455
469
484
465
466
488
500
526
498
466
465
499
462
434
407
466
451
463
484
543
516
530
484
507
427
446
426
437
451
444
487
427
454
424
433
469
437
427
432
449
406
420
420
470
440
433
415
431
436
435
456
403
466
496
496
508
443
456
430
476
431
433
481
476
426
440
469
477
455
468
438
470
496
432
447
476
444
461
397
467
426
448
440
458
426
455
462
452
428
420
441
425
425
412
397
443
422
422
419
423
447
407
418
480
436
399
441
449
424
440
444
430
431
436
449
439
454
471
445
462
404
426
421
456
426
444
433
407
417
436
399
408
421
443
419
412
383
455
419
437
403
431
447
403
394
413
430
426
405
427
421
381
415
399
415
409
432
475
426
437
402
457
450
469
411
419
420
474
436
424
446
468
430
418
395
443
454
441
419
423
410
416
418
416
434
428
467
472
437
452
418
443
399
415
414
396
458
431
441
424
392
415
395
420
421
398
433
410
413
403
423
385
417
419
414
410
415
411
419
407
385
406
407
410
395
370
433
435
388
395
388
420
388
415
434
435
417
395
396
391
394
377
404
447
398
390
443
451
429
417
375
431
435
450
486
480
556
472
458
405
395
410
413
408
427
402
391
400
379
437
396
426
375
432
422
412
416
406
406
437
444
360
427
433
469
447
437
426
431
407
403
429
404
412
383
410
383
385
410
404
423
364
371
381
383
390
394
401
354
377
381
419
431
421
422
405
397
416
457
441
465
463
442
406
410
402
417
392
394
360
398
407
415
379
368
428
350
395
377
401
364
413
360
383
401
383
353
390
377
366
392
420
399
399
406
382
397
399
396
373
395
404
390
378
373
380
413
395
381
397
363
420
384
373
398
416
442
399
409
429
403
398
388
385
391
387
446
494
510
482
444
424
420
402
411
376
343
384
390
483
412
410
492
647
773
894
965
846
679
536
479
427
441
416
402
387
408
411
443
529
518
534
496
456
389
407
353
367
372
388
374
384
357
408
362
388
393
391
408
395
416
415
414
395
401
397
419
432
491
426
448
397
388
394
410
377
358
372
397
398
424
363
389
340
371
348
353
360
397
392
419
372
380
343
425
411
365
415
387
378
379
396
436
341
390
381
401
406
368
379
430
370
377
395
385
386
402
389
373
409
412
425
430
418
427
419
396
342
376
385
361
385
369
380
403
355
381
363
367
395
422
427
421
439
445
403
434
376
397
377
319
362
413
351
363
356
344
347
398
380
392
410
379
391
379
387
421
349
388
358
355
360
370
403
385
371
395
366
381
399
426
451
487
562
443
412
411
387
361
365
365
364
382
357
373
359
355
405
396
349
363
373
346
376
367
372
366
366
372
366
346
332
359
350
366
383
372
372
330
352
363
380
378
361
416
357
385
335
378
360
350
366
351
355
345
363
373
372
355
337
336
382
347
393
391
375
325
336
338
407
478
566
620
556
546
487
398
394
380
438
492
530
617
636
645
486
475
417
390
402
362
376
333
373
340
376
370
358
346
385
384
356
384
398
356
386
392
422
372
408
421
375
358
352
351
369
375
378
396
379
370
363
376
376
388
341
384
316
339
384
352
405
372
367
381
388
349
412
390
368
375
385
381
367
323
326
323
375
401
330
370
359
336
388
355
366
384
329
323
347
348
334
377
376
343
352
332
367
345
379
354
354
364
350
380
340
336
350
382
366
371
392
415
413
420
364
380
377
334
337
356
366
393
355
383
340
352
357
345
348
326
369
375
375
362
355
360
367
339
355
356
394
369
373
363
377
362
368
385
365
347
335
360
332
367
372
379
383
343
348
350
373
374
384
397
433
456
466
462
415
422
388
379
376
350
313
385
385
355
389
372
349
373
357
354
365
376
335
366
343
332
366
338
352
346
375
394
383
353
350
354
329
371
361
385
340
317
360
342
319
382
334
325
369
326
372
327
376
365
328
376
337
338
301
345
355
359
361
360
356
364
376
364
348
353
364
344
328
379
325
339
381
384
357
373
366
393
340
346
340
345
341
342
362
331
383
336
360
375
355
398
366
406
378
346
360
339
364
321
362
342
337
335
332
330
347
354
371
400
403
440
355
412
347
362
368
343
332
376
334
414
399
433
452
497
570
539
484
415
378
406
361
339
393
377
344
341
334
334
359
373
334
361
328
382
295
338
300
364
338
313
368
343
331
312
294
341
338
330
351
324
326
324
335
348
315
343
408
325
328
328
340
321
348
348
319
345
356
349
364
402
393
445
417
390
361
343
366
330
312
305
317
318
333
330
374
349
339
341
349
344
366
335
325
352
337
305
335
321
328
336
339
365
350
339
321
325
303
328
312
314
354
308
344
330
320
330
341
331
343
371
385
351
355
319
366
308
349
332
345
329
336
313
327
339
326
338
330
351
310
346
307
337
337
359
312
373
322
309
294
291
308
322
307
279
328
320
311
304
345
327
355
325
317
344
351
338
372
347
331
319
310
339
346
367
356
358
334
306
311
340
345
374
334
342
359
348
319
327
333
341
313
324
334
333
353
334
362
329
327
328
296
348
339
363
339
359
312
302
325
299
335
315
326
352
305
333
324
359
325
360
355
352
370
379
336
325
317
352
350
406
479
504
491
382
374
319
341
328
323
334
294
316
363
336
310
307
328
320
330
290
349
310
340
326
346
336
378
320
365
344
332
344
341
330
321
295
337
323
339
301
345
310
314
310
352
308
326
303
345
349
317
324
328
336
371
331
294
328
327
325
340
329
357
341
286
331
339
337
305
333
351
296
317
301
327
328
323
284
319
325
304
318
326
299
323
311
312
342
341
362
352
404
447
470
424
370
294
337
375
317
398
428
424
443
478
437
425
374
320
325
333
366
352
350
334
363
305
317
322
351
320
317
386
401
443
436
490
390
382
315
372
372
300
301
275
318
333
291
293
289
284
279
261
298
309
306
311
310
306
324
316
366
356
354
364
333
329
356
376
391
356
387
342
355
313
332
323
315
291
328
304
348
352
340
324
321
358
321
273
283
302
299
335
307
274
333
333
308
303
315
301
318
340
349
361
337
343
299
339
314
330
305
319
307
306
306
321
295
296
313
319
290
323
297
304
325
321
343
314
333
304
344
305
303
306
283
294
269
286
317
296
302
297
279
315
306
319
319
286
312
354
330
344
329
307
255
296
278
316
337
310
306
327
306
333
344
366
370
334
392
335
341
313
327
320
314
306
285
295
329
312
300
273
297
310
316
343
333
299
311
309
290
346
287
302
284
310
331
319
300
286
314
283
307
319
278
283
299
309
305
289
298
307
306
298
302
298
326
332
303
315
291
300
289
276
285
302
293
296
331
324
303
286
310
348
331
291
325
331
293
285
303
275
281
293
292
314
307
321
317
330
322
334
354
379
422
523
543
582
555
437
460
407
415
433
530
635
654
730
652
689
515
427
408
336
326
322
318
314
327
335
335
301
317
279
313
308
313
301
330
337
318
310
294
291
316
322
318
332
308
298
300
307
290
301
277
303
335
317
304
287
329
290
302
314
299
308
269
288
276
318
352
317
331
313
309
310
294
316
341
298
303
285
315
334
276
297
291
315
300
295
303
304
284
299
324
334
329
349
328
298
283
296
275
299
320
299
325
324
322
298
294
283
301
316
309
312
284
301
308
311
300
307
326
286
308
316
288
332
320
318
305
326
265
305
309
301
313
294
298
312
308
317
322
306
288
315
305
304
294
311
316
307
305
317
284
280
304
329
320
305
300
303
304
294
314
327
302
364
324
324
309
315
303
353
312
293
343
346
363
334
300
339
310
375
323
310
296
327
319
290
307
270
301
306
295
275
293
294
290
281
289
303
321
272
266
293
329
280
283
292
277
275
337
314
328
303
289
312
302
300
271
327
319
315
297
271
298
320
284
308
329
344
367
317
288
346
373
348
278
300
280
298
298
257
283
312
291
349
289
278
304
297
275
304
287
318
278
327
261
303
302
315
302
315
279
325
277
276
295
297
261
284
283
289
315
288
317
284
300
283
319
302
288
307
306
323
316
300
290
287
307
307
302
311
296
336
337
307
298
281
289
314
287
318
305
311
313
298
318
320
294
285
295
303
307
347
324
270
297
275
264
306
279
312
287
298
282
273
319
260
299
285
277
292
264
292
310
299
322
333
317
312
294
278
275
310
295
306
287
307
286
305
339
315
312
283
289
300
303
293
274
313
267
275
309
313
326
290
299
282
314
273
347
288
304
295
289
306
295
284
270
320
293
295
301
293
282
294
292
302
290
313
307
292
326
319
281
286
285
284
313
331
307
294
361
310
310
327
337
333
347
331
318
281
303
309
310
308
342
317
355
333
311
303
320
262
294
299
309
314
276
290
303
291
303
281
308
305
288
300
285
299
255
275
289
311
278
277
283
295
266
257
300
289
274
286
301
347
342
316
325
301
306
296
308
262
293
274
264
283
273
279
282
241
278
256
322
284
255
285
274
287
267
295
275
279
286
300
304
279
278
255
286
275
253
292
258
275
274
291
262
264
289
286
318
360
409
368
344
316
282
288
272
280
277
287
270
266
256
293
253
256
247
260
263
265
255
248
273
244
254
233
274
239
234
259
255
249
268
323
395
422
546
581
624
529
457
402
338
315
292
244
277
284
277
283
246
254
258
264
274
249
263
277
266
267
265
262
251
261
274
296
252
246
285
255
229
290
280
251
267
277
224
257
249
244
254
246
279
266
287
263
223
271
258
300
275
254
260
267
278
257
272
252
259
291
235
258
255
276
264
281
268
257
320
391
516
667
823
827
755
622
495
351
285
288
312
280
289
284
336
327
305
309
262
257
243
264
290
265
280
320
292
279
289
274
241
236
237
259
251
234
261
225
229
259
233
237
236
232
199
252
261
246
248
269
268
273
248
283
280
237
213
235
250
249
238
223
229
213
247
225
232
249
229
230
228
223
245
252
222
202
229
254
221
230
254
248
241
241
247
225
248
218
233
252
267
236
266
291
274
243
270
297
312
287
301
301
301
302
291
237
247
252
219
214
253
198
205
240
239
262
248
248
262
216
255
215
226
226
225
207
206
201
237
215
213
249
288
273
226
251
239
243
221
216
267
211
230
246
256
215
210
227
253
246
244
270
220
261
224
267
276
246
247
213
266
260
257
230
235
223
207
265
259
211
255
255
242
247
230
214
232
222
225
220
253
223
223
217
217
222
232
209
207
238
213
227
208
257
246
207
215
234
242
241
239
231
290
247
234
251
224
250
204
218
212
234
223
240
217
263
222
259
206
228
220
245
231
207
248
218
250
209
187
246
228
238
244
255
259
209
223
234
227
212
226
272
319
390
619
919
1087
1195
1078
824
613
467
398
499
771
1090
1527
1736
1639
1360
936
601
390
310
284
243
271
250
230
250
248
213
228
233
200
223
209
206
238
225
235
220
228
261
224
255
245
216
237
217
205
218
219
242
244
233
217
237
251
230
259
220
231
265
246
228
247
252
210
210
244
230
240
230
234
238
202
222
216
227
227
247
269
252
219
247
215
190
234
182
216
224
216
217
211
215
239
206
219
226
233
224
215
243
215
223
259
204
220
241
235
217
225
228
232
241
232
206
216
241
240
235
253
237
240
288
249
265
251
240
221
236
225
218
214
194
196
211
202
221
226
219
207
237
211
237
227
207
210
212
217
229
227
222
225
217
222
213
214
219
220
215
216
218
215
213
240
231
214
207
228
221
231
239
225
220
210
254
214
226
218
198
215
225
213
218
236
217
201
220
200
211
221
232
225
259
208
221
220
239
218
224
227
238
220
220
205
209
215
193
194
217
188
223
200
194
207
216
179
232
225
215
220
204
208
207
204
228
210
226
212
221
227
216
223
224
256
214
225
207
182
212
205
230
239
239
220
249
231
252
222
247
225
223
244
231
196
205
198
181
218
195
219
230
250
199
208
208
251
220
218
212
199
208
200
242
223
173
228
221
196
209
203
211
224
213
238
232
205
184
224
234
276
255
292
303
261
239
235
221
232
226
297
283
287
276
251
254
233
244
233
204
217
202
212
217
210
212
209
191
191
240
223
200
235
197
205
209
192
208
188
213
204
242
205
220
223
276
259
276
229
233
212
208
204
203
222
209
217
235
232
229
239
257
219
231
221
210
218
207
227
209
215
196
233
222
206
222
216
238
241
221
236
217
226
210
218
220
192
207
207
184
233
193
201
210
200
197
216
204
222
217
218
226
204
218
220
234
232
221
237
233
198
215
252
244
276
306
271
284
294
259
269
293
316
453
589
808
952
987
840
619
498
332
246
245
233
237
226
279
277
236
247
219
221
207
209
222
220
225
265
224
210
236
222
235
203
225
198
243
216
264
224
258
212
228
249
206
260
229
215
251
242
209
235
201
243
221
229
226
217
208
212
244
221
208
249
250
212
257
243
273
226
221
233
250
237
266
279
267
261
239
223
210
207
243
223
217
214
254
220
242
248
231
235
260
215
208
260
221
244
246
242
216
230
221
220
245
233
217
206
225
231
203
223
209
209
233
202
234
197
218
204
227
249
238
223
282
278
331
422
482
534
564
575
500
457
342
303
274
268
235
239
218
217
238
232
239
226
237
216
228
228
227
210
276
251
263
257
234
235
230
215
218
256
232
189
218
207
236
233
248
233
223
216
211
229
225
210
231
220
235
211
224
248
232
219
216
228
233
233
229
223
214
199
226
229
227
237
214
204
197
192
222
249
202
217
219
232
223
226
231
274
269
266
253
256
250
239
245
220
220
233
207
206
224
206
226
237
227
258
213
229
206
207
205
203
204
225
220
234
202
199
215
235
195
188
199
203
238
212
220
215
211
209
199
199
244
215
228
215
188
195
219
227
219
216
218
217
246
236
234
225
237
249
220
220
246
209
237
219
234
233
236
201
219
249
219
216
235
216
237
204
235
230
182
238
217
202
252
227
254
193
237
216
220
218
240
212
199
239
235
229
225
218
213
222
216
192
209
222
219
225
233
253
229
249
222
213
233
227
249
225
199
223
240
209
208
231
232
200
213
216
243
205
229
244
234
233
222
225
244
237
243
253
245
232
247
287
294
347
331
291
297
300
277
279
247
230
244
217
196
235
211
232
241
226
214
210
207
234
219
222
245
239
259
219
225
213
244
237
247
254
211
233
232
213
205
238
250
219
251
241
248
225
219
260
248
248
211
224
230
222
243
232
202
246
237
220
202
249
252
218
218
245
238
227
251
234
254
276
245
243
207
223
234
237
245
239
239
240
266
236
242
234
216
243
206
223
221
212
241
225
211
215
207
236
228
215
233
255
239
228
226
247
218
233
236
215
239
241
248
262
277
241
235
230
235
263
227
246
240
227
224
226
219
227
218
222
224
216
255
228
213
215
255
232
255
277
255
278
289
266
313
295
285
251
239
285
251
270
267
245
261
245
257
287
214
217
215
232
235
218
233
233
241
250
307
286
296
279
251
269
250
247
248
227
226
208
256
230
205
258
260
248
272
333
364
464
512
604
590
581
557
463
392
374
291
278
268
229
244
229
265
245
227
244
267
264
342
304
337
332
271
319
290
252
225
249
240
239
255
203
240
210
247
235
223
229
243
240
231
240
287
286
328
381
424
483
488
478
421
404
313
313
292
239
248
251
233
244
213
237
224
213
200
271
219
207
228
204
243
219
258
231
220
217
242
232
217
231
225
205
233
234
222
261
261
220
219
249
217
228
228
235
227
232
231
224
214
220
230
239
225
207
247
230
221
225
216
205
207
226
220
230
220
238
204
224
210
211
220
214
218
223
199
239
222
245
227
250
252
241
240
239
198
207
220
227
240
196
214
237
211
220
222
233
193
232
243
213
230
204
223
232
235
220
222
195
210
200
204
218
237
231
209
209
230
222
225
209
204
207
211
211
206
240
226
223
216
235
213
212
227
230
230
251
236
278
282
265
254
241
259
238
213
224
237
193
199
202
218
188
238
215
204
207
222
200
205
233
201
221
220
216
232
203
193
233
213
234
228
226
228
238
218
207
222
218
228
203
243
257
214
228
239
239
223
260
227
233
208
223
233
243
179
222
209
208
205
215
208
198
221
221
257
222
211
202
212
207
199
211
201
244
215
257
278
252
252
228
222
197
207
232
206
186
187
200
180
211
202
216
226
249
243
245
248
285
289
276
261
245
252
247
225
251
220
218
240
245
214
193
206
204
242
251
261
320
367
442
624
871
1106
1278
1315
1235
1070
860
615
439
383
300
288
256
237
248
205
195
217
230
226
229
229
231
228
253
236
253
234
204
216
250
195
208
222
200
214
235
199
205
236
205
215
202
225
247
202
202
228
239
250
201
236
236
217
201
217
231
186
197
226
229
239
223
229
240
219
209
234
214
204
195
220
240
212
206
218
231
235
246
247
190
230
186
209
227
200
208
223
228
234
205
222
241
201
234
212
220
230
221
239
226
251
206
243
233
243
221
203
248
211
217
216
216
246
211
223
221
231
234
259
273
249
286
371
482
631
875
933
1013
967
887
786
722
607
478
399
305
285
243
247
211
220
246
229
238
250
241
240
258
275
269
240
241
271
233
244
241
225
188
213
216
222
223
210
211
259
227
215
201
209
212
228
249
237
245
264
261
287
319
368
374
420
382
298
276
243
251
251
214
225
224
217
237
216
232
237
237
215
237
255
241
226
258
244
253
262
273
290
278
322
255
264
271
243
244
249
224
226
227
226
231
234
216
225
238
238
237
228
229
232
227
248
230
220
227
227
246
226
251
249
210
203
231
232
246
217
227
227
232
212
218
226
206
246
228
240
207
258
240
257
244
219
222
229
250
213
218
233
245
214
227
235
248
239
225
210
280
233
241
222
210
245
221
229
242
189
207
229
211
234
219
251
221
237
226
228
216
208
233
235
218
219
210
237
217
210
206
232
244
250
219
210
232
248
249
224
225
213
243
232
218
242
234
209
207
233
220
246
205
193
229
216
222
210
218
235
220
225
215
213
247
219
216
207
210
203
233
212
203
218
231
204
226
215
193
229
213
222
221
237
224
233
223
244
214
239
194
236
223
212
221
208
213
191
225
227
201
245
232
244
262
263
223
259
219
231
226
267
207
225
198
224
211
200
201
236
196
243
225
247
223
220
232
231
262
227
276
224
238
204
217
209
213
195
220
234
225
220
221
234
228
213
201
213
238
232
231
239
241
228
263
281
282
295
295
261
252
240
255
236
203
220
231
213
215
234
195
222
220
179
215
205
211
201
205
219
198
194
214
222
230
233
203
201
221
233
212
213
227
191
214
213
172
195
179
206
205
202
192
201
212
185
168
203
201
198
233
233
195
244
239
213
240
213
178
191
207
225
242
246
227
245
245
221
252
259
280
269
217
227
220
211
216
219
197
176
197
192
251
218
268
292
328
342
280
263
236
235
207
232
212
239
196
209
187
206
218
256
252
296
351
422
498
616
733
769
767
762
653
568
440
337
302
273
233
253
225
218
202
206
225
222
207
225
210
222
212
221
207
208
212
204
225
192
201
203
178
197
226
197
216
205
228
219
237
246
235
277
314
358
389
490
520
556
557
562
526
436
405
314
272
243
223
233
201
200
187
186
189
196
161
198
196
194
192
203
181
203
212
202
170
215
185
200
201
176
197
189
191
180
210
221
236
198
201
196
212
211
179
187
186
197
179
206
187
196
179
177
190
182
181
200
175
177
192
193
197
186
175
174
172
186
161
177
197
182
157
206
196
174
164
200
167
163
180
189
178
192
189
206
165
167
157
169
190
143
181
176
180
177
190
180
155
176
182
169
213
191
171
160
158
177
165
180
170
159
166
172
178
198
169
183
162
163
176
151
185
167
154
141
177
198
176
170
165
172
191
197
195
193
216
226
217
202
207
192
197
201
173
179
174
160
156
176
169
173
203
175
188
159
172
163
174
201
169
165
169
147
191
167
181
175
167
154
179
168
161
148
162
168
147
158
164
177
159
163
162
174
171
184
211
221
240
216
185
191
203
186
180
191
210
195
170
160
176
159
156
162
171
166
199
193
195
196
147
183
170
167
154
160
163
185
183
151
176
152
167
175
178
137
170
160
182
152
168
150
151
164
166
181
149
174
169
157
173
135
166
192
185
190
205
203
193
188
184
193
191
167
153
188
201
223
277
315
457
654
1085
1463
2007
2205
2189
1767
1298
898
543
358
224
193
192
174
179
154
177
159
170
169
167
157
168
151
158
157
155
173
166
158
171
165
154
165
143
146
162
177
168
152
177
170
134
160
171
152
162
151
161
143
153
148
170
167
175
156
151
177
162
180
204
180
203
204
154
166
171
165
156
133
156
163
169
166
167
168
148
170
178
136
155
201
184
178
207
208
209
229
218
232
231
219
222
196
157
168
163
177
158
163
165
164
151
147
151
174
170
178
175
175
176
177
173
156
170
186
162
202
183
200
225
192
181
183
198
189
226
242
283
384
480
517
610
569
559
494
407
309
248
201
205
174
177
207
187
177
156
169
188
206
222
223
203
225
201
199
180
160
175
170
164
166
172
175
185
180
164
166
175
163
162
169
146
152
170
191
220
276
334
334
376
410
377
316
265
218
194
189
181
154
173
160
147
148
140
163
142
154
142
157
133
168
169
159
178
166
145
157
171
154
164
143
193
187
193
197
184
159
153
166
137
158
152
141
141
151
161
150
148
156
172
149
162
146
135
144
142
160
137
170
162
146
186
193
218
203
188
200
167
164
157
137
163
138
143
148
126
136
152
160
137
119
159
144
135
145
132
150
132
167
163
159
172
168
171
152
160
165
174
145
149
126
137
157
170
145
125
141
149
144
128
140
148
152
133
140
140
141
141
126
150
149
130
134
148
161
126
159
137
137
150
133
131
146
143
126
151
159
159
161
159
155
143
145
138
159
142
143
133
149
141
131
151
134
133
132
140
135
125
134
125
126
126
139
112
134
135
140
145
134
118
133
110
137
125
143
140
131
135
127
128
111
126
129
124
130
134
102
110
134
128
127
130
124
101
110
130
126
134
138
146
135
142
150
133
142
145
139
129
138
131
137
137
120
123
119
138
141
150
133
172
120
160
180
156
148
144
144
162
128
136
125
119
125
120
121
142
120
105
127
141
127
125
120
120
120
132
123
127
139
137
137
133
121
137
131
122
121
133
141
126
125
129
123
108
130
114
137
127
114
112
119
109
115
126
122
110
114
125
114
125
123
141
137
117
132
120
123
137
134
123
108
110
113
105
121
108
129
114
111
119
122
119
116
125
140
111
140
119
121
125
111
130
120
134
137
122
156
139
142
140
129
140
128
114
116
145
134
119
135
129
101
122
112
107
113
122
146
122
115
122
126
132
122
142
121
127
130
116
139
112
124
106
130
142
120
141
147
183
197
274
338
493
641
826
978
1013
985
823
693
473
388
264
185
141
116
145
130
122
120
131
138
144
134
157
138
129
121
119
121
120
119
108
121
107
106
119
125
108
116
125
127
141
129
133
147
171
194
263
290
388
478
608
718
780
738
751
716
679
539
463
382
297
215
184
168
133
126
98
129
107
124
96
104
125
99
123
129
121
118
106
116
114
116
113
110
104
125
111
111
115
101
104
95
121
100
84
130
111
118
121
101
121
117
120
116
123
108
102
106
113
135
110
120
122
106
107
109
106
115
111
96
99
106
87
114
114
115
139
111
115
119
120
88
130
108
112
104
101
94
117
122
116
99
117
114
100
110
97
112
123
106
111
117
118
108
118
110
125
118
127
105
109
91
103
109
107
114
115
97
116
106
107
124
114
90
93
115
104
100
100
115
124
97
95
113
96
115
111
146
110
159
172
186
152
160
121
122
111
111
93
90
110
107
115
110
109
108
122
113
118
128
97
92
116
97
114
106
124
122
123
143
158
135
148
121
94
109
93
112
118
114
106
98
103
113
108
143
136
137
192
170
165
150
183
155
139
130
100
96
101
95
94
94
99
92
108
119
127
127
136
103
114
114
116
90
92
106
108
107
94
91
104
100
88
97
88
96
93
105
96
104
96
95
101
87
100
84
87
86
104
79
92
100
112
71
98
88
113
120
86
80
104
86
93
100
76
93
82
88
104
93
106
92
97
81
92
103
97
84
79
90
96
95
88
102
111
78
83
91
91
100
94
80
81
81
83
86
82
91
84
102
92
86
81
86
101
70
74
89
91
89
111
68
83
83
91
72
91
92
103
94
89
72
86
100
95
80
94
85
83
97
95
96
107
92
92
74
94
84
77
81
84
90
103
108
95
80
95
93
89
82
76
100
93
92
86
106
90
126
118
157
144
179
203
190
207
207
160
159
130
132
128
110
97
92
98
88
103
94
111
100
104
100
87
91
99
92
100
83
88
99
86
92
110
110
101
119
115
119
112
113
127
151
191
297
406
545
680
697
698
585
418
285
196
136
91
87
97
106
95
75
90
97
108
95
111
114
109
93
92
101
90
82
93
98
90
94
73
82
67
77
72
85
79
92
96
87
101
92
110
129
138
192
252
320
392
433
436
347
267
193
151
107
90
82
97
95
78
69
86
105
86
109
81
79
83
89
78
95
111
96
115
114
122
127
114
120
125
118
123
116
102
88
94
101
133
99
105
109
81
91
84
90
94
117
99
92
106
100
93
97
116
128
113
114
127
136
171
158
170
170
168
142
146
127
114
92
97
85
97
97
97
96
87
86
89
96
98
98
71
84
83
94
87
85
83
93
103
93
109
99
112
103
85
95
94
88
92
80
104
89
96
100
91
70
107
100
74
76
92
91
78
81
85
83
84
78
94
81
85
74
85
86
97
74
85
76
91
93
78
74
84
79
84
106
93
86
91
78
82
76
85
72
87
73
84
89
85
86
86
92
85
78
87
102
84
87
81
77
82
100
96
90
67
90
91
75
99
81
88
89
85
74
80
78
86
83
80
91
98
70
80
75
91
68
79
84
85
78
77
77
95
86
85
92
65
66
69
79
87
79
99
87
80
97
85
98
101
71
109
85
89
95
80
102
88
100
107
143
116
131
117
92
108
103
96
68
72
73
84
74
79
81
86
78
79
82
50
82
90
81
60
70
77
79
85
73
78
91
100
105
106
112
105
105
112
102
94
70
90
78
74
79
74
79
75
84
69
71
75
82
75
83
94
96
86
88
90
96
102
85
83
91
102
71
77
70
91
106
88
93
87
103
94
76
94
79
69
88
72
93
65
89
65
85
97
101
93
79
87
82
89
111
105
112
127
115
112
94
96
82
92
93
81
66
74
86
82
78
89
89
96
65
91
81
68
73
84
76
72
66
85
79
72
81
87
75
77
74
76
89
83
65
85
73
82
79
72
77
91
69
72
75
75
70
83
64
68
72
74
63
72
64
80
78
79
80
87
75
85
71
59
66
59
76
63
58
80
70
65
69
72
79
74
77
53
74
64
86
69
86
83
88
99
102
117
109
142
143
186
247
289
378
395
440
423
369
306
287
212
168
135
129
105
90
91
83
76
91
79
78
72
76
70
58
68
72
68
65
71
75
86
69
79
81
78
87
92
74
79
68
69
72
61
73
89
79
75
82
61
75
86
74
85
94
86
82
82
77
80
76
77
78
81
94
80
80
61
83
62
72
67
84
89
67
76
72
85
69
85
89
61
58
87
82
73
72
81
85
70
81
77
68
72
78
89
79
77
73
91
92
81
88
83
77
91
81
69
86
75
73
65
69
82
71
47
73
69
73
70
68
62
72
78
65
69
72
68
79
67
67
72
68
88
59
93
89
64
68
74
74
72
74
79
65
81
73
80
71
75
78
70
87
89
87
77
80
72
76
78
86
89
97
96
129
150
134
171
131
128
122
128
111
104
89
64
95
74
68
81
86
96
95
111
125
143
175
150
155
158
106
108
88
67
75
80
67
70
67
78
76
77
74
55
79
64
71
77
81
76
87
71
75
57
66
86
82
89
57
61
65
68
65
55
72
68
83
57
63
82
66
89
54
56
78
56
72
77
67
79
83
64
60
68
64
85
86
64
77
63
78
71
68
59
75
67
67
70
81
67
69
83
73
64
79
67
84
69
85
61
80
83
78
61
58
72
74
74
77
69
69
80
61
81
55
66
76
68
71
61
67
67
62
70
60
78
48
73
67
65
69
68
84
58
77
80
67
64
55
74
71
74
83
82
69
75
75
80
83
73
76
83
62
75
72
73
55
72
77
62
77
75
76
81
64
59
82
64
58
61
75
78
79
87
118
111
121
157
163
186
189
181
179
188
142
106
84
79
72
58
73
75
65
61
61
65
50
66
85
55
79
76
70
71
77
64
59
78
74
76
76
80
68
74
80
55
89
76
70
68
69
62
73
57
62
72
58
72
56
71
78
71
69
65
69
60
63
71
67
60
81
57
66
62
83
53
64
82
70
70
61
72
63
71
70
68
56
63
77
67
57
67
70
70
65
65
69
84
79
62
75
66
81
70
56
68
67
74
66
74
60
64
64
61
62
66
71
70
61
56
83
72
75
89
91
92
91
84
95
129
126
100
103
94
99
77
77
74
59
57
56
62
62
61
83
59
82
90
67
89
89
89
86
81
82
86
67
73
83
83
93
130
120
135
171
183
158
156
137
134
99
100
87
70
91
92
92
85
90
77
77
60
61
67
59
61
57
76
69
70
67
71
77
72
56
65
61
61
75
59
68
79
74
67
61
71
68
69
69
65
73
69
78
61
78
78
59
66
44
77
58
66
72
68
56
69
72
54
48
57
52
70
57
63
74
57
65
66
65
68
53
72
71
61
61
61
69
53
63
57
57
61
67
58
53
66
61
72
64
58
68
59
38
73
61
57
59
58
61
54
60
72
47
59
58
55
66
57
58
59
64
62
61
55
68
62
56
56
45
60
57
52
71
60
53
55
49
53
51
63
62
64
40
56
43
64
64
66
67
66
59
61
69
60
58
71
72
57
52
66
54
77
57
55
61
55
57
77
58
65
65
49
55
50
57
51
59
53
71
57
54
67
62
50
65
56
69
57
51
58
58
70
72
70
72
63
71
85
63
74
67
58
44
59
55
48
66
47
56
55
50
57
66
49
43
57
54
49
49
60
50
47
61
50
70
65
43
48
67
49
51
51
61
59
56
67
75
72
66
73
69
54
66
52
60
69
60
60
62
78
79
80
82
76
78
65
71
71
53
53
60
62
56
63
50
55
55
50
54
60
57
71
56
52
58
59
70
83
84
97
107
131
128
147
147
167
153
141
133
110
96
79
72
62
55
49
51
56
50
61
45
62
68
50
59
67
59
45
54
50
52
53
58
60
52
60
51
45
54
63
45
72
52
63
63
60
60
57
50
61
61
77
62
44
51
49
49
51
62
42
59
72
63
56
60
63
58
74
77
78
73
81
90
115
128
174
203
256
336
382
394
419
399
321
279
190
174
119
90
83
65
58
55
53
54
54
52
61
46
43
54
62
55
58
58
52
64
55
51
71
63
46
51
49
69
48
57
58
69
67
72
65
65
64
57
67
64
60
59
59
60
62
57
61
55
67
51
64
50
52
48
52
48
57
54
72
54
55
65
58
68
68
52
42
58
65
52
62
53
60
53
61
67
63
49
48
58
50
62
47
55
55
56
52
53
50
72
76
80
69
63
64
66
61
64
59
57
59
49
56
68
64
64
57
57
81
73
83
79
95
67
75
63
67
52
65
62
71
52
50
44
63
54
55
47
60
52
63
59
61
54
59
60
51
54
62
62
58
51
49
58
59
43
48
58
49
58
77
79
104
102
125
139
143
127
116
114
96
83
54
61
44
67
62
50
47
53
60
51
63
57
56
51
50
51
56
50
47
57
59
48
52
56
49
68
61
56
55
77
61
61
60
57
48
59
54
49
52
61
48
55
49
62
68
63
66
55
53
46
52
50
42
52
50
52
49
51
46
52
45
43
55
47
38
66
46
54
50
63
61
56
68
56
55
46
52
62
53
66
53
44
54
61
50
44
47
51
50
57
55
58
46
69
60
63
51
50
62
56
62
52
57
48
48
53
46
61
61
54
52
63
59
62
48
63
45
52
49
67
51
63
43
53
56
56
56
61
56
52
61
56
40
53
47
52
48
59
52
77
52
61
48
57
53
59
57
39
54
42
50
49
43
58
48
50
53
56
65
54
33
47
61
41
62
60
51
56
52
58
52
43
64
59
61
46
49
59
44
66
48
67
62
36
62
68
59
48
57
59
46
52
49
59
56
54
55
44
73
42
55
52
43
67
67
70
66
73
67
67
68
64
80
60
60
55
53
45
45
58
63
63
44
53
56
68
51
50
49
54
52
52
56
62
58
44
42
54
49
45
44
56
56
52
46
46
69
52
52
47
45
47
58
69
46
47
52
58
50
46
47
54
58
54
46
60
57
46
52
51
52
47
44
63
55
47
51
52
58
54
56
59
62
68
51
56
54
53
46
56
73
54
73
61
62
70
87
99
91
93
75
63
63
47
46
47
61
71
69
121
138
155
173
152
158
110
104
83
64
75
56
64
57
64
74
58
75
55
89
75
102
106
106
116
123
135
153
146
151
133
114
109
96
80
96
73
64
66
57
56
50
46
56
55
54
57
56
39
48
71
45
58
51
53
52
61
69
61
55
63
63
45
57
60
56
59
76
76
56
59
56
40
51
63
63
49
65
57
39
48
43
61
45
47
59
70
61
49
53
32
50
51
62
47
48
57
49
55
53
49
60
64
40
72
57
66
57
70
54
65
53
50
62
41
52
53
42
51
46
52
50
51
40
59
64
57
52
50
47
46
49
51
37
54
57
49
53
55
53
54
56
46
48
54
55
43
58
54
52
61
53
56
77
68
74
100
99
112
114
110
116
83
81
68
46
69
53
50
52
66
48
49
48
63
36
52
55
52
56
61
50
39
56
69
67
62
54
51
50
41
47
62
45
56
56
46
63
48
55
50
60
63
60
58
70
63
67
66
75
77
67
67
65
72
84
71
81
71
74
62
63
57
57
62
53
61
48
47
70
44
53
65
66
52
70
73
70
79
56
61
59
56
54
50
54
56
52
58
53
75
60
64
62
67
55
73
82
70
52
48
42
57
62
64
65
68
85
89
98
101
100
109
100
85
68
65
57
57
61
44
54
38
40
50
53
58
56
45
53
59
57
61
59
73
89
91
113
123
138
173
180
213
203
227
201
171
151
101
91
78
78
58
75
77
50
57
60
48
67
57
61
74
43
50
55
47
42
37
59
61
63
52
54
55
66
60
53
53
52
45
47
44
49
57
54
60
61
52
52
41
56
56
51
55
51
55
46
55
43
54
57
67
42
46
49
48
47
62
44
42
55
54
56
53
62
38
46
54
50
60
54
60
52
68
54
49
65
73
49
61
65
63
60
43
55
41
56
48
55
44
45
50
61
48
54
42
50
55
55
57
59
71
58
71
59
74
83
75
64
73
67
80
47
67
59
51
57
62
53
54
62
63
47
49
49
58
57
55
41
54
52
45
65
38
49
55
54
60
47
59
51
53
49
42
45
64
50
38
50
51
44
60
41
47
66
48
69
56
48
44
44
56
54
50
40
59
53
65
59
54
52
67
49
65
59
60
46
50
47
65
70
65
80
78
91
97
96
101
78
80
58
73
62
52
47
56
61
52
51
48
63
51
49
49
53
61
45
49
69
63
63
42
57
41
52
65
54
48
60
53
49
53
54
50
55
55
59
65
63
59
60
52
45
52
58
72
61
50
61
47
47
51
50
53
58
59
37
43
53
59
51
57
47
46
62
48
47
56
49
64
44
51
35
44
58
64
44
52
59
47
48
53
39
49
57
54
72
51
51
51
49
42
51
46
47
48
61
46
42
37
44
61
43
52
61
42
55
57
44
51
52
60
38
48
50
42
48
47
54
59
62
52
61
52
55
61
54
48
39
42
53
47
57
46
53
48
56
57
41
43
61
38
62
39
54
48
50
44
38
47
39
61
56
55
50
54
54
56
47
45
41
44
45
52
52
48
41
54
46
55
46
55
48
47
40
56
42
47
48
43
55
55
45
57
47
61
62
59
54
39
54
61
49
49
55
46
53
45
47
62
51
46
45
44
43
42
46
47
47
49
39
40
56
45
36
48
50
43
37
48
52
39
42
54
40
47
47
38
53
43
35
41
38
40
31
43
55
39
48
58
43
45
38
32
47
41
43
48
40
50
57
61
40
60
59
60
58
57
59
52
44
34
41
48
40
46
48
28
53
40
45
37
48
39
30
37
35
42
47
44
45
37
42
43
43
35
48
44
51
38
34
32
44
41
28
43
54
33
45
29
26
34
27
36
44
45
53
35
30
52
47
42
48
20
39
47
41
40
38
45
53
37
48
46
44
49
43
42
54
48
51
31
37
41
41
49
43
32
35
43
42
42
41
49
33
34
45
32
40
57
51
57
67
78
106
130
177
203
216
212
181
208
138
137
109
68
57
55
67
43
42
38
49
51
57
68
52
73
95
115
136
161
154
185
181
159
118
110
86
70
53
41
50
32
45
42
48
28
44
37
48
37
46
36
49
37
41
40
41
45
45
34
38
30
35
45
47
40
50
36
41
47
35
51
40
42
37
44
48
46
31
39
29
31
34
35
40
36
41
36
37
40
43
40
37
34
39
35
35
39
37
47
29
32
22
35
44
45
37
50
33
54
44
41
46
53
40
47
53
41
37
30
39
35
21
31
33
32
42
32
39
36
34
31
30
34
40
42
41
36
36
37
38
27
49
41
41
41
43
33
30
34
33
39
38
34
37
38
49
71
83
108
120
126
147
141
117
115
98
61
49
41
42
29
38
35
32
26
26
25
32
39
34
32
25
31
37
29
40
36
27
38
38
26
30
31
38
40
31
31
27
36
37
33
33
39
49
42
42
45
32
28
45
50
42
60
55
43
55
40
73
62
50
53
49
44
46
37
43
40
32
25
38
28
42
43
56
54
71
60
47
62
59
48
55
50
46
34
36
47
34
32
38
34
29
36
33
42
38
37
49
41
30
29
34
37
42
36
50
45
34
60
69
76
88
87
84
89
76
51
55
55
47
35
37
52
47
47
66
71
76
67
57
67
64
41
53
37
51
45
51
58
63
66
131
135
170
190
182
180
166
152
125
114
72
65
47
49
30
44
31
26
43
45
33
32
43
36
32
37
40
31
28
27
40
25
44
21
26
37
32
38
37
34
38
35
23
39
34
33
25
31
37
29
36
35
29
36
39
30
41
27
30
30
41
31
33
39
33
27
41
30
40
28
33
29
30
24
21
32
35
43
30
34
29
25
46
37
39
38
37
32
37
39
31
33
29
36
37
30
34
33
28
35
34
50
30
33
35
51
31
39
28
27
31
34
25
29
35
40
38
52
56
52
51
41
51
50
43
33
30
20
39
30
29
31
33
38
39
38
27
39
35
41
31
28
18
27
35
27
35
27
33
27
28
29
36
42
30
31
29
38
30
26
32
29
33
30
28
25
40
34
27
30
23
31
40
22
34
32
38
38
31
41
27
43
41
40
40
30
37
31
35
34
31
43
40
37
53
48
62
76
73
60
67
51
36
41
29
37
30
28
34
34
25
37
26
31
40
32
32
32
29
40
34
30
33
26
35
37
28
34
38
23
28
34
23
34
40
36
23
36
36
34
26
29
21
25
29
30
31
26
26
27
27
33
32
10
22
34
39
33
30
20
40
26
23
28
32
31
22
30
29
28
27
32
34
32
31
24
29
27
31
28
32
21
29
28
29
24
26
32
29
25
21
20
27
27
29
20
29
28
18
25
21
26
35
27
32
23
27
21
33
26
19
18
21
31
25
29
31
23
17
28
20
31
27
31
39
37
28
29
22
22
27
22
15
29
27
27
20
20
28
15
20
24
31
25
27
24
23
24
27
23
25
27
21
15
23
33
14
23
28
29
25
25
23
40
23
19
20
21
25
26
34
26
32
24
28
28
21
22
12
23
30
19
23
25
23
18
26
27
27
23
23
23
19
13
17
19
22
26
25
25
25
20
27
28
17
27
26
29
22
24
19
20
28
18
19
20
24
20
22
28
25
26
17
17
16
15
18
25
26
26
30
23
27
24
31
27
25
30
15
20
23
16
33
21
27
21
17
18
20
24
24
25
13
29
19
18
20
17
18
16
18
28
23
24
24
18
18
15
12
19
17
25
21
27
18
17
20
19
18
16
25
16
19
21
20
21
23
17
20
25
24
18
25
23
17
20
18
19
10
21
20
20
25
16
23
17
18
13
18
18
16
16
17
13
13
17
21
18
15
21
16
14
39
18
31
15
20
21
26
12
17
14
11
11
22
23
18
17
23
12
17
25
25
21
17
22
38
16
16
22
25
24
28
25
37
62
52
81
102
116
182
167
158
120
104
82
55
43
36
29
25
10
18
21
21
31
20
31
25
38
57
83
88
110
158
134
135
128
110
59
60
37
31
22
28
19
14
13
18
12
15
15
15
12
24
12
18
21
21
22
25
15
19
23
21
17
27
14
22
24
26
16
20
12
19
12
13
17
17
10
11
4
21
11
19
10
12
15
8
14
11
10
12
9
14
12
17
7
17
15
16
22
9
11
16
15
18
20
19
15
9
20
17
21
20
21
25
28
28
18
18
13
13
15
13
12
12
11
18
9
16
11
13
14
15
17
16
13
15
14
21
12
9
11
16
14
20
18
9
15
11
15
20
7
16
24
29
18
29
31
27
37
45
66
96
78
108
88
96
97
69
46
31
23
20
15
14
10
10
8
13
21
11
13
14
9
16
29
22
25
15
13
12
15
8
16
10
16
18
12
17
19
12
12
22
13
15
13
12
21
17
13
13
10
10
14
17
13
17
20
11
11
18
15
14
23
10
16
11
10
14
13
26
19
13
17
19
25
18
27
38
35
32
28
18
24
21
19
28
11
11
15
7
17
14
11
12
7
14
13
14
14
17
14
10
18
15
15
13
22
17
17
20
18
12
36
36
28
42
39
19
28
17
21
23
23
48
39
43
61
65
81
73
72
70
80
66
53
42
24
20
28
18
13
19
7
20
13
10
10
10
12
18
14
15
13
16
11
11
20
12
7
11
17
20
14
15
14
16
17
21
14
10
17
16
15
12
20
7
9
7
19
13
13
12
10
14
22
8
15
13
19
17
14
12
13
12
17
16
15
6
10
15
13
18
5
13
11
5
15
17
7
23
11
9
12
12
16
10
19
12
12
9
9
15
16
10
7
10
15
14
15
14
19
17
13
21
22
26
15
16
23
15
29
7
13
17
15
14
18
19
13
14
17
21
16
10
8
18
6
18
14
10
12
14
9
16
16
8
14
9
13
14
18
11
15
14
13
18
10
11
13
13
15
7
14
14
16
9
14
14
11
13
15
20
22
8
12
16
11
10
11
12
14
9
19
12
9
12
11
19
18
13
15
11
16
12
7
15
6
12
9
9
22
17
22
16
24
18
14
18
22
19
11
14
10
16
7
20
16
11
11
14
8
7
13
17
16
13
13
18
12
14
11
12
13
9
12
18
15
11
17
27
24
16
21
13
18
18
19
18
16
13
10
9
13
12
11
24
13
13
10
16
9
8
13
8
9
7
16
10
10
18
8
14
14
11
7
15
13
9
11
12
18
12
15
13
14
14
9
17
11
11
17
14
23
12
8
13
10
12
17
19
18
10
19
17
22
20
20
12
16
25
11
14
12
18
13
13
18
19
23
19
11
16
11
8
15
10
19
16
16
14
10
18
21
13
20
9
8
9
7
13
20
20
15
11
15
20
14
19
16
19
18
13
10
10
14
12
17
11
11
11
12
18
12
8
11
8
10
12
10
16
14
14
10
10
17
10
17
10
16
11
17
20
17
15
23
11
19
17
24
20
12
21
21
10
17
13
16
9
11
13
12
17
13
15
11
10
9
13
11
14
15
10
14
10
10
9
13
6
12
13
15
7
8
8
6
16
13
14
9
9
9
16
11
15
8
12
14
8
15
9
11
14
12
22
16
16
20
17
10
17
10
10
14
11
9
19
22
21
19
26
27
20
17
20
12
17
20
8
17
13
8
14
15
17
16
4
11
10
11
13
5
13
17
13
13
16
15
14
20
14
16
10
12
14
12
18
10
12
12
15
6
12
13
10
8
15
7
11
11
14
9
7
10
9
12
12
14
14
14
9
18
12
7
13
7
10
9
9
8
17
7
12
13
11
14
15
10
11
10
15
11
6
12
13
6
10
15
15
9
8
15
12
19
14
21
17
14
19
31
26
26
25
26
24
12
13
21
12
11
11
11
12
16
19
9
13
12
16
16
16
8
11
12
11
12
11
9
9
13
8
13
12
10
10
12
18
9
10
20
10
9
10
16
14
16
18
20
11
11
7
14
15
11
13
16
8
13
10
11
11
11
14
9
6
14
5
15
11
10
8
7
8
21
15
11
12
13
11
12
15
13
12
13
11
15
13
4
5
11
10
7
8
12
9
7
12
8
15
10
11
10
7
13
11
8
13
20
15
7
11
15
13
12
12
16
8
9
11
9
14
6
7
7
17
8
16
10
6
10
11
8
9
10
8
10
7
11
11
7
17
10
11
14
9
13
6
9
10
10
5
5
10
12
17
8
13
12
12
9
6
8
12
13
12
13
11
15
13
15
11
11
11
6
11
9
11
13
9
7
10
8
14
12
11
10
15
11
10
7
10
10
7
18
11
9
13
10
13
3
13
9
8
11
7
10
7
10
8
17
8
12
10
14
14
14
5
7
11
9
14
10
12
11
16
11
3
12
11
8
12
7
7
10
17
5
7
13
7
8
10
11
11
13
15
19
13
23
26
15
17
21
16
9
17
12
8
20
11
11
10
8
10
12
9
13
11
11
12
18
9
10
8
10
8
10
15
12
11
8
9
7
7
10
16
10
7
12
12
8
8
9
11
12
15
12
12
18
10
15
20
27
36
34
55
79
45
80
74
53
44
39
30
27
17
12
14
7
17
7
9
15
12
10
10
10
13
11
8
10
12
14
16
13
8
6
12
16
12
9
3
9
15
8
17
18
8
12
11
10
18
10
15
12
10
13
16
14
8
6
5
8
8
9
11
5
8
6
9
8
2
7
7
7
10
9
10
6
8
10
13
17
5
9
12
12
12
13
17
11
10
9
22
8
11
13
8
7
12
7
7
10
4
7
9
14
21
22
19
21
19
21
26
19
20
25
16
13
19
17
9
7
10
13
12
20
8
8
10
8
9
8
10
8
18
16
8
9
8
11
9
10
10
11
11
10
15
7
6
12
6
10
7
4
14
5
12
11
8
9
10
6
3
10
13
13
4
14
13
10
11
11
6
14
10
5
12
13
10
6
12
13
7
8
15
9
9
10
10
7
9
11
13
6
8
13
9
13
9
8
6
11
9
15
5
5
9
8
12
6
9
13
17
14
11
5
13
15
6
5
13
8
9
12
13
7
6
11
6
11
13
10
18
10
8
14
14
7
8
9
15
8
13
6
9
10
12
9
6
12
13
5
11
9
9
10
14
18
4
7
7
6
16
11
11
7
12
10
9
13
10
3
12
9
6
9
7
7
12
13
8
6
10
12
6
10
7
17
12
9
7
10
12
14
8
18
14
9
11
11
21
21
24
9
18
20
16
14
12
16
16
14
6
11
6
10
11
14
4
8
17
11
8
14
11
12
8
14
9
10
10
9
11
10
10
10
10
8
16
15
13
11
10
19
6
6
7
9
12
10
12
9
11
13
8
6
8
9
8
9
6
8
6
12
5
5
5
11
15
9
12
10
10
9
8
10
12
8
19
13
15
14
16
17
8
5
13
19
12
9
14
13
5
9
11
11
6
11
10
10
8
8
10
9
12
12
15
11
8
10
8
10
5
13
10
9
16
7
7
10
11
7
6
5
2
7
9
8
10
4
15
8
6
8
10
8
8
7
6
7
9
7
9
8
15
11
12
11
2
8
9
7
5
9
6
16
21
14
16
15
15
5
9
11
11
8
9
10
12
10
7
8
8
11
20
14
9
8
8
15
9
10
9
9
8
10
12
10
6
12
8
7
8
6
3
5
9
7
8
10
6
9
10
10
8
7
4
10
8
8
9
8
13
11
9
5
15
12
7
14
8
12
5
9
5
12
8
12
6
6
6
12
5
12
7
7
4
9
10
6
14
4
5
9
4
4
13
10
7
11
11
13
17
28
25
28
31
36
20
27
25
23
20
11
15
13
11
12
8
11
18
14
7
5
8
11
5
12
3
11
14
13
9
9
13
11
6
6
10
10
5
13
7
9
8
7
7
10
7
10
4
10
7
2
9
12
11
7
8
11
11
6
4
6
5
9
6
11
11
7
8
8
10
12
12
9
5
7
5
14
10
5
6
1
2
5
10
9
9
9
12
6
6
7
8
5
3
3
7
5
11
6
14
5
7
11
10
11
13
12
8
4
7
9
6
3
6
12
8
8
4
8
8
8
3
11
8
2
4
7
6
5
8
4
12
11
11
1
10
5
11
10
3
11
11
14
8
6
10
12
7
9
7
11
8
6
9
11
8
10
12
7
6
9
6
4
7
13
12
14
9
11
13
11
12
7
8
6
8
10
6
9
12
10
6
7
13
9
4
7
5
11
8
3
5
10
5
9
9
12
7
2
10
14
7
14
8
5
7
10
10
10
11
13
9
3
10
7
8
16
9
14
6
11
8
9
9
8
5
4
12
6
6
9
4
10
8
8
10
10
6
5
6
11
4
9
9
10
8
10
13
17
24
14
24
32
20
22
13
19
20
12
7
10
9
7
4
6
10
9
6
9
10
4
5
3
10
12
7
9
13
10
13
9
5
2
4
9
7
6
12
5
14
5
6
6
6
8
8
6
4
12
7
5
13
9
12
7
10
8
7
6
10
13
7
10
6
6
7
6
10
9
10
9
9
11
6
8
9
6
6
4
6
5
7
8
9
10
6
6
10
8
6
5
10
7
5
13
9
3
3
9
7
12
8
4
9
5
8
12
9
5
7
5
5
5
10
7
7
5
6
7
6
8
6
6
15
11
10
7
11
9
7
5
9
2
9
5
8
4
6
8
8
6
3
9
14
9
16
4
14
12
6
5
11
10
10
7
8
5
7
11
11
13
17
12
14
14
13
11
20
12
16
13
7
11
14
14
16
9
8
8
10
6
11
3
4
7
7
7
13
11
9
5
13
8
9
15
15
7
6
8
7
3
13
6
5
7
3
4
7
7
10
4
6
5
5
7
5
7
6
4
11
6
6
7
9
5
8
8
10
5
5
5
6
4
11
9
8
4
8
6
6
4
10
8
6
7
9
12
11
7
9
3
6
9
9
6
5
9
10
8
4
8
6
4
8
5
5
14
9
11
5
5
2
10
7
6
6
4
8
7
10
8
6
5
5
5
6
7
4
9
6
7
6
5
6
9
7
3
7
5
10
7
3
9
12
8
3
6
8
13
6
11
5
6
5
7
8
7
9
10
9
9
10
10
8
8
7
9
5
7
8
10
6
12
7
19
2
9
5
1
4
6
7
15
6
10
4
8
7
12
10
7
8
7
9
11
9
21
11
12
11
9
10
13
7
7
5
6
9
15
4
8
6
7
5
9
4
9
5
5
5
8
4
4
3
7
5
2
7
5
5
3
9
2
5
5
9
7
8
9
10
4
4
7
6
4
8
6
6
7
9
2
4
9
5
11
7
7
10
8
9
3
6
4
7
8
3
6
8
7
9
5
4
12
8
10
6
15
11
8
13
3
7
6
7
7
5
7
8
8
10
4
7
7
4
4
4
8
6
5
9
12
8
9
6
2
6
7
8
7
8
5
7
8
7
6
8
3
7
10
5
4
7
8
7
5
14
6
12
6
7
13
6
8
8
11
8
11
4
3
4
9
9
7
7
9
10
3
4
5
9
4
8
6
12
4
5
7
7
11
6
10
5
5
8
6
5
7
6
11
9
12
5
2
8
8
7
7
8
3
5
6
3
7
9
6
9
10
2
8
5
6
17
11
11
6
6
6
2
11
8
6
11
6
7
3
4
11
3
4
3
8
6
8
5
4
4
5
8
5
4
3
6
8
6
4
6
6
4
3
9
6
11
8
1
7
5
1
10
8
6
7
13
9
12
14
6
21
10
21
20
18
24
16
11
16
13
9
13
8
4
10
4
6
7
3
5
7
6
5
3
6
6
4
1
4
6
7
11
5
4
11
6
14
9
5
5
2
5
6
9
3
8
10
9
9
5
7
1
8
9
3
5
5
4
11
10
8
5
2
6
3
8
5
4
7
3
2
2
3
2
10
7
3
8
8
11
6
9
5
4
6
10
6
5
8
3
2
4
7
10
12
9
6
7
13
11
6
6
9
6
4
7
10
12
4
7
3
8
7
4
3
7
12
7
8
7
6
8
3
7
2
8
9
7
10
8
7
6
4
4
1
5
5
5
4
2
11
4
4
5
11
6
9
3
8
8
6
6
4
5
10
7
6
4
8
9
7
5
7
1
5
8
6
8
4
5
10
8
5
8
7
2
2
3
4
3
5
2
7
5
7
9
7
4
6
5
2
5
8
5
6
3
8
6
3
6
13
4
8
5
3
5
4
12
11
6
4
6
3
8
7
2
8
3
7
4
3
8
4
10
10
2
12
8
6
5
6
6
7
5
2
11
7
10
11
9
6
3
4
8
10
8
9
10
11
9
6
15
16
19
21
14
14
15
8
7
11
8
4
11
5
8
4
4
8
4
4
5
5
6
6
12
6
6
3
3
9
9
4
5
10
1
9
3
7
8
8
3
5
11
4
4
6
4
2
8
8
9
8
7
5
4
2
8
7
10
4
6
8
4
5
5
4
4
7
9
6
9
3
7
8
1
4
9
5
7
2
8
4
7
4
5
7
5
5
2
5
7
8
5
4
4
7
8
7
5
10
8
7
11
6
8
7
7
8
6
3
9
5
4
6
9
8
5
9
8
9
2
9
6
9
8
7
8
8
6
6
5
6
7
8
5
4
3
9
4
8
6
10
5
2
6
7
3
6
2
3
6
4
7
11
5
8
5
4
7
7
5
6
9
8
7
4
4
8
4
6
7
8
5
3
3
7
7
8
6
10
7
8
5
13
4
5
12
7
8
10
8
9
10
10
8
9
11
17
8
7
8
4
8
7
4
9
9
9
6
3
6
5
7
6
4
8
5
4
10
7
11
8
5
4
13
3
4
4
8
9
8
5
10
13
5
7
7
6
12
9
6
4
10
5
7
13
4
6
8
7
5
6
7
14
12
4
5
7
10
5
2
15
2
7
5
6
11
7
13
6
3
3
7
7
2
7
6
8
3
5
3
7
4
8
9
3
9
7
11
6
10
4
7
7
4
7
11
3
4
4
7
9
3
5
4
9
8
4
5
4
4
9
4
10
4
4
5
10
4
3
5
4
5
6
7
11
9
5
4
9
5
10
2
5
11
6
7
6
13
7
8
7
5
3
4
5
7
8
7
4
6
10
8
7
10
8
5
8
7
5
7
8
1
4
5
8
6
10
6
10
10
4
8
6
6
10
7
3
9
9
7
8
7
9
9
6
3
4
6
6
5
5
11
9
9
9
5
5
6
8
11
3
9
6
5
3
8
7
10
8
9
3
10
8
8
4
5
11
6
7
8
6
5
11
9
12
9
4
7
5
6
6
7
3
7
16
8
5
8
7
5
8
11
8
3
4
8
6
11
6
8
12
7
8
4
7
9
8
7
7
11
12
8
10
9
3
12
11
14
4
8
6
11
6
8
1
10
8
4
14
3
5
6
8
7
8
5
4
7
3
11
5
5
8
8
13
8
7
5
6
6
3
4
8
11
11
9
10
5
7
8
13
14
13
9
4
7
2
5
8
10
6
4
9
9
5
4
8
12
2
8
7
8
2
6
9
9
8
4
6
8
9
3
7
4
7
2
2
6
10
8
11
4
8
7
5
7
7
8
7
12
10
9
4
5
12
5
9
8
4
8
8
11
8
3
4
12
6
5
4
7
7
8
7
5
9
5
8
9
4
11
7
10
6
5
7
5
9
11
1
9
11
8
7
3
6
11
9
4
14
9
13
10
7
7
13
13
8
10
3
5
6
8
7
7
4
6
8
7
8
9
12
7
5
10
9
8
10
11
8
10
5
11
6
2
6
10
7
9
7
8
6
11
6
8
10
7
5
8
8
13
10
9
9
8
6
5
6
8
5
10
17
8
7
11
3
6
4
2
15
4
8
9
9
8
8
14
9
6
8
14
6
7
7
6
5
6
4
9
4
7
8
12
7
9
13
10
10
8
7
8
5
8
4
9
8
3
7
8
7
10
5
7
8
7
2
3
7
4
8
2
4
5
8
1
6
6
4
4
6
8
6
6
8
10
7
9
7
5
4
6
5
6
7
10
9
7
5
3
8
5
5
11
9
10
8
8
2
3
5
7
2
9
8
9
9
3
8
12
8
11
7
5
8
5
4
5
4
7
11
4
6
9
6
3
9
9
7
$ENER_FIT:
-3.0450 0.596535 0.000000e+000
$MCA_CAL:
3
-3.0450 0.596535 0.000000e+000
$ENDRECORD:
