$SPEC_ID:
Sample title.

$MEAS_TIM:
65816.56000 81331.47000
$DATE_MEA:
02/26/2017 12:33:07 PM
$DATA:
0 16383
0
0
0
0
1
0
0
0
0
0
0
0
0
0
1
0
2
36
106
123
135
160
146
155
138
160
153
138
138
156
158
149
127
142
121
133
126
134
128
141
114
139
131
143
126
133
144
143
130
129
6127
6739
7568
8219
9391
10704
12337
14210
16454
19137
23043
28866
35048
37864
36957
38736
42331
47397
52495
58006
65082
69754
72905
75266
78863
82935
89175
94413
95976
97243
99789
103090
106235
108321
111288
113633
114593
116965
117790
119638
120763
122655
122448
124208
125876
127867
127903
127522
127564
128345
129748
129156
132701
141360
150770
161926
195998
222238
204507
209223
234973
202580
160201
155853
150772
134355
124515
123001
123564
129276
136383
139428
140834
155831
173880
166706
150022
147342
144875
133675
123105
119779
119382
119285
119005
120098
119124
119402
119274
119766
119833
119354
119824
119694
120073
120201
120735
120659
121065
120482
120832
120485
120656
121156
121203
122033
122307
121811
121484
120973
120289
121401
120102
121026
120770
120751
120609
120232
120249
120532
120215
120954
120881
120790
119847
119106
119874
120430
119772
119420
119440
119072
119325
118652
118611
118460
117749
118050
117362
116949
116857
116852
116457
115464
114901
114882
116452
119599
120775
116554
113807
112435
112110
110952
110416
110139
110292
108700
108890
108884
108136
107462
107071
106573
106009
105272
104703
104044
103755
102976
102202
101927
100514
100331
100216
99365
98795
97766
97463
96908
96288
95419
95584
99910
117942
148939
151786
122437
98433
90415
88693
88131
87198
87262
86060
86555
85727
85403
85114
83089
82386
82340
81101
81144
83656
97551
127777
135344
108130
84761
78453
76877
75637
75048
73885
74167
73471
72770
72015
71559
71173
70468
69588
69609
69441
68284
68312
68961
71855
77413
85013
84620
75503
67861
65392
64519
64253
63830
63809
63106
62704
62859
61854
61217
61660
61496
61158
60987
61256
61518
60988
60722
61153
60916
61097
61206
60794
60765
60866
60468
59295
59727
59534
58439
58854
58970
59075
60405
60773
62876
65211
68764
74092
78424
82199
84017
83857
82767
81552
79764
78943
77913
77740
77056
76822
76190
76442
76909
77013
77100
77120
77683
78289
78104
78096
78043
77522
77153
76525
75546
74741
73707
72180
71466
70921
69993
68609
68146
67388
68039
67463
66135
64204
63739
63390
63013
62848
62160
62129
61435
61353
60649
60082
59894
59973
59123
59012
58512
58084
58404
57937
57814
57519
57383
57415
56860
56719
56019
56388
57407
59169
58569
56163
54836
54538
54600
54224
54201
54120
53819
53105
52986
52529
52101
52196
51695
51255
51254
50701
50700
49903
49687
49550
48922
49367
49134
49839
49781
49379
48778
48098
47395
46966
46972
46732
46567
45942
45970
45771
45872
45725
45344
45250
45023
44399
45270
44363
44381
44476
43890
43924
44026
44062
43293
43186
43080
42914
42762
42328
42558
42422
42433
42181
41917
41893
41966
42753
44804
45291
43015
41886
41376
41128
41364
40846
40707
40920
42603
49029
56804
55050
46163
41565
40552
40611
40122
40407
40548
39877
39420
39810
39245
38755
38811
38576
38270
38370
38280
38229
39236
39493
38840
37845
37903
37846
38246
37824
37272
36883
37242
37016
36983
36750
36783
36414
36543
36138
36011
35885
35780
35976
35986
36233
36172
36120
35248
35649
35166
35581
35270
35151
35401
34772
34659
35012
34794
34685
34633
34578
34653
34587
34681
34302
34482
34462
34113
33698
34369
34396
34373
34072
33743
34094
34088
33689
33348
33790
33745
33418
33972
33713
33643
33739
33657
33736
33375
33765
33663
33572
33400
33418
33131
33451
33748
33240
33972
33832
33237
33135
33115
32653
33339
33007
32663
32422
32164
32538
32575
32171
32157
32579
32572
32394
32237
32178
31935
31876
32060
31930
31828
31930
31577
31663
31736
31697
31694
31446
31409
31568
31259
31253
31367
31112
31541
31146
30834
30806
31063
31315
30826
31302
31032
31601
31580
31338
33218
36980
39331
37072
32863
30875
31046
30741
30125
30658
30553
30826
30828
30804
30864
30592
30851
30526
30377
30321
30485
30423
30834
30507
30223
30814
30562
30628
30769
30309
30401
30284
30465
30428
30459
30549
30821
31612
31675
31332
30870
30840
30476
30732
30723
31570
32395
33541
34091
34357
34029
34366
34270
34573
35762
36956
36781
35661
34518
34138
33810
33823
33389
32808
31879
31062
30576
30058
29885
29454
29255
29264
29346
29338
29220
29163
29412
29401
29222
29536
29361
29667
29683
29545
29091
29690
29549
29809
29270
29254
29418
29644
29637
30047
30501
31132
31497
34538
43114
66140
109288
164151
196714
182514
132364
81050
49316
36812
33131
34890
36871
35395
31558
29354
28597
28349
28309
28372
28040
28362
27699
27625
27651
27811
27936
28265
28256
28214
27962
27633
27664
27573
27730
27555
28243
28454
28174
27830
27805
27785
27833
28032
28154
27955
27808
27468
27134
27179
27378
27251
26990
27251
27397
27337
27330
27095
27448
27284
27222
27094
27191
27219
27104
28117
31564
37681
39363
34605
29426
27844
27432
27075
27373
27254
27254
27209
27242
27256
27350
27112
26963
27055
27413
27128
27389
27605
27563
27289
26999
26895
27306
27394
27645
27447
27160
27097
27427
27404
27614
27716
28924
42856
99490
199588
236969
157309
67919
33295
26999
26597
26539
26564
26548
26604
26755
26284
26697
26591
27518
28494
29467
29006
28188
27540
27495
27369
27440
27415
27246
27726
27180
27292
27040
26967
27349
27841
27807
27435
26868
26728
26762
26727
26704
27101
27106
26772
26744
26568
26722
26888
26425
26653
26774
27077
27289
27461
27344
26909
26560
26341
26121
26270
26349
26826
26788
26750
26620
26163
26239
26329
26420
26411
26154
26225
26325
26227
26318
26409
26331
26433
26568
26525
26431
26140
26402
25969
26197
26175
26488
26379
26380
26665
26190
26129
26472
26169
26021
26489
25918
26286
26497
27095
30598
49228
94868
132621
112171
62227
34338
27057
26569
28528
33435
38336
37298
35270
47835
82431
105638
85588
48653
30219
26205
25626
25576
25976
25748
25599
25751
25904
25677
26353
25936
26378
25728
25445
25627
25467
25671
25918
25587
25534
25432
25651
25713
25528
25520
25670
25751
25334
25758
26058
25868
25740
25999
26467
26525
26782
26755
26532
26613
26716
27251
26715
26467
26304
26168
26281
26059
25997
26106
26099
26226
25738
26094
25909
26134
26346
26024
26280
26320
26219
25967
26311
26258
26256
25776
25280
25488
25851
25718
25647
25788
25421
25647
25566
25262
25307
25347
25788
25301
25588
25419
25762
25604
25610
25564
25559
25578
25323
25713
25462
25623
25615
25514
25586
25866
25797
26177
26593
26209
25707
25635
25418
25425
25508
25582
25982
25843
25944
25448
25459
25440
25510
25462
25694
25946
26114
25585
25636
26112
26004
25788
25536
25374
25501
25741
25257
25408
25176
25372
25571
25609
25663
25592
25770
25556
25618
25572
25616
25819
26128
26192
25650
26122
26100
25842
26063
26006
25819
25823
25919
26016
25819
26081
25525
26040
26740
27996
28654
27803
26436
26027
25871
25473
25836
26414
27414
27939
27805
28647
27886
26842
25749
25609
26018
25986
26098
26063
25962
25340
25931
25678
25431
25372
25845
25522
25439
25665
25600
26362
26648
26157
25796
25565
25995
25795
25799
25672
25591
25658
25744
25647
25432
25442
25454
25635
26232
26132
26297
26040
25581
25822
26022
26369
26435
27586
30916
35062
35288
30832
27686
26135
25588
25872
25923
25877
26034
26308
26127
26110
26264
26162
26162
26430
26094
26158
26253
26955
27537
27475
30041
41301
64242
79698
66233
42469
30068
26642
26839
26522
27234
28178
27790
26994
26454
25936
26378
26032
26504
26489
26647
26210
26048
26284
25926
26253
26291
26195
26208
26301
26147
25929
26189
26324
26181
26055
26288
26459
26317
26474
26545
26345
26749
27054
27355
27385
27026
26250
26293
26311
26596
26631
26376
26159
26551
26386
26600
26326
26515
26111
26172
26112
26382
26349
26339
26085
26360
26500
26465
26285
26455
26334
26137
26526
26438
26403
26522
26576
26544
26638
27938
30310
32860
31723
28922
27257
26650
26473
26636
26937
26730
26493
26621
26453
26675
26694
26952
27204
27073
26968
26741
26708
26542
26630
26831
27207
27601
27598
27212
27457
27302
27072
27004
26587
26761
26988
27171
27172
26822
26754
26913
26540
26778
26705
26861
26840
26658
26707
26765
27000
27040
26988
26954
26729
26985
27293
27294
27369
27882
27129
26951
27155
27199
27186
27691
28916
31299
34811
34580
31066
28358
27530
27305
27224
27164
27355
27581
27397
27365
27156
27702
27415
27435
27428
27402
27483
27692
27624
27751
28134
28849
30576
32221
32439
30140
28301
27865
28016
27910
27528
27722
28050
27774
28178
28136
27639
27633
27638
27466
27947
27952
28440
30228
31792
33206
32381
30046
28737
28041
29318
35283
51240
70941
73489
54328
36499
29347
28514
28616
28408
28203
28107
27764
27717
27844
27932
28028
28060
28017
27984
28370
28559
28808
29235
29366
28635
28654
28470
28145
28620
28875
29010
29163
28625
28300
28628
28313
28338
28379
28751
29096
28775
28741
28601
28595
28988
28562
28703
28443
28867
28379
28556
28702
28870
30243
32352
34681
34216
31959
30403
29592
29899
29657
29281
29558
29521
29347
29482
29292
29383
29192
29524
29706
30041
30248
30063
29823
29730
29788
29865
29867
30005
30516
30607
30429
30703
30717
31309
32501
35308
36932
35242
32366
30683
30119
29658
29938
29911
29787
30086
29974
30222
32559
40706
55840
66056
58556
42839
33280
30421
29823
29718
29684
29883
30066
30242
30662
30793
30511
30357
30368
29787
29930
29839
29882
29698
30143
30166
30056
30517
30104
29873
29682
30228
30027
30370
30376
30866
30686
30204
30444
30250
29983
29982
30095
30174
30194
30323
30664
30373
30713
30670
30679
30458
30358
30342
30649
30359
30796
31271
31395
31910
32017
31271
30987
30550
30798
30433
30803
30812
30470
30772
30898
31173
31913
33580
34920
34359
32581
31269
31070
31040
30857
30968
31188
31109
31437
31523
31811
32257
32265
32948
33868
33898
32912
31874
31760
31816
32159
31614
32041
31395
31592
31234
31723
31655
31870
32166
31985
32010
31802
32023
31786
32045
32193
32286
32483
32202
31743
32065
31819
32082
32602
32903
33032
32473
32004
32396
32209
32424
33553
35890
40443
41618
38530
35171
32539
32339
32434
32807
33391
33696
33206
32956
32727
32528
32612
33300
33661
33397
32727
32883
32439
32945
33738
35137
36128
35740
34230
33454
33000
33347
33370
33255
33467
33707
33164
33137
33303
33231
33423
33167
32943
33439
33060
33392
33395
33992
33806
33965
33819
33869
34951
35651
37249
39957
43772
44635
42654
38412
35276
33776
33901
33581
33630
33554
33705
33733
34055
34275
34179
34147
33960
35000
38368
53165
82128
104481
95845
66311
44858
37077
35924
35762
35627
35642
35388
35989
35902
36059
35735
35740
35883
35932
35957
35887
35901
36313
35748
36065
36129
36232
36558
36815
36647
36014
36362
36691
36481
36678
36471
37086
36724
36575
36673
36478
36542
37259
37100
36846
36939
36680
36404
36942
36910
36756
36979
37105
37273
37318
37003
36875
36883
37256
37217
37668
37643
36935
37075
37198
37230
37247
37408
37248
37367
37349
37861
37473
37937
37899
37976
37962
37560
37733
37964
37913
38444
38973
41781
57028
102270
172096
201905
158320
90069
51380
40647
38636
38134
37917
37616
37682
38139
37859
38437
38290
38777
39785
40834
40621
39184
39009
38882
38705
39452
39205
39028
38887
39432
40179
41541
41425
40076
39198
38950
38550
38833
38695
38871
38572
39131
38932
39249
39308
39666
40391
41671
40981
40387
39709
39638
39594
39369
39323
39476
39726
39959
40236
39802
39721
39722
39941
39866
40227
40024
41529
46060
55660
64129
61693
51577
44249
40573
40401
40467
40332
40387
40686
40425
40517
40814
40968
41135
40852
40558
40858
41121
41776
42033
41853
41308
41329
41407
41713
42265
41361
41152
41370
41324
41748
41418
41330
41475
41038
41683
41413
41609
41660
41690
41474
41678
41620
41888
40976
41846
41976
41726
42131
42118
42150
42088
42238
42398
42480
42551
42140
42363
42860
42511
42249
42602
42826
42589
42743
42875
42756
42564
42845
42906
42954
42801
43227
43552
43233
43422
43092
43393
43546
43381
44017
43634
43860
43939
44389
45907
48475
49102
47319
45762
45116
44899
45048
44230
44228
44650
45044
45169
44835
45102
45238
45274
44915
45208
44803
45356
46365
49941
59049
68150
69166
60569
51338
47491
46967
47725
48023
47003
47005
46594
46213
45953
46173
46270
46462
46716
46851
46701
46576
46396
46824
46919
47481
46692
46677
47161
47058
47128
47941
47395
47601
47790
47307
47627
47283
47118
47430
47519
47193
47185
47072
46880
47331
47594
47501
47582
47599
47665
48007
47576
47757
47646
48049
47273
47567
48090
47663
47622
47844
47863
48162
48190
47765
48280
48235
48497
48341
48565
48505
48764
48940
48927
48926
48690
48913
48413
48327
48422
48835
48646
49082
49347
49341
49207
49092
49547
49025
49538
49465
49664
49861
49894
50199
50103
49971
49728
49924
49659
49726
49453
50088
50164
49858
50089
50267
50433
50431
50369
50534
50530
50607
50502
50648
50701
50704
50908
51177
51832
51837
51710
51011
51297
51141
51487
51440
51413
51285
51390
51927
51524
51349
51681
51243
51786
52054
52146
51854
52256
52112
52394
52237
52050
52549
52472
52449
52790
52722
52890
52563
52716
52701
53290
53145
53066
53359
53137
53373
53104
53279
53406
53385
53390
53491
53721
53645
53696
53845
53469
53933
54171
54078
54298
54203
54040
54199
54163
54624
54659
55001
54966
54612
55519
55121
54908
55438
54961
55066
55013
55441
55278
55512
55586
55673
55605
55529
55778
55988
55875
55734
56294
56563
56487
56381
56669
56696
56404
56831
56724
56474
57026
56843
57140
57196
57662
59091
62993
64518
63272
60100
58179
57442
57444
57077
57086
57203
56745
56829
57405
57075
57235
57185
57636
57326
57491
58066
58401
57694
58170
57907
57970
57966
58001
58207
58156
57665
57932
58285
58499
58658
58647
58478
58894
58527
58216
58206
58811
58933
59098
59397
59394
59017
58992
59116
59078
59634
59442
59362
59913
59286
59598
59807
59834
59457
59823
59963
59960
60059
60321
60273
60401
60543
60569
60388
60637
60413
60377
60528
60953
60522
60701
61133
60293
60840
60846
61662
61354
61230
61674
61918
61400
61466
61571
61780
61480
61389
61560
62261
61774
62325
61594
61713
62100
62293
61909
62522
62561
62781
62443
62359
62917
63245
62383
62872
62689
62953
63077
63127
63224
63394
63451
63584
63352
63874
63783
63999
63806
63844
64073
64413
66286
77207
116618
202940
296180
307649
222718
129306
80374
67287
64766
64109
64928
64543
64784
64961
64683
65331
65874
65966
67694
66996
66096
65554
65144
65343
65663
65609
66070
65258
65528
65523
66038
66494
65940
66084
66024
66321
66602
66997
66254
66496
66737
66552
66870
66788
66592
67041
67200
67255
67251
66963
67057
66854
67232
67021
67463
67230
68050
67595
67928
67760
68195
68002
68981
72399
77537
80836
79436
74653
72314
71535
71155
70417
69251
68816
68777
69048
68853
68774
68966
69142
69294
69762
69421
69465
69565
69212
69319
70019
70150
70152
70682
70430
71308
70940
70116
70917
70646
70518
70510
71023
71097
71177
70973
72201
72807
74429
77510
84760
103706
151796
247324
381280
494881
521569
442457
309718
192491
123905
94191
84165
79243
77753
76533
76679
75965
75548
76173
76173
75692
75907
76952
76665
76221
77051
76833
76375
76567
76393
76615
77064
76588
77169
76785
76974
76959
77275
77283
77553
77441
77259
77849
77333
77539
77766
76999
78026
77401
78430
78345
77905
78010
77543
78249
78242
78366
78298
78452
78722
78122
79010
78619
78470
78971
78544
78717
79425
78674
78469
78634
78910
78963
78692
79107
79047
79137
78862
79107
79332
80294
79256
79810
79862
79547
79799
79968
80145
79879
80424
79972
79900
80612
80389
80447
81058
81562
83086
83932
83634
82211
81540
81497
81267
81502
81284
81292
81391
81188
81581
81394
81502
81639
81200
81505
81047
81037
81770
81684
81990
81625
81297
82029
82284
82052
82286
81849
82553
82307
82572
82227
82779
82578
82544
82259
82339
82589
83093
82721
82775
82456
83346
82688
83070
83356
82730
83190
83660
82971
83808
83511
83487
83266
83533
83592
84059
84120
84347
83694
84125
84244
84473
83582
84167
84073
84295
84355
84330
84618
84300
84946
84695
84736
84753
85140
84932
85429
85602
85469
85536
85124
85821
85871
85243
85528
85866
88477
91909
97360
99171
96702
90768
87640
86671
85913
86614
86239
86276
86772
86138
87006
87383
87915
88005
88329
87724
87968
87702
87769
88414
87024
87581
87607
87402
88310
87305
87814
87654
87906
87968
88522
87979
88300
88552
88787
88024
88755
88403
88654
88573
88572
88492
89626
88559
89447
89366
89156
89109
89057
89351
89925
90090
90792
93587
98854
108517
116899
115638
106819
98431
93838
92484
92053
91750
91668
91984
91322
91676
91925
91812
91455
91603
92333
91812
91634
91721
91660
91483
91994
91521
91379
91270
90986
91054
91493
91354
90333
91549
91445
90574
90681
90636
90526
90445
91336
91030
90982
90111
90506
90872
90597
90671
91022
90641
90871
90986
90808
90561
90847
90390
90953
90926
90560
90630
90949
91096
91140
91691
91603
91348
91523
92535
92364
92455
92387
92959
93643
94918
95125
94174
93266
93765
93760
94332
94692
95282
95851
95934
96707
96299
96316
96771
96527
96906
98003
98367
98529
99852
101344
101678
102354
101533
102592
102588
103282
104526
105106
105616
106711
107991
109366
110989
111328
111878
112698
114945
116033
118244
119379
122571
123667
125725
127767
130131
132480
135737
139082
141719
144153
147547
149704
152913
156863
160092
163826
168107
172576
175922
180374
184184
190037
194444
199316
203742
208676
213678
218453
222653
227813
230433
234955
237659
240741
241183
240682
240042
236668
232514
223836
214478
202539
191369
180776
172067
165430
160954
157508
154191
150048
144136
139741
135805
133620
132359
130089
128147
126400
124864
124324
123148
122282
121894
120177
118975
118184
117362
117153
115482
114144
114038
113104
112295
111906
111034
110255
109828
108337
108746
108395
107210
106103
106114
105382
104628
103861
104157
102895
102790
102270
101739
101367
101406
100742
99930
99671
98968
99096
98398
97720
98257
97855
96805
96791
96149
96193
95279
95486
95700
95738
95697
95131
94521
93645
93437
92826
92761
92235
92958
91514
92720
91983
91653
92204
92030
91857
91240
91307
90502
90997
90743
90299
90650
91047
90612
90228
90870
90042
90048
90630
90297
89745
89706
89120
89714
89482
89703
90121
89900
89410
89451
89457
89142
89717
88918
89347
89148
88660
89065
88885
88890
88590
88586
88429
88976
88479
87893
87758
88093
88056
88049
88004
87678
88330
87501
87560
87961
88340
88507
89318
88578
87815
87258
86741
87247
86471
86148
86515
85937
86048
86448
85774
85333
86050
85462
85110
85369
84668
85423
84939
84020
84874
84722
84368
84199
83979
83776
83433
83457
82093
82063
81392
81782
81200
81263
80893
79941
80254
79199
79535
78737
78169
77586
77716
77032
77278
76689
76187
75824
75508
75065
74358
74884
73907
73477
72989
73002
72678
72683
71889
71935
71724
71228
71413
70977
70549
70862
71789
72742
73584
73761
71740
70550
69397
69388
69198
69578
68539
68399
68954
68670
68486
68563
68314
68643
68454
68957
68341
68087
68144
67886
67706
68222
67723
67819
67745
67746
66976
67409
67526
67309
66893
67170
67387
67296
66679
66559
66760
66129
66755
65608
65666
66093
66519
65234
65621
66010
65791
66377
67144
66618
65681
65199
64817
63868
64238
63718
64197
63092
62740
62978
62849
62951
62276
62144
61706
61769
61391
62008
63132
63548
63218
62377
61356
61494
60558
60497
60288
60082
60400
60792
60225
60691
60746
60773
60831
60945
61192
61663
61927
61842
62159
63189
64113
65748
67884
71034
73785
74226
72846
72430
73090
74717
78132
85177
113582
285757
1236391
4977088
14412353
28423496
37731612
33619108
20070120
8028867
2151242
390709
54477
11977
8028
7450
6778
6177
5516
5200
4925
4712
4286
4065
3754
3439
3311
3206
3207
3037
2985
3032
2931
2818
2781
2701
2617
2646
2650
2632
2596
2492
2427
2298
2342
2254
2337
2211
2321
2502
3123
3497
3698
3281
2709
2336
2192
2196
2224
2164
2239
2095
2092
2005
1970
2029
2007
2044
2025
1939
1777
1843
1851
1897
1824
1800
1736
1812
1702
1700
1720
1840
1633
1604
1705
1590
1672
1590
1673
1555
1580
1546
1501
1447
1390
1501
1527
1591
1470
1493
1462
1405
1464
1385
1474
1411
1339
1340
1358
1347
1357
1274
1297
1207
1165
1140
1168
1197
1193
1128
1122
1194
1136
1082
1122
1313
1568
1796
1862
1668
1467
1435
1448
1357
1304
1182
1208
1071
1117
1100
1118
1060
1136
1169
1291
1787
2544
3078
2920
2367
1632
1318
1162
1123
1088
1062
1058
1099
1062
1033
1016
975
985
1037
1173
1194
1278
1255
1194
1087
1069
1079
1040
1034
994
1097
1171
1228
1495
1689
1815
1766
1732
1751
1512
1371
1313
1250
1283
1210
1076
1060
1018
1020
1011
943
1038
997
1054
987
1010
1050
1033
1099
1016
1095
1030
1020
1051
1075
1093
1070
1193
1142
1052
1108
1020
960
1053
1092
1098
1604
3157
6635
10904
13331
11153
6965
3311
1669
1059
984
1023
946
1003
943
941
969
1080
1085
1059
1089
1007
904
989
1007
1015
1063
985
977
956
962
939
1014
977
1048
1037
1024
1070
997
1059
1108
1078
1032
1028
1009
919
1002
973
994
1041
1015
1068
977
990
980
962
1033
1032
1178
1156
1196
1120
1087
1130
1007
1023
1012
1203
1395
2013
3124
4050
4253
4169
5056
7011
8250
7225
4840
2586
1370
1079
1003
1013
970
987
956
922
922
928
953
974
900
942
963
1072
1290
2006
2859
3304
3118
2357
1559
1290
1199
1151
1056
1046
1019
1028
973
1053
1089
1173
1159
1139
1161
1038
973
963
1008
1016
974
1049
1067
1067
1279
1899
2935
3888
4107
3290
2177
1390
1111
981
1019
932
975
975
968
914
943
927
929
997
909
990
960
932
935
935
950
938
976
973
1135
1379
1583
1687
1597
1303
1021
1008
1012
996
912
974
991
934
978
911
969
984
1027
1070
1203
1389
1589
1524
1480
1337
1081
1021
1013
984
986
1023
1008
1031
982
1016
1048
1060
1039
1096
1199
1648
2666
4274
6025
7112
6495
4386
2469
1361
1091
915
868
1173
2072
4228
7945
11055
11060
7939
4320
2023
1170
896
910
930
896
907
953
952
957
956
978
979
987
959
930
961
850
871
880
900
978
958
999
891
914
852
844
905
863
946
940
1017
1104
1194
1199
1080
998
873
850
897
899
923
957
1022
1035
1126
1101
1080
960
888
930
866
887
867
817
843
852
840
866
843
930
951
1108
1047
979
918
954
925
884
831
856
899
821
857
847
817
855
845
901
1013
989
998
964
880
911
876
864
927
882
897
867
928
899
940
989
1056
1152
1237
1349
1301
1222
1037
960
906
815
878
835
870
872
870
885
899
931
989
1109
1057
1029
915
992
936
972
918
870
841
961
1101
1389
1493
1428
1217
1066
893
890
831
858
842
779
823
849
802
857
931
1104
1412
2015
2278
2104
1586
1136
932
943
856
853
836
798
858
842
880
820
819
889
878
884
840
887
842
833
828
827
996
1176
1549
1966
2065
1746
1360
1024
916
910
972
1133
1230
1240
1159
995
900
942
889
930
1033
1088
960
895
871
900
881
843
881
860
901
945
1020
1012
988
998
948
901
947
892
882
891
904
873
877
914
831
848
860
920
943
921
1044
955
975
946
874
923
859
864
964
897
941
897
861
940
956
971
963
915
980
888
937
925
875
944
919
1006
1044
1113
999
989
935
889
856
929
869
870
859
846
876
891
856
847
876
819
856
842
844
928
849
825
861
896
884
862
937
831
893
884
903
1098
1166
1217
1259
1171
1040
924
910
862
841
868
846
825
843
898
926
906
833
806
893
949
908
967
911
892
1036
1229
1500
2026
2251
2165
1652
1147
937
896
809
855
837
853
794
833
829
871
847
887
934
886
906
960
940
948
887
899
1040
1102
1121
1138
1037
881
916
851
837
915
921
941
1024
979
1022
1023
1051
966
884
853
858
832
845
865
829
843
834
915
837
886
847
852
793
856
869
877
829
821
933
908
950
908
937
931
943
884
907
937
1011
1136
1297
1274
1255
1090
1034
1063
1090
1086
977
854
849
878
877
835
868
848
858
936
854
903
946
950
941
880
878
903
815
796
854
859
856
972
1212
1745
2139
2413
2047
1668
1229
909
933
868
879
841
875
830
850
869
852
852
893
907
928
821
851
838
872
841
870
829
821
825
827
832
824
792
838
857
912
860
870
898
873
879
811
897
858
785
898
987
1213
1354
1350
1314
1146
1103
1109
1050
970
900
856
911
829
860
891
874
851
873
882
861
986
1003
1047
1049
969
906
888
900
869
865
882
860
898
920
955
1006
990
882
880
816
853
849
849
792
825
909
824
805
841
857
824
813
835
813
823
817
828
860
838
829
829
876
831
831
822
791
838
862
768
804
820
786
828
815
839
776
839
912
1063
1404
1792
2019
1995
1470
1089
885
779
852
777
895
978
1403
2528
4140
5519
5739
4558
3024
1796
1199
1054
886
879
825
765
799
866
787
826
810
811
795
812
907
758
808
804
782
814
810
813
803
839
854
834
869
889
822
830
830
835
838
758
848
889
992
1074
1017
941
877
982
1150
1440
1878
2112
1848
1526
1242
1177
1069
1074
1006
901
895
891
935
1014
1075
1184
1240
1225
1195
1159
1145
1242
1287
1217
1187
1000
905
837
823
842
852
868
893
842
797
825
841
774
818
899
836
839
867
827
774
764
830
827
835
879
880
842
904
860
872
851
854
826
781
785
831
785
806
899
897
1294
2180
3785
5649
6717
6145
4269
2404
1398
1020
932
1034
1122
1147
1241
1276
1580
1818
2038
2162
1896
1538
1294
1141
1039
1033
832
828
864
864
957
988
963
910
879
816
804
786
834
830
834
797
791
807
782
823
772
842
796
772
864
935
1201
1858
2962
4164
4717
3852
2626
1706
1141
910
847
810
834
833
821
787
909
967
928
959
1033
1036
884
899
822
805
802
801
787
879
967
1036
1113
1259
1805
2415
3175
3153
2709
1848
1226
1071
873
862
889
800
861
846
782
789
816
824
839
960
1170
1416
1640
1650
1481
1168
928
814
838
765
828
817
799
824
906
772
915
803
814
812
862
792
813
780
821
805
780
777
814
779
750
883
1123
1794
2749
3635
3961
3102
2033
1313
1049
872
835
803
822
782
833
818
849
855
738
724
796
756
796
773
792
780
853
818
835
751
804
796
802
763
774
792
827
799
768
812
759
743
793
773
744
829
784
815
836
735
754
792
821
796
864
900
941
1044
867
913
952
881
842
850
770
763
753
798
749
805
853
822
801
863
899
889
955
1080
1323
1387
1409
1347
1288
1277
1493
2027
2627
3417
3644
3325
2644
1965
1332
1130
951
868
824
834
851
823
823
827
835
837
876
898
887
841
844
792
877
822
798
847
836
803
826
808
854
857
826
811
866
850
827
836
815
856
837
887
847
869
836
860
871
914
853
833
809
801
833
788
807
809
820
825
807
819
841
893
1093
1710
3128
4961
6496
6393
4955
3071
1809
1149
918
857
822
853
833
786
854
871
799
815
853
844
819
812
831
831
844
893
889
899
898
835
875
893
808
818
852
828
890
806
867
901
874
836
831
850
906
814
867
811
846
842
816
861
795
861
863
855
824
828
887
825
852
827
864
800
897
862
827
883
863
880
900
917
864
895
898
894
920
872
831
864
888
839
837
912
921
901
918
853
829
818
823
858
831
791
820
870
897
903
926
869
860
930
997
1094
1228
1194
1053
979
938
894
821
859
854
904
900
940
967
895
907
917
850
911
875
876
826
804
843
820
855
842
863
880
861
847
863
847
831
886
835
829
808
789
764
839
817
840
852
829
816
816
803
837
866
798
827
855
835
835
907
878
879
876
862
830
818
872
831
822
785
883
822
877
858
863
864
907
910
879
904
918
869
879
889
842
843
840
859
767
856
878
836
888
888
877
824
871
841
812
822
808
870
870
832
855
917
975
994
1025
1049
1295
1591
1919
1802
1641
1217
1056
889
855
889
836
843
811
811
800
803
838
846
841
832
834
863
822
902
913
1027
1313
1459
1396
1320
1164
969
896
853
838
793
802
832
877
872
981
1032
1047
935
874
858
778
805
824
829
845
816
848
896
864
819
842
844
867
929
948
819
865
927
863
920
896
882
891
899
882
865
858
919
851
925
935
966
1031
1030
1088
1022
999
980
1016
1001
1030
1012
963
973
982
1031
993
1018
1028
1027
1051
1019
1056
1052
1098
1094
977
1027
1015
991
1043
1031
976
990
932
939
954
962
945
937
1031
1016
1075
1130
1096
1203
1111
1044
970
917
876
890
832
861
875
847
825
908
874
945
965
979
933
881
891
869
838
828
851
795
789
852
787
853
807
853
862
813
820
876
855
850
829
822
897
966
1044
1270
1771
2858
4816
7217
8861
8206
6205
3730
1952
1213
920
811
813
849
844
859
827
790
787
765
900
788
733
830
829
789
777
814
789
789
827
808
804
807
805
710
751
747
790
818
804
795
824
779
732
769
815
826
808
787
827
806
786
823
753
783
790
762
803
777
837
1060
1472
2876
4690
6615
7050
5753
4040
2333
1500
1214
1463
2304
3498
4434
4463
3548
2346
1398
917
795
728
731
769
753
747
712
767
761
711
819
796
798
744
787
721
772
774
808
803
792
766
793
774
810
807
831
792
757
725
841
725
717
694
792
753
804
786
751
726
796
749
724
726
706
734
776
775
788
788
812
791
820
788
795
862
914
1240
1964
2843
3625
3680
3603
3039
2795
2846
2459
1983
1438
990
872
732
737
701
682
734
730
743
678
765
736
736
763
717
712
755
747
742
774
827
908
1006
936
955
823
841
745
771
703
681
742
759
740
771
691
708
717
753
706
709
721
761
752
748
739
742
710
682
754
788
743
761
748
767
766
725
732
764
699
780
746
737
685
706
714
728
690
724
737
708
681
732
755
731
747
723
681
727
762
746
718
724
743
728
737
670
706
732
723
739
711
747
875
886
980
1034
977
945
915
817
750
774
758
717
773
732
777
727
723
750
739
707
767
854
1164
1974
3825
6632
9754
10582
9021
6637
4769
5335
10734
22246
38172
50406
50104
37828
21909
9962
3618
1421
848
746
677
669
630
642
631
620
614
593
681
637
632
670
771
734
844
903
842
770
684
667
640
589
612
678
688
655
642
755
713
776
783
721
705
696
636
651
649
642
622
666
642
661
642
726
778
903
1054
1127
1042
874
754
675
661
616
621
650
612
620
633
653
619
702
719
690
714
706
678
682
722
837
947
1169
1181
1198
961
825
681
669
665
653
636
696
634
657
639
700
637
640
628
639
611
655
648
641
660
640
618
646
656
688
624
644
636
631
625
684
669
671
661
655
587
608
646
580
608
660
642
630
639
690
699
670
590
642
656
672
655
706
611
659
618
647
614
652
604
624
676
663
674
641
633
675
665
682
641
659
650
637
653
657
695
684
701
686
615
661
657
651
710
645
649
640
658
674
675
669
690
643
689
651
654
603
585
663
602
708
662
650
643
690
669
692
779
969
1166
1484
1771
1702
1430
1057
831
796
714
645
680
681
577
697
645
658
647
664
635
635
634
682
670
629
632
631
646
643
627
687
656
611
671
659
645
626
712
713
713
703
751
687
712
649
760
880
1094
1383
1502
1615
1417
1046
823
744
682
666
631
641
691
697
746
754
763
674
709
677
662
631
649
695
634
693
639
713
652
735
691
713
666
680
661
684
686
758
691
812
802
957
975
996
805
759
686
694
630
775
731
795
820
860
853
781
737
815
710
674
649
666
704
705
656
686
675
690
650
686
655
675
687
702
709
671
671
676
685
681
692
728
649
639
660
746
751
732
751
792
748
769
799
898
1082
1403
1640
1651
1520
1203
973
800
674
763
727
751
757
800
904
993
1167
1466
1703
1889
1832
1519
1278
1053
860
799
770
712
763
738
693
699
693
709
676
738
699
731
745
755
711
751
739
730
763
780
826
876
770
731
743
735
752
752
750
810
860
1326
2007
3294
4460
4795
4024
2850
1731
1099
797
724
710
750
843
897
1001
962
927
854
788
715
708
676
717
719
769
694
738
757
798
740
664
730
728
712
725
744
739
711
689
777
750
729
766
748
802
942
1095
1265
1300
1415
1361
1190
1029
878
789
802
790
782
741
737
723
755
744
786
825
811
903
844
792
814
794
762
740
714
718
738
752
688
728
737
761
747
689
698
762
737
677
718
734
723
737
723
720
717
712
703
750
711
694
756
748
713
752
680
746
753
725
726
721
721
711
775
798
907
1048
1218
1307
1340
1274
1173
914
820
766
729
731
696
775
755
766
778
722
785
737
773
770
726
745
791
789
727
702
690
740
732
805
784
764
770
794
772
697
739
786
815
756
763
736
757
772
742
750
797
764
836
834
1033
1248
1248
1050
976
869
742
756
751
719
744
748
782
750
888
898
896
977
979
1086
1064
959
881
757
761
762
792
809
734
767
762
770
728
757
736
811
813
795
808
785
736
825
762
774
760
765
755
785
751
742
746
797
771
824
773
698
819
773
778
785
759
735
732
753
765
745
730
755
786
775
804
807
846
857
836
851
827
783
778
744
791
786
791
757
738
738
768
764
852
822
762
784
755
799
759
773
752
722
756
758
745
761
769
809
795
774
731
787
783
710
768
762
755
795
796
735
769
762
767
781
834
779
799
787
841
798
993
1293
1724
2153
2359
2061
1580
1190
946
892
835
858
821
827
832
895
833
798
803
845
856
825
874
868
840
871
877
885
858
897
867
929
946
979
974
1017
984
1027
1128
1326
1600
1794
1962
1929
1555
1282
1140
1145
1182
1116
1094
1104
1123
1158
1147
1199
1170
1239
1141
1200
1216
1201
1222
1188
1171
1223
1169
1106
1029
1057
1005
1008
999
992
1016
996
970
990
963
894
889
933
863
862
890
898
892
975
971
917
921
836
849
802
824
835
870
838
823
850
880
1035
1133
1549
1705
1801
1744
1495
1316
1084
1010
898
858
830
825
820
808
839
866
833
859
903
956
890
911
977
936
859
867
836
847
816
875
797
825
832
883
835
831
797
792
820
814
791
857
882
892
896
919
876
912
783
789
850
810
792
755
777
723
784
763
751
750
780
806
795
771
799
819
823
747
787
844
753
793
771
773
766
775
781
787
762
738
798
779
780
766
799
787
765
767
817
779
874
872
822
764
819
863
915
916
897
890
746
746
789
826
761
763
689
755
733
777
726
739
770
776
785
709
761
700
715
720
754
776
761
753
793
964
1034
1077
1072
954
887
793
779
720
769
735
746
732
754
743
700
736
718
754
724
721
686
735
751
738
771
713
720
725
744
706
783
801
733
862
855
875
856
781
777
798
770
757
731
721
701
687
734
666
658
744
674
695
638
770
668
736
697
748
715
680
698
735
714
702
732
692
702
742
704
713
703
707
680
646
692
618
699
753
679
724
699
656
694
669
734
691
729
693
750
803
806
792
742
733
723
711
716
701
701
697
717
706
713
707
688
668
715
708
694
734
674
648
699
682
685
736
692
717
753
732
809
785
885
920
1020
926
923
840
801
715
798
856
1106
1315
1825
2341
3283
4622
6366
7853
8395
7800
6226
4396
2844
1800
1352
1173
1114
1228
1582
2513
4963
10344
19401
31616
41196
43154
35832
23124
11716
4930
1857
904
645
578
604
538
593
598
566
591
573
547
545
616
566
628
584
595
566
566
573
575
606
569
550
588
576
568
581
550
534
521
555
597
594
595
615
577
614
596
567
527
550
600
555
580
552
578
570
606
565
591
608
572
587
572
544
555
543
559
575
545
553
582
586
592
596
611
572
572
553
620
597
616
620
538
630
830
1531
2803
5022
7312
8588
8191
6194
3997
2169
1177
736
642
576
534
521
569
552
606
557
639
696
835
927
1017
995
922
852
750
682
637
563
615
560
555
585
583
573
559
553
541
566
554
615
571
585
565
617
578
608
630
611
572
535
582
528
520
560
595
602
557
580
579
518
578
550
549
659
870
1288
2337
3520
4282
4415
3669
2479
1444
892
650
558
507
571
540
588
567
592
579
553
593
548
538
567
536
550
583
574
606
510
545
560
562
557
546
530
534
518
568
557
533
567
589
538
571
533
584
515
595
588
558
555
571
542
595
556
571
589
600
607
543
535
602
577
577
551
542
568
571
568
612
639
590
565
643
563
580
622
609
592
653
628
610
588
574
586
593
551
576
609
595
614
578
589
564
600
556
557
598
654
677
693
713
695
677
676
620
594
607
559
577
526
571
608
606
670
723
790
859
894
793
790
669
590
557
533
570
551
560
574
550
598
594
580
598
555
541
527
580
538
575
564
594
567
575
607
592
582
631
583
607
561
586
574
604
589
583
556
547
587
618
611
587
573
601
612
593
678
662
629
636
617
597
626
701
658
677
687
671
731
712
707
729
731
729
718
740
682
808
831
875
882
903
885
908
851
862
833
852
871
855
840
870
796
846
811
818
780
832
766
767
728
806
844
940
955
1019
973
934
797
713
650
656
576
608
619
565
581
595
581
603
571
598
574
605
598
599
587
621
632
588
620
602
612
623
601
608
595
633
607
676
708
845
979
1011
1010
857
714
641
618
564
595
647
705
875
1203
1442
1582
1526
1274
967
758
616
583
572
564
610
593
632
634
796
992
1480
2147
2600
3054
2946
2425
2077
1474
1135
886
711
592
619
614
633
635
700
827
843
872
823
726
693
653
620
535
542
549
573
526
534
582
606
642
700
687
729
695
729
813
925
990
1176
1234
1371
1371
1296
1180
997
862
644
630
595
516
572
530
527
562
578
569
520
556
519
524
520
561
510
539
526
531
498
585
531
514
533
547
572
510
541
545
531
543
537
528
509
478
523
511
462
523
523
513
487
505
494
495
516
517
500
527
534
507
529
520
490
465
508
481
464
483
503
516
488
493
534
493
521
449
487
499
487
467
493
499
477
459
510
489
509
543
481
513
520
545
558
512
517
480
433
472
453
464
465
483
445
452
444
460
430
436
432
459
424
423
456
493
630
857
1259
1700
1933
1812
1527
1085
733
586
477
485
451
483
490
497
525
598
478
499
473
474
448
439
453
460
441
452
471
420
450
444
447
402
418
486
444
496
430
494
429
438
419
439
461
449
482
452
504
447
469
546
494
505
516
526
614
755
894
1069
1172
1137
1004
840
696
593
552
456
470
426
457
453
435
427
443
474
453
477
472
498
487
514
553
531
509
551
496
439
486
521
670
1032
1608
2110
2471
2600
2190
1609
1103
810
581
554
557
731
1203
3268
8745
20460
38889
60003
74733
72551
57670
35897
18285
7403
2477
1056
744
737
790
790
630
525
484
435
398
378
390
395
438
473
449
455
368
344
302
278
282
248
265
267
275
283
250
255
244
310
265
240
282
260
283
294
245
268
262
336
377
368
346
336
304
287
273
240
296
279
271
244
279
281
276
305
280
279
264
320
338
343
351
328
324
298
278
315
305
313
289
296
293
296
306
295
338
302
298
305
300
244
291
280
289
300
316
321
270
337
314
329
345
340
350
468
520
691
892
1135
1278
1158
1095
903
644
509
409
397
332
398
533
730
1302
2208
3351
4286
4648
4082
2849
1750
956
563
349
326
310
298
325
372
341
327
371
418
486
623
710
721
686
693
707
812
848
804
762
603
487
421
369
348
328
362
326
334
325
299
289
303
287
295
284
303
262
291
271
273
298
292
306
274
327
309
335
322
309
268
298
265
306
267
287
309
282
276
268
289
277
264
286
258
250
254
268
284
264
304
284
287
267
257
283
312
279
297
315
300
261
261
253
281
293
265
291
292
272
280
345
370
426
465
488
462
423
340
344
290
283
294
261
277
234
240
264
261
257
236
237
284
276
246
245
238
235
247
277
228
265
259
260
270
239
245
280
228
266
239
277
262
272
296
304
285
240
269
256
231
231
250
266
253
268
273
247
271
283
252
267
266
310
268
268
262
266
271
247
275
269
303
264
282
267
258
208
290
255
246
244
279
236
255
230
264
270
287
263
264
283
287
272
285
264
277
272
287
282
263
263
278
266
281
280
348
297
291
284
253
265
268
271
232
252
241
239
252
237
227
249
265
240
252
235
240
219
248
239
206
210
243
259
247
252
238
245
247
235
258
262
270
248
240
203
248
215
235
233
262
230
202
231
245
218
242
227
220
210
237
245
243
262
252
230
241
247
216
245
260
269
277
251
258
247
237
227
219
248
231
234
237
241
229
230
244
251
237
245
263
256
257
256
287
229
230
243
223
208
217
249
240
234
264
243
222
271
248
247
223
227
240
257
234
244
247
238
229
253
236
237
240
241
256
335
461
882
1771
3348
5621
8140
9845
10644
9285
7009
4699
2541
1317
636
398
332
455
714
1175
1883
2586
2851
2617
1993
1395
817
492
357
279
254
239
224
288
353
535
885
1287
1654
1707
1577
1286
1322
1795
2737
4053
5408
6337
6675
6074
5152
3740
2440
1394
758
393
281
225
199
207
206
209
209
214
204
201
209
196
223
226
196
212
207
233
241
283
290
276
240
246
215
187
173
189
190
185
157
190
147
158
198
163
169
182
166
150
157
139
164
170
163
177
193
168
163
174
185
163
145
197
163
167
156
179
175
144
153
163
170
183
162
167
158
171
155
159
162
157
173
167
182
209
276
384
576
742
849
842
666
485
309
219
193
146
161
159
151
146
150
163
168
173
164
142
164
177
166
157
167
152
172
160
151
168
167
155
161
163
160
167
127
163
151
153
154
148
174
162
158
139
178
167
171
182
171
168
170
175
182
152
156
156
158
166
200
174
191
169
196
173
148
143
140
187
169
161
188
182
162
151
173
149
171
194
348
751
1598
2964
4585
5806
5977
5058
3446
1951
1007
481
277
209
208
163
152
148
161
146
134
150
124
131
152
174
139
152
148
130
131
149
135
124
127
125
128
135
129
127
131
127
126
143
120
112
103
160
115
134
129
119
149
142
111
129
122
131
114
141
113
127
129
99
109
129
114
119
129
119
111
126
115
128
116
123
110
143
122
132
118
125
128
111
127
121
126
122
134
112
125
110
127
112
128
130
131
125
145
133
108
132
120
98
128
128
106
131
113
114
115
118
129
123
113
130
133
120
127
166
227
338
484
650
753
843
758
676
512
312
229
161
154
158
141
142
131
149
140
165
145
180
151
164
153
133
130
111
153
127
112
144
137
148
123
135
175
242
422
892
1935
3537
5416
6831
7100
5984
4073
2277
1148
498
232
172
176
279
544
1027
1644
2233
2522
2231
1815
1117
586
319
164
128
116
114
120
164
237
281
371
390
394
336
250
198
265
486
988
1755
2858
3701
3885
3345
2418
1338
676
331
154
115
107
111
89
76
88
95
109
100
102
96
106
107
143
156
232
200
249
283
273
357
423
436
404
310
245
161
121
94
87
111
113
116
106
104
113
142
123
131
99
97
99
116
141
159
140
143
161
129
141
106
107
131
108
108
124
110
110
126
124
113
136
116
95
125
192
321
480
695
791
806
754
551
348
213
160
141
133
121
120
98
107
101
97
83
95
85
91
81
91
79
131
72
110
83
88
75
96
109
98
92
94
83
98
96
88
104
99
109
76
102
94
87
105
102
100
101
84
114
97
120
98
109
125
104
115
120
99
115
138
130
129
147
131
133
128
102
93
87
114
101
90
91
83
92
99
88
84
66
108
108
107
121
113
131
87
136
97
94
106
98
95
82
111
97
98
103
95
103
101
88
99
100
106
93
89
107
94
103
117
103
97
102
113
94
85
83
95
108
90
96
87
102
97
103
117
95
105
105
108
131
124
142
131
141
181
163
226
180
190
161
132
95
98
115
107
102
81
104
96
99
111
85
98
96
80
96
89
90
86
83
115
95
86
98
95
93
111
88
110
93
93
87
87
113
100
107
98
103
101
116
110
100
101
111
97
105
108
116
105
110
113
134
102
128
139
107
115
111
119
113
140
116
129
122
111
95
98
103
125
127
122
103
101
97
131
92
115
95
103
99
112
104
109
116
87
110
95
95
104
108
114
103
127
121
128
116
99
109
95
86
115
103
99
84
85
91
113
101
91
93
98
109
88
101
68
89
98
95
92
86
102
85
125
124
152
229
340
441
605
725
802
746
781
650
536
416
305
214
164
134
142
138
92
86
108
108
103
95
96
103
87
115
100
90
92
108
111
99
92
99
131
113
123
109
121
126
96
97
96
116
90
107
94
102
88
87
114
96
92
84
114
91
96
107
98
94
106
101
85
98
96
94
116
104
86
99
105
110
92
96
87
100
90
85
107
88
79
115
117
130
141
143
123
139
113
121
93
100
107
87
87
97
99
91
100
96
85
89
92
98
98
106
91
107
142
131
159
161
157
164
132
114
90
94
95
96
100
89
97
85
75
110
89
122
165
142
204
226
243
269
290
258
252
217
263
259
218
170
127
124
127
97
91
91
98
96
101
93
98
77
107
111
117
110
128
134
110
105
88
95
101
80
92
112
107
93
99
103
99
115
169
291
423
484
535
553
475
335
265
177
140
133
118
94
105
99
114
109
80
76
77
92
92
66
83
69
101
84
79
79
88
98
86
102
93
91
87
92
99
82
98
90
77
96
92
79
82
87
82
74
86
87
79
79
90
86
103
95
99
101
106
111
102
112
97
101
86
104
105
101
88
76
84
84
93
93
82
96
83
86
87
88
97
73
90
78
91
117
109
100
99
87
85
91
83
76
79
73
85
64
89
93
115
94
107
99
107
75
83
78
95
107
200
405
890
1661
2854
4059
4613
4540
3521
2539
1358
621
312
149
105
76
84
63
84
75
69
68
72
64
60
82
70
77
77
79
76
73
84
67
83
78
77
88
77
75
75
86
79
100
94
102
100
94
83
91
78
86
72
67
84
80
64
84
81
88
71
87
72
87
87
68
91
88
87
89
78
86
70
84
94
77
95
101
91
92
106
102
86
97
80
93
98
89
95
87
78
96
99
95
105
90
83
92
74
92
124
128
165
273
338
530
704
797
781
670
597
403
302
218
147
128
103
87
83
93
83
86
101
88
120
123
114
115
107
111
111
104
114
121
167
265
332
445
442
340
332
262
155
110
96
93
91
107
96
99
83
98
84
94
56
66
66
56
78
67
77
79
71
73
71
84
69
66
82
78
69
78
55
79
77
70
76
75
72
67
81
81
89
70
88
104
79
82
97
89
89
61
85
79
78
70
74
82
61
80
87
83
96
75
71
60
77
80
91
81
71
88
75
92
73
62
63
73
69
64
58
77
79
69
69
81
67
72
67
66
77
64
95
71
75
66
56
72
75
75
72
73
75
76
76
93
79
78
82
78
75
62
72
79
56
71
66
73
81
68
82
88
77
80
66
72
84
59
81
77
71
92
69
71
75
82
86
70
78
63
56
67
85
64
51
68
54
65
81
80
63
70
66
60
72
71
104
76
63
64
78
82
60
61
59
61
72
74
78
69
70
71
77
70
76
86
112
102
112
96
92
71
70
55
58
52
73
65
86
59
70
68
65
67
60
61
77
88
82
70
70
85
91
122
102
100
104
90
97
87
90
76
83
50
72
71
82
64
87
75
93
72
73
78
75
79
85
90
89
116
116
123
104
126
96
80
80
69
70
73
65
80
68
75
86
69
79
72
88
66
80
65
72
68
56
65
78
79
70
65
71
75
74
66
71
65
76
58
78
69
61
84
73
83
66
75
75
66
62
78
71
74
76
88
109
91
144
250
469
889
1601
2340
3403
3973
4306
4156
3559
2662
1769
972
539
274
159
92
83
56
67
68
70
67
62
63
64
55
61
61
71
70
76
55
56
61
59
60
80
65
79
66
61
66
44
65
71
70
78
48
77
88
76
63
63
71
52
63
68
57
64
47
48
60
61
62
66
66
79
68
73
51
54
61
72
52
54
48
57
61
53
62
56
76
89
153
183
253
284
298
275
198
148
108
76
65
50
63
48
57
64
50
55
66
43
63
56
66
70
49
60
69
66
50
58
54
53
48
52
59
46
57
50
54
61
66
59
48
49
55
36
53
44
57
43
68
36
56
45
71
76
108
141
180
175
187
143
120
99
67
69
62
61
57
48
58
42
48
55
69
65
60
54
58
53
63
58
45
57
42
37
48
41
65
59
44
54
58
46
45
50
40
53
44
45
53
49
37
44
47
65
37
53
46
62
67
40
48
38
46
53
63
40
50
51
51
59
58
51
46
60
54
55
54
56
44
41
47
55
51
50
41
39
55
54
54
47
48
40
54
59
56
55
55
55
54
62
42
69
47
53
39
48
44
52
49
40
47
40
47
53
48
56
40
44
46
41
48
48
51
56
48
64
66
73
62
75
59
51
50
46
42
44
41
30
42
44
45
51
63
55
55
52
49
48
43
48
48
41
46
48
50
43
39
53
44
48
45
41
41
43
58
55
40
42
54
37
35
54
38
37
54
46
56
54
44
45
40
50
41
43
45
49
50
53
45
44
39
49
38
53
44
34
48
47
38
44
40
50
35
38
49
45
47
49
42
46
42
40
38
47
50
23
50
52
32
41
35
40
45
55
53
70
50
46
37
49
41
55
69
42
43
30
44
60
46
47
52
43
37
56
40
65
46
37
56
46
52
41
60
80
216
503
1082
1921
2917
3756
4049
3692
2989
1885
1059
476
207
110
60
42
40
36
33
31
34
29
28
34
27
38
31
35
49
64
70
113
139
151
177
144
121
70
49
44
40
39
55
98
113
98
104
86
58
54
52
21
38
30
29
17
30
28
29
19
24
29
29
25
37
32
36
36
24
34
30
36
32
42
38
32
37
33
34
41
36
27
37
36
62
64
48
61
47
43
43
42
43
42
50
48
60
42
61
46
56
45
58
59
64
63
66
45
66
52
62
48
57
50
32
44
26
32
37
33
32
33
35
27
33
42
43
63
53
35
47
56
39
50
23
28
31
30
25
26
24
22
25
31
26
34
39
36
29
35
30
41
33
46
55
50
43
38
40
43
30
37
36
35
30
49
39
42
53
52
39
34
40
38
33
31
23
29
29
26
34
17
26
29
24
34
35
49
49
44
73
69
79
63
68
79
77
102
75
63
62
38
49
43
42
56
53
58
47
46
44
78
104
158
211
252
256
258
193
131
70
45
33
35
34
31
30
41
37
43
27
37
45
40
29
37
40
41
53
68
112
125
217
214
267
226
183
115
74
47
49
38
37
32
49
56
49
52
60
53
54
47
74
102
147
229
292
322
399
383
386
300
258
182
126
85
51
63
28
43
27
40
38
27
35
30
31
38
39
31
42
35
32
29
39
32
49
32
22
27
21
25
16
36
35
22
24
31
30
26
34
30
44
31
43
18
37
34
26
37
35
28
17
21
26
42
39
23
32
35
34
34
35
26
38
50
50
74
74
74
56
66
46
35
40
32
35
31
34
22
25
23
27
27
37
34
43
29
24
37
23
36
34
34
49
35
45
41
28
36
38
35
34
33
35
32
35
20
31
28
38
29
29
22
29
36
46
40
32
36
39
39
39
43
40
53
30
45
33
34
25
43
26
35
35
27
29
27
29
28
29
31
34
25
42
30
25
24
32
40
36
32
37
28
42
33
32
44
56
72
63
60
63
52
50
40
48
45
44
36
19
31
37
31
45
53
33
49
39
34
36
40
35
31
36
25
42
43
33
33
23
17
30
30
36
31
47
43
30
36
36
36
41
24
27
39
31
43
37
27
44
43
30
21
36
18
35
30
43
26
34
29
30
39
40
25
40
30
34
31
30
31
46
28
44
52
37
28
40
40
40
37
31
38
36
27
23
43
43
29
42
37
37
30
30
30
32
33
22
30
37
37
40
63
63
79
67
54
60
38
42
36
43
34
39
47
29
34
37
29
42
33
34
35
34
34
43
35
23
35
34
25
26
39
27
33
27
30
28
32
34
38
27
30
34
40
29
24
30
29
30
19
33
27
37
32
38
32
36
28
35
26
38
31
35
30
21
39
35
37
36
40
41
40
36
40
31
30
33
37
27
40
36
33
46
44
47
40
27
33
37
37
39
40
37
32
47
26
37
36
37
45
33
43
38
37
36
33
39
42
40
42
32
55
49
42
46
51
52
48
32
31
30
31
31
35
29
23
38
31
18
30
33
31
25
32
23
25
27
33
33
36
31
28
25
30
29
35
37
31
28
33
31
28
27
39
21
33
28
22
20
36
32
25
34
33
31
36
29
27
24
34
17
31
24
36
35
28
27
31
23
15
34
22
32
20
23
31
33
30
22
24
30
34
13
29
35
35
34
28
30
31
55
34
32
42
40
32
37
34
34
33
28
30
30
25
32
39
25
24
32
48
24
38
41
45
43
25
26
32
23
34
28
33
23
34
29
26
21
32
24
35
23
31
31
39
35
36
38
40
46
44
43
42
34
36
37
50
25
44
38
33
34
34
50
59
68
73
119
152
185
220
170
126
109
77
59
42
32
30
31
33
23
21
33
29
29
30
21
32
35
29
25
29
34
31
36
46
47
26
33
28
23
29
18
22
23
24
19
25
40
62
93
125
139
148
126
112
72
45
44
29
27
16
25
26
27
24
20
20
38
49
58
57
79
59
64
57
52
35
23
31
28
28
34
27
27
28
20
21
19
17
20
27
16
18
16
19
25
26
15
28
12
18
26
19
27
23
26
30
24
32
26
39
34
48
59
85
114
188
251
289
283
275
220
150
88
42
25
24
29
26
30
19
34
20
18
21
22
23
32
26
24
27
25
21
22
18
31
17
24
24
24
38
36
19
32
25
21
23
24
26
31
40
51
50
56
66
45
43
40
36
39
26
33
54
54
71
54
78
94
70
54
58
36
52
56
100
188
399
586
961
1290
1560
1823
1738
1440
1187
774
463
267
125
60
27
18
22
22
26
26
27
23
26
21
18
16
18
17
9
9
13
21
14
13
11
11
20
18
11
20
16
17
10
14
14
14
18
16
10
13
13
25
17
10
13
10
12
18
18
9
13
19
22
16
20
20
13
16
12
15
11
18
17
19
15
15
20
19
9
17
13
21
21
14
9
24
14
11
16
22
18
9
11
14
15
15
23
15
23
33
29
49
51
36
39
28
31
18
18
18
17
12
18
12
17
23
10
13
12
11
20
19
20
18
20
18
7
17
22
16
12
17
8
14
17
9
16
19
10
14
19
14
14
16
13
16
18
13
20
14
23
20
20
20
19
10
17
22
15
15
22
29
41
71
96
160
162
183
182
132
102
72
42
28
13
16
11
18
19
13
17
14
11
16
10
9
11
16
19
13
9
19
16
12
15
19
23
17
21
18
11
14
13
19
9
15
9
18
6
17
19
9
20
12
14
12
19
21
14
20
8
14
13
12
18
14
15
13
18
14
14
19
21
21
12
20
12
17
15
17
13
23
8
6
14
19
17
13
13
16
24
17
12
11
22
18
15
11
9
12
11
17
11
19
21
18
17
25
12
23
20
26
31
38
28
50
41
48
34
24
10
16
14
16
16
24
22
23
24
27
25
23
23
22
29
23
20
19
23
17
19
22
21
14
16
24
15
17
21
5
12
17
22
25
35
33
31
31
34
19
19
14
18
19
16
18
14
20
11
13
14
19
16
26
20
19
36
30
27
28
27
23
23
20
17
18
9
18
15
23
9
10
15
21
15
18
17
13
21
17
7
18
19
18
12
15
8
11
15
11
12
19
14
12
12
6
11
8
11
22
17
16
11
13
14
16
16
16
22
17
17
15
10
12
15
25
10
12
28
9
15
10
16
17
13
19
17
12
17
12
14
19
12
16
24
18
16
17
13
15
14
11
13
17
14
11
12
12
14
15
17
8
12
8
13
15
16
17
14
17
23
15
20
22
14
18
10
20
21
20
15
18
17
14
15
8
15
25
12
9
13
6
16
9
19
22
31
52
53
59
73
77
57
58
43
26
11
25
21
22
25
15
22
24
15
23
48
43
58
69
74
70
73
36
36
18
12
13
10
12
16
17
15
12
7
16
13
14
13
14
18
36
24
46
48
50
39
37
32
23
20
22
14
13
10
14
19
10
12
12
13
11
15
12
13
13
5
11
16
14
15
10
11
21
12
10
11
22
19
14
8
8
11
18
22
27
28
21
22
26
25
24
25
18
19
13
17
12
16
12
9
8
9
13
10
14
11
10
15
14
8
10
10
15
10
17
14
15
11
8
10
11
9
19
21
34
40
68
106
150
158
152
132
100
67
44
25
21
26
15
12
7
14
14
13
10
11
10
9
12
14
12
14
15
9
11
11
8
5
6
11
8
16
13
15
8
9
13
13
22
16
18
24
27
30
33
26
27
22
17
22
20
7
14
9
11
12
20
11
12
13
16
10
15
9
15
14
9
10
14
14
6
12
15
15
14
14
14
13
13
15
12
10
15
13
24
29
19
28
33
64
84
86
84
100
79
64
40
38
37
63
85
145
186
262
297
309
287
256
165
126
77
46
20
18
12
14
9
11
7
6
7
11
10
7
14
15
16
13
33
10
24
28
22
21
32
33
29
14
17
16
12
8
15
13
10
13
8
7
17
7
8
4
10
11
7
12
11
20
6
13
19
19
18
11
11
11
14
10
12
13
13
14
15
10
11
12
10
12
10
11
15
16
13
12
14
11
18
15
8
7
16
12
13
10
17
16
15
15
14
14
11
9
13
10
9
6
14
3
13
18
12
12
14
13
19
12
13
13
9
13
13
14
11
14
15
9
12
11
13
18
10
12
11
15
8
7
11
12
12
12
14
8
13
7
14
26
15
15
9
15
21
13
11
8
12
12
12
14
15
15
19
17
15
15
19
24
30
39
34
38
28
16
17
12
13
14
13
9
10
10
14
5
10
12
11
15
9
11
15
16
12
17
6
13
9
11
16
16
9
11
12
9
7
16
10
14
8
12
9
13
19
16
16
21
13
13
15
14
10
13
4
9
19
6
17
12
17
17
17
13
25
12
18
18
8
14
16
10
13
11
16
11
20
5
14
10
11
22
19
15
14
18
9
16
13
12
14
14
8
15
15
14
13
13
9
8
12
12
10
10
13
18
8
13
10
9
12
10
15
8
11
13
8
13
14
9
18
13
13
10
14
15
13
13
11
10
17
10
19
8
15
12
10
11
17
10
16
12
18
9
11
10
10
21
17
18
26
15
18
27
13
16
15
16
14
14
10
12
5
13
20
15
7
11
12
16
13
14
18
11
9
11
14
17
9
12
12
15
9
11
10
10
14
15
13
9
16
13
22
20
12
16
15
14
16
17
16
12
17
16
15
16
13
12
8
19
19
13
20
17
14
17
10
19
14
10
19
17
11
10
11
14
12
11
11
18
17
15
15
9
9
17
12
14
4
9
8
8
14
7
9
11
20
7
15
18
19
8
11
13
9
10
15
14
11
13
8
13
12
8
19
10
18
12
9
15
16
11
18
12
10
12
9
18
9
16
7
10
9
15
14
18
23
19
21
16
22
15
21
17
13
17
26
30
28
29
25
46
29
27
26
18
11
9
14
13
6
9
9
9
22
13
11
11
16
13
12
13
14
13
13
11
10
13
4
10
14
12
4
19
8
18
13
9
8
12
12
12
19
12
19
10
10
12
18
10
16
9
9
5
21
9
15
15
38
64
95
125
145
154
157
125
104
69
41
17
24
12
10
7
7
10
16
16
13
17
6
9
11
8
7
7
8
6
11
9
10
12
8
11
10
13
10
9
13
8
8
10
12
9
13
12
12
9
11
10
6
11
14
11
18
6
11
8
14
6
10
16
11
7
9
15
15
9
9
5
14
9
10
5
9
4
8
8
11
8
7
9
7
11
12
9
8
16
10
11
11
16
12
17
27
18
22
23
16
11
13
7
9
3
7
12
13
7
13
10
8
8
8
11
13
6
8
6
9
11
5
11
5
10
13
9
8
12
8
9
9
17
6
9
11
7
10
6
10
14
9
8
14
10
9
11
12
15
6
7
8
11
9
5
8
4
13
11
5
4
10
10
11
12
6
11
6
8
11
10
8
10
9
5
10
4
10
17
11
14
9
11
10
10
10
16
20
40
100
152
280
390
510
604
676
579
485
357
235
119
65
45
32
11
4
12
6
5
4
13
7
4
9
5
11
5
4
7
2
6
2
4
10
8
10
10
5
8
8
6
5
11
13
3
6
12
9
7
4
12
4
8
9
10
5
4
5
7
3
7
5
5
7
9
12
7
2
6
13
10
3
10
15
6
8
8
7
6
6
3
11
14
10
7
5
12
5
13
8
5
7
8
9
9
8
4
12
4
6
5
9
5
5
9
5
6
9
7
10
9
11
8
13
5
6
5
7
2
4
5
4
10
9
5
7
6
9
2
7
6
14
8
10
6
6
5
7
9
7
7
8
4
3
15
3
1
7
5
8
9
8
4
8
4
9
3
9
4
4
11
4
5
10
7
6
7
9
5
5
8
5
6
7
5
6
7
1
2
10
15
3
4
9
8
7
3
6
8
7
4
5
8
5
6
8
2
5
8
6
1
6
8
14
8
10
9
8
7
7
9
3
12
9
8
6
3
8
4
11
6
4
10
4
7
7
7
9
15
19
29
32
30
28
25
27
15
15
6
7
9
6
3
10
6
7
11
10
13
14
18
28
23
32
22
22
19
21
9
6
13
5
6
8
6
7
7
9
6
4
6
7
7
7
9
10
6
9
1
5
6
4
10
4
6
9
9
7
11
8
7
2
11
9
8
2
10
5
5
6
5
4
12
4
7
3
8
5
4
11
7
14
11
12
36
28
52
51
46
58
57
32
16
20
13
9
8
9
12
8
21
17
20
13
25
17
11
11
15
7
6
7
10
5
2
12
7
8
9
5
11
4
7
7
9
3
7
7
7
9
5
8
5
9
11
12
14
14
18
16
3
13
9
10
12
10
12
16
19
23
27
39
24
29
10
11
13
7
10
7
4
5
3
5
5
6
6
4
5
9
7
8
8
7
3
5
7
10
4
5
4
10
6
8
7
6
7
8
4
4
4
7
5
6
4
9
5
4
3
8
4
5
10
2
7
6
9
10
5
7
8
4
6
8
6
5
7
6
10
7
1
5
5
3
3
6
5
13
12
26
30
53
80
103
105
124
154
146
134
93
72
36
38
20
11
6
5
3
8
4
7
8
7
6
8
4
6
7
2
9
7
4
4
6
9
4
8
6
4
4
5
7
8
9
10
4
9
7
5
13
9
3
7
4
9
10
9
3
7
3
6
5
8
4
5
5
6
7
7
10
5
7
6
15
6
6
8
2
3
7
4
4
10
8
3
5
7
6
8
5
9
5
6
4
3
7
10
4
7
3
7
10
3
9
10
5
5
5
8
13
6
3
10
12
7
5
6
11
2
7
2
5
2
3
13
7
7
5
6
7
3
6
6
3
5
3
6
7
3
8
6
6
7
6
4
3
4
8
7
9
6
6
2
4
9
6
7
5
4
3
9
4
6
8
8
9
7
9
10
4
6
7
5
4
6
6
9
4
12
6
7
7
11
9
13
4
5
3
6
5
11
5
6
8
4
4
5
7
5
6
9
9
10
4
8
4
9
7
9
3
9
10
7
11
11
8
4
11
5
5
6
4
7
7
3
6
8
3
10
3
2
2
3
5
4
3
5
10
4
7
8
4
6
8
3
9
4
9
6
11
10
4
8
7
11
5
7
10
5
13
10
13
16
19
14
20
12
5
6
6
4
10
2
5
1
5
8
7
5
6
3
5
7
3
4
2
5
5
7
5
6
5
10
9
5
7
7
3
12
3
4
9
9
5
6
3
10
4
9
5
8
14
2
8
6
9
3
8
3
5
7
5
6
7
8
7
5
5
3
5
6
3
8
9
8
9
10
11
7
4
4
11
9
0
6
5
3
9
9
10
7
9
6
3
7
4
8
8
1
3
3
7
10
8
4
8
5
6
3
10
7
4
8
5
9
8
3
5
11
8
9
8
8
5
5
9
9
6
6
2
7
3
1
8
4
8
6
3
6
4
9
4
4
5
6
10
5
4
2
8
6
2
5
1
2
6
6
11
3
4
7
5
8
5
3
3
6
7
4
10
4
9
5
6
9
5
2
6
6
7
4
7
3
10
7
7
5
8
4
2
11
6
4
8
2
8
4
7
5
4
11
6
9
6
8
9
9
6
6
9
8
4
4
8
1
5
5
9
8
9
5
10
6
5
4
10
7
1
7
1
5
6
8
4
9
3
9
8
9
7
8
13
7
17
25
41
61
87
64
80
74
65
38
32
16
10
5
2
5
4
6
4
10
8
11
7
7
7
5
7
7
7
7
4
7
5
5
4
4
7
9
13
6
3
5
8
8
5
7
4
3
5
8
2
3
5
5
9
3
3
2
5
3
5
4
2
8
8
6
12
9
11
13
15
22
33
42
34
21
20
14
9
8
5
2
6
2
5
7
6
2
5
7
5
5
7
4
5
5
3
6
3
4
8
5
9
6
4
5
6
6
7
12
3
2
7
9
2
4
2
2
9
5
3
5
5
6
9
3
4
8
2
6
9
9
2
6
8
3
2
7
3
8
7
8
3
5
4
2
3
7
8
5
12
2
4
7
7
4
7
5
5
6
8
2
3
7
6
3
5
5
3
10
4
6
6
8
4
8
1
7
5
9
3
4
5
1
4
5
3
2
8
3
7
4
4
3
6
8
7
7
2
8
2
6
6
6
7
6
7
10
8
18
20
56
83
139
155
185
190
201
197
138
94
85
49
23
20
6
9
11
4
3
4
5
7
4
4
4
3
3
3
5
5
8
9
9
5
3
6
5
8
4
7
6
9
5
5
2
9
6
5
3
6
0
5
5
4
4
2
3
2
6
5
1
3
4
4
0
3
5
6
5
2
8
3
6
5
2
7
12
0
6
2
2
7
9
4
4
7
6
4
6
7
3
2
1
5
5
4
2
5
5
3
4
3
6
11
9
7
5
8
4
6
5
4
6
1
4
4
3
9
3
4
4
6
4
5
3
6
1
6
1
6
4
3
5
2
5
5
6
3
8
5
7
6
4
6
6
2
8
0
7
7
7
4
3
4
1
4
4
3
6
4
2
3
4
4
5
4
6
1
5
0
7
6
3
7
8
6
4
1
3
1
5
4
4
9
2
8
8
6
5
3
5
9
4
6
3
6
4
6
4
11
6
4
5
7
6
8
0
3
6
9
5
9
12
6
9
10
6
7
4
3
7
5
2
4
6
3
8
6
1
2
6
4
6
3
3
7
8
3
7
10
8
3
3
7
3
2
4
2
8
5
2
2
4
4
6
6
7
4
8
11
4
3
6
3
5
4
8
6
3
4
2
3
7
5
5
2
4
8
3
5
6
4
5
5
1
3
3
4
6
3
5
9
6
4
7
5
1
3
4
9
2
7
6
4
1
4
6
6
7
5
5
2
5
3
3
2
2
4
6
5
7
8
2
3
6
7
5
6
2
4
3
4
4
4
4
5
6
3
11
6
10
3
6
3
9
2
8
7
4
7
9
6
10
5
7
6
3
2
2
1
6
7
2
2
4
6
8
6
5
5
12
6
8
10
10
4
3
10
5
2
3
6
9
2
8
9
2
9
4
1
3
6
4
6
1
4
7
3
5
4
7
7
2
4
5
5
2
8
6
7
8
6
6
6
4
4
2
6
4
5
8
6
4
7
6
4
7
4
6
4
1
5
4
7
6
5
4
8
5
2
7
4
4
4
3
6
6
5
6
3
5
5
2
0
8
9
6
3
5
8
8
4
9
9
3
5
4
6
7
3
7
9
10
8
5
1
7
7
3
4
7
5
2
5
3
4
5
2
9
11
5
2
5
7
4
3
7
4
12
4
4
2
4
6
3
1
6
4
12
2
2
4
6
4
3
2
3
5
6
4
6
8
9
6
10
8
16
6
5
15
12
2
4
7
6
4
4
3
5
5
8
5
8
2
6
3
8
5
2
9
5
6
5
3
7
9
2
7
10
5
6
4
6
3
6
8
6
9
7
6
10
7
4
4
4
4
6
3
5
6
6
6
6
5
3
5
6
4
1
8
5
5
5
4
6
7
4
7
5
6
4
5
10
3
10
2
6
8
4
6
9
6
8
4
8
2
3
8
5
6
6
7
6
4
7
7
4
5
6
4
4
1
3
5
6
10
9
6
4
5
10
4
6
5
6
5
6
3
7
6
7
6
9
4
9
6
3
4
8
3
3
9
9
10
3
6
5
4
8
7
9
3
7
9
4
8
5
5
7
4
6
8
3
7
9
6
5
9
9
5
4
6
3
7
8
3
3
2
6
4
6
3
4
2
3
6
2
6
2
2
4
5
5
8
2
5
2
8
9
1
5
6
11
10
6
4
6
2
8
7
3
2
4
10
4
3
8
7
4
13
4
4
3
9
8
2
4
9
7
6
4
4
9
4
3
5
3
2
7
4
4
3
7
7
6
4
3
3
8
6
4
12
5
6
4
7
11
8
9
6
5
5
7
7
9
4
2
11
3
4
3
3
2
9
5
3
5
6
5
8
5
11
3
4
8
4
4
6
9
4
4
7
6
3
3
4
8
7
0
2
5
4
5
6
5
6
6
4
8
6
5
8
7
7
7
8
8
3
5
11
10
5
6
5
4
7
6
4
3
5
3
4
9
14
13
13
16
12
11
9
12
6
4
10
12
4
5
7
7
8
5
8
7
5
8
7
8
8
7
9
5
7
6
4
5
6
2
2
4
8
6
4
5
6
5
4
3
6
3
2
6
5
7
7
5
1
4
9
7
4
6
8
6
11
6
8
4
2
5
6
11
9
18
26
31
31
42
65
60
38
35
28
17
11
9
6
9
8
6
5
12
4
9
8
9
2
6
9
8
9
8
8
14
8
6
6
11
6
13
9
3
10
9
3
12
10
7
5
7
3
14
8
2
7
9
9
13
7
12
6
6
7
5
9
9
7
4
7
13
4
9
12
10
8
10
4
10
6
9
10
7
7
7
7
12
10
8
6
5
8
10
6
7
7
14
13
11
4
3
8
9
9
9
5
8
10
4
9
6
4
6
7
5
10
8
10
11
10
4
9
15
5
8
4
7
9
5
7
7
11
6
7
7
11
6
8
9
14
4
12
10
7
8
5
6
5
12
7
5
9
8
5
8
6
9
7
5
8
6
9
11
9
9
17
18
18
23
22
28
27
19
16
7
13
6
9
6
4
4
6
3
7
10
9
6
5
6
7
10
11
7
5
3
6
6
10
8
7
8
11
3
18
10
12
7
12
5
8
8
13
8
12
4
6
7
11
4
7
3
5
1
9
8
8
4
8
6
10
6
6
8
9
13
6
9
2
7
6
5
13
10
7
11
18
7
8
8
8
6
5
9
11
10
10
5
6
8
9
12
7
9
7
8
14
12
11
7
7
7
9
12
8
3
10
4
6
10
11
7
6
11
11
5
3
13
10
4
7
5
15
9
11
9
7
9
7
8
6
11
12
7
12
10
6
9
7
11
12
11
7
8
12
8
7
10
13
8
10
7
11
12
9
12
8
4
5
6
9
9
10
11
4
6
12
13
10
6
9
11
11
8
6
9
5
9
7
8
9
9
11
13
6
6
9
6
13
3
14
10
16
13
9
7
15
17
11
18
10
8
7
10
8
3
14
11
10
9
9
6
6
10
6
12
18
8
14
9
12
11
6
7
13
13
8
12
9
6
12
15
18
13
9
10
5
11
8
11
3
13
9
11
11
14
15
12
8
11
12
12
4
5
11
8
12
15
11
5
12
18
11
10
9
7
11
11
9
6
8
12
5
10
9
5
9
9
6
4
9
14
10
6
13
21
10
13
10
15
10
9
7
13
6
5
16
11
10
16
8
12
8
9
14
12
12
10
11
10
7
10
11
14
3
9
16
6
12
9
11
8
10
6
1
11
17
9
3
8
8
15
11
10
3
7
4
8
7
8
7
6
10
7
4
14
6
6
6
13
4
9
12
9
6
12
6
7
6
11
6
11
6
4
9
7
14
13
7
8
17
8
14
11
11
12
9
14
11
8
10
10
11
16
14
6
10
7
10
10
11
11
13
5
5
7
6
5
13
9
10
6
3
9
2
12
4
10
7
7
11
7
14
12
14
7
5
7
8
9
10
6
4
6
9
8
10
6
17
6
7
6
7
9
11
7
7
10
10
9
10
11
11
7
9
8
6
9
8
7
9
8
13
9
8
8
6
15
3
5
9
7
5
7
3
9
2
16
4
5
9
6
9
5
6
12
13
2
5
6
10
11
5
3
5
13
11
6
12
8
10
8
9
11
11
7
8
12
3
10
6
7
6
6
12
7
7
6
5
10
5
5
6
5
6
7
7
4
10
4
5
13
11
3
6
9
13
4
13
14
7
8
10
16
13
11
3
11
8
5
13
12
8
6
9
17
21
35
58
69
118
193
255
341
389
407
424
295
307
232
161
93
57
35
28
17
17
13
20
13
10
14
11
12
12
16
14
13
15
13
12
11
17
11
9
14
6
16
18
8
16
10
21
11
15
15
10
12
10
14
11
13
8
8
13
9
12
10
5
7
4
8
16
14
12
8
10
8
9
9
13
17
15
15
7
8
12
9
16
11
12
10
13
16
13
10
13
10
12
13
10
9
11
12
5
16
7
11
9
11
11
13
9
9
10
12
13
11
10
18
6
11
6
15
10
5
11
11
16
9
9
8
7
12
14
16
17
7
9
19
11
10
10
9
10
10
16
10
11
12
14
9
10
7
14
9
15
12
15
6
8
17
11
4
5
9
8
12
17
11
10
8
15
13
16
6
8
10
17
14
8
14
5
11
2
11
11
10
9
13
12
6
7
10
12
21
9
12
16
9
9
14
12
15
8
8
15
18
7
8
12
9
11
15
6
11
12
10
13
9
11
16
12
6
7
14
14
5
16
12
5
9
13
12
8
8
10
11
8
8
11
12
4
8
16
8
10
4
11
16
14
11
15
16
11
20
12
18
12
14
16
11
11
15
16
12
12
13
11
12
13
17
12
9
8
10
9
9
13
15
20
13
7
8
9
11
7
15
14
11
11
14
14
20
11
11
10
13
4
8
10
10
12
14
13
18
11
14
9
11
6
11
17
12
16
7
15
19
11
13
10
13
20
10
10
11
9
15
15
9
11
6
11
9
11
8
8
12
18
10
9
16
14
13
13
13
10
13
14
8
15
16
14
17
9
13
12
11
12
15
15
14
9
23
7
18
20
6
22
16
14
11
14
11
14
12
18
19
15
9
16
9
12
14
17
24
18
19
8
11
7
18
7
8
16
8
11
9
11
13
5
11
8
9
9
11
9
7
10
12
16
13
19
12
17
10
12
6
11
9
17
13
12
15
14
12
13
15
10
9
11
9
11
8
5
13
11
12
9
9
10
7
10
12
13
9
8
13
12
9
7
11
11
11
8
13
9
8
9
9
13
9
11
10
9
9
11
7
17
6
11
8
14
3
6
9
6
16
7
13
9
6
15
12
10
6
8
7
10
17
9
10
16
11
8
9
12
7
7
6
11
9
6
8
8
3
10
7
9
10
10
5
7
12
12
10
9
4
4
12
7
6
11
15
8
11
12
8
7
11
8
10
12
10
9
9
9
6
10
8
7
9
7
5
4
7
7
8
7
11
12
11
3
9
6
12
5
11
7
8
8
5
3
10
4
4
5
12
7
6
14
5
9
11
10
7
12
8
5
5
7
10
4
8
7
7
5
7
10
5
9
7
7
7
7
5
3
11
7
4
7
7
9
4
10
5
5
8
8
5
8
4
9
4
7
7
6
6
6
5
8
6
5
7
6
13
7
10
6
5
8
7
9
10
7
6
8
8
2
4
5
4
1
4
7
7
4
7
5
5
8
5
5
6
8
1
5
5
9
6
6
9
4
4
7
6
5
1
8
3
7
6
3
2
3
5
9
6
6
4
5
9
5
8
6
5
9
2
2
5
8
5
5
14
10
12
12
8
7
6
8
9
5
3
4
5
3
7
4
2
7
1
4
5
9
9
8
3
2
10
10
18
29
69
143
213
385
625
842
1095
1310
1253
1221
946
668
406
270
132
54
25
13
3
0
0
0
0
1
1
1
1
0
0
1
1
1
1
0
0
0
0
0
0
0
0
0
0
0
1
0
0
0
1
1
0
0
0
0
0
0
1
0
0
0
0
1
0
0
0
0
1
1
1
0
1
1
0
1
0
0
0
0
0
0
0
0
0
0
0
0
0
0
1
0
0
0
0
0
0
0
0
0
1
0
0
0
0
0
0
0
0
0
0
0
1
0
0
0
0
0
0
0
0
0
0
1
1
1
0
0
1
1
0
0
0
0
0
1
1
0
1
0
0
1
0
0
0
1
0
0
0
0
0
0
0
0
0
0
0
1
0
0
0
0
1
0
0
0
0
0
0
0
0
0
1
0
0
0
0
0
1
0
0
0
0
0
0
0
0
1
0
0
0
0
1
0
0
1
0
1
0
0
0
0
0
0
0
0
0
0
0
0
0
0
0
0
0
0
0
1
0
0
0
0
0
0
0
0
0
0
1
0
1
0
0
0
0
1
1
0
0
0
0
0
0
1
0
0
0
0
0
1
0
0
0
0
1
0
0
0
0
1
0
0
0
0
0
0
0
0
2
0
0
0
0
0
0
0
0
0
1
0
0
0
0
2
0
0
1
1
0
0
0
0
0
0
0
0
0
0
0
0
0
0
0
0
1
0
0
0
0
0
0
0
0
0
0
0
0
0
0
0
0
0
0
1
0
0
0
0
0
0
0
0
0
0
0
0
0
0
0
0
0
0
0
0
1
0
0
0
0
0
0
0
0
0
0
1
0
0
2
1
0
0
0
0
1
0
0
0
0
0
1
0
1
0
0
0
0
0
0
0
0
0
0
0
0
0
0
1
0
0
1
0
0
0
0
0
0
0
0
1
0
0
0
0
0
0
0
0
0
1
1
0
0
0
0
0
0
0
0
0
0
0
0
0
0
0
1
0
0
0
1
0
0
1
0
0
0
1
0
0
0
0
0
0
0
0
0
0
0
0
0
0
0
1
0
0
0
0
0
0
0
0
0
0
0
0
0
0
0
0
0
0
0
0
0
1
0
1
0
0
0
0
0
0
0
0
0
1
0
1
0
0
0
0
2
0
0
1
0
0
0
0
0
0
1
1
0
0
0
0
0
0
0
0
0
0
0
0
0
0
1
0
0
0
0
1
1
0
0
0
0
0
0
0
0
0
0
0
0
0
1
0
0
0
0
0
0
1
0
0
0
0
0
0
0
0
0
0
0
0
1
1
1
0
1
0
0
0
0
0
0
0
0
0
0
0
0
0
0
0
0
0
0
0
0
0
0
0
0
0
1
0
0
0
3
1
0
0
0
0
0
0
0
0
0
0
0
1
0
0
0
1
0
0
0
0
2
0
0
0
0
0
0
0
0
0
0
0
0
1
0
0
0
1
0
0
0
1
0
0
1
0
0
0
1
0
0
0
0
0
0
0
0
0
0
0
0
0
0
0
0
0
0
0
0
0
0
1
0
0
0
0
0
0
0
0
0
0
0
0
0
0
0
0
0
0
0
1
0
0
0
0
0
0
0
0
0
0
0
0
0
0
1
0
0
0
1
0
0
1
0
3
0
0
0
0
0
0
0
0
0
0
0
0
0
0
0
0
0
0
0
0
0
0
0
0
0
0
0
0
0
0
0
0
0
1
0
2
0
0
0
0
0
1
0
0
0
0
0
0
1
0
2
0
0
0
1
0
1
2
1
0
1
1
0
0
0
0
0
0
1
0
0
0
0
0
0
0
1
0
0
0
0
0
0
0
0
0
0
0
1
0
0
0
0
1
0
0
0
0
1
0
0
0
0
0
0
0
0
0
0
0
0
0
0
0
0
0
0
0
0
0
0
0
0
0
0
0
1
0
0
0
0
0
0
1
1
0
0
0
0
0
0
0
0
0
0
0
0
0
0
0
0
0
0
0
0
1
0
0
0
0
0
0
0
0
0
0
0
0
1
0
0
1
0
0
0
0
0
0
0
0
0
0
0
0
0
0
0
0
0
0
0
0
0
0
0
0
0
0
0
0
0
0
0
0
0
0
0
0
0
0
0
0
0
0
1
0
0
0
0
0
0
0
0
1
0
0
0
0
0
0
0
0
0
0
0
0
1
0
0
0
0
0
2
0
0
0
0
0
1
0
1
0
0
0
0
0
0
0
0
0
1
1
0
0
0
0
1
0
0
0
0
1
0
0
0
0
0
0
0
0
0
0
0
0
0
0
0
0
0
0
0
0
1
0
0
0
0
0
0
1
0
1
1
0
0
0
0
0
0
0
0
0
0
0
0
0
0
1
0
1
0
0
0
0
0
0
0
0
0
0
0
0
0
1
0
0
0
0
0
0
0
0
0
0
0
0
1
0
0
0
0
0
0
0
0
0
0
1
0
0
0
1
0
0
0
0
0
0
0
0
0
0
0
0
0
0
1
0
0
0
0
0
0
0
0
0
0
0
1
0
0
0
0
0
0
0
0
0
0
0
0
0
0
0
0
0
0
0
1
0
0
0
0
0
0
0
0
0
0
0
0
0
0
0
2
0
0
1
0
0
0
0
0
0
0
0
1
0
0
0
0
0
1
0
0
0
0
0
0
0
0
0
1
0
0
0
0
0
0
0
0
2
0
0
1
0
0
0
1
2
0
0
0
0
0
0
0
0
0
0
0
0
0
1
0
0
0
0
1
0
0
0
0
0
0
0
0
0
1
0
0
0
1
0
0
0
0
1
0
0
1
0
0
0
0
0
1
0
1
$ENER_FIT:
-1.4120 0.714444 0.000000e+000
$MCA_CAL:
3
-1.4120 0.714444 0.000000e+000
$ENDRECORD:
