$SPEC_ID:
Sample title.

$MEAS_TIM:
85393.78000 95889.54000
$DATE_MEA:
01/11/2017 8:27:00 AM
$DATA:
0 16383
0
0
0
1
0
0
0
0
0
0
0
0
0
0
0
2
63
134
163
162
163
164
166
176
157
183
189
192
177
178
191
191
178
150
153
161
167
147
152
175
167
158
178
228
350
524
415
265
204
158
6527
7435
8666
10036
11667
13719
15713
18711
22618
28789
40957
65594
93930
95997
68674
50760
50717
55609
63172
77008
96879
105076
94970
85247
79946
80320
82251
85154
87262
89206
90667
93561
95140
97217
100015
102038
103658
105389
107510
108744
109974
110968
112258
113581
117275
126871
136894
135535
124229
118621
116833
117005
118353
126803
135915
143869
167510
191008
178058
174780
189921
183853
204926
277115
276756
184174
123249
115085
152416
225634
246499
186201
133943
127548
141244
152618
173962
189209
171218
140523
118138
104892
99859
98866
98996
99428
98033
98195
98412
98656
98018
99040
98670
99297
100562
101533
107341
131508
173027
180344
144867
118132
111891
107620
105834
105425
105064
105945
105413
106269
106231
106619
106262
105939
106173
105789
106031
106087
107258
106490
106730
114818
136809
151844
138521
117632
110453
110925
110184
106956
104266
102665
103225
103482
102539
101839
101859
101703
101605
101017
102546
104321
106077
108008
105444
102859
101307
100915
101114
99306
98489
98234
98651
97737
98045
97984
97678
97019
97348
97209
96171
95679
95425
95589
96146
95226
94660
94447
95046
94390
94248
93816
93683
93681
93907
93158
92663
92662
91768
91917
91568
91882
92167
92402
92342
92180
92660
92154
92791
93420
94221
96365
99885
140976
407648
1085926
1536729
1076361
394924
123226
80029
77649
77591
79233
96295
186519
363956
423507
273764
129718
85333
78166
73607
71949
73240
79921
84009
79041
71386
69054
68461
68677
68506
68035
67574
67485
66600
67458
72018
92558
137543
160777
126951
84002
68073
65647
65408
65228
65234
65380
65046
65784
67096
67563
65580
64799
68477
89254
132131
152104
118593
82249
72868
73937
73430
71268
71160
72160
73352
80780
98882
107043
91440
73720
66293
65779
66038
66339
67715
68244
69586
70141
72406
77916
83095
79978
72915
69586
67938
68420
68603
69285
70352
69192
69711
70061
71098
72022
72863
74586
75650
77607
79395
81097
82017
83379
84351
84471
84555
83791
82699
80898
79848
77345
74731
73186
71196
70457
72081
77679
79694
73959
66569
63856
62566
61735
61622
61166
61121
61531
61850
60990
60988
60134
59875
60541
61009
61231
62372
64933
75786
94071
96409
80270
68419
66572
66783
66214
67290
73687
82526
82226
73543
66519
65029
64901
64176
64184
64778
65289
65790
64693
63672
63697
62212
60076
58850
58721
57467
57232
58151
58232
57307
56459
56413
58126
61257
62149
60012
58107
56140
55733
55069
54768
54616
54622
54224
53997
54485
54483
54587
53944
53724
53938
54067
53576
53901
53185
53488
54833
64423
87285
101976
87808
68074
60544
56196
52065
50213
49895
50430
49975
49963
49678
49470
49717
49640
49547
49637
49741
49544
49813
50012
50208
51545
51831
53435
66506
110333
161362
153724
101484
66635
56051
53242
53308
54200
56106
60769
71776
81502
76144
62716
56309
54904
55037
55893
55365
57857
70777
98016
114036
99520
88978
114163
140403
119145
76567
54270
48023
47149
46718
46549
46387
45805
45285
44224
44090
43902
43937
43990
44491
45312
47793
53123
60156
58298
51835
46875
44376
44165
51540
82587
135469
150515
105633
64049
48995
45073
43070
43126
46045
53331
57073
52758
48736
49789
50031
46224
42575
42300
42780
43055
43397
48318
87093
214955
369718
353905
189877
75716
45166
41454
41831
41622
41865
43171
44820
45007
44108
45605
54063
68283
71713
60470
51803
55266
61921
59776
51068
45764
43990
43677
42557
42146
41753
44140
47803
49840
45895
41830
40432
40274
40348
40074
39695
39557
39855
40030
40000
39529
39063
39104
38358
38576
38247
38381
38184
37883
38830
38422
38144
38081
37925
38023
38301
38185
38215
38083
38100
38934
40987
43326
43687
43671
53449
79856
96426
79741
53046
43836
59290
110261
164319
150108
92285
55449
42768
38728
38334
38285
37822
37966
41476
53124
66257
66427
58083
54204
54415
53907
48781
41367
39171
40694
43783
43758
40672
38467
38426
40884
54300
85234
103641
84445
54340
40974
38928
41063
51146
76230
119163
168210
205847
223317
231092
237815
243004
245867
245913
245801
244358
242844
241904
237283
230966
219877
204580
181676
148697
110700
73844
49325
38273
34401
33775
33684
33374
33567
33782
35768
38270
39894
38432
35687
34353
34998
35253
35136
35113
36011
36257
36089
35532
36260
37275
38329
39670
44076
48378
47757
44731
47205
62596
96919
151475
210543
243726
226216
173541
113267
71893
51961
54295
85302
140059
205990
505067
1430249
2433787
2194419
1037071
271689
61034
33272
29977
28481
27951
27919
28747
30678
31325
30549
29064
28168
28951
29610
30177
29811
29528
29132
29029
28960
29247
29846
30655
32183
32599
31795
30408
29734
30069
31405
36166
37500
33028
28736
27662
29664
33899
35870
33292
29687
28007
27590
27011
27003
27154
27193
27684
27806
29127
33585
38750
37729
32081
28298
27094
27374
28359
30899
35025
36484
35363
33367
30960
30113
29906
30576
31407
31606
30602
29039
28084
28415
28406
29340
31344
35239
37593
35062
32310
30959
30196
29842
29601
31322
46285
157520
574672
1248927
1459521
913748
314478
74509
30627
27355
26483
25294
25555
31836
50718
72534
71033
49947
34652
29291
26932
24983
24607
24438
24180
24573
24915
26547
27305
27605
26850
26276
27487
29748
30323
28056
26204
25862
25805
25113
25028
25097
25451
24964
24886
25507
26287
28466
34413
39501
37251
30275
25567
24513
24173
23560
23481
23750
23650
23608
24391
25472
26345
28274
31769
33519
30591
27181
25700
26644
27239
26878
25567
24621
24793
26147
30128
32964
32170
28737
26361
25165
24754
24667
24638
24955
25214
26703
30003
33361
32653
29022
26593
26333
27439
31554
34789
33610
29524
26704
25799
25272
24689
24408
24463
26015
39477
92562
186345
228763
162899
73401
33721
24782
23653
23657
24020
24004
24418
24496
24168
23997
24361
23949
24577
24735
24984
25189
25856
26596
27655
27858
27436
26746
25483
24337
23958
24861
25689
26221
27224
30048
31067
28920
25484
24108
23996
24672
25751
26453
26639
29130
39748
51639
49949
37481
27633
24585
25455
27058
28001
27138
26207
24918
23988
23453
23202
23663
24031
24232
24268
24549
24574
25664
25989
25688
24690
24063
24139
24637
25288
27368
27996
26290
25065
24715
25275
25479
25599
24964
24442
24132
24407
24041
23979
24213
24023
24581
24678
29432
62114
184098
390977
480823
333800
143788
57784
40003
34148
28686
25150
23523
23408
24249
24859
26727
29733
31775
29311
25576
23292
23400
24431
25730
27635
28036
26226
24089
23419
23142
23508
24136
24901
25299
26353
27277
28310
29784
28943
26362
24114
23682
23857
24847
24849
24670
23699
24207
27753
36273
44158
42832
34069
27349
25104
24486
24227
24297
25154
27580
33373
50864
83224
101887
80769
47095
28883
24075
23879
23599
23988
23773
24378
24894
26131
30919
38856
42055
36370
30072
26648
25302
25166
30568
46059
63721
73574
80136
87108
75769
49570
32287
26857
26682
26164
24839
24681
25012
27888
33719
38923
36781
29512
24537
23209
23188
23143
22929
22956
23031
23059
23323
24206
25828
27432
26866
25252
24386
25477
27703
28172
27172
28854
39900
56268
61591
48414
33832
27101
25011
24015
24393
25001
24995
24167
23819
24096
25139
27130
27643
26208
25122
25094
25582
25548
25481
28977
41340
56829
59695
47715
36500
30903
28236
27211
28438
29412
28093
25506
25379
29260
36819
42515
47211
71083
114361
131775
108519
111147
174152
218477
167525
82776
37976
27664
26485
25659
25195
25953
26430
28389
36649
47907
50558
41398
30492
25351
24450
24694
24986
25853
30187
37249
40359
36649
32929
34257
34648
31104
28191
30670
40740
56587
69619
65595
47665
33573
27893
27177
27221
26068
24876
25148
27532
29423
28777
26423
23966
22990
22512
22713
22620
22901
22908
22362
23360
24648
25990
26269
26655
25951
26068
27589
29322
28883
27407
27311
27877
29763
37057
56380
72613
66893
46626
30877
24738
24439
25696
26153
25354
24304
23841
24226
24827
24868
24629
23572
23569
24149
24363
24381
24845
24720
25248
27620
30434
31156
30850
31713
32332
31602
36408
45015
49324
43195
33215
27713
25707
24499
24350
24303
24481
23931
23852
23839
23614
24120
24568
24791
25067
24663
24510
24434
24950
25524
27641
29737
30290
28319
26430
28145
36771
52677
71927
95752
122483
124150
92193
53438
31866
25939
25500
25499
24797
24726
24987
24820
24792
25094
25390
25571
25863
26208
27388
31118
33948
33025
30548
29606
34122
44327
55194
52566
38999
28818
25186
26476
28986
30828
32246
33804
32918
30180
26692
25110
26243
39701
91282
182492
235047
189770
106390
62012
46086
34913
27783
25304
26489
38412
72050
112524
121193
92557
61964
43986
35682
40357
55509
61647
51030
36338
28332
25696
25150
24733
24350
23634
23375
23467
23819
26000
29406
31150
30249
29051
34164
46342
64533
82286
84107
64439
41506
28482
24913
24623
24720
24382
25034
26170
26634
28006
38609
67560
102764
113268
88760
54417
33009
26854
27203
30071
31354
29828
28201
29619
31732
31619
30681
30311
31034
30166
28091
26411
25586
25186
23952
23796
23386
23474
23887
24245
24748
25321
25432
25062
25221
26995
37572
63450
94509
98656
70461
41382
28486
24919
23874
23921
24010
24276
24765
26107
27584
30181
30391
28152
26901
25498
24867
24098
24088
25266
27628
30515
31064
28687
25791
24287
24335
24831
25636
26943
28618
31739
33010
32200
31364
31071
29600
28177
27207
26100
26080
26036
25923
25323
27569
36531
52514
61918
54061
38042
28907
28245
29726
29802
27451
26018
25361
24989
24461
23954
23609
23644
23727
25533
31499
40948
47953
43920
33636
26853
24907
24555
24987
24151
24505
24758
25160
26727
30857
33677
32620
30276
29496
29828
29924
31835
33846
32533
28792
27163
32511
48855
73520
87965
82024
61832
41540
29641
25635
24683
24993
24402
24059
24343
25510
27725
30168
30858
32361
37526
41939
39939
33443
28599
26944
27066
31035
46854
88137
142322
159556
123342
104302
165175
261165
272211
179630
84766
39848
28850
29411
31692
30912
27577
26423
26597
28429
31139
33407
33706
33205
32638
30234
27197
25531
24574
24822
25222
25018
24698
24896
28142
45423
93500
154500
168224
118127
64069
40695
42817
64945
124447
217742
267593
216021
122002
62980
39090
29763
27703
29566
35712
52598
79970
95401
78915
50416
33223
33353
44820
55586
55737
48350
44493
41297
37657
34683
31871
30210
30454
30838
29505
27375
26058
26500
28539
29169
28542
28933
32298
37677
40941
46332
54679
62836
61764
49445
35485
27743
24607
24326
24817
27312
30866
33501
31577
27596
25174
24748
24873
24510
24160
23998
24019
23928
23585
24417
24386
24349
24724
24300
23554
23779
24308
24816
24893
25535
25379
24908
24815
24615
24897
25356
25355
25408
25134
24843
25019
25492
26399
27263
27627
27133
26417
26598
26640
26185
25258
25230
25374
26926
29839
37192
45582
47874
41353
34718
29560
27168
26240
25292
25339
25754
27095
28919
29665
29376
27884
27463
26643
26547
27009
27345
28103
28222
27393
27052
26788
28204
29734
29020
27231
26702
27250
28926
32720
35431
35539
31476
27482
27041
27609
28789
28902
31147
42073
75726
131438
170828
166911
125404
80605
50159
36886
32016
31798
35942
44734
55399
57673
48043
36403
29420
29910
39593
62061
85135
87666
65510
41529
29989
27841
28216
28496
28137
27280
27151
29557
36249
45798
51090
46334
37559
32165
29871
27619
26418
25606
27267
31849
39591
45545
44012
36983
30360
27090
26145
25930
26677
26733
27005
26495
26776
27200
28154
28807
29086
29123
29840
30210
30159
30281
28368
27161
26728
25947
25965
25459
25596
26074
26862
26806
26165
26248
25812
26396
26028
25765
26406
28402
30735
31654
30123
29509
30859
34367
35429
33162
29449
28629
30394
32575
32331
29407
27769
26835
26566
26899
26424
26248
26171
26051
25915
26506
27098
27399
27565
27549
27013
28644
32407
39765
44558
42704
35665
29797
27485
26662
26479
26856
27541
27932
27960
28343
29368
34346
44479
54249
54321
43379
32504
28080
26806
27574
29404
31735
32690
30518
28582
27350
27656
28580
31478
34859
35587
33706
31460
29993
30397
30992
29893
29067
28860
29399
31459
33110
32639
30840
29148
28322
29733
33538
38018
38843
36388
36329
42589
50799
51981
43811
35670
30720
28904
27969
27973
32100
52667
114511
212675
267717
220488
122303
56394
34564
32189
33198
31509
29162
27576
27335
27209
28220
28379
28284
29232
30960
32075
30569
28941
28003
28092
29692
35834
51537
72751
79269
66272
50390
48994
57257
57650
46872
35315
29759
28543
28183
28259
27520
27698
27693
27984
27964
28063
28409
27965
28348
28098
28459
29157
29305
29414
29854
32022
35346
40382
49513
62809
71698
71354
66908
69326
78798
79602
64119
45577
34893
32537
31765
30596
29599
28904
28843
28726
28933
28823
28760
29297
29162
29096
29023
29013
29627
29698
29812
30455
33049
39176
46482
48181
42336
34568
30430
29344
29608
31199
31793
31379
30075
29479
28534
28799
28548
28447
28699
28562
29172
29471
29629
29872
29461
28864
28969
28467
28858
29294
29824
29333
30291
29792
29770
29548
29241
29157
30791
37002
58606
102609
145371
147162
105103
66155
52908
54181
50355
41337
34558
32379
33551
36621
38775
38834
36711
33361
31415
30458
30389
30276
30269
31216
32970
37097
42198
45594
44670
39659
33745
31172
30153
29968
29732
30194
30612
31591
31772
32772
33824
34164
32986
31667
31309
32223
35249
39344
46226
56065
63053
57610
46972
40528
39183
37357
34798
31739
30459
30275
30279
31342
34521
42824
53119
57469
50576
40291
34310
32064
31841
31735
31574
31455
31208
32449
32339
32792
32382
32548
33191
33948
35213
35459
36193
37160
37607
36809
35215
34226
34050
34657
35082
34845
35491
35076
34680
35118
35391
35298
36114
36925
38878
40642
41314
38975
36877
36651
39725
43350
43811
40375
35900
33581
32852
33574
33744
33903
33234
32883
32723
33108
32975
32829
33082
33595
33244
32617
32354
32113
31956
31796
31772
32406
32935
33126
33516
34170
35127
35722
35675
37598
47115
63095
72957
66580
51314
39941
35676
35208
36515
40817
48550
54476
52963
45532
40175
37588
36615
33846
32582
31783
31354
31446
31368
31222
32173
33001
35796
38804
39671
38382
37857
37905
36652
35006
32954
32125
31614
31198
30860
31079
32058
35849
44641
55540
61383
58923
54937
51476
47077
40517
36253
35421
37607
38409
39942
47836
66055
92222
107841
96580
67628
44576
35485
33193
32790
32366
32149
32145
32237
31334
30852
30607
30849
30839
31110
31162
31498
31256
31495
32250
33999
35394
36191
36419
37159
37345
36300
34582
31984
31517
31421
31516
32471
33537
34354
33431
32075
31057
30558
30694
30292
30548
30521
30508
31251
31305
31598
31706
31835
31606
31619
31189
31214
31413
32233
32762
33481
34152
34173
33048
32504
34834
46169
80015
135611
173914
162107
116864
79927
62237
49813
40579
34739
32813
32569
32764
32458
32809
33087
33579
33779
34322
34596
34008
34091
34124
33980
34124
34602
34241
34521
34792
34941
36132
36415
36647
37491
37909
39281
40073
40760
40822
41723
42514
43749
43847
43282
43822
46308
49395
55664
60687
61884
61540
61037
58819
55980
54003
54015
54099
55270
57680
62735
70965
77073
74243
66019
58282
53548
51649
50023
49132
48657
48543
48721
46748
45600
44566
46808
64858
112686
187777
232339
202003
133112
85087
71300
66370
59141
49357
42050
37599
36471
36424
36793
36482
36006
35892
36228
35468
34743
34375
34055
33942
33993
34570
34942
34787
34362
33998
33907
34964
36662
38524
40336
40169
38609
36590
35336
34583
33683
32877
33246
33491
34053
34583
34717
34513
34377
34255
35053
35455
35493
36378
35832
35022
35220
36026
36913
39514
41989
42071
40623
38465
37342
37409
38003
38692
40672
45928
54127
62569
72492
125840
342892
829035
1383365
1518254
1086471
515325
175828
58968
35135
31735
31391
31147
31953
33423
35890
37155
36425
33427
31117
30347
30121
31064
31499
31300
30797
30359
30656
30399
30470
29877
29854
29249
29353
29942
30088
29785
29422
29427
29000
30059
36000
59845
133319
262397
368514
355537
244128
138975
81860
54552
39290
31384
28953
28210
27906
27504
27589
27836
28430
28811
29379
28843
28252
27844
27692
27651
27635
27831
28078
27904
28032
27594
27772
27323
27127
26962
26877
27148
27267
29215
36660
54735
81178
95228
83862
57272
38010
29404
27556
27045
26745
26695
27324
27558
27553
27177
27094
26535
26627
26358
26294
26166
26509
26313
26595
26120
25921
26595
26733
27286
27915
28869
28899
28592
27904
27386
26258
26140
26353
26817
27696
29180
30470
30423
29096
27768
26556
26028
25422
25488
25267
25532
26739
28893
30312
29436
27485
26349
25370
25494
25729
25297
25540
25293
25196
25236
25813
26619
26419
26694
26280
26322
27824
30938
33202
33609
30397
27190
25794
24797
24938
24758
25042
25738
26099
29538
35275
40410
42158
42443
50824
69142
81892
74378
55294
43269
42838
44450
41084
33124
27213
24231
24166
23637
23788
23931
23700
24194
24024
23877
24226
24470
25523
25310
25033
24360
23708
23617
23309
23238
23163
23302
23456
24003
23883
24443
25779
27871
31416
36739
40830
40742
35608
30440
27819
27586
30952
39092
47534
49805
42453
33293
27828
26813
27779
29692
36355
77779
306787
1149431
3041900
5352824
6228123
4771467
2408815
806044
185748
38341
16134
13988
15098
20225
31062
42540
45460
36760
24928
17536
14947
15077
15895
17066
18336
21998
28833
34074
31415
24120
18362
15156
14461
15028
15136
14734
13920
13391
13334
13804
14268
14724
14810
14966
14285
14236
14195
13926
13361
13286
14323
17658
23325
29965
31382
25987
19111
15274
14733
17458
22893
27635
27348
22689
17418
16164
18323
24166
31226
33552
28771
20841
15664
13594
13392
13688
14118
14549
15700
18964
24401
33944
68205
198309
508683
928275
1137657
932161
511377
191799
54589
17891
12679
17575
45119
142453
359006
622857
726627
565303
296565
108117
32003
13838
10827
10745
11525
12921
14824
14872
13210
11248
10263
10739
12703
16502
19708
20778
18638
15002
12739
12711
14465
16305
15833
13694
11768
10816
10505
10926
11487
12012
11954
11635
10700
10050
9519
10105
11096
13301
15161
15149
13992
12437
12387
14040
18800
28995
40099
44123
36811
24707
16695
13400
12628
11782
11083
10386
10006
10049
10221
10207
10363
9902
9982
9978
9907
9909
10085
10346
10827
11131
11553
11315
11095
11223
11393
11637
11208
11064
11198
11460
11341
11289
11507
12778
17448
24853
33121
36572
30995
21731
14515
11042
10332
10116
9808
9861
9777
10169
10984
11987
12003
11366
10772
10448
10966
11672
12223
12284
11761
12376
15150
19451
22660
21652
17597
13517
11032
10172
9906
9827
9798
9944
9993
9740
9825
9952
9933
9929
10022
10424
12380
18093
28300
38947
40755
31335
20264
14188
14089
17859
21338
21142
17059
12922
10562
9870
9720
9271
9517
9275
9306
9633
9661
9607
9435
9458
9873
9627
9811
9738
10535
11830
13285
13901
13346
14090
17549
22131
23937
20934
15893
12369
11096
12135
16963
25355
32856
34127
27986
21099
16079
13364
13282
14865
15829
15420
13141
11473
10978
11391
12663
15040
18183
20056
18791
15182
12150
10913
10767
11964
14476
18507
22062
23737
22602
19333
15419
12823
11040
10209
9839
9731
9628
9568
9342
9536
10033
11444
13910
17336
20601
23314
26307
27849
27647
24400
21972
19933
17419
14105
12052
10910
10398
10674
11168
11397
11849
13575
17797
24473
30763
32917
29513
22035
16197
14459
16138
18390
18209
15392
12244
10649
10251
10070
9846
9710
10103
10224
10262
10114
10575
11838
12428
12751
11712
11043
11346
11007
11000
10766
10694
10379
10318
9828
10078
10138
10189
10124
10442
10698
11629
12619
13077
13224
12953
12633
11781
10490
9890
9860
10917
17079
35341
68364
99387
103737
75866
41288
19703
11934
9969
9722
9967
10395
10545
10569
10611
10360
10381
10442
10593
10444
10161
9724
9462
9374
9508
10013
10239
10366
9984
9827
9383
9382
9462
9779
10127
10509
10647
10451
10375
10114
10089
9743
9571
9834
10661
12326
14807
16422
16364
14617
12667
11122
10302
10017
10033
9950
9604
9584
9538
9603
9771
9936
9722
9816
9773
9701
10504
12270
16538
23732
28944
28332
21804
15469
11918
11286
11765
11815
11466
11086
10973
11230
12766
19430
33046
50420
58771
51607
34728
20789
13055
10719
12091
20351
44052
86525
128063
134578
99478
53524
24880
13476
10614
10041
9922
10448
11866
13283
14822
15442
14985
13954
12326
11381
10877
10389
9724
9543
9167
9034
8921
9014
9449
10247
10625
11082
11250
10716
10279
10630
11229
12818
14343
15666
16248
15675
14485
13648
13112
12275
10958
10164
9483
9625
9646
9721
9887
10021
9770
9706
9882
10521
10892
11080
10425
10213
9739
9699
9591
9658
9688
9947
9697
9856
9979
10097
9919
9895
10185
10158
9908
9849
9963
10155
11271
12795
14531
15660
14912
13392
11697
11209
11833
13688
15750
16277
14363
12243
10826
10072
9798
9616
9734
9608
9625
9542
9421
9753
10026
10333
10240
9982
10014
10164
10337
10695
10784
10914
10920
10722
10644
10236
9861
9468
9581
9694
9601
9694
10049
10806
12328
13997
14674
13842
12082
11017
10626
10538
10645
11153
11833
12172
12158
11634
10998
10734
10238
9690
9589
9122
9257
9426
9610
9737
9783
10057
9615
9715
9926
10710
12900
16332
19570
20375
18746
16120
13989
14751
19452
25599
28900
24999
18226
13047
10570
9972
10173
10219
10937
12242
14355
15555
14991
13150
11957
12018
12040
12034
11273
10478
10053
10021
10708
12269
15002
18279
20174
18481
15752
13019
11197
10756
10338
10230
10065
9918
9587
9660
9882
10672
14390
24748
44303
65971
74057
61185
37819
20610
12515
10371
9973
9672
9546
9656
9896
10313
10601
11905
13845
16467
19026
19726
18117
14841
11916
10064
9361
9401
9461
9395
9508
9299
9707
9678
9681
9948
10512
10907
10357
10289
9785
9776
9936
9946
10094
10243
10538
10731
11162
12216
16265
23744
31766
34369
29084
20598
14339
11047
9969
9626
9507
9446
9502
9256
9450
9175
9249
9487
9866
10382
10758
10639
10244
10179
10073
10654
10595
10581
10439
10077
9887
9711
9638
9611
9786
9532
9337
9628
9490
9451
9474
10005
10204
10377
10865
10403
10326
10290
10283
10114
10015
11070
13069
15778
16942
15495
13655
12836
13179
13140
12799
11440
10688
10620
11001
11582
12124
12098
11803
12362
14736
18778
23182
25032
22079
16961
13376
11775
11214
10785
10448
10013
9437
9395
9474
9380
9606
9903
10194
10216
10024
9895
9985
10427
12033
15867
21969
27515
28157
23933
19035
15605
14403
14496
14467
13887
13037
12027
11909
11589
11078
10701
10537
10658
10446
10154
9770
9655
9695
10028
10150
10267
10509
10748
11350
11762
12008
11838
11846
11568
11185
10592
10615
10486
10688
10571
10787
10747
10634
10783
11022
13043
18032
28590
42342
52017
51727
44376
38671
32663
25148
17662
13385
11740
11204
11169
11104
10892
10753
10890
10754
11504
13542
18176
27544
40451
48238
44554
33477
24064
19835
17925
16055
13556
11741
11202
10722
10736
10659
10323
10218
9968
10477
12487
20774
40672
70028
93484
90926
65270
37469
20654
15210
14330
13873
12784
11482
10395
9583
9682
9494
9396
9365
9428
9686
10316
10868
10953
10523
10128
9999
10036
10527
11928
14467
17798
19746
18825
15129
11785
9817
9001
8842
8795
8914
9021
9356
9596
9810
9473
9107
8979
8871
9169
9125
9216
9124
9444
10183
11159
11789
11432
10500
9767
9259
9262
9219
9125
9034
8833
8936
9002
9259
9543
9843
10594
11169
12342
13425
14787
17908
27685
50081
80901
105603
102924
75767
43468
21302
12053
9282
9419
11144
14433
17307
18288
16031
12626
10427
9291
8691
8541
8645
8940
9790
10946
11435
11763
10926
10420
9684
9466
9805
9720
9711
9771
9675
9178
8852
8688
8633
8609
8543
8826
9029
9209
10036
12530
17765
24737
28978
26821
20397
14025
10561
9846
9508
9565
9450
9638
9299
9205
9165
9205
8961
8829
8838
8687
8991
9343
10117
11341
13277
14825
14772
12938
10919
9641
9105
9444
10679
12974
15579
18942
21599
21959
19761
15741
14794
17196
22939
27567
27364
22226
15643
11378
9995
10191
10639
10926
10668
10023
9738
9529
9863
10295
11210
11620
11168
10297
9324
9047
8738
8710
8500
8705
9019
11137
15153
20185
23104
21110
16108
11573
9257
8604
8221
8339
8533
8683
9104
9258
9689
9904
10574
10784
10501
10170
9721
9185
9118
8793
8665
8633
8588
8671
8386
8419
8294
8760
9702
12778
22000
40734
64225
76437
68253
45185
24598
12842
8811
7900
7945
8129
8410
8586
8431
8890
9233
9775
10211
10605
10748
10265
9636
8911
8463
8166
8094
8287
8175
8544
8593
8941
9798
10107
10705
10532
10386
10024
10159
10085
10096
9874
9679
10412
12409
15583
17678
17836
15847
12921
11211
10083
9262
9045
9064
9564
10151
12763
22717
52947
112228
183646
222062
195612
124640
60510
24765
12152
9002
8565
8361
8463
8281
8576
10347
15549
24518
34962
39300
33948
23436
15111
12587
20412
50402
116488
208824
277945
270105
191653
101571
42146
16548
9863
9192
10916
13189
14727
13582
11536
9610
8621
9074
9887
10859
11692
11685
11581
10980
9624
9233
9209
9713
9542
9152
8233
7847
7362
7385
7335
7276
7152
7087
7416
7322
7364
7359
7114
6949
6847
6947
6970
7491
7841
8666
9927
12398
13626
13523
12212
10594
9200
8318
7427
7201
7012
6912
7244
7383
7773
7721
7868
7679
8021
8195
8510
8273
8332
9493
13907
22761
34044
41832
39747
28562
17988
11495
8878
8210
8577
8608
8278
7761
7545
7621
8326
9437
11153
14346
20049
26784
30012
26839
19556
12417
8901
7309
7258
7395
7908
8364
8624
8567
8253
7699
7691
7857
8754
9839
10400
10038
9671
10595
13399
18815
23877
25115
21369
14669
10145
7686
7156
6997
7094
7212
7222
7716
8467
8840
9082
8311
7704
7278
7096
7388
7648
8311
8757
9145
9329
9149
8926
8768
8562
8093
7953
7715
8034
9253
12055
15430
17990
17231
13782
10513
8284
7296
6946
6744
6949
7313
8091
9136
10764
11490
10890
9895
9029
9705
12018
15131
17355
17468
15692
13979
12398
11347
11325
14868
25385
47263
71210
82598
71905
47281
26323
15268
11087
9735
8632
8023
7947
7894
7510
7669
7707
7784
7699
7762
8009
8540
9171
9236
8662
8156
7626
7312
7236
7423
7352
7260
7045
6859
6756
6793
7128
7486
8962
11495
15185
18252
18536
15499
11958
9511
9673
12316
16432
19023
17829
14446
10836
8319
7120
6808
7000
7278
8283
10557
14575
18025
19623
17326
13983
11455
10606
9806
8919
7690
6875
6672
6632
6800
6620
6698
6492
6480
6776
7197
7957
8637
8542
8077
7477
6793
6715
6827
6931
6929
6666
6646
6745
7060
7308
7726
7998
8315
8300
8205
8208
8812
12299
21968
40707
63168
78418
72902
51823
29457
15213
9918
9040
9156
8960
8353
7684
7087
6975
6621
6591
6579
6649
6745
7116
7129
7322
7688
8125
9018
11912
20826
40721
70731
94712
94932
71430
41272
20172
10727
7481
7119
7517
8430
9662
10860
11176
11148
11182
11600
12059
11526
10770
10353
9460
8518
7806
7435
7626
8176
9087
10119
10781
10785
10198
9063
8307
7478
7513
7980
8765
9499
9892
10749
13403
18854
25945
28805
25565
18508
11833
8447
7195
6930
6948
7018
7800
8950
9981
11003
11744
12129
11590
11319
12015
14623
17612
19978
20105
17759
14180
11046
9094
8410
7927
7423
7233
6968
6801
6864
6758
6921
7072
6982
6915
6897
6937
6980
7066
7361
7349
7636
7642
7371
7185
7021
7029
7293
8021
9476
11184
12146
11301
9698
8161
7755
8244
9106
10110
10265
9797
8466
7536
6938
6518
6493
6428
6716
6542
6510
6595
6545
6412
6423
6723
6773
7311
7588
7734
7487
7245
7059
6841
6575
6690
6644
6566
6561
6593
6582
6870
7079
7395
7533
7776
7945
7514
7077
6908
6962
6906
7102
6810
6761
6757
6497
6495
6419
6503
6525
6614
6751
7049
7148
7352
7384
7152
7187
7126
7186
7403
7505
7574
7627
7677
8347
9305
10221
10272
9697
8953
8700
8466
8291
7587
7165
7075
7127
7609
8067
8187
7847
7682
7249
7272
7420
7640
7729
7481
7022
6701
6825
6710
6785
6901
6899
6862
7039
7090
7349
7453
7451
7290
7009
6899
7101
7463
8386
9872
11584
13008
12910
11874
9795
8262
7439
6860
6773
6802
6968
6929
6915
6941
7239
7576
8277
8926
9257
8923
8484
7954
7495
7499
7273
7321
7143
6981
6755
6546
6756
6653
6822
6955
7151
7189
7257
7311
7337
7144
6987
6986
7181
7326
7757
8932
10528
13774
16633
18543
17882
16018
13487
11477
10092
9920
10513
11155
11437
10785
9478
8352
7397
6934
6561
6379
6560
6632
6695
6583
6647
6811
6625
6851
7113
7446
8120
8579
8884
9202
10014
10987
12198
13200
13360
13090
11515
9465
8147
8131
8610
8826
8366
7749
7046
6808
6631
6715
6742
6889
6778
6816
6692
6556
6315
6654
6477
6614
6499
6703
6600
6699
7012
7943
10576
15247
20623
23407
21677
16635
11479
8392
7062
6683
6877
6768
7334
8862
13602
24308
42536
61691
70616
64329
46792
28949
17034
10789
7809
6836
6542
6628
6510
6537
6625
6662
6692
6876
6883
7011
7105
7001
7372
7632
8631
10823
14276
16529
16895
14358
11825
9737
8687
8611
8223
8066
7541
7237
6915
6938
6913
6865
6808
6975
7317
7580
7694
7841
7546
7512
7772
7943
8270
8869
9257
10407
11476
12050
11656
10373
8998
8195
8118
8633
9892
10949
11141
11633
13889
18507
23819
26076
23446
17720
12324
9481
8432
7924
7961
7978
7613
7506
7477
7384
7473
7383
7360
7752
7876
8116
8440
8591
8904
8804
8882
8752
8466
8111
8029
7853
7848
7467
7497
7620
7571
7346
7473
7119
6668
6513
6615
6612
6597
6575
6939
6972
7147
7246
7242
7138
6859
6952
6690
6742
6770
7175
7866
9372
10283
11040
10418
9514
8869
9224
9847
10391
10013
9249
8921
9143
9720
9986
9849
9858
11279
14061
17969
21113
22776
21554
18487
14718
11771
10131
10911
15153
24877
37434
45828
44345
33644
21527
12457
8338
6909
6681
6400
6577
6339
6309
6502
6639
6513
6463
6863
7257
7976
8739
9221
9201
8693
7976
7553
7036
6902
6830
6848
7539
7839
8609
9236
9374
9005
8316
7670
7548
7654
7437
7002
6703
6439
6510
6407
6538
6504
6678
6997
7266
7544
8004
8293
8097
7532
7206
6996
6724
6665
6885
6994
7454
7764
7846
7590
7070
6915
6777
7565
10846
18617
31712
46210
52416
47011
33792
20841
13218
9499
8217
8124
8048
8249
8259
7867
7551
7349
7374
7348
7467
7225
6796
6678
6911
7054
7159
7176
7205
7119
7040
7189
7338
7417
7477
7212
6840
6560
6472
6665
6664
7117
7134
7465
7635
7289
7101
6826
6693
6591
6688
6789
6709
6680
6635
6533
6695
6898
6892
7107
7246
7424
7758
7872
7886
7548
7136
6786
6757
6617
6841
6886
6763
6566
6550
6555
6560
6740
6784
6907
6974
6961
6749
6876
7103
7357
7613
7920
8227
7800
7278
7222
6827
6909
6384
6634
6561
6737
6961
6896
6736
6564
6338
7282
9877
15550
23137
28540
28571
22857
15455
10002
7346
6629
6746
7011
7679
8000
7784
7531
7438
8230
10298
13057
15460
15494
13361
10373
8113
7008
6493
6440
6670
7114
8639
11960
18847
26991
33484
33332
26922
18373
11726
8567
7332
6866
6605
6614
6509
6282
6307
6330
6225
6157
5954
6039
6400
6644
7613
8517
9104
8731
7875
7103
6687
6767
7471
10657
20010
38738
65688
88377
91967
74362
46459
24408
14027
13129
18255
26775
33934
34919
28510
19075
11691
8009
6634
6456
6463
6750
7344
8152
8502
8203
7629
7007
6420
6437
6309
6494
6871
9089
17968
43342
97847
177819
247413
260772
209328
128404
61346
25492
12101
7813
6669
5991
6173
6083
6243
6219
6242
6797
7469
8250
8870
8755
8137
7386
6700
6161
6103
5793
6041
6489
6720
6951
7365
7698
8361
9590
11410
13281
13978
12326
9740
7538
6349
6195
6064
6028
5943
5901
5602
5619
5659
5857
5874
5898
5956
5813
5664
5943
6221
6295
6567
6260
5938
5870
5871
5950
6040
6010
6114
6264
6504
6821
7353
7819
8045
7680
7303
6890
6566
6591
6456
6662
6600
6790
6838
6715
6698
6912
6934
7131
6986
6891
6416
6453
6460
6543
7052
7476
7655
7540
7111
7034
7560
10188
15133
21625
25852
25351
20290
14043
9318
7011
6702
7293
8549
10181
11462
11223
9888
8416
7258
6826
6904
6893
6643
6292
5855
5619
5464
5660
5766
5859
6079
6043
6126
6267
6289
6410
6605
7166
7898
8350
8207
7505
6609
6107
5815
5506
5385
5348
5324
5440
5401
5289
5301
5383
5745
6073
6408
6662
6767
6803
7351
8378
9292
9817
9456
8900
8527
8966
9544
9904
9253
8081
7094
6258
5722
5731
5647
5720
5711
5626
5556
5418
5356
5474
6086
7489
10293
13758
16033
16285
13648
10784
8888
8216
8438
8506
8120
7720
6939
6407
5997
5605
5800
5739
6343
8360
15066
30705
56061
83909
98978
89374
63688
36535
18249
9345
6070
5198
5076
5041
5157
5129
5010
5307
5167
5095
5267
5260
5207
5332
5327
5489
5855
5799
5661
5576
5612
5436
5488
5225
5108
5071
5020
4989
5093
5152
5455
5640
6230
7085
8521
9830
10462
9565
7923
6558
5740
5247
5105
4847
4887
5006
4971
5068
5045
5247
5142
5027
4983
5020
4933
4824
5014
5013
5048
5238
5475
6319
7704
10000
12235
13247
11867
9525
7259
6059
5371
5458
5239
4986
4943
4948
4931
5143
5454
5641
6340
6727
7336
7937
8521
8464
7806
6858
6089
5847
6467
9341
15890
25255
34534
37511
31876
22461
13404
7967
5816
5092
4998
4884
4908
5005
5069
5355
5720
6763
7386
7815
7378
6729
6162
6488
8343
12729
17998
22917
23305
19578
13762
9129
6811
6018
6049
6189
6120
5980
5581
5421
5262
5320
5266
5341
5257
5387
5238
5225
5230
5225
5179
5267
5208
5037
5144
5294
5282
5270
5205
5198
5846
7846
11376
16245
19890
20377
17203
12510
9034
7085
6306
5851
5808
5444
5618
5368
5495
5582
5623
5706
5623
5549
5569
5934
6128
6041
5979
5847
5820
5819
5603
5385
5084
5189
5003
5086
5526
5654
6119
6397
6597
6595
6803
7226
8912
12642
18638
26593
35059
39902
39213
33426
24675
16875
11700
9035
8471
11741
25134
59820
123363
199161
251478
244429
181274
105347
47867
19364
8570
5915
5214
5185
5067
4898
4841
4923
4935
5076
5004
5093
5097
5114
5141
5031
4911
5246
5579
6214
6799
7041
6896
6853
6545
5998
5677
5331
5189
5404
6086
7907
11426
16412
20838
22288
19585
14666
9726
6801
5450
5060
4953
4807
5225
5318
5362
5374
5515
5320
5270
5117
5234
5353
5152
5187
5118
5004
4837
4781
4695
4671
4578
4768
4920
4838
4726
4758
4687
4825
5246
5579
5532
5659
5398
5219
4931
4900
5092
5077
5171
5132
5356
5491
5605
5413
5223
4894
4640
4596
4639
4764
4670
4709
4686
4750
4719
4819
5122
5329
5968
6937
8958
12725
16898
19841
19936
16313
11395
8095
6234
6046
6384
6516
6448
6486
6881
7042
7413
7421
6909
6087
5606
5388
5334
5248
5199
5419
5312
5712
6587
7525
8747
8888
8144
7076
6057
5529
5332
5379
5305
5397
5583
5434
5339
5148
5096
4973
4830
4721
4764
5081
5477
5839
6018
5759
5609
5312
5116
5201
4981
4765
4886
4874
4984
4902
4992
4830
4835
4693
4698
4512
4757
4843
4832
4796
4701
4580
4641
4416
4527
4533
4676
4788
4872
5286
5661
5758
5427
5003
4750
4796
4872
5047
5200
5396
5692
5511
5341
5251
4987
4851
4651
4532
4588
4959
5332
5798
6219
6589
6907
6665
6308
5868
5245
4839
4914
4692
4739
4599
4629
4684
4725
4866
5001
5089
5334
5442
5245
5171
5098
5047
4911
4827
4849
4966
5026
5184
5561
5760
6029
6137
6135
5699
5346
5100
4823
4705
4707
4685
4670
4626
4632
4593
4765
4705
4933
4850
4778
4879
4933
4896
4805
4868
4827
4810
4930
4814
4916
4676
4659
4689
4561
4471
4486
4681
4699
4675
4633
4940
4840
4840
4896
4817
5051
5181
5203
5190
5209
5026
5057
4912
5339
7109
11513
19844
31691
40842
42160
34938
23830
14345
8834
6099
5522
5434
5531
5651
5983
6002
5811
5533
5359
5139
4992
5069
5215
5498
5874
6200
6409
6531
6121
5976
5754
5294
5080
5163
5122
5235
5329
5268
5479
5670
6030
6130
6248
6102
6098
5998
5829
5927
6111
6319
6558
6871
7367
7736
7650
7651
7694
8331
9505
9642
9496
8504
7998
7740
8389
9202
9922
9821
9410
8312
7354
6675
6118
5826
5619
5600
5547
5288
5305
5043
5098
4893
4922
4838
4905
4749
4812
4880
4888
4765
4845
4778
4862
4804
5034
5261
5675
5340
5468
5198
4831
4757
4661
4683
4824
4799
4871
5159
5306
5414
5262
5080
4884
4932
5181
5730
7073
9355
12635
15600
16700
16004
13439
10883
8475
6996
6630
6728
7187
7249
7015
6615
5983
5628
5480
5300
4977
4956
4779
4603
4786
4962
5633
6461
7384
7948
8582
9213
10200
11447
12097
11759
10615
8528
6908
5706
5247
4912
4822
4756
4746
4684
4630
4878
4789
4954
5201
5276
5373
5076
4997
4914
4854
4906
5218
5905
8808
14544
24158
34536
40376
37738
28409
17977
10507
6734
5340
4900
4846
4761
4598
4735
4614
4691
4669
4734
4581
4579
4737
4607
4904
4975
5157
5077
5181
5334
5467
5783
6028
5797
5451
5177
4990
4724
4519
4396
4521
4599
4571
4457
4530
4342
4500
4546
4523
4415
4333
4297
4347
4217
4244
4114
4324
4306
4376
4555
4647
4461
4517
4394
4252
4307
4357
4350
4197
4182
4314
4179
4446
4250
4412
4354
4430
4437
4469
4507
4335
4422
4549
4673
4789
4687
4556
4374
4377
4638
5278
5824
6275
6675
6709
6436
6372
6069
5593
5294
4678
4432
4537
4418
4675
4810
4820
4702
4346
4195
4100
3862
3929
3952
3981
3977
4095
4291
4675
4848
4992
4855
4677
4572
4576
4480
4684
4544
4423
4291
4171
4093
4052
4137
4259
4263
4388
4322
4450
4433
4428
4572
4643
5280
6014
6465
6370
5862
5178
4784
4653
4351
4249
4024
4025
3878
3851
3858
3876
3821
3837
3937
3987
3907
4075
4320
4549
5161
5762
6365
6317
6073
5404
4875
4629
4512
4486
4515
4601
4467
4673
4501
4559
4508
4645
4592
4704
4989
5284
5514
5430
5080
4853
4501
4324
4318
4268
4170
4188
4268
4390
4553
4724
4724
4482
4513
4559
4946
5460
5923
5962
5985
6409
7259
7998
8264
7635
6786
5846
5536
6909
13922
36818
93254
198888
336686
449912
472787
389092
252037
128964
53525
19788
9190
6734
6050
5433
5222
5575
6548
7625
8211
8066
7726
7173
6654
6191
6039
6155
6166
5731
5125
4475
3947
3650
3791
3931
3919
3861
3600
3513
3261
3400
3354
3489
3546
3591
3596
3795
4137
4921
5584
6471
6930
6805
6259
5566
5083
4902
5051
5323
5267
5114
4630
4421
4217
3941
4024
4043
3648
3560
3407
3283
3137
3163
3233
3146
3251
3297
3217
3111
3242
3216
3262
3247
3212
3082
3206
3205
3091
3203
3237
3348
3283
3241
3334
3474
3527
3450
3547
3514
3563
3515
3497
3402
3427
3568
3672
3828
3857
3902
3872
3692
3716
3615
3558
3441
3465
3608
3507
3507
3505
3627
3772
3747
3868
3553
3647
3554
3500
3523
3469
3359
3262
3422
3524
3362
3640
4336
6072
9883
17008
26663
33447
34674
28463
19403
11328
6644
4698
4015
3740
3569
3318
3303
3444
3571
3845
4183
4724
5342
5296
4921
4351
3795
3459
3323
3153
3144
3050
2941
2983
2944
2962
3016
2975
3165
3223
3184
3319
3217
3140
3276
3212
3196
3304
3371
3420
3512
3459
3448
3526
3724
3943
4261
4207
4196
3958
3906
4002
3859
3934
3770
3498
3386
3224
2979
3055
3008
3242
3452
3805
3799
4009
3795
3653
3315
3224
3609
4256
5415
6921
7907
7967
7462
6408
5565
4893
4306
3692
3263
3090
3004
3096
3186
3220
3231
3142
3111
3110
3204
3296
3351
3410
3351
3263
3168
3254
3103
3203
3074
3306
3300
3498
3510
3702
3695
3548
3322
3283
3399
4024
4866
6223
7177
7638
6740
5682
4333
3504
3185
3095
3236
3238
3255
3228
3278
3139
3276
3213
3171
3290
3549
3860
4249
4368
4211
4000
3993
4266
4587
5186
5423
5288
5249
4622
4229
3739
3400
3186
3136
3314
3762
4377
5020
5496
5332
4977
4572
4384
4023
3981
3786
3504
3418
3200
3056
3049
2973
3114
3125
3087
3206
3200
3460
3683
3695
3784
3722
3654
3607
3685
3795
3815
3805
4081
4104
3978
3952
3883
4126
5518
7916
11292
14184
14835
13067
9908
6764
4677
3555
3082
3033
2916
2887
3098
3171
3538
3825
4343
4471
4560
4157
3870
3592
3286
3245
3221
3101
3057
3036
3053
2930
2860
2931
2825
2934
2990
3035
3047
3030
3169
3779
5111
7962
12527
18582
23284
24093
20561
14898
9306
5643
3981
3308
3119
3104
2959
3021
3075
2964
2958
2958
2989
3029
2989
2950
3033
3045
3190
3177
3224
3178
3329
3193
3162
3154
3275
3207
3214
2967
3232
3051
3101
3005
2949
2971
2930
2913
2920
2864
3091
3200
3395
3736
3862
4000
3805
3927
4162
4267
4399
4682
5279
7207
11916
18124
24747
27470
25705
20213
14377
9509
6699
5156
4216
3573
3350
3123
3093
3003
3020
3099
3777
5823
11498
23268
42513
64677
77957
76397
60161
38244
20258
10160
6053
4915
4460
4002
3563
3089
2960
2688
2600
2628
2559
2758
3335
4271
5469
6725
7234
7177
6692
5782
4919
4139
3820
3405
3376
3118
2971
2808
2674
2634
2587
2575
2699
2699
2748
2741
2744
2596
2629
2568
2505
2610
2545
2568
2559
2606
2655
2636
2676
2631
2583
2659
2810
2694
2829
2957
3016
3102
3194
3254
3567
3935
4565
4795
4653
4359
4107
4093
4047
3980
3605
3337
3116
2910
2868
2924
3173
3424
3779
4063
4068
3848
3534
3216
3074
3016
3029
3037
2856
2786
2672
2727
2552
2588
2545
2552
2509
2649
2564
2623
2819
3046
3605
4107
4305
4328
3910
3584
3461
3062
3176
3347
3894
5293
7863
11768
16256
19298
18613
15223
10432
6553
4377
3200
2927
2821
2753
2685
2744
2605
2554
2548
2533
2477
2462
2592
2564
2401
2569
2462
2461
2534
2531
2529
2579
2601
2638
2612
2707
2848
3001
3026
3053
3169
3109
2838
2784
3010
3476
3817
4224
4489
4361
4028
3504
3193
3014
2904
2885
2793
2917
3120
3397
3704
4150
4238
4156
3701
3304
3162
3004
2936
2797
2846
3019
3111
3039
3042
2930
2905
2926
3014
2902
2929
2883
2819
2775
2733
2701
2744
2773
2761
3069
3398
3894
4736
6217
8730
12196
15036
16075
14704
11425
7773
5228
3817
3367
3058
2969
2886
2795
2675
2658
2728
2524
2575
2478
2601
2745
2779
2972
3023
3195
3261
3203
3053
2939
2935
2955
3043
3153
3157
3091
2809
2869
2736
2671
2851
3487
4851
7514
11168
14352
15596
14620
11365
7732
5429
3882
3499
3503
3662
3936
4444
5817
9237
15125
23147
30402
33271
29366
21311
13188
8168
5290
4010
3551
3217
2973
2820
2596
2681
2663
2846
2780
2882
2909
3381
4361
7564
13548
22831
32890
39382
38327
31293
22702
16727
14848
13948
12859
10361
7341
4855
3429
2739
2565
2456
2513
2691
2613
2536
2540
2708
2941
3441
4016
4340
4238
4014
3641
3492
3456
3532
3452
3196
3078
3135
3295
3678
4034
3971
3917
3727
3361
3322
2993
2859
2743
2732
2741
2767
2791
2840
2908
3150
3618
4619
6111
7313
8163
8398
7579
6146
4973
3970
3124
2714
2672
2557
2581
2765
3100
3690
4069
4416
4479
4052
3766
3266
2960
2798
2810
2578
2631
2531
2562
2472
2360
2438
2457
2590
2499
2636
2688
2612
2592
2537
2606
2559
2512
2705
2635
2751
2819
2814
2735
2593
2553
2454
2551
2582
2807
2991
3287
3632
3898
3703
3435
3083
2916
2658
2639
2478
2416
2433
2409
2469
2562
2775
2996
3158
3024
3042
2963
2893
2857
2793
2844
2795
2800
2846
2720
2792
3004
3279
4328
5595
7175
8428
8637
7985
6665
5044
3868
3140
2919
2841
2917
2940
3068
2997
2939
2817
2799
2796
2793
2683
2569
2477
2627
2463
2469
2367
2398
2392
2440
2421
2462
2507
2581
2710
2742
2694
2630
2671
2508
2486
2444
2539
2468
2526
2403
2458
2437
2519
2645
2931
3291
3635
4117
4314
4039
3922
3657
3529
3327
3006
2942
2719
2579
2676
2657
2533
2565
2635
2594
2506
2524
2473
2643
2788
3103
3175
3318
3330
3318
3421
3530
3523
3473
3519
3637
4149
4713
4807
4770
4326
4073
4531
6086
9032
12310
14486
14342
12292
8950
5932
4017
3052
2616
2556
2576
2663
2845
3252
4306
6070
8436
10888
11680
10841
8566
6172
4190
3153
2816
2635
2575
2543
2529
2603
2599
2685
2606
2623
2682
2744
2712
2704
2691
2880
3353
4681
6849
9811
12250
13227
11968
9208
6180
4234
3196
2643
2569
2629
2832
3026
3052
3064
3028
3184
3087
3170
3564
3870
4765
5906
6923
7428
6969
6284
5136
4213
3465
3099
2855
2785
2707
2647
2659
2578
2593
2697
2550
2612
2713
2845
2794
2955
2968
3065
2947
3075
3045
3064
2926
2790
2743
2857
2962
2972
2941
2907
2875
2786
2581
2677
2661
2682
2763
2732
2660
2649
2563
2573
2539
2574
2643
2596
2676
2703
2634
2697
2914
3130
3360
3486
3593
3448
3086
2884
2698
2606
2503
2630
2504
2584
2531
2713
2674
2643
2601
2638
2615
2743
3012
3202
3510
3834
3962
3758
3283
3134
2880
2829
2853
3019
3092
3182
3344
3377
3293
3141
3034
3163
3110
3109
3079
3265
3358
3385
3264
3184
2985
2888
2835
2730
2716
2843
2988
3035
3234
3310
3353
3390
3255
3057
3032
2923
2839
2967
2867
2928
3002
2951
2882
2849
2831
2760
2690
2638
2685
2532
2762
2736
2613
2720
2701
2657
2688
2687
2647
2628
2685
2720
2819
2750
2716
2910
2926
2938
2921
2933
2766
2776
2730
2662
2664
2720
2575
2622
2516
2616
2750
2885
3148
3605
4192
4528
4338
4019
3473
3041
2868
2802
2613
2683
3137
4009
5819
8590
11653
14253
14721
12772
9458
6563
4272
3255
2809
2834
2919
3159
3421
3739
3522
3425
3030
2738
2609
2513
2516
2591
2461
2629
2754
2761
2857
2743
2688
2694
2607
2530
2560
2578
2630
2547
2533
2655
2559
2587
2728
2703
2829
2677
2778
2717
2711
2731
2607
2836
2917
2798
2951
2754
3034
2828
2964
3224
3378
3692
3930
3722
3425
3237
2789
2852
2522
2625
2548
2587
2630
2733
2725
2725
2733
2749
2654
2815
2923
3000
3172
3251
3180
3003
3119
3316
3625
3841
4044
4156
4140
4004
3926
4066
4258
4261
4438
3952
3572
3127
2975
3296
3754
5170
7049
10002
13780
16009
17235
15968
12885
9697
6984
4994
4239
4306
5413
7335
10114
12430
13131
11865
9621
6887
4972
3945
3434
3211
3384
3368
3364
3329
3412
3543
4321
5163
7113
9119
10525
11055
9910
7865
5819
4280
3443
3140
3050
3225
3430
3694
4296
4521
4682
4544
4108
3663
3261
3080
3186
3124
3271
3356
3368
3458
3676
4187
4744
5115
5107
4875
4407
3921
3506
3397
3225
3408
3238
3392
3300
3171
3178
3231
3166
3126
3015
3045
3078
3141
3140
3253
3477
3949
5225
7304
9778
11944
12928
11871
9660
7286
5229
4043
3587
3533
3575
3627
3466
3366
3274
3145
3008
3078
3160
3418
4074
4782
5717
6321
6808
6379
5682
4985
4108
3642
3410
3181
3180
2964
2993
3008
2976
3061
2919
2991
2998
2942
2992
3049
3137
3066
2950
3062
2974
3005
3011
3001
3064
3085
3180
3111
3097
3055
3092
3073
3004
3109
3024
3050
3040
2947
2892
2930
2963
2943
2938
2934
2992
3003
3141
3125
3306
3452
3549
3995
4163
4197
4314
4543
5606
8850
15743
27097
40510
51137
52905
45614
32674
20264
11288
6390
4275
3403
3330
3160
3185
3264
3361
3454
3610
4004
4347
4766
4462
4168
3779
3278
3057
2905
2868
2801
2958
2980
2957
3075
3309
3531
3824
3923
4014
3922
3732
3451
3245
3161
3128
3015
2919
2853
2848
2933
2769
2875
2973
2866
3040
2939
2984
2917
3080
2845
3042
2982
3098
3195
3091
2983
3108
3085
3043
3123
3116
3204
3212
3226
3089
3080
3067
3154
3112
3194
3076
3149
3141
3171
3080
3013
3128
3116
3166
3305
3189
3130
3119
3217
3240
3524
3815
3990
4141
4611
5334
6169
6995
7252
6782
6167
5162
4633
4329
4352
4431
4403
4269
4017
3762
3614
3543
3416
3355
3430
3657
3873
4070
4180
4065
3891
3640
3524
3381
3392
3339
3243
3172
3283
3222
3285
3357
3432
3376
3312
3381
3413
3507
3445
3477
3497
3471
3480
3358
3267
3275
3196
3147
3116
3159
3161
3198
3112
3116
3199
3158
3275
3353
3356
3330
3326
3263
3273
3332
3348
3341
3325
3331
3446
3495
3385
3692
3903
3970
4095
3971
3739
3685
3496
3491
3546
3488
3430
3464
3545
3550
3754
3614
3583
3662
3628
3590
3675
3599
3642
3649
3612
3420
3469
3461
3517
3477
3492
3654
3508
3587
3426
3322
3364
3320
3303
3537
3838
4132
4664
4802
4718
4477
4122
3836
3633
3373
3340
3356
3339
3365
3522
3495
3369
3406
3361
3313
3271
3389
3222
3283
3377
3420
3513
3553
3813
4137
5172
7607
12245
19379
27330
32675
32408
27539
20180
13157
8403
5792
4437
3800
3488
3276
3260
3292
3318
3435
3338
3363
3319
3260
3426
3397
3612
4025
4420
4946
5130
4997
4542
4379
4266
4559
5042
5563
5648
5195
4560
4086
3738
3517
3518
3458
3438
3391
3371
3397
3218
3400
3354
3382
3528
3626
3746
3900
4141
4322
4400
4438
4244
4232
4059
3810
3534
3464
3354
3296
3214
3174
3416
3194
3196
3407
3268
3270
3228
3198
3243
3379
3301
3378
3405
3527
3826
3929
4313
4420
4206
4279
4180
4245
4622
4608
4609
4527
4219
4017
3841
3728
3483
3565
3635
3540
3850
4090
4456
4651
4562
4192
3821
3429
3160
3156
3059
3074
3076
3236
3089
3190
3272
3080
3181
3097
3183
3087
3034
3051
3100
3252
3118
3291
3232
3371
3336
3331
3327
3261
3264
3102
3035
3025
3060
2988
3105
3022
3104
3134
3252
3525
3507
3625
3837
4113
4427
4568
4423
4256
4035
3971
4048
3894
3894
3715
3425
3223
3107
3003
2988
3019
2929
2883
2998
3015
2973
3081
2901
2990
3035
3063
3059
2908
2938
2995
2868
2859
3008
3034
2987
2960
2946
3185
3179
3207
3502
3448
3521
3317
3235
3146
3096
3105
3088
3100
3065
3128
3201
3354
3744
4325
4890
5515
5604
5631
5241
4720
4226
3965
3525
3400
3170
3032
3096
3003
3062
3080
3074
3101
3188
3141
3141
3030
2996
3154
3189
3252
3398
3593
3502
3499
3352
3362
3207
3239
3024
3225
3193
3172
3187
3289
3355
3254
3372
3233
3165
3044
3071
3056
3017
3018
3047
3058
2960
3045
3080
3049
3148
3111
3410
3660
4484
6132
8841
11545
13463
13870
12267
9485
6614
4844
3699
3250
3257
3141
3072
3214
3270
4168
6547
12862
26043
48464
77069
103426
114435
105593
81372
53081
30613
18489
15400
20717
33066
51929
72906
90440
97837
92257
74992
54123
34972
20406
12115
7650
5513
4507
4022
4072
4524
5289
6437
7779
8550
8540
7683
6616
5525
4691
4222
3961
3917
3904
3945
3891
3983
4149
4195
4077
3965
4168
3861
3737
3653
3617
3565
3537
3621
3608
3633
3608
3566
3628
3511
3703
3559
3615
3635
3595
3639
3589
3539
3529
3508
3550
3449
3586
3571
3555
3686
3656
3439
3558
3613
3528
3554
3486
3591
3591
3555
3542
3525
3647
3575
3541
3599
3654
3647
3544
3473
3589
3571
3582
3638
3519
3542
3552
3524
3603
3673
3848
4236
5053
6645
8856
11201
12834
12896
11327
8607
6697
4774
4005
3493
3420
3465
3378
3521
3404
3439
3393
3360
3374
3388
3498
3334
3451
3403
3397
3481
3630
3733
3920
4047
4238
4513
4603
4278
3880
3639
3509
3479
3452
3404
3353
3417
3468
3367
3371
3495
3395
3342
3437
3332
3394
3556
3934
4524
5768
7067
8386
8743
8163
6932
5506
4425
3788
3442
3308
3305
3320
3250
3324
3242
3289
3292
3408
3385
3456
3533
3840
3914
3936
3896
3748
3611
3441
3413
3320
3335
3386
3310
3295
3357
3342
3289
3281
3407
3439
3397
3356
3252
3341
3372
3231
3190
3318
3222
3198
3269
3313
3263
3214
3266
3284
3225
3118
3317
3258
3246
3232
3255
3215
3310
3321
3185
3336
3314
3252
3308
3217
3194
3305
3348
3309
3234
3360
3441
3311
3330
3461
3535
3618
3602
3757
3827
3929
4079
4057
3980
4022
4120
4296
4276
4264
4272
4166
4128
4195
4136
4006
3935
3891
3893
3939
3822
3865
3726
3792
3869
3719
4023
4477
5630
7242
9230
11089
11844
11375
9693
7894
6150
5026
4539
4404
4603
5604
6940
8766
10600
11117
10880
9408
7356
5382
4516
3890
3736
3685
3701
3738
3675
3645
3736
3767
3888
4140
4475
4641
4727
4515
4158
3900
3735
3613
3487
3457
3605
3369
3481
3390
3446
3673
3562
3600
3515
3561
3678
3510
3591
3673
3659
3787
3805
3768
3863
3835
3803
3977
4091
4117
4025
4012
4028
4157
4261
4332
4327
4364
4398
4537
4399
4669
4465
4545
4727
4798
4909
4993
5135
5245
5326
5389
5360
5593
5575
5528
5656
5701
5843
5639
5874
5783
5724
5895
5721
5778
5455
5445
5230
5067
4931
4795
4542
4431
4257
4260
4177
4018
4183
4004
3999
3950
3998
4012
3853
3878
3812
3922
3889
3979
3826
3832
3932
3843
3787
3762
3810
4005
4345
5087
5568
5945
5791
5558
5073
4555
4209
3866
3925
3996
4088
4111
4050
3854
3691
3613
3577
3462
3481
3446
3409
3599
3419
3437
3402
3361
3396
3440
3424
3431
3409
3291
3328
3344
3411
3383
3421
3443
3643
3497
3425
3572
3569
3407
3444
3483
3550
3427
3603
3416
3483
3392
3343
3421
3359
3358
3454
3463
3568
3425
3369
3497
3397
3277
3321
3241
3310
3153
3251
3312
3501
3484
3633
3554
3465
3392
3195
3284
3253
3236
3224
3233
3264
3341
3384
3248
3257
3245
3050
3089
2964
3013
3113
3074
3205
3028
3165
3234
3267
3272
3197
3170
3122
3093
3053
3070
2984
3012
3138
3024
3007
2998
3028
2886
2936
2922
2898
2931
2948
2927
2784
2921
2834
2929
2846
2981
2981
2942
2702
2899
2833
2901
2827
2821
2965
2910
2924
2866
2754
2888
2808
2799
2880
2732
2854
2833
2741
2785
2638
2717
2782
2731
2599
2766
2568
2651
2532
2644
2664
2599
2753
3117
3756
4778
6174
7651
8280
8127
7003
5523
4196
3328
2829
2616
2491
2353
2512
2463
2419
2445
2355
2555
2538
2506
2553
2417
2410
2352
2345
2359
2277
2290
2318
2226
2273
2368
2373
2396
2319
2350
2258
2366
2293
2349
2344
2233
2285
2423
2316
2301
2498
2759
3613
5329
7913
11384
15260
17307
17534
15911
12939
9994
7328
5186
3941
3071
2587
2419
2370
2370
2321
2318
2282
2249
2311
2280
2224
2188
2220
2250
2182
2207
2201
2395
2303
2348
2477
2749
2862
2959
3040
3032
3128
3305
3788
4131
4005
3840
3372
3005
2593
2437
2472
2454
2458
2479
2438
2364
2258
2200
2202
2221
2076
2284
2225
2431
2349
2390
2436
2349
2303
2234
2186
2182
2187
2139
2181
2215
2249
2253
2231
2274
2395
2375
2390
2531
2557
2651
2713
2688
2717
2838
3126
4655
9342
23686
59191
132889
254344
410900
560386
638919
609191
488711
326451
182538
85582
33567
11348
3476
1276
695
606
617
658
660
647
571
535
512
512
489
515
476
604
624
818
1104
1659
2319
2974
3380
3520
3216
2494
1916
1306
863
587
525
431
446
456
435
434
376
383
386
396
388
381
395
383
410
385
454
420
451
447
407
398
429
453
486
511
562
525
561
552
453
418
442
397
372
367
371
340
375
377
367
442
591
750
865
1070
1090
955
817
721
544
481
433
424
454
552
556
669
615
640
601
544
453
412
389
387
397
407
361
380
402
407
399
391
435
381
397
401
448
396
427
427
424
414
433
407
397
366
377
412
375
394
391
352
381
368
416
448
440
462
476
444
427
407
396
372
326
303
335
380
360
407
386
340
361
339
335
370
331
356
351
381
319
347
381
329
381
377
380
372
398
386
416
515
563
705
900
1119
1271
1375
1290
1113
909
684
549
501
425
427
429
489
521
584
553
623
550
511
434
413
376
384
409
356
379
400
475
519
523
509
493
436
417
384
354
411
347
369
377
344
360
344
416
359
349
378
381
356
339
344
347
373
362
376
363
354
364
348
397
408
430
506
549
734
801
856
747
660
564
507
472
366
361
375
368
381
347
365
382
377
338
380
373
344
382
386
395
462
495
538
523
486
422
407
415
372
407
426
470
646
1070
1695
2495
3247
3721
3823
3202
2575
1912
1377
1096
934
1033
1227
1503
1757
1789
1721
1299
963
660
482
474
359
391
360
365
379
419
424
416
507
454
489
524
463
450
460
409
390
430
439
491
564
605
669
658
615
562
546
442
403
396
404
403
422
435
468
488
414
453
430
436
419
424
387
426
411
384
390
384
357
405
443
478
553
617
607
647
571
507
420
376
379
396
372
408
350
328
352
371
383
355
360
386
411
427
430
442
526
535
497
468
499
441
481
461
454
480
451
457
470
426
435
479
550
692
952
1308
1390
1341
1297
1047
801
620
540
643
797
1196
1712
2334
2619
2634
2446
1863
1225
846
595
484
445
377
352
415
398
440
405
390
486
484
575
619
631
652
614
561
562
521
520
540
658
717
778
789
738
712
623
510
463
453
469
510
692
955
1332
1637
1987
2025
2017
1704
1431
1164
963
901
1044
1330
1758
1956
2045
1951
1536
1150
777
618
575
515
691
878
1326
1952
2546
2942
2824
2482
1906
1341
867
637
554
627
709
723
783
841
811
773
770
811
824
763
760
637
545
478
426
432
382
416
400
423
485
551
635
813
923
970
998
856
716
561
464
396
391
412
424
384
420
375
368
427
366
407
375
382
385
405
404
429
401
420
415
446
418
390
414
375
337
369
407
398
419
413
374
416
393
398
438
408
422
399
379
460
432
395
421
419
399
468
532
486
519
553
542
544
564
565
575
583
530
479
488
448
431
432
408
408
427
401
436
422
408
368
447
448
459
425
416
396
405
432
415
384
421
384
410
408
412
484
443
475
431
422
383
418
400
414
418
397
419
426
452
554
644
706
888
866
758
677
643
542
502
406
443
449
423
426
413
462
459
458
463
437
496
520
512
442
422
473
416
416
419
414
372
443
431
423
435
451
446
428
416
417
433
446
428
497
513
540
527
556
514
521
544
596
544
548
493
535
623
746
867
874
967
897
829
718
642
545
519
526
536
447
447
467
457
478
555
522
487
495
465
476
446
420
415
417
412
427
443
462
482
472
465
520
550
647
716
775
840
909
808
692
673
626
728
727
774
827
888
879
887
766
682
629
559
513
473
474
506
439
466
460
451
474
440
469
451
487
526
528
442
465
491
450
430
444
440
427
445
521
467
517
490
514
462
490
441
465
474
463
427
433
446
420
462
429
424
464
435
447
475
474
599
703
840
978
1124
1128
1045
908
709
557
508
470
452
463
448
423
432
463
469
439
455
452
468
476
453
469
459
456
452
503
565
539
642
724
771
685
613
593
501
488
430
545
510
482
475
427
473
486
432
453
471
444
449
455
431
492
473
462
459
449
453
513
486
440
445
475
423
458
457
452
485
443
440
445
466
474
462
483
515
458
493
490
451
490
441
444
494
488
460
461
469
463
489
434
441
500
469
459
474
428
416
416
463
442
465
483
446
457
520
549
648
721
867
1117
1526
1866
2035
2127
1986
1668
1216
879
697
497
467
491
447
458
441
430
453
446
453
450
418
442
398
426
465
457
429
460
428
439
438
469
464
477
463
435
440
455
465
457
436
457
468
457
392
402
434
430
435
458
442
414
429
454
402
473
488
428
398
471
451
429
423
477
416
435
432
447
432
403
455
461
444
443
434
477
431
450
453
446
471
466
475
536
713
868
1137
1470
1810
2005
1996
1909
1578
1220
845
626
541
521
438
522
477
501
509
655
744
1047
1315
1707
2088
2123
2178
2025
1716
1321
1021
823
604
480
486
450
448
489
490
509
474
496
537
565
649
826
969
1076
1134
1049
932
768
619
558
466
542
554
690
973
1141
1344
1338
1265
1130
1020
769
624
575
537
504
502
483
481
467
475
495
434
487
490
556
587
631
757
760
724
713
689
723
859
1032
1334
1546
1818
1871
1821
1469
1159
905
743
630
568
538
502
478
462
448
470
440
491
457
463
518
609
790
937
1101
1250
1199
1087
921
717
616
544
584
639
704
829
1011
1245
1624
2317
3725
5645
7991
10314
11916
12186
10952
9000
6496
4243
2625
1673
1082
794
667
602
574
597
556
546
562
555
613
614
603
571
559
640
576
566
571
610
574
551
630
641
615
697
692
768
767
776
855
1054
1405
1748
2228
2437
2432
2086
1778
1236
957
750
608
604
566
545
536
558
546
529
574
555
579
634
706
666
710
689
762
732
718
733
721
654
650
608
579
609
724
825
938
997
1119
1060
1012
933
788
718
663
739
976
1260
1747
2307
2643
2715
2604
2154
1612
1139
829
658
588
588
550
592
572
602
659
655
616
571
534
584
537
588
521
604
485
574
552
515
570
508
542
529
553
547
543
529
559
569
544
573
523
528
601
590
602
613
550
604
498
539
541
517
527
559
540
540
514
544
543
539
548
528
535
530
485
534
511
501
534
541
572
599
603
574
566
501
580
504
536
600
653
769
948
1126
1253
1331
1243
1157
972
828
677
613
590
587
525
524
535
492
510
527
496
526
561
602
614
650
617
643
554
592
541
532
545
545
529
578
552
537
575
537
532
535
493
547
535
607
543
602
606
552
570
551
565
520
511
582
603
588
611
595
642
622
646
633
611
601
647
615
619
654
645
698
590
612
657
608
603
663
626
611
610
656
615
613
599
600
573
570
610
560
571
595
594
606
570
557
559
636
675
682
712
689
733
705
794
1013
1321
1859
2506
2970
3219
3108
2590
2000
1430
1059
855
752
611
575
549
550
529
533
526
540
563
566
516
505
524
513
530
535
557
521
555
553
505
482
515
569
545
564
553
515
549
541
505
522
556
565
571
563
545
561
509
572
576
550
601
578
588
624
582
599
638
660
587
592
652
627
647
599
659
634
651
664
635
696
636
638
619
767
669
702
688
687
690
715
752
726
669
738
675
680
667
707
671
603
616
626
619
630
551
567
563
578
545
553
580
550
505
548
512
548
545
542
523
564
541
525
537
517
523
514
544
490
549
516
511
514
503
506
531
489
511
513
495
526
491
477
488
517
493
477
504
489
491
581
533
527
478
488
514
533
525
553
500
485
465
465
503
452
469
500
501
501
545
516
580
566
556
605
489
517
518
524
505
467
460
516
483
491
474
472
481
470
479
462
522
459
486
467
484
474
444
440
490
457
473
460
433
464
444
440
424
434
457
484
434
488
449
443
479
438
441
447
417
452
445
452
469
416
449
472
444
452
487
477
441
411
431
443
473
440
458
464
454
428
465
408
378
431
401
405
398
396
394
433
406
424
404
429
431
399
415
424
425
372
407
409
400
403
426
379
379
411
386
388
431
422
411
443
431
369
395
442
380
407
399
371
372
373
384
375
422
386
381
378
362
396
453
424
440
394
435
429
443
399
385
400
376
335
418
375
451
621
1084
1842
3192
4908
6793
8360
8950
7818
6186
4328
2568
1444
810
538
451
496
603
789
1071
1481
2040
2841
3905
5342
6744
7793
8060
7318
5865
4008
2405
1414
778
467
338
316
320
299
330
291
288
319
339
332
334
334
373
371
304
317
314
336
298
292
289
309
264
276
319
290
299
304
285
297
260
320
332
305
294
303
320
331
319
315
323
346
313
316
313
274
286
319
320
297
334
346
489
799
1396
2419
3719
5245
6559
6955
6330
5232
3669
2258
1335
726
391
291
288
264
258
250
238
270
287
251
274
272
276
285
305
281
265
273
302
298
292
337
332
344
305
329
397
522
894
2079
4544
9621
18235
29705
42494
52087
55160
49337
38795
26018
15431
7610
3272
1257
454
184
99
87
88
75
80
81
72
93
66
73
72
71
84
63
77
70
72
75
76
65
72
75
77
77
64
65
84
81
82
83
66
82
71
86
76
76
75
71
69
68
70
72
72
64
71
88
92
121
187
295
386
546
705
842
851
779
845
777
758
598
493
297
209
138
116
113
82
89
89
74
73
74
68
73
83
107
150
240
479
797
1148
1610
1904
1978
1773
1406
948
571
312
177
100
80
84
93
91
103
121
108
89
85
72
83
88
89
105
106
91
102
77
74
65
66
76
73
81
74
87
61
62
75
78
74
81
87
80
123
110
111
118
81
80
97
117
125
169
182
191
171
150
151
115
99
63
62
68
64
63
51
67
61
82
70
84
84
94
123
97
101
101
73
90
80
73
84
75
83
109
111
108
102
76
75
87
75
83
84
78
78
81
85
66
63
95
88
88
92
77
81
82
71
65
71
65
68
69
63
62
72
86
59
67
59
65
63
67
72
74
81
78
77
74
70
84
75
86
94
70
73
79
96
74
78
56
65
82
74
70
84
93
95
111
85
88
108
96
105
94
99
94
75
77
93
98
74
68
66
90
79
67
72
75
73
79
84
101
76
90
98
103
98
98
86
77
75
83
73
81
62
67
75
57
65
74
63
63
65
49
71
80
59
63
74
55
66
72
63
64
69
57
74
71
70
81
67
61
47
56
65
63
54
61
58
60
66
58
55
72
57
70
68
60
69
53
60
58
84
87
60
70
83
74
119
95
103
110
86
82
66
66
66
56
54
53
60
76
56
42
56
63
59
70
60
54
55
57
58
71
59
61
50
52
67
55
51
62
59
71
66
58
60
50
81
83
85
86
75
72
63
64
59
65
61
48
49
48
51
58
55
49
76
57
62
63
58
59
59
58
65
50
55
64
72
59
65
62
39
50
47
38
61
55
54
57
47
54
67
57
48
54
69
62
58
59
49
54
66
59
70
64
58
61
71
49
59
64
50
39
63
69
61
72
63
78
81
73
99
71
69
63
70
55
34
61
53
43
49
45
48
68
44
52
55
56
57
47
51
48
48
41
40
47
53
48
46
60
68
75
101
119
132
158
182
151
151
106
89
58
69
51
66
47
53
44
46
57
35
42
42
40
57
60
81
89
112
125
152
148
149
137
116
74
66
46
58
39
59
46
54
50
57
54
54
41
44
56
49
57
52
50
70
53
47
59
55
56
40
55
58
47
56
44
52
59
59
38
42
49
40
55
40
47
61
54
43
41
54
43
46
55
50
49
50
36
51
48
64
53
54
51
55
56
67
55
54
42
48
46
50
37
48
55
38
56
57
52
55
58
61
51
68
62
77
102
154
359
714
1412
2540
4057
5545
6463
6568
5825
4521
2952
1756
842
397
172
70
41
42
33
43
44
39
36
29
31
25
25
28
23
26
33
40
36
84
86
103
96
89
78
54
37
36
23
24
33
17
26
26
21
21
16
27
31
26
18
21
28
28
33
35
41
24
30
28
22
24
54
59
55
76
67
54
49
40
42
27
25
21
22
21
20
14
22
24
26
18
20
29
27
17
24
30
34
30
23
20
18
30
21
23
23
18
27
40
56
57
80
109
112
93
100
76
64
49
45
35
31
20
26
23
23
21
21
21
24
27
29
22
22
33
22
25
28
22
28
25
32
30
27
24
26
34
25
28
19
18
19
23
24
39
30
31
27
31
43
41
33
36
31
42
34
32
28
23
18
19
26
21
19
23
29
28
20
25
25
35
35
31
37
36
31
37
26
30
28
34
25
25
20
22
26
24
18
24
29
19
28
32
33
26
29
29
24
28
26
27
30
21
18
29
27
23
30
22
20
24
25
28
20
19
15
23
22
25
28
38
26
27
21
41
39
36
44
52
80
79
70
68
51
49
35
29
21
27
30
20
33
26
32
21
24
23
17
29
26
31
26
30
34
38
41
43
35
44
35
32
29
36
31
24
15
18
23
21
20
22
22
23
29
23
28
32
33
23
35
25
25
29
31
31
28
31
42
51
79
122
167
218
248
206
223
165
119
82
68
40
43
72
62
72
77
49
66
58
55
77
69
61
58
54
59
52
27
29
19
18
28
27
18
10
21
20
19
20
21
14
17
28
13
15
22
19
20
24
17
18
24
20
22
24
24
20
23
16
18
19
27
21
38
20
18
27
24
36
51
53
42
36
46
26
26
18
25
25
19
25
36
27
57
62
53
68
47
44
35
27
38
23
35
25
35
40
39
34
31
39
25
44
22
18
16
22
24
22
21
23
17
20
17
17
20
16
20
16
25
25
24
28
41
32
32
26
23
28
25
22
25
20
18
15
19
15
20
23
27
13
16
41
18
27
17
21
17
23
16
15
21
31
53
71
108
153
190
187
186
176
128
70
48
26
30
20
14
26
21
15
22
18
27
32
29
32
26
27
26
21
23
28
26
23
17
18
23
18
32
25
27
23
16
31
55
63
101
129
127
131
122
112
67
60
36
23
25
18
14
27
23
26
13
26
17
14
17
28
16
14
25
18
22
16
15
23
20
21
25
19
19
29
21
18
15
21
24
15
29
23
28
28
25
36
33
18
31
17
26
29
35
41
32
24
30
25
13
22
15
16
15
18
41
36
45
59
86
118
142
131
115
110
77
60
32
36
24
20
17
22
19
19
19
13
12
16
13
17
23
16
18
15
14
15
18
22
20
28
32
33
72
125
188
287
421
527
561
493
462
297
219
94
61
50
24
18
21
12
20
13
11
19
17
20
18
13
18
22
15
21
21
18
21
13
17
24
15
12
11
17
22
12
18
13
13
17
19
20
18
16
6
21
20
23
18
15
21
13
15
14
24
20
19
12
17
15
14
28
17
17
17
15
16
15
13
21
11
18
14
15
23
12
16
14
7
17
16
20
25
23
37
36
40
44
44
38
19
22
23
9
14
11
18
19
22
9
12
13
21
12
19
21
17
14
16
17
15
22
15
16
9
15
26
11
17
16
11
13
18
22
7
25
18
10
15
16
18
13
13
16
14
14
22
14
11
25
14
10
16
15
18
21
18
9
8
13
7
9
18
20
12
14
11
18
19
15
19
11
16
9
21
12
11
10
20
20
13
13
16
16
24
12
14
24
13
18
15
14
20
17
17
16
15
15
15
18
11
18
12
16
13
19
14
26
16
15
15
13
19
14
14
29
25
22
21
18
19
19
18
13
19
11
19
23
16
13
19
20
19
11
11
18
12
12
19
17
7
16
13
24
19
15
15
18
13
22
15
7
19
10
13
18
10
17
16
15
10
16
14
22
15
16
19
18
5
7
19
14
29
26
21
73
89
125
148
187
201
172
150
100
81
47
59
39
18
21
16
18
24
29
39
50
74
106
153
183
191
191
210
122
126
79
69
44
34
23
12
15
18
22
18
18
23
20
16
19
27
17
20
25
25
15
15
18
24
10
24
15
18
14
20
20
15
19
19
23
11
17
25
18
12
12
13
12
12
20
15
14
15
15
15
21
12
19
27
17
24
18
16
14
20
17
19
16
21
22
29
23
29
19
16
13
16
18
23
24
37
33
38
69
90
60
53
70
43
28
19
24
18
16
21
10
22
23
18
19
19
20
31
15
28
19
17
20
21
21
11
18
25
13
13
18
15
17
23
12
12
20
13
17
12
22
12
21
15
26
13
31
19
28
36
57
84
112
170
182
207
194
166
108
61
53
37
18
17
14
27
17
21
23
16
10
18
10
18
14
21
16
22
18
19
16
12
14
6
8
14
18
16
18
17
14
14
16
19
23
15
14
11
15
15
13
8
18
11
15
16
16
11
11
11
19
14
22
12
8
10
18
14
14
16
20
13
18
19
14
22
15
13
13
18
9
20
15
19
14
15
20
17
17
19
17
18
15
17
20
14
13
25
24
27
26
41
40
51
70
70
63
60
73
40
34
29
22
22
19
22
14
17
12
16
22
12
12
17
14
19
17
12
8
20
16
17
17
16
20
9
21
15
12
20
16
13
20
23
16
19
15
19
20
13
24
11
23
18
23
21
18
31
23
40
24
34
35
39
41
23
26
21
16
21
10
13
8
10
19
17
22
14
16
17
17
27
20
18
17
11
12
22
17
12
24
14
12
19
12
13
19
16
22
23
22
16
16
23
20
16
24
19
18
17
28
25
17
16
23
21
22
24
17
17
16
16
20
14
29
20
20
12
18
21
17
9
21
18
15
13
19
17
9
19
15
17
16
14
13
17
22
14
22
19
15
10
13
15
14
19
20
14
14
19
6
15
18
14
11
19
12
19
15
9
22
22
17
24
13
23
23
20
12
27
20
15
12
12
10
11
9
14
6
17
10
17
9
13
15
18
11
20
15
16
16
8
18
9
16
19
15
21
23
12
20
22
16
20
19
21
18
17
11
17
14
16
16
18
9
14
16
11
12
20
15
14
20
16
10
9
12
17
11
9
8
15
13
14
22
11
9
8
12
18
18
12
24
17
7
14
14
15
21
22
20
13
11
12
12
14
21
13
8
21
13
9
10
12
18
16
17
16
20
15
17
18
11
15
23
22
11
14
13
8
14
15
10
13
8
11
16
14
16
16
15
13
17
9
11
19
12
18
11
13
14
12
9
14
19
15
14
11
13
11
17
14
18
13
14
19
10
15
12
13
21
7
8
6
13
7
9
11
8
10
8
8
10
13
8
12
17
15
9
9
19
8
13
16
15
11
9
7
13
13
9
13
16
18
10
6
7
11
8
11
14
16
13
13
16
13
5
8
12
17
7
11
8
17
14
19
16
17
35
15
17
23
28
25
28
30
31
28
22
26
16
17
11
9
13
14
12
18
19
20
18
19
14
18
15
13
12
11
11
14
12
11
10
13
19
13
9
8
8
5
13
14
11
10
18
13
10
12
7
9
11
7
11
6
10
11
10
11
12
8
9
10
24
48
91
151
276
433
595
725
792
713
620
426
299
178
105
52
35
10
9
13
8
19
51
88
169
292
436
570
657
727
661
529
350
230
154
86
34
17
10
6
12
5
5
8
9
0
3
3
2
2
6
11
4
4
5
3
9
2
8
5
5
8
6
5
3
4
5
10
6
1
2
0
8
5
1
3
3
4
4
4
3
4
2
7
5
9
2
2
9
7
3
10
9
7
8
10
16
10
5
6
5
8
6
8
6
2
3
3
5
6
3
1
5
5
5
5
4
5
3
6
4
8
4
14
4
3
4
6
6
8
5
6
5
6
8
2
2
1
3
5
7
9
6
5
11
8
7
9
12
9
10
5
6
4
6
5
7
2
3
6
13
5
7
5
5
3
1
3
5
1
7
5
5
4
4
4
3
8
7
3
3
4
9
2
3
5
4
6
10
8
7
5
6
10
3
4
2
4
5
6
5
6
6
2
8
4
8
3
4
5
7
2
4
3
3
9
4
2
4
6
4
5
5
2
3
3
5
1
3
3
2
5
8
2
7
3
3
2
7
10
4
2
8
7
2
7
7
10
5
1
7
3
4
5
6
8
8
8
10
7
12
6
6
9
5
5
1
3
1
3
3
9
6
5
8
11
10
9
6
7
5
2
3
7
8
4
4
6
2
5
4
0
5
2
5
5
6
2
7
6
0
4
3
4
3
4
9
6
3
10
5
6
6
4
12
9
9
8
10
6
4
4
3
2
3
9
8
4
9
8
8
5
1
4
7
7
7
11
4
5
5
0
2
3
6
2
0
7
5
7
4
5
5
10
5
6
5
2
8
4
8
7
5
6
5
8
4
3
5
4
3
5
3
6
7
2
2
5
6
3
1
4
1
5
6
6
4
5
4
5
7
6
5
5
7
8
6
4
3
3
3
8
2
5
1
5
8
2
5
4
3
3
13
6
6
6
2
6
12
3
1
6
1
2
2
5
0
4
4
8
6
7
10
9
9
8
14
10
23
11
7
13
10
5
2
1
4
4
3
5
9
3
1
5
6
4
4
0
1
4
5
2
0
4
9
6
6
8
5
4
4
3
2
8
3
4
4
9
9
3
8
3
3
3
4
4
2
1
4
4
1
0
2
3
3
3
0
7
6
7
7
7
5
5
7
4
1
3
5
7
4
5
1
4
8
6
5
4
8
4
5
4
3
7
1
5
5
4
4
5
3
3
8
5
7
6
7
3
11
7
9
4
18
22
15
22
20
22
12
11
4
9
8
2
4
4
2
4
1
4
1
4
1
1
2
7
7
5
6
3
6
2
6
2
8
4
2
9
3
10
4
3
5
2
2
5
3
5
6
1
1
2
3
2
6
0
3
5
2
5
5
1
6
4
6
4
3
6
6
3
7
11
6
5
3
2
8
6
6
9
6
5
7
5
8
9
7
5
7
4
7
5
7
1
3
8
8
7
8
6
6
6
5
4
2
6
7
3
3
3
3
4
3
1
1
3
5
2
2
3
3
1
4
4
5
1
4
5
6
4
4
3
2
4
7
2
4
2
4
0
5
5
3
4
2
3
4
4
5
6
2
2
4
7
5
0
3
2
6
2
3
4
2
3
5
2
5
2
1
1
3
4
3
3
4
5
11
4
7
6
0
5
4
3
4
2
4
3
2
4
4
1
2
3
2
3
4
5
3
4
1
6
5
4
2
3
5
1
6
1
6
4
7
7
6
3
4
6
3
7
5
4
3
6
6
6
6
6
5
2
2
2
5
5
1
6
5
7
7
6
2
3
6
6
0
5
4
2
1
1
1
5
4
1
3
6
2
3
3
4
2
2
4
4
16
14
13
16
30
24
21
26
9
13
11
6
3
4
3
2
2
7
1
3
2
2
2
4
3
0
4
4
6
3
1
2
2
1
7
2
2
3
4
5
3
4
7
4
7
3
1
2
3
5
4
4
2
2
4
2
2
3
3
4
7
3
4
2
3
4
4
3
4
3
3
2
0
1
2
1
2
4
4
5
3
1
0
2
2
4
0
4
5
3
2
3
2
3
0
4
4
2
3
1
4
3
3
3
4
4
1
6
4
2
3
5
7
10
3
7
5
4
3
4
4
4
4
0
0
3
3
4
4
2
4
1
4
1
5
5
5
4
4
4
3
4
1
2
2
2
3
3
6
1
0
6
2
3
5
2
3
5
4
2
3
5
6
3
1
8
10
11
13
14
9
17
11
14
7
8
7
1
3
3
4
1
4
3
1
5
6
2
5
1
9
4
1
0
1
1
1
3
2
0
5
3
4
2
3
2
3
3
2
3
3
6
7
6
7
7
4
2
4
5
3
5
3
0
6
5
4
1
3
4
3
3
2
5
2
3
5
3
8
6
3
2
4
2
6
5
5
8
23
14
9
6
10
3
3
8
0
2
2
2
2
5
4
6
3
3
7
13
4
10
12
6
11
8
2
3
4
2
0
2
0
0
2
3
3
3
5
3
1
2
2
4
3
4
1
1
1
3
3
1
3
2
5
5
1
3
5
5
2
2
3
3
2
2
2
4
1
1
3
0
3
2
6
3
3
3
2
4
2
6
3
3
7
6
6
3
3
3
2
7
6
6
10
15
18
28
28
33
31
39
32
29
20
10
12
4
5
2
2
1
2
4
0
3
3
2
3
5
3
1
5
4
3
1
1
2
0
4
3
2
1
1
2
0
3
1
3
6
2
1
3
4
1
3
3
1
5
1
1
3
3
2
4
5
0
2
3
2
1
4
3
3
4
0
7
3
2
4
4
4
3
2
3
4
2
3
1
1
4
0
2
4
2
3
3
3
3
4
1
5
2
3
0
3
4
0
1
2
5
3
3
3
3
4
7
0
6
5
2
7
7
8
8
6
3
1
2
2
1
1
4
1
2
4
5
4
1
1
2
3
1
2
4
3
2
1
1
2
1
2
1
5
1
2
3
2
0
1
4
4
4
2
1
3
4
0
1
1
1
1
2
0
2
3
2
3
2
1
2
6
2
1
2
3
1
2
2
1
1
4
0
3
0
3
0
1
3
0
3
1
0
1
1
2
3
1
1
1
3
2
5
5
2
0
1
1
3
2
6
0
7
4
1
3
6
2
2
4
0
1
2
1
5
1
1
1
4
2
2
0
3
3
4
5
8
3
4
0
1
1
0
0
2
3
1
2
4
3
2
3
2
2
0
3
1
2
1
2
0
1
2
1
2
5
2
1
1
4
2
6
1
3
4
3
0
1
3
2
1
4
4
3
4
2
3
4
1
5
2
2
2
3
1
1
1
3
4
2
4
1
6
6
10
8
7
9
6
7
2
2
2
4
6
6
6
10
5
3
5
1
3
2
10
2
7
7
12
9
16
2
16
12
7
3
7
4
3
2
3
1
4
1
0
1
4
4
3
1
1
4
2
5
2
1
0
2
2
2
3
0
2
1
3
3
5
0
2
1
1
2
2
2
2
0
2
0
0
0
1
2
1
6
3
4
2
5
0
1
3
2
2
1
2
2
2
2
3
4
4
2
2
0
3
1
2
2
0
0
0
0
2
6
1
3
3
4
1
0
5
3
2
1
2
2
2
3
2
3
3
4
1
1
2
0
4
1
1
3
3
1
1
1
1
2
1
4
2
2
4
4
6
3
2
1
1
2
0
1
3
2
1
2
3
1
0
1
3
2
3
2
6
0
2
3
2
0
1
0
1
2
2
1
2
3
3
3
4
1
1
4
4
3
4
3
1
2
2
6
2
5
3
1
1
2
3
3
2
4
0
0
0
1
2
3
2
3
1
2
5
2
1
2
2
1
1
2
0
2
2
1
3
0
4
1
0
0
2
2
0
4
3
4
1
1
4
3
0
3
1
0
2
3
0
3
1
3
4
1
1
0
0
3
1
1
3
2
2
4
3
2
1
0
4
1
2
2
2
0
2
2
0
1
3
4
4
1
1
2
1
3
1
2
2
2
3
2
1
3
3
4
2
3
0
4
1
1
1
2
1
2
5
1
1
3
4
0
2
5
4
2
2
1
6
2
2
2
2
3
6
6
3
5
6
5
1
2
5
2
2
3
1
4
2
2
2
0
0
0
1
0
1
7
1
2
1
5
8
5
1
5
3
5
3
2
0
4
7
9
8
8
5
12
10
10
8
5
5
1
4
2
3
3
2
5
3
2
1
2
4
2
2
2
1
4
5
5
1
1
3
5
5
3
6
6
4
9
14
17
16
16
6
12
2
5
9
4
1
3
3
0
1
1
1
5
1
1
2
2
0
1
2
3
1
1
1
4
4
1
3
2
0
2
0
2
2
4
1
5
1
3
2
0
3
1
6
1
4
3
2
4
2
4
3
2
3
4
2
5
1
3
2
2
2
3
0
2
4
1
1
7
1
1
2
0
0
1
3
2
1
1
0
1
2
3
2
4
1
6
2
3
1
1
2
4
2
7
3
2
4
4
4
5
3
3
0
1
1
4
2
0
3
2
3
3
1
2
1
2
2
2
2
2
1
2
2
1
1
0
4
1
1
1
2
2
0
4
3
2
2
0
2
1
2
3
6
4
2
2
2
4
3
2
1
1
1
2
0
2
1
2
2
1
2
0
0
1
2
0
3
3
3
0
0
0
3
4
2
3
1
4
0
0
3
2
1
1
2
2
1
1
2
0
3
0
3
2
0
1
4
2
2
1
1
0
2
2
2
0
3
0
2
2
3
2
3
1
4
2
3
1
1
1
2
3
1
2
1
2
2
1
3
2
2
1
3
2
0
0
2
3
0
3
0
0
2
0
6
2
2
1
1
0
1
1
2
2
0
0
3
2
1
1
0
1
0
0
4
2
1
2
3
2
1
5
2
1
1
1
1
0
1
2
2
2
2
0
0
2
1
2
2
1
1
4
3
0
1
1
2
0
4
1
3
1
3
3
5
4
2
5
3
4
4
3
8
6
6
12
18
13
19
18
19
17
8
12
8
3
5
4
3
2
2
0
1
0
2
1
1
1
2
2
0
1
0
0
1
4
0
1
1
3
0
1
2
1
3
0
3
2
1
4
2
0
0
3
1
1
3
0
5
1
2
2
1
2
0
4
0
2
2
2
0
3
4
4
0
2
3
0
2
0
0
0
1
2
0
0
0
3
0
0
1
3
1
1
0
1
0
1
1
1
0
0
1
0
0
1
2
2
0
1
2
1
2
1
1
0
0
0
2
2
1
1
2
0
2
3
0
0
4
1
1
1
1
3
0
0
4
1
1
3
2
1
2
1
0
0
0
3
1
3
0
4
1
2
4
1
1
0
3
1
2
1
3
0
2
0
2
1
3
0
4
1
1
1
5
2
2
3
0
0
2
3
0
1
4
2
3
2
2
0
1
0
3
1
1
2
1
1
1
0
0
0
4
2
1
0
2
0
1
0
1
1
0
3
0
2
3
1
2
0
0
2
1
2
2
2
2
1
2
1
2
0
2
1
2
0
1
1
1
3
2
1
1
0
1
2
1
0
2
1
1
2
2
1
3
4
3
0
1
0
2
3
3
1
2
2
2
0
1
4
2
1
3
2
1
0
0
1
1
2
3
1
1
0
0
0
3
4
3
2
1
0
0
2
2
1
3
2
0
3
2
2
1
3
3
1
1
3
1
1
1
2
0
4
2
3
1
3
0
1
2
2
3
2
2
2
2
2
2
0
1
1
2
1
3
1
0
1
1
3
2
2
0
2
1
1
1
0
1
2
1
0
2
1
1
4
3
9
1
9
19
22
30
27
41
28
19
9
11
3
3
2
1
1
2
0
0
0
0
1
3
0
0
5
3
0
3
1
2
2
1
1
2
1
3
2
1
0
0
0
1
2
2
2
1
1
1
1
3
0
1
3
0
2
0
1
3
2
0
0
0
2
0
2
0
2
0
1
4
0
4
3
0
0
1
1
1
0
0
1
0
1
1
0
1
3
4
1
3
1
3
2
2
3
2
1
2
1
0
0
0
4
1
0
2
2
3
3
2
2
2
5
0
2
3
2
4
2
2
0
1
1
1
1
0
1
1
0
0
2
0
1
0
0
2
1
0
2
2
1
2
0
0
0
1
0
1
0
2
0
0
2
2
3
0
2
0
1
0
0
3
1
0
4
3
0
0
0
1
0
2
1
1
0
3
0
1
2
0
0
0
2
0
0
4
0
0
1
0
1
0
2
2
0
2
1
1
0
0
1
4
1
0
1
0
3
2
0
0
2
1
1
1
2
1
1
0
0
2
1
2
1
1
1
1
1
2
0
1
4
1
4
0
1
3
4
0
1
0
1
0
2
0
0
3
0
0
0
0
0
1
0
0
4
1
0
1
0
0
1
2
0
3
1
0
1
1
1
1
0
1
3
0
1
2
0
2
2
3
1
1
2
0
0
1
1
0
1
0
1
1
3
3
3
0
0
2
1
2
0
2
0
1
3
2
2
0
1
1
0
3
3
2
5
0
1
2
3
1
2
1
1
3
4
2
3
0
5
3
0
0
3
2
2
2
2
1
2
2
2
1
1
1
1
1
1
2
1
1
1
2
0
1
0
0
0
1
0
1
0
1
1
0
0
1
1
0
1
2
2
2
0
1
1
1
1
0
1
2
2
1
1
3
3
2
1
1
2
1
3
2
2
3
0
2
1
1
2
1
0
0
3
1
3
2
2
1
2
0
3
2
3
4
3
1
6
0
2
2
3
1
1
0
1
5
0
0
1
0
1
1
1
3
1
0
2
4
1
1
0
1
2
0
2
1
0
0
1
2
2
0
1
2
1
2
2
3
5
0
4
2
0
1
0
1
2
1
2
0
2
0
0
2
1
2
1
1
0
0
1
0
1
3
2
3
0
1
2
0
1
1
1
0
1
2
0
1
2
1
0
0
1
1
4
2
1
1
1
2
1
1
1
1
0
2
1
4
2
2
0
0
0
0
2
1
0
1
1
0
1
0
0
0
0
1
1
1
1
3
1
0
0
2
1
1
1
0
0
3
0
0
0
0
0
0
0
1
2
2
1
0
2
1
1
0
0
1
1
0
1
3
5
0
0
1
1
1
2
1
0
1
1
2
0
3
0
1
1
0
1
0
1
0
1
0
3
0
1
1
3
0
2
1
1
1
0
2
2
0
0
0
1
2
0
1
0
2
1
0
2
0
1
0
0
1
1
3
2
1
1
2
1
0
0
2
0
1
4
0
0
0
2
0
3
3
1
0
2
2
2
2
0
0
1
2
0
0
0
1
0
0
1
0
0
0
1
3
0
1
2
1
3
1
1
0
0
0
2
3
0
1
0
1
3
0
2
1
3
2
1
1
2
0
1
2
2
0
0
0
2
0
0
1
0
1
1
2
1
0
0
0
0
0
0
1
1
3
0
1
0
2
0
1
1
1
2
2
0
1
0
0
0
3
2
1
0
1
2
2
1
1
2
0
0
1
0
4
1
2
3
0
0
2
1
0
1
4
0
5
2
0
1
2
1
1
1
1
0
0
2
3
5
0
3
1
1
0
4
1
3
1
1
1
1
1
1
0
0
1
0
1
0
1
0
1
2
0
1
0
1
2
3
1
1
1
4
1
0
2
1
0
1
1
2
2
0
0
1
2
2
1
1
0
0
1
0
0
0
0
0
1
0
0
2
0
2
0
0
1
0
0
2
1
0
2
0
1
0
0
2
1
1
1
0
0
1
0
0
0
2
0
0
$ENER_FIT:
-1.3400 0.714700 0.000000e+000
$MCA_CAL:
3
-1.3400 0.714700 0.000000e+000
$ENDRECORD:
