$SPEC_ID:
None

$MEAS_TIM:
29102.00000 38526.00000
$DATE_MEA:
11/20/2020 5:32:24 AM
$DATA:
0 16383
0
0
0
0
0
0
0
0
0
0
0
0
0
0
0
0
0
0
0
0
0
0
0
0
0
0
0
0
0
0
0
0
0
44864
47061
46144
39944
36474
36501
37463
36649
37416
41041
50384
61716
72433
84827
85422
68413
57399
62889
77393
97248
115481
131990
159387
228515
430320
862741
1397251
1875466
1963793
1220213
417710
168309
195473
309609
408761
513447
649618
533687
319818
181280
111273
98502
92754
84091
79026
76019
77856
78850
76092
71680
70246
74631
82859
90831
92823
91390
94287
98633
101086
105130
107566
112120
123735
140935
148024
136861
134041
142763
152866
173901
207715
214520
206015
213083
195257
192083
240494
292894
599315
1365692
1527045
748692
227508
118083
110910
116679
132109
146689
145163
138813
151987
244078
583235
1144501
1661537
2124706
1996240
971415
250374
82193
67636
73193
79800
77768
63973
54273
54050
60215
65121
67573
67990
69100
76183
82695
77870
70360
73524
83322
85180
80412
77331
80105
82436
82667
81897
81379
80208
78438
75185
71608
71272
74377
81186
81687
76184
73219
73793
76681
86399
93538
86780
80120
83722
87103
84669
78624
73994
72017
72906
73635
74330
74926
75035
76743
78445
77562
77503
86112
96184
90604
83380
81872
83671
85240
90565
90499
82606
81157
90453
100530
97662
87713
81898
81975
88729
91683
88625
88085
88683
88245
85362
79351
78508
83900
91172
95146
91647
85517
84159
85972
87796
87109
86994
87120
87018
90627
98643
98048
93273
91627
106301
168181
239172
209768
141086
118691
114338
106068
104270
108434
108980
112013
132321
142724
120287
102699
98231
96705
97334
100547
114771
243451
962443
2387337
2616496
1250578
354914
169346
130377
108362
100834
95581
89025
82680
79917
81981
84780
85343
87300
90115
88583
83989
82240
81331
85318
109800
249153
603105
792851
491147
177743
87108
77921
81517
84491
87213
90315
97006
100664
95407
87593
84404
82337
80141
77705
79087
84059
91472
96292
97541
93218
87749
86451
89499
95488
94404
88535
91424
106904
112152
95607
82740
79404
80400
82513
81142
81815
85250
89489
90666
91426
90562
84331
78739
80544
83308
84592
84484
88167
89298
85703
83789
85172
86236
86994
86775
86003
85865
89220
92458
95406
99172
102672
101867
98108
95592
92765
91103
89881
87568
87333
87979
86452
84373
86581
96978
135087
180381
159183
103083
76211
71589
72654
75865
77040
76751
78325
80189
78666
75119
72586
70699
71695
71927
72168
70870
70558
71971
73983
75375
78508
86884
89746
81942
75694
77999
102791
167779
210983
162766
98449
77757
75202
77914
81889
84554
82989
83001
85567
82503
76262
74360
74410
74213
72969
71181
69442
69965
69788
71134
72051
74824
81563
97869
120764
125079
105924
90600
85760
84344
81576
78956
77317
76617
77522
78976
79797
78457
76730
75301
74306
74792
75102
75498
74326
72339
70717
69134
68649
68938
69797
69296
69657
68663
67695
66978
67683
66607
65969
66053
66304
65242
63403
62852
67422
74089
74989
69600
65353
64376
64279
64807
65610
66977
78138
175068
529197
932045
780274
329840
115071
71701
63565
62494
65224
65217
63447
64321
66906
65259
61688
61565
62574
64031
65031
61945
58249
59622
62708
65622
67231
65373
60065
57009
56640
57247
58463
60207
64933
66680
62676
59679
57920
57319
56314
56013
56520
55816
54710
58196
65390
70415
65411
59663
56468
55116
55120
55438
56616
57607
58396
60559
61056
58367
55319
54135
55535
56802
57155
55772
55317
56144
56301
55744
56639
55511
53725
53239
55255
57975
59657
58246
55455
53797
54883
55304
55836
55094
54524
54720
55804
54483
52757
52669
53736
54438
55391
54915
54190
54232
54239
54536
56493
61158
67305
66580
59965
56771
56635
58566
58501
55656
54348
53423
52678
54646
57717
57954
54786
53895
55757
57927
57670
59597
61682
58382
52763
50154
50452
51780
52919
53395
53095
52774
52194
50682
50669
51995
52235
51712
49868
48979
49316
49446
49380
50162
52232
52694
53129
53820
54811
54723
56200
89306
231292
447102
450359
235501
90438
53953
49446
51377
52936
52318
51267
50604
51964
54278
54473
52870
50821
49718
49567
49921
50868
51901
53001
54663
54764
53470
52516
54337
55919
56668
56971
56459
55847
55206
54419
56100
59482
64304
65858
61921
58078
57211
58782
66267
102866
280877
905128
1883217
2050901
1206559
556065
380236
358451
359997
358864
358081
355143
355739
355656
349759
340211
329342
309015
277181
225958
162118
103119
66887
50097
42314
40357
40139
39309
40590
41516
42314
42234
41868
41556
42147
42951
45564
48996
50991
61126
85961
96694
77352
59546
54662
52490
50809
55768
82340
117683
111876
73013
52329
53912
71261
103555
142080
163403
149874
112516
75749
54592
46827
47184
51356
57863
58788
58188
81201
114448
106114
67699
45529
41155
40858
40262
37917
36905
37752
42073
50874
57678
52951
42458
37422
36411
39234
41303
41298
42000
43534
42062
41642
41556
41778
48244
59521
67140
59871
46437
38742
38466
38546
38525
36943
36693
37065
37322
36964
37087
37678
37879
38361
39009
38850
38808
38677
39431
41183
48669
66836
88306
142791
260893
312853
202860
87078
45758
41960
51474
65206
63657
49379
39281
37067
37666
38761
39443
38192
37747
39164
40314
40641
38877
36909
36379
37534
43109
50516
51848
44527
38677
37385
38537
39480
40553
53750
144740
400479
637643
535060
251505
86835
44696
38281
36598
35521
34423
34456
35021
35172
36580
37876
38064
38092
42158
47690
46925
40519
36075
33968
34243
34962
34987
35529
35726
36176
37173
38191
41628
55854
72977
68539
50239
39524
36429
35018
33753
33990
34338
35170
36739
39399
39702
38058
35270
34931
36219
36206
36674
38183
37716
36522
34943
33404
32708
32998
34462
40180
45660
45818
41233
38049
36924
36941
37726
39241
38942
36887
35678
34772
34917
36226
39870
46807
50831
45509
37632
34360
33557
33912
34342
35343
35247
34424
35089
38241
40458
39646
37809
36666
36027
41660
61203
81255
74065
52152
42313
52236
108949
238654
322604
238166
107597
49000
38798
41863
49961
60603
68778
62509
57018
94655
191508
247454
180784
87019
46521
38544
38119
39125
38502
38959
42155
44805
46236
49315
55825
63345
61584
49203
37758
34580
34527
36775
41139
42337
38235
34450
33894
35273
35822
35531
35335
36552
39683
46643
51999
47432
39523
35512
34839
34320
33818
34053
34142
35174
38446
42469
43771
44083
42735
37942
35177
34423
34573
34568
34810
35723
36337
36182
36160
39212
45171
46206
41811
37725
38535
47679
65389
75081
62378
45582
37088
35333
35076
35734
36178
34508
32956
32200
32738
33258
34414
34957
35406
35811
39940
46270
47926
49267
53342
49814
40603
35979
36964
40349
40278
36969
34393
34284
36695
41677
48454
66192
90294
88463
60470
40863
35474
37020
42262
50268
56189
52741
42905
37130
36110
37054
41986
47611
51943
54034
57402
57417
58340
60268
53849
42577
36413
35307
36374
36651
36140
34412
33982
34905
35821
38086
40714
43696
44597
42809
39647
37588
35823
35909
40254
50548
57665
53080
45620
39762
37110
36202
35839
35775
34943
34879
34624
37359
43817
53616
67009
100225
153829
174696
143646
102215
68422
46630
38272
40053
45172
47031
43986
42035
42538
39648
36458
35811
35871
34751
34483
37393
40151
40619
39371
36478
33903
32366
31538
31379
31368
31273
31367
31755
32099
32598
33505
36828
43546
45263
40173
35145
32923
31950
31512
31840
32251
33253
33236
35013
41032
46260
49160
50230
46210
40237
38812
42905
48800
48714
45174
49815
61353
65412
59857
50944
41924
37181
35595
35213
35162
34915
34619
35740
37733
39244
39380
38382
41602
52287
61177
56400
45251
38721
35454
34643
35904
42683
52959
55245
45853
36632
32775
31744
32722
35861
38763
37779
35572
34043
33651
33797
36561
43451
53696
56931
47774
38778
35654
34682
33492
33740
36498
41219
45825
46432
40767
35758
33301
33237
33654
35691
40526
45068
49227
67991
142821
264756
313487
234434
135751
78331
56542
83139
166167
226226
183234
96167
49219
38350
39774
44588
46540
41384
34730
32488
32686
32762
33480
34232
35171
38446
43889
45609
42605
36845
32788
31773
32715
33654
33374
33356
33073
32754
35863
59608
140806
255716
277016
174633
79101
42674
36010
41210
48958
49629
41648
34572
33548
35423
37468
35968
33168
32350
33886
35678
35983
35503
34168
34639
41287
59147
73874
69712
58502
60693
60632
49026
37542
33449
34418
37245
41887
42631
38236
34632
33956
35246
34695
32653
31296
30685
30877
31832
32325
32709
32519
32376
31718
30976
31150
32625
34985
36364
35843
34389
33851
34583
37254
40517
54758
114999
252317
362745
302822
150719
60036
35703
32692
33003
33141
32847
31861
31557
33535
37029
40480
41221
39880
38132
36678
34592
33286
35830
44620
59188
87798
155194
231279
221455
135100
65826
39348
34419
34067
32939
33229
35389
41988
48241
45485
36937
31968
30824
31577
32999
36398
53657
102908
165730
170788
111539
58394
37569
32407
33032
46971
90476
146045
151919
99313
52172
38225
41519
46933
45664
38370
31535
29603
29324
31165
33013
33732
34336
34434
33482
32230
38458
58342
80967
79303
57460
42799
39438
38518
41693
55329
68507
66052
52205
44177
42237
40865
38393
40043
47629
51690
44698
34762
29866
29819
30910
31286
31037
31103
30465
29610
29208
29687
28953
29862
33227
36980
36925
34865
32677
33103
34500
33481
31649
31782
33297
32569
30921
29877
29926
30752
31903
33895
38497
42544
41026
37578
34346
32573
32483
34894
42233
50925
52667
46317
39100
34396
31826
33573
41724
51382
51486
44353
39734
40382
39646
35834
33548
32926
33329
33229
32100
32273
42615
74274
115555
118943
81530
47537
33762
32182
32946
33830
34701
34301
37390
48897
62467
61984
52972
47288
40765
33758
29170
28665
29909
31798
33230
33228
32574
31197
29472
28459
28495
29598
31352
35613
38816
39871
39651
37162
33139
30426
29232
28585
27563
27766
28222
29490
30248
30790
29985
31184
33218
35882
36110
34816
34253
35283
38040
50476
78326
99927
85930
53687
35333
30527
29839
28717
27892
27559
27627
28060
29949
40981
81723
156713
202186
158580
82664
40811
29310
27926
28407
27601
27036
28180
33928
48143
64491
67904
71056
100705
133415
120470
74933
43055
33103
31311
30257
29428
31047
34197
35031
32845
30877
32884
37672
39402
37903
34706
30377
27483
26517
27537
28997
29812
29236
28822
28415
29098
30389
37910
53482
72847
74261
55972
39847
34797
35652
35953
36660
41500
50606
55410
50223
44302
41108
38559
38693
47486
64012
74658
65300
47649
38073
38348
43440
56806
69492
64271
46348
33710
29109
28774
29496
33816
40027
42627
40040
36268
33498
35573
40846
45828
47241
44056
37657
33189
33296
36210
36781
33512
30668
31001
33002
33879
36626
48138
59424
56090
44024
45441
72561
110121
135815
170984
234418
274945
242099
152183
72839
37075
28141
26046
25097
26580
29419
32366
31801
29382
28108
27755
28288
26725
25289
24549
23903
23868
23743
24638
25313
25586
26053
26511
26060
26466
27529
30703
35214
38861
36631
31126
26963
25031
25034
25264
25962
26979
27550
27118
27673
31109
38111
45476
47863
42948
37291
37226
35533
30835
26698
25028
25777
26243
26741
27879
31221
37908
49170
56001
48922
36741
29708
28471
28332
28302
30237
34799
40374
42445
36656
30147
26774
28206
33051
38808
39880
35342
30834
28526
27556
28013
29246
29108
28030
28666
31373
34171
32840
28974
26636
25652
26255
28660
32155
33263
31898
31652
37809
52412
70437
93349
122660
137945
124843
102967
80276
56118
39280
32724
30036
27164
26089
27317
29930
31865
36500
60608
111997
150595
129440
76782
41440
32481
36748
43483
47401
45832
38589
31147
30289
35636
41616
41675
35385
29159
25610
23801
23123
22925
23668
24408
24718
24873
24881
27018
31921
38023
39322
34319
29385
26618
25921
24973
24441
24986
29121
37131
43587
42413
34395
28911
25903
26093
28282
30671
32883
39836
61124
85785
86309
61834
38269
29827
27905
26575
25866
26355
26350
24964
23911
23807
24626
24868
24612
25332
29659
41192
60778
79851
79053
58294
38508
34599
42154
46646
40193
31970
27805
27399
27450
27331
26023
24578
24284
24537
23974
24062
24758
26615
27128
25447
23669
22735
22852
23039
24486
31123
44883
57230
53790
40221
30623
29192
29741
29507
29327
29199
28313
26282
25631
26631
26920
25378
23932
22670
21841
21798
22540
22571
23260
23313
23401
23231
23307
25209
28559
31528
31691
31962
40881
75359
145348
202501
178980
109539
63789
52388
51550
50824
48050
40954
31533
25961
25002
26384
28710
29466
28143
25950
25293
24641
23989
22829
22412
22122
22909
26390
38238
62769
85430
83668
60554
41214
32423
30300
30561
30453
27857
25318
24025
23442
23279
23270
24200
26273
30008
30678
29063
25882
25005
24608
25160
26498
28194
30392
30293
28785
26909
26290
25801
25150
24690
24680
24562
24735
24439
24614
24566
24572
24430
23837
23425
23634
24081
24523
25929
27022
27404
26635
25329
23578
22152
21747
21734
22582
23236
23737
23372
22883
23162
24154
24768
25162
25966
26627
26201
25260
25791
30908
38977
42156
36340
29272
25049
22874
21939
21482
21836
21651
22273
23801
25851
25338
23912
23369
25363
28156
28550
25926
23533
22730
22584
22846
23363
23771
23729
23117
22689
23034
23025
23106
23230
23655
23965
23742
23485
22760
22088
21934
22176
22143
22044
22022
22063
21957
21461
21498
21170
21303
21212
21772
22372
22818
22137
21697
21677
21482
22200
23197
25534
26875
26610
25486
23742
22849
23587
24264
24712
24654
23486
23770
25229
26152
26220
25079
24373
23382
22530
22029
21487
21359
21096
21530
22197
22681
23610
23733
23995
23171
22622
22271
22297
23408
25631
27230
26173
24266
23546
23498
23997
24317
23431
22380
21512
21774
22192
22993
22741
23588
25501
29748
35256
36412
32331
25796
22756
21933
22656
22971
23296
22335
21595
21507
21261
21445
21373
21606
22202
24048
26713
27193
25066
22855
22069
22338
22970
22721
22347
21500
21144
21212
21914
22954
24789
26624
31205
37682
40250
35078
27410
23077
22032
21459
20843
20119
20252
20306
20473
21214
21804
22407
22911
22313
21901
22085
22456
22877
22617
22582
22750
23333
22796
22437
22678
24202
25810
26319
26569
26272
24743
23214
22347
21348
21389
20999
20781
20883
21092
21114
20808
20512
20281
20544
20768
21134
21062
21046
20747
21071
20678
20964
21656
22419
22621
22704
22535
22265
22038
22336
23825
25982
26910
26166
24116
22235
20952
20512
20428
20716
21074
21005
21790
22392
22740
22533
21978
21088
21150
21952
22252
22413
22044
21873
21887
22467
22873
22535
21908
21348
20545
20435
20650
20702
21134
21782
22200
21593
21461
21459
21374
21446
21427
21665
21982
22790
23945
25436
25196
24630
23633
23446
22905
22268
22262
22539
22996
22866
23000
23009
23227
24353
35650
91918
259854
522888
673195
544339
290659
128866
71229
47871
32445
24773
22177
21742
21020
20485
20352
21918
24359
27091
27853
26382
23739
21479
20179
19744
20021
20307
21159
20696
20395
19906
19878
19915
19464
19412
19902
20926
21291
21482
21892
22945
22827
22237
22110
23841
24737
25007
23262
21395
20473
19679
19472
19491
20133
22128
23913
24207
22941
21814
22020
22037
21554
21027
20680
20950
22126
23203
22586
22030
22744
25135
27114
26381
23974
21131
20055
19783
19414
19267
19089
18862
19054
20044
21154
21286
21534
21959
21945
21597
21237
20750
20365
19994
20081
20444
20340
20219
19941
20421
20969
21184
20733
20990
20761
20480
20982
22027
23377
23747
23516
23000
22394
22704
23283
23414
23127
21915
21315
20137
19730
19638
19718
19666
19971
19791
20348
20410
21644
22230
22987
23238
24264
25163
25180
23235
21494
20649
20696
20310
20305
20259
20793
20578
20343
19964
19838
20379
20358
20822
21341
22315
22348
21030
20387
19967
20025
19911
20406
20153
19648
19464
19573
19711
19597
20310
20119
19934
19799
19755
20141
20000
20075
19920
19726
20247
20570
21056
20704
20878
20204
20303
20091
19909
20000
20309
20121
20175
19761
19997
20356
20207
19861
20018
20092
19811
19732
20002
20644
21621
22705
23288
23711
23090
22141
22144
25804
34374
43906
44203
36368
27689
23949
22669
21588
21458
21467
21351
20546
19980
20075
19770
19332
19255
19462
19616
20095
20876
21863
22542
21936
20691
19444
18943
19153
19672
20264
20631
20328
19707
19247
19347
19625
20001
19805
19392
19314
19520
19266
19384
19661
19767
19447
19962
20077
20553
20742
20470
21289
21980
21990
21128
20866
20986
21466
20931
20033
19495
19316
19371
19219
19586
20220
21531
22642
23162
22732
21683
20270
19314
18931
19104
19484
20192
20915
21432
21322
21874
22863
23230
22957
21780
21081
20597
20438
21336
23140
28591
40643
52531
55523
46335
32799
24520
21004
20152
19554
19237
19190
19036
19360
19574
19850
20289
20639
21166
22653
24786
26086
25554
24945
23538
21898
20413
19766
19070
19162
19965
21437
22632
22659
22476
23030
23601
23027
21696
20326
19617
19339
20048
20500
20448
20005
19081
19020
19214
20461
21364
21730
21342
21022
20572
20458
20518
20736
22530
27017
32053
33203
29361
24588
21023
19840
19210
19441
19581
20143
20595
20657
20481
19955
19517
18955
18898
19413
20427
23043
26757
29377
28525
25326
22176
21360
21271
20994
20003
19178
18763
18755
19074
19246
19511
20001
20278
20389
20387
20780
22016
24796
26335
25539
22758
20277
19454
19139
19073
19554
19663
19415
19422
19423
19654
19477
18872
18454
18783
19982
21841
24038
24088
22498
20392
19517
19757
19706
20362
20911
21818
22795
23171
22410
21200
20546
20299
21556
27662
49375
101013
167173
193646
152623
87349
43027
25501
21023
19326
19503
21554
25921
30225
31207
28535
24294
21216
20189
21630
24206
26362
25928
24000
22410
22474
23403
23124
21927
20784
19847
19576
19659
20844
22157
21891
20779
19260
18632
19218
21241
24415
27325
26803
23723
21047
19419
18973
18675
18669
19231
19672
19641
19355
19032
18927
19387
19938
19385
19338
18636
18139
17905
18424
19232
20641
21641
21837
21217
19959
19579
18621
18219
18138
18265
18690
18607
18845
18391
18193
18580
19856
22281
28449
38979
48089
46872
35731
25172
19776
18063
18193
18618
19142
20825
25769
34899
41183
39444
30416
22484
19335
19640
21563
22588
22109
20398
20533
20899
21843
21950
22154
21599
20298
20255
21599
27595
38888
50667
54246
46103
35519
29573
27392
30237
36872
40013
36082
28127
22574
19930
19063
18899
18704
18058
18002
17855
17796
18696
19671
20991
21632
20925
20273
20410
21094
21158
19827
19215
18808
18445
18464
18022
17822
17713
17821
17876
17722
17512
17589
17703
17972
17805
17863
18054
18035
18649
19457
20300
20888
19967
18587
17707
17084
17289
17712
18269
18607
18753
18650
18810
19250
20568
22910
25181
25065
23376
22234
20977
19824
18609
18031
17498
17608
17810
17959
17772
17863
17495
17775
17589
17983
17425
17277
17624
18136
18711
18933
19210
18908
20051
27146
48369
82471
107389
97543
64432
35106
21408
17683
17323
17680
17730
17522
17327
17767
18396
18532
18389
17706
17035
16820
17132
17886
18705
18904
18629
18336
18077
18298
18565
18637
18415
18142
17383
17019
17007
17209
16979
16817
16830
17419
18263
18997
19097
19011
18916
18628
18084
17979
17870
18305
18575
18432
18049
17436
17144
17294
17804
17700
18526
18877
18895
19961
19848
19562
19288
20737
22767
23662
21982
19587
19066
21013
24293
26254
24423
21226
18086
17174
17032
17647
18272
19118
18728
18073
17903
17950
18097
18163
18594
18988
19099
18471
17830
17188
16664
16423
16340
16253
16227
17216
17958
18224
18470
17644
16940
16729
17096
16973
17284
17744
17942
18630
19181
19397
19316
18100
17593
17511
17206
17347
17151
17873
19811
22273
25356
26548
25857
22657
19297
17908
17896
18195
18316
18570
19358
19481
19900
20380
19830
19181
18573
18116
18937
20708
23445
24403
23656
22910
22929
21427
19614
17706
17157
16847
17533
18584
20766
23625
24721
23088
20882
19972
23118
31347
40284
42838
36442
27621
22037
19377
18483
18184
18446
19126
19955
19294
18231
17770
17458
18281
18595
19751
23890
38129
67417
95519
98902
73738
42139
24396
18121
16742
17197
18236
19632
20100
19081
18135
18172
19172
21498
23668
24484
23688
21046
18892
17559
17112
17049
17658
18561
19851
20966
21457
20329
19294
18684
19141
20117
20552
20101
19052
17878
17339
17951
17906
17498
16654
16634
17371
18773
19967
19520
18501
17356
16838
17929
19422
19672
18472
17496
16694
16903
17301
17928
18103
18546
19020
19855
19421
19008
17919
17333
17522
17638
18084
18836
19106
18701
19141
19129
19218
18454
17652
17107
16327
16056
15972
16376
16851
17032
17219
16564
16377
16118
16607
17635
18727
20104
21792
22431
21253
19627
18379
17224
17045
16394
16293
16002
16083
15851
15536
15386
15462
15527
15899
15860
16415
16576
16860
17596
17950
16965
16498
16217
16699
17697
18196
18416
17470
17333
17617
18688
20672
21455
20505
18731
17136
15740
15489
15717
16062
16218
15902
15999
17219
19364
21146
21246
20058
18580
18385
18025
17279
16722
16493
16523
16454
15774
15527
15417
15668
15796
16032
16421
17329
18266
18707
18027
17110
16473
16056
15752
15684
15773
16161
16290
16871
17353
17775
18183
18127
18114
17676
16883
16502
16423
16606
16936
16632
16151
15690
15785
15792
16029
15985
16400
18175
20884
22933
22595
20680
18328
17147
16469
16468
16732
16996
17252
17001
16742
16689
16956
16907
16458
16316
15917
15978
15674
15205
15088
15355
15359
15335
15448
15150
15331
15074
15500
15181
15264
15496
15396
15147
14991
14729
14664
14878
15394
15470
15693
15629
15486
15470
15651
15932
16895
17848
18691
20148
21277
20934
19403
17985
17405
17050
17865
18474
18684
18024
17302
16137
15793
15450
15623
15557
15333
15513
15303
15510
16778
19442
24222
31537
36891
36093
29322
21929
18032
17092
17239
17179
16923
16613
16028
15389
15463
15970
17987
22062
26500
28418
28234
26763
24753
23981
26467
30982
33324
29571
23278
18287
16225
16087
16437
16238
15951
15768
15675
15524
15377
15312
15518
15788
15244
15182
15307
15860
17329
19206
21396
22260
20810
19375
19027
19553
19924
18224
16591
15303
14960
16143
17364
17918
17607
17352
17421
17755
17223
16255
15162
14433
14340
14530
14216
14605
14783
15263
15636
16920
19081
21460
22127
20414
17927
16127
15971
15627
15985
15784
15182
14474
14296
14103
14188
14443
14596
14448
14338
14239
14437
14506
14480
14585
14847
15147
15040
14551
14363
14478
14558
14521
14715
14869
14869
14484
14974
14866
14892
14602
14733
14977
15079
15821
15787
15604
15485
15244
16145
17782
21127
26786
30110
29636
25385
20582
17890
16979
16029
15601
15283
15013
15685
16792
17452
18663
22799
33559
53444
72776
77569
61842
40876
26677
20451
18122
16568
15699
15210
14828
14571
14305
15548
19250
27432
36599
40491
35441
25690
18652
15379
14635
14537
14308
14339
14346
14169
14387
14318
14254
14175
14068
14140
13746
13681
13402
13443
13619
13587
13800
14134
13866
13773
14089
14235
14905
15037
14816
14729
14323
14246
13791
14125
14439
14291
14173
13997
13836
13782
13578
13680
13768
13887
14412
15170
16289
16485
15781
15274
14189
13906
13874
13661
13409
13304
13176
13581
13545
13775
14325
15033
15678
16891
17120
16749
15798
14982
14235
13985
13939
13995
13839
13745
13808
13712
13773
13831
14302
14853
15240
15170
15404
15313
15534
15485
15337
15289
16360
17976
18714
18087
16398
15388
15282
15551
15976
16207
15967
15373
14787
14844
15084
15791
16013
15555
15044
14396
14002
14117
14115
14003
14052
14332
14141
14229
13719
13717
14094
14600
15512
16228
16141
15419
14410
13618
13476
13980
14293
14790
14612
14092
13232
13028
13555
13654
13947
14394
14945
15655
15438
14733
14107
13806
13870
14359
15298
16017
15226
14618
13720
13506
13655
13659
13411
13307
13280
13159
12892
13129
13089
13286
13471
13385
13318
13485
13562
13539
13316
13247
13025
13121
13831
14896
15887
16322
15824
15094
14695
15350
16498
17457
17057
15775
14683
13863
13233
12915
12479
12275
12558
12687
12814
13115
13080
13216
13349
13052
13009
13519
13445
13974
14223
14325
14303
14710
15683
16221
15651
14759
13610
13121
12919
13013
12889
13371
13175
12994
12686
12917
12900
13186
13218
13446
13292
13163
13310
13218
13341
13058
13106
12769
12775
12968
12928
12971
13131
13991
14988
16052
16584
16451
15648
14612
13656
13324
12791
12280
11866
12444
12197
12128
12037
11664
12132
11988
12364
13054
14216
14727
14232
13466
12775
12357
12408
12760
12662
12512
12565
12480
12477
12721
12672
12775
13306
13362
12941
12462
12320
12031
11982
12213
11893
11677
12198
12249
12514
12369
12342
12433
12473
12271
12138
12021
12233
12477
12896
13506
14119
13764
13013
12225
12164
12369
12816
13689
15741
19940
30281
49483
73981
97200
114611
113834
90914
57361
31113
17379
12931
11585
11205
11155
11222
11654
12193
13478
13559
13273
13419
13405
13803
14682
15013
14626
13518
12614
11781
11474
11144
11524
11734
12253
11996
11957
11847
11871
11857
12045
13004
14525
16180
16518
15510
14034
12874
11723
11415
11278
11025
11439
11393
11753
11599
11812
12030
12074
11548
11207
11149
11138
10962
11068
11130
11366
11928
13138
14247
14957
14632
13902
13003
12639
12635
12721
12872
13449
14257
16757
20311
23696
25116
23828
20899
17022
14193
11962
11041
10973
11369
11803
12247
12102
11600
11426
11108
11508
11532
11558
11719
12037
12436
12192
11877
11164
10885
10526
10625
10795
10844
11610
11994
12154
12070
12224
11976
11795
11976
11734
11584
11264
11049
11372
11303
11660
11391
11305
11633
11444
11367
10964
10713
10331
10255
10194
10350
10544
10855
11392
11770
11835
11266
11220
11091
11495
11967
11882
11225
10872
10841
11824
14897
19459
22941
22667
19272
14878
13196
14594
18110
20979
21066
18245
15144
12218
11176
10652
10824
10845
10976
11050
11113
10579
10407
10270
10182
10093
10473
10955
11262
11216
10890
10763
10537
10581
10577
10668
10575
10713
10658
10643
10481
10370
10386
10433
10352
10327
10138
10298
10443
10384
11076
11366
11404
11310
10902
10681
10538
10566
10315
10203
10449
10782
11461
13144
14137
14818
13891
12670
10913
10219
10205
10233
10295
10380
10167
10127
10144
9762
9950
9719
9729
9847
9921
9887
10225
11222
12519
13423
13858
12725
11282
10128
9680
9584
9583
9700
9545
9915
10532
11319
12758
13921
14482
14131
13706
12907
12444
11290
10955
10698
10385
10609
10605
11181
11982
12736
12431
11444
10838
9881
9580
9702
9829
10028
10137
10120
10169
10581
11092
11174
10707
10787
10728
10711
10606
10209
9827
9647
9476
9784
10170
10355
10915
11045
10635
10294
10405
10971
11651
12622
13854
13770
12914
11643
10609
10088
10263
10147
10117
9905
9743
9603
9693
9831
10270
10450
10850
10989
11163
11511
12448
14320
17380
20015
19776
17274
13652
11352
10557
10685
10931
10619
10416
9898
9498
9152
9210
9472
9829
10117
10297
9935
9807
9736
9321
9361
9613
10013
10602
10779
10726
10764
10728
10485
10396
10290
10296
9967
9821
9343
9046
9062
9178
9356
9600
10119
11207
14149
18699
22803
23028
19293
15263
12022
10680
9830
9696
9373
9213
9258
9447
10646
13188
17292
21640
24674
24341
22688
20484
18337
15931
13181
11309
10059
9922
10179
10347
10244
10200
9742
9481
9526
9741
9777
9477
9433
9259
9130
8942
8900
8796
8799
8977
9299
9533
9630
9505
9662
10890
13308
16595
19071
18879
17074
15091
14029
13107
11312
9602
8760
8687
9024
9410
9922
10136
10291
10068
10097
10076
10132
10331
9905
9597
9253
9178
9108
9274
9370
9434
9511
9769
10444
12470
14805
16635
16677
14898
12846
10902
10245
9408
8906
9036
9259
9693
10242
10791
10863
10690
9923
9371
9128
8952
9161
9011
9070
8857
9202
9358
9828
10369
11387
13059
16348
19781
21870
21148
18876
18397
18933
19383
17639
14204
11186
9651
8715
8710
8625
8672
8803
9150
9322
9385
9220
9786
11157
13423
15500
15642
13823
11800
11074
11555
12084
11867
10692
9767
9204
9215
9278
9315
8935
8876
8665
8535
8343
7994
8204
8218
8052
8274
8329
8583
8542
8722
8353
8392
8304
8196
8409
8331
8406
8185
8220
8281
8372
8445
8503
8193
7997
8027
8017
7778
7849
7771
7748
7855
7985
8271
8258
8356
8489
8458
8674
8844
9291
9524
9308
8876
8484
8146
8021
8060
8174
8342
8042
8070
8114
7721
7766
7632
7598
7959
8717
9348
9952
10112
9557
9117
8740
8872
8888
9335
9395
9155
8958
8608
8384
8572
8262
8175
7943
8110
8189
8352
8332
8240
8052
7823
7876
8129
7969
8023
7808
7682
7678
7725
7786
7948
8024
7980
8081
8024
7982
8246
8358
8360
8162
8372
8309
8238
8247
7978
7827
7819
7774
7713
7521
7630
7580
7744
8576
9372
9836
9777
8920
8529
8401
8936
9852
10541
10210
9542
8723
8625
8441
8762
9574
10051
9790
9229
8669
8081
7991
8050
8052
7906
7805
7615
7515
7584
7359
7412
7447
7722
7450
7349
7423
7603
7654
7845
7946
8132
8363
8185
7926
7932
7746
7544
7569
7651
7461
7219
7293
7428
7601
7617
7816
7685
7361
7344
7270
7356
7382
7438
7359
7344
7326
7185
7477
7253
7351
7303
7352
7467
7557
7643
7822
7700
7629
7479
7541
7846
8016
7805
7671
7601
7472
7625
7672
7674
7640
7474
7337
7407
7550
8127
8757
9468
9778
9605
8852
8082
7615
7545
7335
7338
7475
7679
7566
7874
7625
8022
8059
8304
8534
8892
8736
8632
9000
8814
8768
8600
8346
8000
7697
7788
7895
7794
8219
8036
7893
7814
8133
8349
8673
8758
8453
8202
8121
7906
7841
7585
7338
7287
7100
7137
7340
7508
7518
7503
7406
7197
7158
7066
7121
7306
7350
7231
6879
6742
7016
7109
6986
7064
7050
7082
6974
6909
6977
7149
7528
7605
7867
8006
8272
8169
7990
7825
7916
7726
7570
7508
7417
7415
7210
7300
7340
7254
7529
7641
7914
7897
7810
7438
7195
6986
6897
7046
7245
7167
7292
7346
7338
7341
7299
7524
7649
7431
7535
7234
6938
6775
6667
6656
6627
6544
6503
6639
6723
7061
7229
7536
7963
8219
8333
9263
10795
13405
14909
14828
12493
9838
8247
7493
7279
7290
7210
6761
6607
6513
6642
6717
6660
6824
6767
6779
6853
6923
7228
7338
7434
7734
8137
8310
8132
7703
7175
7160
6835
6775
6652
6895
6573
6684
6605
6346
6239
6348
6248
6376
6593
6840
7098
7276
7274
7442
7576
7355
7031
6863
6829
7117
7556
8036
8010
7864
7604
8035
8621
9334
9534
8949
7967
7209
6820
6699
6939
6946
6811
6689
6452
6448
6199
6259
6422
6516
6674
6814
6841
7022
7089
6977
6745
6685
6518
6274
6394
6416
6345
6389
6677
6717
6844
6933
6828
6598
6824
6735
6843
6901
6921
7094
7072
6742
6664
6497
6279
6077
6208
6350
6299
6340
6368
6690
6878
7222
7366
7362
7152
7011
6731
6372
6263
6286
6191
6039
6236
5927
6012
6202
6279
6525
6748
6712
6785
6444
6777
7131
7712
8074
7924
7484
7024
6331
5942
5919
6111
6249
6461
6486
6430
6340
6201
6013
6107
6048
5847
5747
5816
6036
6956
9712
14751
21282
25851
25505
20184
13953
9593
7583
6955
6565
6486
6200
6095
6059
5799
6065
6222
6294
6241
6119
5917
5919
6155
6980
8144
9519
10171
9440
8187
7092
6231
6057
5819
5606
5666
5722
6039
6315
6723
6451
6294
5920
5689
5689
6093
6410
6591
6906
6716
6635
6397
6238
6127
6121
6007
5756
5938
5622
5685
5771
5855
6291
6639
7541
8114
8297
7795
7552
7911
10905
22492
52146
101901
155875
178788
152574
98759
49441
20422
9202
6208
5856
6735
7456
7713
7240
6320
5867
5526
5595
5725
5843
5743
5971
5749
5762
5794
5841
5723
5740
5550
5499
5372
5422
5537
5537
5258
5264
4900
5049
5161
5144
5058
5304
5170
4997
5069
5109
5079
4983
4966
4957
4897
4854
4798
5065
5215
5130
5459
5225
5237
5241
5387
5429
5532
5624
6712
9021
13829
20972
31360
40712
44403
39667
29123
19185
12697
8730
6909
5876
5314
5100
5114
5272
5289
5162
5194
4935
4754
4599
4358
4465
4459
4544
4725
4973
4995
5143
5275
5333
6183
7875
10000
11715
11669
9973
7589
5597
4675
4328
4391
4357
4484
4427
4473
4426
4379
4141
4131
4206
4240
4330
4544
4680
4676
4708
4791
4856
4998
5491
5650
5638
5908
5585
5360
5371
5089
4854
4970
5165
5065
4851
4741
4406
4306
4243
4385
4570
5255
6528
7688
8368
7902
6956
5770
4973
4680
4580
4586
4776
4769
4874
4685
4559
4446
4507
4628
4709
4716
4979
5146
5759
7174
9691
12527
14147
13430
10886
7788
6066
5100
4556
4562
4662
4554
4599
4708
4519
4390
4246
4400
4525
4356
4475
4525
4629
5213
6022
7232
8139
8751
8394
8168
7957
9512
14432
22503
30401
31906
27195
18206
10900
6422
4946
4439
4367
4377
4195
4273
4206
4050
4177
4127
4264
4343
4388
4720
4795
4782
4744
4788
4822
5017
5306
5391
5361
5055
4640
4435
4007
3978
4116
4046
3988
4111
4264
4320
4451
4478
4568
4413
4384
4339
4224
4402
4335
4238
4269
4222
4300
4530
4742
5039
5217
5345
5197
4809
4544
4275
4236
4361
4367
4487
4578
4616
4623
4707
4684
4813
4789
4672
4566
4709
4582
4440
4642
4852
5428
5768
5841
5475
4766
4497
4440
4480
4684
4861
4820
4637
4445
4251
4204
4111
4229
4152
4067
4040
4071
4129
4294
4443
4763
5395
6447
6557
6335
5432
4609
4252
4083
4069
4242
4206
4484
4221
4106
4083
4142
4255
4424
4354
4258
4170
4209
4376
4604
4576
4657
4306
4129
4100
4151
4203
4301
4159
4059
3953
3931
4137
4221
3988
4047
3876
3768
3566
3668
3883
3892
4115
4074
3756
3859
3769
3936
4053
4067
4401
4897
5113
5347
5161
4732
4079
3839
3852
3836
3825
3818
3713
3668
3750
3683
3884
3822
3740
3766
3852
3847
3739
3625
3683
3793
3629
3596
3611
3741
3856
3907
4129
4215
4405
4976
5831
6574
6738
6352
5639
5071
4606
4460
4370
4600
4447
3966
3774
3776
3776
3643
3914
4048
4115
4150
4146
4074
4141
4060
4019
3987
3914
4026
3898
4032
3908
4042
3929
4033
4064
4199
4321
4224
4406
4442
4363
4328
4101
4027
3686
3783
3852
3856
3846
3829
3625
3631
3374
3366
3568
3660
4053
4497
5266
5898
6477
6488
5811
5050
4585
4345
4236
4160
4030
4038
3933
3895
3757
4111
4437
5675
7975
11282
14491
14874
13152
9331
6315
4538
3534
3461
3357
3520
3616
3750
3826
3924
3881
3682
3587
3546
3660
3884
3970
4027
4063
3904
3643
3350
3410
3342
3191
3352
3462
3416
3577
3480
3420
3525
3504
3484
3603
3869
4097
4487
4501
4553
4318
4113
4028
4117
4148
4284
4033
3792
3657
3649
3790
3907
3768
3700
3685
3641
3752
3900
4195
4362
4180
4188
3862
3685
3528
3429
3620
3681
3883
3860
3867
3768
3501
3249
3305
3329
3573
3755
3682
3581
3350
3370
3203
3444
3583
3786
3884
3843
3886
3893
3768
3805
3924
3857
3826
3965
3972
4157
3768
3845
3797
4749
6112
7752
8480
8041
6511
5129
4362
4180
4048
3877
3818
3702
3871
4915
6738
9737
12604
13201
11423
8441
6124
4868
4435
4352
4222
4260
4492
4884
4806
4602
4008
3685
3324
3209
3580
4452
7101
13483
23163
32430
36207
32042
21614
12688
6679
4443
3889
4043
4152
4054
4208
4036
4094
4176
4020
3813
3844
3813
3747
3791
3812
3975
4129
4134
4153
3922
3708
3622
3504
3318
3205
3028
3096
3216
3296
3375
3333
3235
3379
3525
3561
3547
3657
3959
3971
4134
4046
3812
3568
3392
3299
3307
3406
3400
3619
3548
3386
3220
3066
3059
2988
2965
2949
2874
3038
2976
2865
2958
2928
2904
2948
3001
3021
3108
3109
3118
3225
3023
2919
2868
2869
2789
2734
2832
3005
3110
3157
3469
3731
4151
4320
4480
4332
3811
3434
3208
3255
3404
3524
3476
3477
3672
3942
4366
4604
4780
4697
4775
4769
4573
4029
3684
3311
3202
3131
2985
2896
3022
2917
2898
2893
2976
3023
3080
3145
3386
3644
3789
3679
3464
3486
3213
3025
3176
3143
3148
3100
3147
3179
3574
3953
4445
4301
3990
3589
3215
3110
3082
3167
3582
3833
4252
4571
4813
4964
4755
4392
4110
4205
3902
3814
3408
3045
3000
2927
3063
2943
2843
2999
2962
2959
2818
3003
2946
2955
3012
3097
2983
2889
2888
2847
2925
3027
3006
3067
2949
2838
2647
2617
2602
2750
2780
2793
2909
2943
3029
3158
3156
3024
3048
3033
2945
3001
2791
2760
2843
2871
2851
2902
2938
2883
2951
3133
3388
3462
3337
3247
3312
3446
3305
3265
3145
3189
2991
2978
2863
2760
2917
3123
3371
3409
3319
3143
2820
2750
2683
2569
2719
2850
2909
2943
2993
3003
3001
2816
2900
2943
2984
2743
2644
2557
2650
2708
2837
2880
2910
2753
2701
2691
2640
2755
2863
3019
3010
3016
3169
3365
3989
5013
6073
6518
6155
5076
3904
3404
3120
3346
3275
3257
3123
2950
2772
2641
2776
2821
3175
3683
4502
5662
6499
6666
5918
4891
3986
3340
3019
2848
2872
2848
2872
2774
2827
2775
2830
3068
3510
4232
4924
5180
5012
4298
3593
3206
2846
2886
2789
2727
2688
2752
2833
2875
2847
2981
2663
2700
2791
2860
2883
2931
2905
2963
2920
2958
2931
2935
2829
3039
2998
3119
3324
3397
3503
3613
3540
3353
3088
2735
2747
2654
2733
2756
2921
3294
3300
3420
3346
3254
3006
2833
2839
2675
2757
2782
2755
2713
2657
2642
2730
3026
3528
4399
4875
5210
4953
4408
3720
3256
2985
2815
2806
2771
2683
2685
2690
2788
2827
2924
2954
3000
3207
3362
3397
3291
3381
3253
3319
3191
3121
2907
2678
2448
2528
2467
2556
2558
2438
2618
2613
2809
2956
3030
3097
3145
3281
3416
3405
3154
2995
2826
2831
3017
3187
3129
3085
2809
2751
2779
2858
2910
2869
3041
2955
2881
2962
3331
3538
3663
3451
3229
3037
2859
2850
2738
2654
2599
2502
2559
2583
2783
2711
2856
2927
3048
3104
3255
2936
2980
3071
3209
3545
3805
3901
3675
3539
3408
3219
3335
3128
2964
2700
2619
2617
2580
2542
2481
2437
2476
2512
2598
2670
2589
2587
2495
2390
2389
2382
2489
2424
2411
2382
2381
2418
2448
2573
2810
2921
3154
3328
3271
2967
2725
2595
2484
2474
2487
2477
2690
2831
3151
3466
3664
3732
3758
3429
3288
2972
2886
2782
2680
2634
2566
2651
2757
2823
2867
2742
2652
2573
2477
2599
2602
2803
3160
3347
3482
3238
2935
2791
2627
2609
2663
2734
2546
2456
2336
2350
2321
2279
2176
2264
2430
2651
2852
3191
3008
2893
2724
2677
2481
2553
2429
2490
2543
2463
2415
2357
2453
2512
2716
2747
2743
2581
2536
2472
2518
2523
2490
2536
2577
2620
2624
2553
2450
2380
2413
2326
2291
2432
2370
2758
3072
3335
3370
3301
3166
3117
2956
2736
2651
2538
2559
2498
2376
2454
2540
2754
3036
3219
3336
3619
3977
5216
7950
11367
14777
15414
13826
11813
10774
11137
12236
12686
11451
9156
6725
4958
3698
3180
3167
3261
3502
3468
3655
4077
4686
5594
6306
6581
6054
4951
4248
3476
3162
3046
3277
3258
3178
3153
3092
2947
3179
3210
3598
3624
3498
3188
2835
2687
2577
2526
2506
2468
2459
2378
2294
2280
2270
2252
2259
2329
2372
2532
2567
2616
2835
2718
2715
2647
2627
2626
2718
2894
3071
3027
2788
2658
2453
2405
2359
2324
2186
2227
2318
2236
2284
2238
2216
2224
2244
2311
2404
2690
2767
2879
3086
3041
2965
2778
2587
2700
2917
2932
3031
3047
2905
2990
2910
2853
2758
2625
2590
2790
3014
3143
3255
3164
3027
2961
2711
2856
3031
3272
3270
3088
2935
2576
2502
2542
2737
3410
4206
4860
5031
4653
3852
2995
2598
2297
2300
2443
2639
2914
3168
3156
3028
2649
2556
2507
2734
3071
3390
3467
3452
3389
3459
3162
3145
2982
2983
3009
2943
2851
2525
2321
2227
2149
2258
2193
2185
2104
2131
2090
2129
2122
2146
2181
2236
2294
2372
2248
2300
2440
2381
2430
2482
2685
2558
2528
2350
2349
2253
2350
2435
2642
3123
3951
5899
8120
10584
11861
10956
8288
5474
3604
2756
2389
2217
2223
2248
2303
2450
2475
2536
2476
2354
2280
2333
2268
2325
2452
2652
2627
2598
2459
2438
2447
2408
2286
2146
2131
2139
2299
2460
2423
2287
2272
2139
2306
2414
2752
3004
3092
2999
2896
2452
2119
2055
2123
2107
2210
2498
2692
2924
3020
3171
2920
2759
2581
2381
2236
2372
2395
2723
2846
2889
2721
2597
2282
2111
2051
2084
2154
2294
2366
2430
2586
2447
2295
2252
2160
2217
2131
2205
2064
2193
2298
2425
2471
2551
2705
2683
2587
2526
2450
2400
2376
2616
2717
2652
2720
2668
2546
2574
2410
2325
2348
2372
2395
2518
2464
2415
2413
2448
2519
2479
2512
2433
2294
2147
2147
2191
2249
2284
2383
2307
2515
2501
2450
2525
2577
2530
2446
2322
2319
2140
2194
2171
2217
2223
2248
2220
2281
2435
2327
2404
2395
2370
2443
2342
2452
2457
2614
2628
2672
2676
2588
2521
2587
2647
2719
2905
2958
2991
3045
2917
2798
2676
2617
2605
2547
2562
2477
2643
2727
2624
2758
2707
2753
2771
2747
2576
2645
2749
2971
3231
3515
3723
3643
3627
3362
3096
2779
2743
2603
2508
2490
2493
2638
2664
2646
2558
2486
2608
2448
2342
2472
2545
2656
2859
2930
3138
3214
3156
3007
2739
2663
2599
2669
2572
2502
2310
2322
2250
2221
2233
2170
2099
2186
2177
2146
2183
2286
2249
2276
2283
2404
2495
2594
2696
2650
2676
2691
2906
2872
2821
2782
2803
2993
3253
3461
3583
3319
3140
2740
2692
2674
2714
2952
3022
3060
2950
2789
2763
2579
2532
2602
2683
3106
3547
3996
4188
3696
2988
2658
2289
2264
2571
3157
4100
5222
5825
5792
4940
3921
3032
2591
2354
2213
2258
2335
2493
2604
2620
2740
2747
2799
2918
3013
2835
2736
2528
2474
2336
2286
2396
2406
2571
2441
2397
2340
2400
2459
2651
2810
2747
2647
2559
2445
2337
2329
2569
2664
2831
2780
2846
2580
2442
2369
2277
2368
2276
2444
2439
2329
2451
2397
2522
2621
2672
2582
2575
2431
2309
2268
2180
2200
2306
2191
2070
2054
2202
2269
2386
2629
2721
2888
2789
2690
2539
2341
2386
2375
2364
2486
2387
2320
2279
2254
2280
2250
2266
2231
2200
2223
2084
2095
2001
2049
2019
2037
2181
2205
2282
2357
2368
2473
2543
2519
2592
2533
2411
2562
2515
2673
2627
2553
2631
2600
2456
2433
2379
2376
2296
2338
2153
2113
2064
2030
1924
2018
1946
1975
2016
2036
1962
1957
1991
1955
2078
2157
2164
2170
2116
1986
2038
1942
1895
1882
1945
1896
1855
1801
1720
1796
1831
2048
2198
2313
2375
2487
2526
2472
2471
2381
2381
2202
2199
2318
2501
2706
3020
2948
2748
2550
2248
2008
1847
1930
1765
1850
1905
2006
2113
2083
2000
1855
2176
2300
2523
2624
2720
2648
2611
2276
2218
2041
1969
1800
1904
1989
2121
2200
2387
2378
2282
2309
2140
2203
2193
2122
2290
2400
2544
2686
2472
2419
2214
2077
2040
2004
1995
2062
2086
2035
2099
2070
2030
2060
2056
2164
2048
2235
2297
2860
3442
4420
5415
5580
5273
4502
3551
2912
2880
3697
7067
15622
32533
57081
82664
96117
91021
70184
44272
23326
10719
5364
3348
2793
2736
3080
4253
7563
14525
25164
36217
42156
39069
29784
18177
9365
4594
2805
2425
2561
2773
2811
2726
2414
2151
1860
1654
1546
1476
1597
1750
1877
2056
2268
2314
2494
2363
2113
1803
1588
1369
1360
1320
1326
1252
1304
1325
1438
1424
1516
1438
1394
1283
1253
1248
1319
1470
1569
1717
1784
1768
1701
1623
1473
1480
1417
1331
1304
1353
1345
1308
1188
1256
1232
1166
1204
1171
1169
1309
1275
1419
1387
1345
1307
1305
1255
1314
1285
1318
1463
1531
1662
1747
1837
1656
1593
1538
1513
1391
1307
1387
1208
1302
1228
1185
1215
1244
1247
1215
1234
1226
1186
1301
1281
1318
1323
1366
1386
1493
1559
1575
1461
1454
1586
1576
1699
1860
2017
2058
2004
2375
3311
5185
7952
10793
12266
11106
8793
5504
3231
1935
1420
1272
1236
1383
1451
1532
1721
1617
1463
1398
1328
1290
1217
1205
1120
1145
1172
1198
1257
1358
1323
1256
1261
1275
1317
1458
1830
2141
2466
2671
2494
2182
1768
1607
1357
1209
1062
1055
1131
1114
1150
1210
1178
1251
1293
1407
1461
1636
1794
1949
2028
1939
1632
1553
1377
1184
1200
1207
1240
1188
1228
1265
1269
1267
1259
1187
1258
1163
1102
1037
1058
1035
1132
1158
1198
1394
1438
1601
1510
1474
1485
1333
1359
1342
1338
1268
1244
1274
1261
1316
1320
1476
1833
2559
3670
5187
6766
7653
7185
5753
4159
2789
2026
1875
2021
2264
2394
2207
1901
1613
1284
1178
1073
1085
987
1070
1097
1072
1103
1064
1030
1098
1067
1048
1046
1151
1191
1209
1210
1162
1114
1095
1158
1187
1202
1273
1258
1234
1104
1233
1187
1113
1156
1122
1125
1205
1330
1403
1455
1572
1504
1471
1433
1415
1329
1322
1290
1336
1304
1365
1410
1429
1617
1833
2056
2122
2163
1876
1596
1338
1121
1060
1063
1068
1024
1058
1103
1223
1421
1531
1484
1453
1303
1242
1165
1172
1123
1173
1173
1198
1238
1169
1138
1131
1221
1403
1624
2101
2362
2627
2502
2121
1804
1582
1380
1272
1255
1118
1185
1194
1205
1241
1164
1082
1087
994
934
981
883
927
995
1031
1025
997
1097
1067
1107
1139
1083
1033
1067
1075
1027
1093
1111
1064
974
994
947
970
1021
1048
1090
1083
1132
1093
1071
1068
968
1007
974
989
1133
1076
1070
1133
1023
1001
994
1038
1037
1073
1094
1127
1088
1015
1048
939
957
986
987
947
1022
1127
1144
1222
1249
1235
1211
1279
1313
1445
1671
1719
1694
1657
1395
1220
1111
1170
1156
1209
1255
1284
1318
1367
1473
1795
2040
2172
2069
1844
1520
1307
1193
1121
1108
1119
1156
1103
1067
1047
1085
1187
1173
1136
1173
1183
1230
1238
1474
1889
2433
3175
3765
4243
4396
4046
3602
3031
2549
2005
1596
1348
1385
1661
2424
3866
5764
7148
7772
7036
5384
3694
2452
1585
1238
1112
987
936
977
1016
1294
1712
2686
3656
4452
4585
4256
3141
2403
2003
2048
2188
2463
2781
2908
2701
2329
2007
1635
1268
1124
997
1046
1194
1307
1481
1600
1522
1379
1193
994
922
974
1071
1281
1232
1214
1127
1097
1036
1070
1128
1174
1223
1123
1102
1070
1039
1054
1031
1131
1190
1203
1076
1018
987
968
889
908
883
938
867
895
936
975
914
1111
1193
1307
1320
1305
1162
1180
1171
1099
1191
1185
1115
1123
1110
1064
1039
1041
1052
1047
1116
1083
1175
1125
1115
1104
961
973
973
994
1030
1092
1112
1302
1509
1821
2240
2448
2448
2155
1813
1312
1128
1055
998
1005
958
902
898
897
1085
1095
1262
1464
1454
1411
1243
1121
1060
968
929
917
977
960
1032
986
994
989
993
945
957
923
931
1021
1066
1165
1316
1410
1491
1549
1674
1634
1664
1410
1333
1263
1090
1283
1284
1488
1466
1476
1316
1280
1330
1679
1966
2196
2209
2078
1748
1513
1217
1102
1013
1012
997
1069
1059
1004
1026
921
915
883
856
874
895
905
930
947
1081
1081
1135
1087
1091
1165
1149
1110
1066
1128
1049
1071
1100
1237
1301
1384
1378
1368
1399
1332
1436
1443
1466
1564
1498
1350
1264
1158
1056
999
951
848
992
932
964
1025
1051
1000
1028
968
931
902
934
934
917
868
914
900
836
839
950
939
962
915
909
900
889
779
808
836
908
870
897
877
874
893
911
944
928
859
857
843
814
792
773
791
859
783
801
787
810
796
780
805
786
815
860
825
859
884
938
991
1010
1026
1033
1014
951
864
834
864
885
931
924
923
867
899
830
860
831
820
868
898
978
980
992
1052
1197
1417
1810
2240
2518
2622
2481
2148
1657
1378
1083
1010
984
1123
1316
1533
1911
2097
2213
1938
1520
1319
1063
946
901
956
928
888
875
863
815
810
834
846
824
842
919
945
983
1177
1476
2056
2673
3250
3214
2855
2301
1716
1329
1100
977
1005
1087
1346
1991
3422
5189
6962
7706
7153
5656
3766
2329
1400
1027
943
853
877
871
981
1088
1299
1487
1566
1598
1569
1421
1368
1103
1116
1130
1222
1511
1691
1906
1863
1594
1346
1013
1006
858
827
855
872
861
782
816
739
857
777
772
850
759
778
827
896
942
962
1200
1474
1958
2504
2776
2797
2433
1913
1405
1090
986
953
904
895
980
1016
1104
1363
1792
1929
1921
1790
1502
1272
972
952
980
1043
1069
1130
1028
1012
870
777
836
784
833
1003
1168
1382
1569
1732
1773
1875
1833
1737
1696
1623
1914
2482
3468
5094
6847
8095
8450
7257
5168
3302
1928
1254
927
826
832
763
713
751
717
719
736
724
713
696
704
713
804
838
861
862
924
895
892
770
731
781
697
717
636
673
714
695
686
697
663
708
708
748
787
791
784
749
759
804
843
995
1072
1193
1198
1146
1045
922
883
1010
1256
1657
2053
2254
2273
1939
1490
1186
930
799
781
747
785
843
945
913
917
847
799
831
820
905
1025
1360
1761
2052
2129
1908
1616
1168
964
779
753
766
735
733
807
778
725
809
813
820
778
873
942
1152
1302
1402
1571
1391
1225
1079
1016
900
876
825
782
682
702
648
675
695
752
796
782
886
847
881
816
836
794
837
793
775
737
775
806
940
1031
1209
1243
1182
995
896
860
789
820
925
952
1038
938
917
860
896
859
868
837
797
780
783
739
699
674
673
677
740
669
701
637
709
711
720
699
725
751
760
754
706
725
702
723
713
698
695
677
685
703
723
692
738
708
698
684
667
761
719
741
727
727
765
764
656
724
688
713
742
757
764
756
773
748
778
711
759
708
720
735
775
796
854
941
1019
1035
1150
1036
973
849
787
689
707
728
780
909
1039
1566
1792
1952
2076
1777
1556
1220
1009
834
730
713
734
698
664
706
634
626
664
662
707
668
717
644
651
654
682
640
645
639
646
672
716
692
731
737
755
748
795
847
846
882
875
866
852
842
784
768
789
760
796
780
722
729
654
746
820
978
1163
1331
1439
1219
985
844
706
661
627
643
638
603
677
723
715
785
814
833
779
829
787
755
716
653
642
684
672
734
639
609
656
666
678
703
676
715
651
750
647
711
731
770
789
853
812
768
706
671
634
638
684
625
671
644
647
659
663
682
728
935
1094
1418
1852
2209
2401
2383
2186
1818
1414
1075
913
738
729
699
673
670
706
705
684
760
909
1268
1690
2513
3498
4205
4555
4342
3778
2976
2230
1686
1273
1052
950
854
786
789
774
749
783
746
742
882
1250
1669
2447
3386
4077
4639
5243
5836
6490
6337
5686
4502
3391
2812
2998
3261
3539
3562
2942
2389
1823
1351
1055
872
780
774
827
769
704
760
737
741
761
778
744
728
793
782
748
773
801
745
740
768
696
734
695
683
739
905
1155
1419
1770
1970
1992
1766
1441
1228
956
794
792
702
672
710
737
771
776
783
715
719
640
613
592
594
640
640
562
664
619
655
660
597
593
638
627
624
614
685
597
717
679
681
703
702
611
601
595
610
602
659
602
639
686
685
614
670
692
742
696
762
806
786
795
783
896
817
901
823
772
760
640
632
600
616
586
602
620
648
616
599
646
668
622
675
727
758
852
964
986
1095
997
930
824
665
626
657
638
625
636
557
662
704
815
852
944
971
896
821
672
608
665
724
881
1325
2306
4190
6825
9661
11728
11448
9531
6547
4026
2134
1185
783
646
606
565
580
571
566
601
568
532
511
516
556
553
564
630
778
795
786
738
682
626
559
559
542
578
630
737
777
918
970
932
886
814
825
983
914
866
705
665
600
591
595
556
528
539
543
531
519
590
585
549
627
541
531
554
601
595
573
516
516
511
557
538
548
595
636
710
739
637
625
602
590
572
632
654
634
678
656
672
619
605
638
656
643
695
667
722
737
836
971
1193
1494
1807
2186
2369
2254
2009
1651
1145
962
734
653
667
587
616
588
599
677
713
778
714
746
753
706
690
576
597
631
699
723
807
934
1306
1538
1726
1778
1622
1257
983
817
675
710
653
662
627
671
706
659
669
679
667
644
653
648
674
652
666
617
619
690
621
690
681
699
666
671
659
716
684
733
664
636
654
672
704
683
739
713
784
842
1023
1166
1341
1365
1321
1090
941
856
733
699
662
686
682
662
688
769
735
688
656
695
707
693
719
696
813
706
736
714
706
633
686
649
676
700
671
692
671
692
665
683
675
653
651
609
656
647
654
653
692
695
627
579
587
556
548
539
578
564
568
561
552
546
558
580
557
606
577
614
597
628
598
590
566
583
642
589
580
601
557
629
560
607
570
548
585
599
564
592
568
607
573
553
594
552
531
588
604
581
595
560
540
566
573
560
601
567
610
583
590
568
612
612
568
529
561
547
584
554
628
684
662
740
822
848
801
861
819
860
788
875
1005
1167
1533
1762
2111
2198
2004
1709
1371
1039
860
730
662
627
583
570
586
578
614
628
644
604
596
609
627
652
600
671
653
633
670
604
649
584
605
582
683
544
602
636
642
614
603
661
619
637
691
630
634
623
649
617
599
662
613
617
676
653
663
605
672
589
624
597
636
603
618
607
589
606
641
579
557
574
568
568
568
589
573
609
543
573
572
572
565
596
544
569
548
544
572
572
558
580
595
541
546
531
557
594
579
585
574
546
559
526
555
539
530
532
550
584
675
603
669
729
848
964
1116
1380
1512
1816
1819
1772
1561
1322
1030
826
641
609
556
454
520
529
507
483
490
502
494
500
564
518
505
491
468
491
489
491
479
538
559
651
654
672
687
732
687
724
669
773
846
799
820
869
882
881
775
704
601
570
512
484
460
526
516
512
490
533
533
503
539
492
487
518
511
471
501
518
503
537
506
496
519
547
538
574
692
1045
1923
3536
5963
8724
10963
11693
10536
7725
4953
2759
1533
837
639
558
510
496
508
533
521
655
939
1836
3858
7439
12565
18064
21736
21618
18029
12964
7645
3902
1783
934
559
469
446
461
437
449
409
385
393
374
374
381
359
383
390
426
453
417
453
527
704
1268
2626
5250
9091
13727
17320
18013
16169
11673
7304
4022
1801
882
482
342
335
356
491
558
595
586
553
437
375
341
297
249
273
281
266
270
261
259
292
285
301
296
298
336
372
346
366
367
316
292
283
286
268
243
265
241
229
234
232
258
250
248
229
242
245
235
249
241
269
287
312
307
354
334
380
382
408
406
341
328
261
266
261
278
234
248
266
254
277
248
236
279
277
324
335
412
431
559
574
634
571
626
620
707
835
840
715
557
483
397
326
316
278
293
279
262
280
286
297
276
286
298
309
295
258
304
279
288
312
292
292
259
264
277
252
279
270
262
292
275
255
236
242
229
217
253
281
300
302
284
272
259
261
238
231
248
199
221
198
205
218
199
208
209
234
234
224
220
221
253
249
243
222
270
272
296
320
333
317
247
244
285
192
242
243
243
240
250
258
287
266
224
235
207
233
190
221
207
200
230
240
234
238
229
241
202
234
228
218
230
218
208
227
205
236
243
216
217
229
217
246
230
218
216
258
222
239
268
231
237
250
237
242
245
229
219
206
239
207
254
236
242
244
248
322
316
329
318
279
276
261
269
245
227
268
247
268
285
481
957
1775
3310
5603
8126
9636
9730
8043
5893
3650
1876
937
515
355
284
221
192
172
169
177
184
164
171
156
175
171
172
175
226
268
345
513
541
613
602
471
388
294
279
204
234
254
300
318
374
387
337
298
267
213
204
182
158
177
170
173
155
159
155
171
159
193
188
190
173
161
173
178
188
179
156
138
174
184
176
174
148
166
177
173
146
165
170
149
163
149
142
146
192
160
162
169
183
198
164
201
166
148
142
156
176
219
337
442
645
766
855
768
721
448
368
251
179
187
160
172
155
140
142
144
138
170
169
202
311
444
668
870
1088
1219
1140
1007
796
525
365
279
191
184
169
155
152
151
145
153
154
170
210
191
203
218
233
235
259
249
209
262
204
196
201
170
188
193
203
182
192
168
167
176
188
174
192
170
165
159
177
133
167
166
161
138
157
156
161
164
170
158
149
158
169
155
144
150
152
155
168
172
181
163
174
195
203
235
294
465
693
957
1055
1081
1006
882
876
1205
2157
3645
6068
8082
9107
8643
6807
4658
2728
1315
642
273
156
140
134
160
182
203
198
214
209
211
197
217
192
207
205
191
173
126
128
131
106
112
118
114
108
132
134
137
172
192
194
213
197
173
152
119
120
109
126
145
139
174
162
172
186
184
192
190
199
143
144
133
118
93
90
112
105
99
101
104
82
91
90
93
97
86
87
96
90
97
69
90
100
103
104
94
103
88
87
112
98
75
91
95
91
80
82
100
93
125
100
130
144
135
183
189
219
204
184
153
112
99
98
101
104
94
90
98
94
91
87
80
112
134
143
187
246
232
234
211
189
132
120
107
83
80
82
100
99
76
102
86
88
87
96
80
82
93
83
104
89
101
97
106
99
107
109
107
107
82
102
78
87
97
97
112
95
124
91
121
124
142
121
135
165
134
128
126
141
191
179
189
161
149
127
101
82
89
103
93
77
84
92
86
88
84
86
96
87
94
96
101
97
106
102
96
97
88
84
116
95
109
90
116
136
157
158
190
183
164
153
160
140
143
164
143
170
167
212
323
416
486
568
496
439
309
215
156
117
115
103
87
102
105
86
96
103
98
77
108
90
107
98
111
115
94
95
88
101
93
127
109
107
111
124
97
118
108
117
119
106
91
140
103
118
117
108
95
105
118
107
120
120
98
118
115
119
113
100
116
101
103
109
119
132
142
128
167
162
146
124
116
115
99
110
96
80
75
85
87
88
92
85
89
89
94
105
91
118
121
165
168
183
194
194
144
134
108
101
95
112
88
112
117
107
110
123
95
103
90
72
90
82
110
111
123
116
103
115
87
72
84
82
76
95
87
92
101
86
98
112
92
95
105
86
68
83
91
83
80
96
103
91
88
89
88
91
88
81
106
84
86
109
74
87
99
82
98
88
97
92
100
73
105
97
96
84
74
78
75
94
90
101
95
93
102
97
81
87
83
76
104
88
100
96
97
91
99
90
97
97
80
114
104
109
87
102
99
108
118
159
190
231
260
239
217
219
205
131
123
105
103
95
87
104
83
109
75
94
84
98
89
85
93
84
95
107
82
102
92
91
92
102
89
81
92
76
94
89
96
89
84
101
114
95
91
89
88
81
99
89
98
90
93
85
100
76
83
98
89
85
89
81
80
79
81
88
86
90
84
90
83
79
92
118
151
188
214
217
196
175
137
123
111
85
89
95
87
76
117
97
82
99
81
87
81
88
82
94
83
91
90
90
79
84
74
70
66
81
82
90
99
83
98
73
77
73
71
89
78
60
56
69
72
72
71
72
77
76
92
72
79
77
85
81
72
89
82
89
90
69
73
85
85
91
85
89
88
107
107
93
113
95
115
92
100
85
87
92
103
102
70
98
66
81
83
77
89
68
73
87
89
95
99
86
92
105
94
100
97
96
126
106
108
89
84
84
92
101
79
89
103
91
89
100
129
138
255
493
1008
1920
3132
4375
5501
5737
4821
3643
2284
1284
613
287
148
112
60
70
74
66
81
147
187
284
367
486
556
493
446
302
239
157
95
77
52
56
58
70
43
66
58
48
64
65
54
50
44
48
46
54
44
50
51
51
72
44
49
49
57
44
48
48
61
54
58
51
65
85
91
99
74
86
67
62
57
57
64
57
39
42
62
44
49
49
54
43
41
61
55
67
85
86
74
90
73
74
63
49
45
39
50
42
42
59
44
59
64
57
64
56
47
64
38
56
70
77
110
97
99
116
119
102
76
78
75
75
95
133
194
262
378
454
406
338
246
142
120
82
61
59
73
99
185
266
356
478
540
569
536
452
340
220
124
100
81
50
51
49
66
53
53
44
41
43
40
43
38
35
39
36
46
33
36
40
34
29
39
41
53
58
52
34
41
40
39
35
37
30
36
40
30
44
42
37
36
42
35
28
42
32
39
48
49
54
54
48
48
38
50
41
30
33
37
36
33
41
49
30
40
48
35
43
36
42
47
42
31
34
45
37
41
34
34
44
26
33
39
43
43
37
46
75
104
108
130
106
80
72
58
47
30
34
43
45
40
47
52
49
50
68
106
145
218
222
213
183
139
84
54
44
40
37
36
46
29
43
35
40
29
46
31
41
32
27
38
33
42
39
41
42
44
38
55
50
53
51
56
60
51
39
37
45
55
69
124
155
279
353
421
433
393
302
206
146
79
66
41
37
35
41
34
38
36
34
37
30
34
38
36
30
37
33
32
31
22
24
30
24
33
32
35
25
23
39
37
29
28
38
26
35
29
33
38
39
40
32
29
44
54
54
52
49
48
29
38
39
26
36
34
39
25
33
36
31
36
35
40
29
47
31
42
33
33
48
34
44
32
34
44
42
32
32
36
30
39
43
39
36
28
20
34
20
34
30
34
37
38
31
37
28
37
30
37
43
41
46
36
56
53
60
41
38
33
39
35
35
33
28
25
27
41
33
25
32
29
34
23
36
29
35
39
26
35
42
27
34
21
28
31
26
25
34
35
33
34
33
35
30
43
38
38
53
32
38
36
31
32
38
30
36
26
38
32
43
29
37
26
33
38
47
33
38
42
38
35
26
27
39
26
29
30
27
24
30
39
35
34
28
25
24
31
22
25
36
26
29
35
38
31
38
31
29
38
23
30
34
26
30
32
17
26
28
37
32
30
34
34
35
27
23
39
34
26
29
43
40
32
29
39
30
26
28
36
38
23
28
34
28
37
43
28
27
26
31
32
25
41
39
39
33
26
38
23
34
28
27
30
33
49
42
38
35
32
32
30
36
17
36
32
27
37
17
28
43
31
37
40
28
36
29
35
27
33
30
28
43
28
36
22
39
31
28
45
31
29
29
36
37
26
39
47
60
68
68
94
76
78
54
49
68
79
84
57
82
59
56
50
30
38
42
42
50
52
52
61
57
53
53
41
50
37
44
49
38
43
43
33
29
41
24
30
29
36
32
27
39
34
58
48
61
62
66
46
44
28
45
32
40
38
33
28
31
35
38
34
42
53
88
98
112
125
109
100
80
70
45
39
27
31
21
38
22
19
46
39
38
48
54
75
100
138
129
135
110
90
85
50
43
45
34
40
24
24
29
19
27
26
27
31
27
34
24
30
31
22
37
30
26
31
33
20
24
32
35
29
30
42
39
64
129
213
433
546
845
866
887
822
581
391
203
125
53
31
32
26
21
16
25
29
37
44
62
70
57
67
59
40
39
34
23
23
23
20
23
28
23
24
25
24
24
17
17
26
15
22
19
17
20
27
21
17
26
18
23
26
27
28
18
15
20
22
22
20
33
35
23
32
33
30
37
38
34
44
34
34
18
27
24
24
18
17
19
17
23
21
26
25
20
16
23
26
33
43
88
114
204
264
294
313
284
219
162
93
50
40
37
49
42
63
70
69
63
52
52
53
26
29
31
28
24
22
13
15
31
22
15
18
14
23
18
17
23
24
17
27
23
23
22
23
32
32
22
16
30
19
16
23
22
20
21
26
20
33
47
41
53
48
72
66
79
46
31
30
28
19
14
16
18
20
15
18
22
16
21
21
17
19
17
16
21
25
25
20
16
26
15
20
29
24
35
41
58
52
41
52
38
35
28
25
25
32
23
23
20
17
26
25
22
17
22
20
25
18
13
17
29
20
20
15
21
20
20
24
24
21
32
13
27
24
11
18
18
24
18
20
17
18
23
14
20
19
12
20
19
15
21
23
16
19
19
14
21
22
24
17
20
25
23
21
28
25
27
25
25
23
19
27
29
36
38
54
66
77
105
92
70
67
37
27
32
23
23
24
29
18
13
30
25
27
33
23
9
19
15
19
21
15
21
27
19
20
26
29
32
24
36
32
35
35
27
22
20
22
17
18
21
17
18
26
25
15
30
25
20
18
21
21
22
12
29
30
28
62
87
161
217
275
298
317
314
264
183
126
97
60
41
31
26
25
26
26
27
27
43
41
34
30
38
39
24
23
32
16
18
25
22
24
24
19
31
18
21
10
21
19
31
27
18
19
18
18
23
19
26
35
27
21
41
35
24
19
29
20
15
29
29
17
19
21
25
16
17
23
25
18
19
15
35
12
23
20
19
18
19
26
18
20
25
24
22
29
31
31
30
31
23
30
28
19
27
26
23
17
27
20
26
17
23
22
24
21
18
15
23
21
12
24
24
21
17
27
23
16
18
25
25
20
26
19
23
15
17
17
25
20
18
24
23
23
17
35
17
26
24
23
26
22
26
17
23
20
21
23
39
19
26
35
38
39
33
38
36
17
27
22
20
28
14
13
20
15
17
18
14
17
22
23
20
24
19
13
19
25
18
27
24
27
17
18
19
18
16
17
15
29
20
28
26
17
19
23
25
16
21
11
18
27
22
18
18
18
22
14
17
31
15
11
22
16
22
23
20
18
24
17
18
22
21
19
30
17
12
29
22
16
25
24
16
21
17
24
24
17
18
19
16
25
35
31
36
39
33
26
26
16
13
24
22
18
20
18
17
22
22
23
18
21
21
23
37
22
25
21
13
13
22
29
25
22
17
23
14
19
30
31
37
47
56
70
74
94
90
67
53
44
37
21
27
22
30
40
36
34
61
87
104
116
143
139
98
100
75
53
30
26
17
20
20
17
19
18
21
21
16
18
18
24
24
20
20
22
14
20
19
25
22
22
21
26
17
20
24
22
23
23
19
25
21
16
16
25
24
25
27
20
23
15
19
22
19
25
26
26
25
27
27
32
29
26
20
28
27
20
21
23
24
20
18
20
25
19
28
25
19
17
23
22
19
23
22
22
20
19
18
27
21
14
10
18
20
27
14
12
19
14
20
16
13
13
16
17
24
20
23
12
17
14
26
21
16
22
23
23
14
28
24
23
26
11
16
12
11
27
24
26
23
16
16
24
25
16
18
15
17
12
29
26
14
21
24
21
16
15
16
20
18
24
16
17
19
19
26
18
14
22
21
11
21
22
13
23
21
19
14
17
19
19
19
22
22
24
18
22
24
22
19
14
20
25
19
29
37
37
54
66
120
138
176
201
223
156
146
127
76
58
37
30
35
28
25
25
17
18
23
22
11
18
25
18
9
18
24
15
25
18
18
16
24
25
20
19
12
21
24
19
12
16
24
24
19
18
22
20
13
25
28
22
15
22
21
17
19
21
26
19
16
19
15
18
15
16
22
18
14
14
23
14
9
22
17
22
22
22
8
19
34
18
16
15
22
20
33
32
23
28
37
24
24
33
29
27
24
24
18
24
14
20
14
14
19
15
23
32
16
14
23
19
13
13
22
13
14
15
14
7
19
12
11
16
12
21
16
19
15
13
17
17
16
15
8
13
15
12
12
14
13
14
11
11
16
23
19
11
13
17
12
18
13
17
12
15
22
19
12
22
16
11
19
12
10
18
13
9
9
10
18
15
11
17
16
16
15
6
15
10
10
14
10
16
17
9
16
20
15
18
10
17
26
20
21
23
23
17
18
13
15
9
15
15
19
9
5
14
18
14
15
20
20
14
24
11
17
25
16
14
21
21
16
36
51
81
206
383
563
818
1145
1185
1165
972
750
487
266
138
53
30
15
17
12
24
42
57
59
78
94
70
86
49
30
30
16
21
20
12
10
7
4
14
6
9
3
10
8
7
6
7
7
6
9
9
7
9
9
5
6
7
7
4
7
6
6
7
12
15
17
11
11
9
14
10
5
9
5
8
7
10
13
6
5
10
6
7
6
13
6
8
11
17
24
29
40
40
46
50
37
23
21
32
19
12
8
6
4
8
10
6
9
10
5
6
6
9
4
8
11
8
6
6
7
4
3
3
8
6
5
4
4
5
8
2
7
5
8
8
8
6
4
10
8
3
6
11
14
14
9
16
5
7
4
8
8
12
17
41
54
60
65
90
71
59
54
36
10
11
11
7
8
4
1
5
8
2
3
6
5
3
1
4
7
12
7
8
3
7
5
8
3
3
8
7
4
7
6
9
7
5
5
6
2
3
10
4
11
10
6
10
4
4
6
13
9
3
15
6
8
7
6
7
6
4
4
10
6
5
3
4
7
5
4
4
3
5
10
6
11
10
14
11
17
27
21
28
28
21
15
12
10
12
9
6
12
6
5
3
4
4
6
1
6
4
4
5
4
5
7
7
6
3
5
5
5
4
7
6
7
4
9
5
6
4
7
1
7
4
7
8
7
2
6
8
6
3
6
7
3
3
4
7
5
5
4
10
3
5
8
5
3
1
7
3
3
2
2
5
8
6
1
9
4
3
3
10
3
5
8
5
9
3
4
3
6
5
5
8
5
6
3
9
11
2
6
8
5
2
6
9
7
6
3
5
4
3
3
6
9
7
9
3
9
10
0
2
4
2
4
3
2
11
2
4
4
9
6
5
5
2
2
8
5
5
6
4
4
6
5
5
6
5
4
7
5
6
8
2
7
4
6
3
8
5
3
5
3
2
3
7
8
4
4
5
7
6
8
2
3
7
4
3
5
5
6
7
6
6
3
6
6
7
7
4
6
5
8
4
9
7
3
3
3
3
4
4
11
4
10
5
6
1
5
4
4
7
6
6
3
3
5
8
4
4
6
8
4
5
1
7
5
6
5
8
2
5
4
3
6
4
8
5
7
3
7
8
4
5
7
3
6
10
6
3
5
6
6
6
9
2
7
7
10
6
3
6
9
9
6
7
5
3
7
9
4
4
6
5
5
6
3
5
7
7
6
12
11
2
4
4
5
10
4
7
4
8
9
5
11
5
5
6
4
8
8
3
7
5
3
2
10
1
4
2
4
5
7
8
4
3
5
5
5
5
5
4
7
4
3
6
1
2
6
3
5
7
3
3
2
6
6
8
8
8
10
9
16
23
23
23
18
16
14
13
6
10
10
4
1
4
6
4
4
5
7
11
9
17
9
11
11
9
8
8
5
8
5
4
8
9
1
3
9
2
6
4
6
2
3
7
3
4
3
9
3
9
5
7
6
5
5
6
6
5
6
5
7
4
5
3
4
5
4
3
8
3
3
5
10
5
1
5
1
4
2
4
4
3
7
7
4
4
5
3
3
3
4
7
5
5
7
13
12
10
10
7
4
6
6
9
7
8
3
9
3
2
2
6
1
2
4
5
6
6
3
4
1
2
3
5
1
6
9
4
3
0
3
6
7
1
2
9
8
7
2
2
2
2
6
4
3
3
5
2
5
5
3
8
5
2
3
6
6
7
6
8
7
14
26
16
37
37
34
15
14
13
9
7
5
3
7
3
5
3
7
4
6
3
4
3
5
4
2
3
4
4
7
5
2
5
6
2
1
9
7
6
4
5
5
7
2
2
5
5
6
5
6
5
4
5
4
3
4
4
3
4
2
9
8
14
20
34
33
29
30
36
24
18
20
8
10
12
8
7
6
8
4
2
6
2
4
9
3
1
2
2
4
0
1
5
2
3
6
4
2
8
5
2
2
5
6
5
3
6
6
3
5
2
2
3
3
2
4
2
1
6
5
4
4
4
3
2
3
5
9
8
6
6
8
1
3
4
3
3
0
6
6
5
4
3
5
3
4
6
5
4
3
4
6
5
2
9
7
5
9
6
5
6
12
4
4
2
4
3
2
1
4
4
8
2
4
4
6
3
3
4
4
4
4
3
5
7
2
5
4
4
2
4
7
4
7
3
3
3
9
6
4
3
4
3
2
4
3
2
7
1
6
11
17
26
47
50
65
67
53
33
36
30
18
9
9
6
6
6
4
2
4
5
3
3
3
1
5
2
2
4
2
4
0
2
3
2
1
2
5
3
7
4
6
1
3
5
1
4
3
3
1
6
2
4
3
2
0
3
2
4
3
5
5
2
5
3
4
3
4
4
2
1
3
2
6
6
9
1
6
7
2
5
2
4
5
3
3
5
4
4
4
1
6
3
2
2
1
1
4
4
1
4
2
11
5
6
4
4
1
3
5
7
2
4
0
4
2
3
2
2
2
5
0
2
4
3
3
1
3
3
1
2
7
2
2
6
2
4
5
3
4
2
1
4
5
1
3
5
4
2
1
3
3
2
4
3
1
1
5
1
0
2
2
9
4
2
1
1
1
1
3
6
3
3
2
2
5
4
3
4
5
4
4
2
4
4
9
9
8
10
10
10
11
13
6
7
6
3
2
3
7
2
1
3
3
1
3
1
1
4
6
3
12
6
5
7
4
6
3
4
1
5
1
3
7
2
5
2
2
2
2
3
1
3
1
5
2
3
1
5
3
4
2
2
6
2
3
6
2
4
0
6
7
1
5
5
7
1
5
3
0
6
3
2
4
5
3
6
3
5
4
3
7
2
3
0
5
4
2
4
3
1
0
1
3
2
3
5
1
1
2
5
1
5
5
6
1
3
1
3
5
6
3
3
2
2
2
3
5
2
2
1
3
0
2
1
1
7
8
3
2
2
4
0
3
2
2
3
4
5
2
3
5
6
3
2
2
5
1
3
2
6
5
1
4
2
4
3
1
1
2
1
2
2
3
4
3
4
2
4
2
1
3
2
0
5
2
1
3
10
4
3
6
3
7
5
2
2
7
4
3
3
3
3
3
2
3
5
1
2
0
1
2
5
4
4
6
0
2
2
4
2
2
5
2
3
3
4
3
4
0
5
2
3
1
3
2
3
4
7
4
3
3
2
2
5
2
2
1
4
6
3
4
7
0
6
4
4
6
7
2
5
4
5
5
2
3
4
6
8
2
1
5
2
2
2
2
2
2
5
3
3
2
3
2
3
5
3
5
2
2
2
4
2
4
3
6
3
4
5
3
5
8
5
2
2
4
5
0
1
5
2
3
1
5
1
5
4
4
7
4
2
4
2
2
2
4
4
6
3
1
3
1
3
0
3
1
8
2
5
4
2
2
2
2
2
2
2
4
5
4
5
4
1
3
3
2
0
4
6
2
1
2
3
1
0
0
8
0
2
2
3
7
5
3
2
3
7
4
1
0
0
4
8
1
0
3
4
5
7
4
3
3
1
4
5
3
3
3
3
3
2
3
0
2
2
3
2
2
3
4
3
3
0
3
1
3
4
3
1
2
5
1
6
1
1
1
2
5
0
5
3
4
2
5
5
2
5
4
5
4
7
4
7
5
3
3
3
6
2
1
4
3
3
4
2
6
7
4
4
3
4
8
4
3
3
5
3
5
1
4
5
2
7
5
4
5
2
5
6
3
7
6
8
23
16
16
19
14
16
8
6
4
0
0
5
6
1
5
2
5
3
4
4
8
3
4
3
3
2
4
4
5
2
4
1
3
2
5
3
3
3
2
3
6
6
2
3
3
4
4
3
5
4
2
4
5
3
2
2
2
3
1
3
2
5
2
0
1
5
2
1
2
4
6
6
5
2
3
4
8
5
3
5
3
3
4
5
1
5
3
4
4
3
3
4
6
7
1
2
4
1
3
2
9
4
1
5
5
8
2
2
2
4
4
0
6
2
4
1
4
0
2
3
5
1
5
2
3
1
4
3
5
3
5
5
6
4
1
6
1
4
3
5
2
6
10
8
8
11
5
3
2
2
2
2
0
2
1
3
2
3
2
6
4
0
2
0
3
1
0
6
1
3
4
2
1
2
3
3
4
4
3
3
2
1
2
2
4
2
0
3
4
2
3
0
7
4
5
4
5
4
6
3
3
3
5
3
2
2
0
6
2
1
5
5
1
4
0
2
1
3
3
1
2
1
3
2
3
4
0
4
1
4
1
3
2
5
2
3
0
3
7
7
7
11
16
17
14
23
19
10
13
3
9
6
3
3
4
4
6
6
1
8
5
2
4
4
8
3
14
5
10
8
14
5
6
7
2
1
0
2
4
5
3
2
3
5
4
2
4
2
3
7
3
3
3
9
3
4
1
3
6
3
7
3
4
6
3
3
5
8
2
1
6
4
2
4
4
5
3
2
3
4
1
1
5
4
4
1
7
4
2
1
1
5
1
4
3
11
6
6
2
3
3
3
3
4
5
3
4
3
3
2
5
7
6
6
3
2
3
5
3
4
5
3
0
2
2
6
3
0
5
2
2
3
5
6
2
7
5
6
3
3
4
4
2
1
7
2
1
0
2
2
2
6
3
0
4
2
4
4
5
1
0
4
2
3
0
4
2
5
3
2
6
6
5
5
4
5
2
3
8
5
3
3
4
2
8
7
8
9
10
5
6
6
3
4
4
3
6
2
1
3
4
4
6
2
4
4
4
3
3
7
5
6
2
2
4
4
2
3
5
4
5
3
4
2
4
1
3
5
3
2
3
8
0
3
5
2
4
1
3
3
1
8
2
7
4
8
3
4
3
7
2
3
3
2
3
2
2
4
1
2
6
4
7
9
8
2
2
7
1
4
3
5
7
4
3
9
2
2
4
2
4
2
8
5
4
1
3
5
5
0
3
1
5
3
2
3
6
4
1
6
5
3
0
2
5
5
1
3
1
4
3
2
9
5
6
1
4
4
3
3
3
3
5
3
4
6
3
4
2
4
5
2
4
7
5
3
3
3
4
4
2
3
2
1
3
1
6
5
1
7
5
4
5
4
5
3
6
5
3
3
4
5
5
3
5
2
2
3
3
2
5
7
4
2
3
4
3
3
3
3
2
3
9
5
6
3
5
5
4
3
5
3
5
3
5
4
1
0
5
4
7
4
7
4
5
2
3
3
5
4
5
3
3
2
1
6
3
8
5
5
3
5
6
4
3
7
4
5
13
12
19
18
33
29
20
25
20
21
10
13
12
7
5
5
4
3
2
4
7
4
3
2
6
3
2
3
6
6
7
9
4
7
4
4
4
5
5
4
2
9
4
4
4
1
4
8
3
3
3
4
6
3
5
5
5
6
2
3
5
7
5
7
2
4
8
3
0
5
2
5
8
9
4
3
8
5
3
4
4
3
4
3
6
4
6
5
4
4
7
4
4
7
4
6
5
6
9
3
2
4
8
2
2
2
4
6
8
2
4
6
6
6
2
5
5
3
9
5
6
5
3
6
5
8
2
1
5
4
4
6
1
3
5
2
5
4
5
3
1
5
10
4
7
5
7
10
2
4
7
8
7
5
9
4
3
8
6
1
5
2
4
8
4
3
10
5
3
2
8
7
3
7
3
5
8
6
3
3
5
2
5
10
5
11
5
6
1
5
2
6
1
6
5
7
5
4
7
4
2
3
7
9
6
3
4
3
2
8
4
3
3
7
3
4
4
7
7
3
5
1
4
2
7
7
4
2
8
3
2
5
3
5
3
4
5
2
3
7
2
4
6
4
2
4
2
3
3
1
8
6
3
1
2
2
1
5
3
5
4
4
7
3
3
1
3
4
7
1
2
5
9
7
2
4
3
6
8
3
2
9
2
4
2
2
5
6
2
7
5
3
3
10
5
2
4
9
2
3
6
1
9
3
2
3
3
5
8
10
9
21
39
35
79
91
125
133
112
123
86
69
48
44
17
16
9
5
5
5
4
3
3
9
5
4
6
6
6
7
8
4
11
3
3
8
10
4
5
10
8
3
13
5
4
8
5
2
8
3
1
2
3
6
5
4
3
4
5
6
3
4
5
4
4
5
4
6
5
7
2
4
4
7
6
5
4
6
5
9
10
3
6
7
9
2
3
6
0
5
4
3
5
2
2
5
9
5
5
7
8
4
8
11
5
8
7
4
2
6
4
5
8
2
2
8
3
1
7
6
2
3
5
3
5
0
3
6
6
6
2
5
6
7
6
7
8
6
3
5
6
8
5
8
4
8
8
5
4
8
3
2
4
6
11
5
5
5
7
5
7
6
3
6
7
5
3
9
8
5
0
6
5
4
6
6
5
6
3
4
5
8
7
8
4
5
5
8
5
4
1
5
5
6
3
7
4
2
5
5
6
6
2
4
3
2
8
6
5
6
4
4
7
5
3
4
2
4
3
3
1
2
4
5
4
3
6
7
3
6
7
6
5
8
5
2
5
8
4
5
8
6
3
5
8
7
6
6
8
8
4
7
10
6
11
4
9
4
3
2
8
4
3
6
7
7
4
3
7
5
5
5
5
2
2
7
4
3
4
7
4
4
4
4
6
6
5
4
1
3
2
3
6
4
6
3
2
3
5
2
5
3
7
3
4
7
3
3
6
5
3
5
5
6
8
3
5
8
2
6
5
4
3
4
3
3
4
8
4
7
3
7
7
5
5
8
3
4
5
8
4
1
8
8
4
3
6
7
5
7
8
6
4
4
6
6
6
7
6
6
4
6
10
9
8
6
6
3
4
10
6
11
5
4
6
4
3
4
8
2
4
11
4
2
5
5
10
5
6
1
5
3
13
6
3
4
2
7
4
2
5
9
5
6
2
9
8
14
17
23
38
49
76
76
82
76
63
42
39
20
17
13
9
9
2
3
1
2
5
5
6
8
7
2
2
4
3
4
5
4
5
5
2
4
6
5
3
5
3
4
5
2
1
2
2
7
6
6
3
2
4
6
4
8
4
4
3
4
2
3
5
3
4
6
9
4
1
1
4
6
2
1
8
7
4
2
4
4
3
4
7
4
4
1
5
6
5
5
2
6
5
6
4
5
4
5
5
4
3
4
6
4
3
4
1
1
3
4
6
6
4
3
5
2
11
6
8
7
1
4
5
9
3
6
3
3
6
9
2
3
7
8
4
5
5
4
2
2
4
5
6
3
10
2
4
4
6
6
4
2
7
2
5
2
3
9
3
3
2
7
8
7
5
3
12
4
4
1
5
3
3
4
6
8
3
3
4
3
4
4
5
5
7
5
2
4
3
2
2
3
0
3
2
8
2
1
1
1
5
4
2
4
2
4
0
4
4
2
1
1
3
9
7
3
4
2
2
6
3
0
3
2
4
3
0
7
6
4
2
5
3
4
0
0
4
0
4
2
4
3
7
2
6
3
1
2
2
6
2
6
2
3
2
1
5
3
3
4
2
3
5
7
8
3
1
1
2
6
5
3
2
5
3
9
2
3
2
1
3
1
0
3
0
4
1
6
3
6
4
4
3
4
3
4
3
2
5
5
7
6
4
3
6
4
7
4
3
12
20
28
54
98
160
226
318
376
380
323
283
225
131
94
46
27
13
4
8
2
1
0
1
0
0
0
0
1
2
0
0
0
0
0
1
2
0
1
0
0
1
0
0
0
1
1
0
1
1
1
0
0
2
0
0
0
1
0
3
1
1
0
0
0
2
2
2
0
1
2
1
0
1
1
0
0
0
1
1
0
0
1
0
0
0
0
0
1
0
0
0
0
0
0
0
0
0
0
1
0
0
1
0
1
1
0
0
0
0
0
0
0
0
2
1
0
0
0
0
0
2
1
1
0
0
0
0
0
0
0
0
2
1
2
0
1
0
0
1
1
0
1
0
0
0
1
0
0
0
0
1
1
1
1
1
1
2
0
1
0
0
0
1
0
0
0
0
1
0
0
0
0
0
0
0
1
1
0
0
0
0
0
0
0
0
0
0
0
0
0
0
0
0
0
0
0
0
1
0
0
1
1
0
0
0
0
0
2
0
0
0
0
0
0
1
0
1
1
0
0
1
1
0
0
0
0
0
0
0
1
1
0
0
0
0
0
0
0
0
0
0
0
0
0
2
0
0
0
1
0
0
1
0
0
0
0
0
0
0
0
1
0
0
0
0
0
2
1
1
1
0
0
0
0
1
1
0
1
0
0
1
0
0
0
0
0
0
0
0
0
0
0
0
1
1
0
0
0
0
1
0
1
0
0
0
0
0
0
0
2
0
0
0
0
1
0
1
1
0
0
0
0
2
0
0
0
0
0
0
1
1
0
0
0
0
1
0
0
1
0
0
1
0
0
0
1
0
1
0
0
0
0
0
1
0
0
0
0
0
0
0
1
0
0
0
0
1
0
0
0
1
0
0
1
0
0
0
0
1
0
0
0
0
1
1
0
0
0
1
0
1
0
1
0
0
0
1
0
0
1
1
0
1
0
0
0
0
0
0
0
1
0
0
0
1
0
0
0
0
0
1
0
0
0
0
0
1
1
1
1
0
0
0
0
0
0
2
0
2
0
0
1
0
1
0
1
1
0
1
0
0
0
0
2
0
1
0
0
0
0
0
0
1
0
1
0
1
0
0
1
0
1
0
1
2
0
0
0
0
0
0
0
1
1
1
0
0
0
0
0
0
1
0
0
0
0
0
0
1
0
0
0
0
0
0
1
0
1
0
0
0
0
0
1
1
1
0
1
0
0
0
0
1
0
1
0
0
1
0
0
0
0
0
0
0
0
0
0
0
0
0
0
0
0
0
1
1
1
0
1
0
1
0
0
0
1
1
0
2
0
1
0
0
0
0
0
0
0
0
0
0
1
0
2
0
1
1
0
0
1
0
1
0
0
0
0
0
0
0
0
0
0
0
0
0
0
0
0
0
1
1
0
0
1
0
0
0
0
0
0
0
0
0
0
0
0
0
0
1
1
0
2
0
1
0
0
0
0
0
1
1
0
0
0
0
2
0
0
0
1
0
0
1
0
1
0
1
0
0
0
1
1
0
0
1
0
1
0
1
0
0
0
0
0
0
0
0
0
0
0
1
0
1
0
0
0
1
0
1
1
0
1
0
0
0
1
0
0
1
0
1
0
0
0
0
0
1
0
0
0
1
0
1
0
0
1
1
1
0
0
2
1
1
0
0
1
0
1
0
0
0
0
0
0
0
0
0
0
0
0
2
0
1
3
0
0
1
0
2
1
0
0
0
0
1
0
0
0
0
0
0
0
0
0
0
0
0
0
0
0
0
0
1
1
1
0
0
0
1
0
0
0
0
0
1
1
0
0
0
0
0
0
0
0
1
0
0
1
0
0
0
0
1
0
0
0
1
0
0
0
0
0
0
0
0
0
1
0
0
0
0
1
0
0
0
0
0
0
0
0
0
0
0
0
0
0
1
1
0
0
0
0
1
0
0
0
0
0
0
0
0
0
0
1
0
0
0
0
0
0
0
1
0
0
0
0
1
0
0
0
1
0
0
0
1
1
0
0
0
0
0
0
0
0
0
1
0
0
0
0
0
0
0
0
1
0
0
0
0
0
1
0
0
0
0
1
1
0
0
0
0
0
0
0
1
1
1
0
0
0
0
1
0
0
0
0
1
0
0
0
0
0
1
1
0
1
0
0
0
0
0
0
0
0
0
0
0
0
1
0
1
0
0
0
0
0
1
0
0
0
0
1
0
0
1
0
1
1
0
0
0
0
1
0
0
0
0
0
0
0
0
0
0
1
0
0
0
0
0
0
0
0
0
0
0
0
0
0
0
1
0
0
0
0
1
1
0
0
0
0
1
0
1
0
0
0
0
0
1
0
0
0
0
0
1
0
1
0
0
1
0
0
0
0
0
0
0
0
0
0
2
0
1
0
0
0
0
1
0
0
1
0
0
0
2
0
0
0
0
0
0
0
0
1
0
0
0
0
0
1
0
0
0
0
0
1
0
0
1
0
0
0
0
0
0
0
0
0
1
0
0
0
0
0
0
0
0
0
1
0
0
0
0
0
1
0
0
0
0
0
0
0
0
0
0
0
1
1
1
0
0
0
0
0
0
0
0
0
0
0
0
0
0
0
0
1
0
0
0
0
0
0
0
0
0
0
0
0
0
0
0
0
0
0
0
0
1
0
0
0
0
1
0
0
0
0
0
1
0
1
1
1
0
1
0
0
$ENER_FIT:
-0.6030 0.711300 0.000000e+000
$MCA_CAL:
3
-0.6030 0.711300 0.000000e+000
$ENDRECORD:
